

TREE # 1

  0  0.0000   1997.819524  x:  0.00694   0.00236   0.00000   0.00382   0.00019   0.00130   0.01021   0.00367   0.01118   0.01099   0.00268   0.01659   0.01627   0.01408   0.00997   0.00858   0.00363   0.01122   0.00602   0.05860   0.00909   0.00241   0.00181   0.00711   0.00630   0.00607   0.00127   0.00692   0.00272   0.00173   0.00804   0.00125   0.00098   1.06648   0.87243   1.06449   0.86634   1.36486   0.00518   0.29990  
  1 99.0000   1997.816671  x:  0.00694   0.00236   0.00000   0.00382   0.00019   0.00130   0.01021   0.00367   0.01118   0.01099   0.00269   0.01659   0.01627   0.01408   0.00997   0.00858   0.00363   0.01122   0.00602   0.05860   0.00909   0.00241   0.00181   0.00711   0.00630   0.00607   0.00127   0.00692   0.00272   0.00173   0.00804   0.00125   0.00098   1.06648   0.87243   1.06449   0.86634   1.36486   0.00518   0.29990  
  2 1136.7553   1997.321522  x:  0.00691   0.00236   0.00000   0.00379   0.00000   0.00112   0.01021   0.00369   0.01116   0.01096   0.00267   0.01657   0.01627   0.01404   0.00999   0.00858   0.00360   0.01117   0.00601   0.05861   0.00908   0.00242   0.00162   0.00708   0.00628   0.00606   0.00108   0.00694   0.00272   0.00154   0.00799   0.00107   0.00080   1.06650   0.87244   1.06449   0.86633   1.36487   0.00518   0.29986  
  3 6580.5308   1995.524729  x:  0.00685   0.00234   0.00000   0.00376   0.00000   0.00033   0.01021   0.00360   0.01112   0.01087   0.00269   0.01649   0.01628   0.01392   0.01002   0.00856   0.00359   0.01104   0.00599   0.05864   0.00906   0.00239   0.00084   0.00700   0.00625   0.00604   0.00030   0.00696   0.00272   0.00075   0.00786   0.00027   0.00000   1.06658   0.87247   1.06452   0.86630   1.36489   0.00515   0.29968  
  4 35497.9593   1995.021657  x:  0.00684   0.00234   0.00000   0.00377   0.00000   0.00006   0.01021   0.00360   0.01112   0.01085   0.00270   0.01646   0.01628   0.01388   0.01002   0.00855   0.00360   0.01101   0.00598   0.05864   0.00906   0.00240   0.00057   0.00699   0.00625   0.00604   0.00003   0.00695   0.00272   0.00049   0.00783   0.00000   0.00000   1.06660   0.87248   1.06452   0.86630   1.36490   0.00515   0.29961  
  5 135463.7730   1995.021657  x:  0.00684   0.00234   0.00000   0.00377   0.00000   0.00006   0.01021   0.00360   0.01112   0.01085   0.00270   0.01646   0.01628   0.01388   0.01002   0.00855   0.00360   0.01101   0.00598   0.05864   0.00906   0.00240   0.00057   0.00699   0.00625   0.00604   0.00003   0.00695   0.00272   0.00049   0.00783   0.00000   0.00000   1.06660   0.87248   1.06452   0.86630   1.36490   0.00515   0.29961  
  6 3744523.1695   1994.967039  x:  0.00683   0.00234   0.00000   0.00376   0.00000   0.00004   0.01021   0.00361   0.01111   0.01085   0.00272   0.01646   0.01628   0.01388   0.01003   0.00855   0.00359   0.01100   0.00598   0.05865   0.00906   0.00240   0.00054   0.00698   0.00625   0.00604   0.00000   0.00696   0.00272   0.00046   0.00782   0.00000   0.00000   1.06661   0.87248   1.06452   0.86630   1.36490   0.00515   0.29961  
  7 873.5559   1994.924420  x:  0.00683   0.00234   0.00000   0.00375   0.00000   0.00000   0.01021   0.00362   0.01111   0.01084   0.00272   0.01646   0.01628   0.01387   0.01003   0.00855   0.00358   0.01099   0.00598   0.05865   0.00906   0.00240   0.00051   0.00698   0.00624   0.00603   0.00000   0.00696   0.00272   0.00043   0.00781   0.00000   0.00000   1.06661   0.87248   1.06452   0.86629   1.36490   0.00515   0.29960  
  8 2331.1013   1994.587208  x:  0.00680   0.00233   0.00000   0.00375   0.00000   0.00000   0.01021   0.00355   0.01110   0.01080   0.00274   0.01642   0.01628   0.01381   0.01004   0.00854   0.00359   0.01093   0.00597   0.05866   0.00905   0.00239   0.00009   0.00695   0.00623   0.00603   0.00000   0.00697   0.00272   0.00000   0.00775   0.00000   0.00000   1.06665   0.87249   1.06454   0.86628   1.36492   0.00513   0.29950  
  9 6213.0869   1994.553101  x:  0.00680   0.00233   0.00000   0.00376   0.00000   0.00000   0.01021   0.00355   0.01109   0.01080   0.00274   0.01641   0.01628   0.01381   0.01004   0.00854   0.00360   0.01092   0.00597   0.05866   0.00905   0.00239   0.00000   0.00695   0.00623   0.00603   0.00000   0.00696   0.00272   0.00000   0.00775   0.00000   0.00000   1.06666   0.87249   1.06454   0.86628   1.36492   0.00513   0.29948  
 10 6155.7507   1993.666428  x:  0.00741   0.00094   0.00000   0.00340   0.00000   0.00000   0.01015   0.00414   0.01101   0.01018   0.00291   0.01486   0.01628   0.01187   0.00969   0.00857   0.00283   0.00967   0.00619   0.05973   0.00890   0.00149   0.00000   0.00749   0.00669   0.00624   0.00000   0.00671   0.00269   0.00000   0.00799   0.00000   0.00000   1.07113   0.87397   1.06575   0.86487   1.36642   0.00382   0.28931  
 11 480.5804   1992.259122  x:  0.00836   0.00191   0.00000   0.00209   0.00000   0.00000   0.01007   0.00383   0.01099   0.00947   0.00296   0.01253   0.01625   0.00910   0.00914   0.00865   0.00109   0.00809   0.00643   0.06156   0.00870   0.00098   0.00000   0.00839   0.00726   0.00644   0.00000   0.00688   0.00264   0.00000   0.00870   0.00000   0.00000   1.07912   0.87663   1.06791   0.86234   1.36911   0.00148   0.27109  
 12 3189.7378   1991.311413  x:  0.00869   0.00166   0.00000   0.00085   0.00000   0.00000   0.01006   0.00350   0.01100   0.00915   0.00299   0.01124   0.01624   0.00774   0.00898   0.00868   0.00105   0.00739   0.00637   0.06283   0.00858   0.00220   0.00000   0.00871   0.00729   0.00634   0.00000   0.00766   0.00263   0.00000   0.00910   0.00000   0.00000   1.08498   0.87857   1.06950   0.86049   1.37109  -0.00024   0.25772  
 13 4110.4869   1984.462190  x:  0.00695   0.00127   0.00000   0.00324   0.00000   0.00000   0.01042   0.00338   0.01113   0.00811   0.00325   0.00538   0.01641   0.00332   0.01017   0.00860   0.00068   0.00547   0.00348   0.07191   0.00780   0.00305   0.00000   0.00723   0.00364   0.00301   0.00000   0.02023   0.00281   0.00000   0.00982   0.00000   0.00000   1.12942   0.89331   1.08154   0.84646   1.38613  -0.01335   0.15611  
 14 4003.8116   1979.215239  x:  0.00512   0.00189   0.00000   0.00155   0.00000   0.00000   0.01064   0.00397   0.01074   0.00655   0.00340   0.00356   0.01675   0.00315   0.01136   0.00838   0.00353   0.00337   0.00269   0.07849   0.00724   0.00055   0.00000   0.00536   0.00240   0.00268   0.00000   0.02791   0.00284   0.00000   0.00831   0.00000   0.00000   1.16194   0.90410   1.09035   0.83618   1.39717  -0.02296   0.08150  
 15 12908.0131   1970.977323  x:  0.00289   0.00172   0.00000   0.00159   0.00000   0.00000   0.01084   0.00412   0.00982   0.00412   0.00345   0.00450   0.01735   0.00394   0.01291   0.00801   0.00318   0.00112   0.00318   0.08566   0.00665   0.00032   0.00000   0.00284   0.00305   0.00385   0.00000   0.03492   0.00283   0.00000   0.00463   0.00000   0.00000   1.19737   0.91586   1.09995   0.82499   1.40921  -0.03345   0.00000  
 16 20899.4461   1970.964596  x:  0.00283   0.00172   0.00000   0.00158   0.00000   0.00000   0.01084   0.00413   0.00977   0.00402   0.00345   0.00449   0.01738   0.00392   0.01297   0.00799   0.00317   0.00121   0.00320   0.08588   0.00663   0.00030   0.00000   0.00277   0.00306   0.00389   0.00000   0.03510   0.00282   0.00000   0.00445   0.00000   0.00000   1.19844   0.91621   1.10024   0.82465   1.40958  -0.03377   0.00000  
 17 828.2970   1970.915186  x:  0.00303   0.00170   0.00000   0.00158   0.00000   0.00000   0.01086   0.00413   0.00959   0.00411   0.00347   0.00433   0.01751   0.00415   0.01321   0.00793   0.00311   0.00120   0.00322   0.08632   0.00663   0.00031   0.00000   0.00297   0.00286   0.00394   0.00000   0.03533   0.00279   0.00000   0.00384   0.00000   0.00000   1.20065   0.91695   1.10084   0.82395   1.41034  -0.03443   0.00000  
 18 215.9026   1970.674892  x:  0.00316   0.00172   0.00000   0.00149   0.00000   0.00000   0.01089   0.00415   0.00885   0.00500   0.00350   0.00495   0.01813   0.00374   0.01423   0.00775   0.00317   0.00115   0.00303   0.08730   0.00679   0.00022   0.00000   0.00312   0.00305   0.00363   0.00000   0.03518   0.00276   0.00000   0.00352   0.00000   0.00000   1.20598   0.91872   1.10228   0.82227   1.41224  -0.03608   0.00000  
 19 172.9732   1969.365233  x:  0.00248   0.00164   0.00000   0.00144   0.00000   0.00000   0.01087   0.00414   0.00559   0.00637   0.00365   0.00452   0.02127   0.00473   0.01891   0.00702   0.00274   0.00131   0.00280   0.09183   0.00743   0.00035   0.00000   0.00236   0.00350   0.00377   0.00000   0.03317   0.00245   0.00000   0.00470   0.00000   0.00000   1.23150   0.92722   1.10918   0.81421   1.42142  -0.04405   0.00000  
 20 1377.8233   1966.491165  x:  0.00344   0.00165   0.00000   0.00140   0.00000   0.00000   0.01060   0.00406   0.00662   0.00370   0.00351   0.00748   0.02661   0.00485   0.02737   0.00697   0.00255   0.00148   0.00394   0.10030   0.00806   0.00045   0.00000   0.00401   0.00173   0.00396   0.00000   0.03047   0.00355   0.00000   0.00652   0.00000   0.00000   1.28427   0.94481   1.12346   0.79754   1.44056  -0.06063   0.00000  
 21 2225.1139   1963.288662  x:  0.00490   0.00175   0.00000   0.00161   0.00000   0.00000   0.01059   0.00389   0.01408   0.00350   0.00335   0.00794   0.03291   0.00607   0.03807   0.00856   0.00264   0.00172   0.00409   0.11194   0.00820   0.00068   0.00000   0.00512   0.00734   0.00388   0.00000   0.02860   0.00433   0.00000   0.00599   0.00000   0.00000   1.36569   0.97197   1.14549   0.77179   1.47026  -0.08637   0.00000  
 22 5088.5173   1960.551187  x:  0.00348   0.00170   0.00000   0.00178   0.00000   0.00000   0.01121   0.00381   0.01980   0.00843   0.00330   0.00917   0.03320   0.00492   0.03914   0.01039   0.00240   0.00190   0.00604   0.11737   0.00766   0.00095   0.00000   0.00301   0.00543   0.00806   0.00000   0.02508   0.00268   0.00000   0.00481   0.00000   0.00000   1.42033   0.99022   1.16030   0.75447   1.49042  -0.10382   0.00000  
 23 2560.3100   1954.900933  x:  0.00135   0.00168   0.00000   0.00177   0.00000   0.00000   0.01301   0.00364   0.01909   0.00872   0.00317   0.01318   0.02506   0.00666   0.02855   0.01018   0.00203   0.00229   0.00180   0.11835   0.00719   0.00136   0.00000   0.00379   0.00530   0.00499   0.00000   0.01781   0.00217   0.00000   0.00190   0.00000   0.00000   1.49813   1.01627   1.18145   0.72970   1.51972  -0.12914   0.00000  
 24 1555.5318   1953.009688  x:  0.00306   0.00172   0.00000   0.00185   0.00000   0.00000   0.01369   0.00355   0.01787   0.00874   0.00312   0.01472   0.02135   0.00716   0.02402   0.00975   0.00207   0.00241   0.00166   0.11816   0.00715   0.00151   0.00000   0.00221   0.00539   0.00354   0.00000   0.01598   0.00225   0.00000   0.00093   0.00000   0.00000   1.52943   1.02676   1.18996   0.71973   1.53157  -0.13937   0.00000  
 25 9201.7654   1951.870061  x:  0.00267   0.00179   0.00000   0.00203   0.00000   0.00000   0.01405   0.00349   0.01608   0.00890   0.00310   0.01525   0.01863   0.00699   0.02138   0.00895   0.00235   0.00249   0.00361   0.11720   0.00699   0.00159   0.00000   0.00311   0.00602   0.00328   0.00000   0.01648   0.00245   0.00000   0.00049   0.00000   0.00000   1.54815   1.03304   1.19506   0.71374   1.53874  -0.14556   0.00000  
 26 3379.0993   1950.849699  x:  0.00341   0.00189   0.00000   0.00232   0.00000   0.00000   0.01453   0.00344   0.01379   0.00857   0.00319   0.01611   0.01551   0.00632   0.01982   0.00753   0.00273   0.00264   0.00284   0.11544   0.00509   0.00168   0.00000   0.00428   0.00681   0.00588   0.00000   0.01796   0.00177   0.00000   0.00053   0.00000   0.00000   1.56553   1.03889   1.19980   0.70816   1.54547  -0.15136   0.00000  
 27 1937.7700   1950.745948  x:  0.00341   0.00188   0.00000   0.00233   0.00000   0.00000   0.01452   0.00341   0.01365   0.00868   0.00319   0.01607   0.01518   0.00623   0.02007   0.00760   0.00271   0.00264   0.00262   0.11434   0.00520   0.00169   0.00000   0.00429   0.00683   0.00633   0.00000   0.01790   0.00276   0.00000   0.00049   0.00000   0.00000   1.56807   1.03975   1.20051   0.70732   1.54654  -0.15227   0.00000  
 28 287.5160   1949.345410  x:  0.00347   0.00179   0.00000   0.00213   0.00000   0.00000   0.01413   0.00345   0.01378   0.00799   0.00298   0.01567   0.01211   0.00547   0.02724   0.00964   0.00229   0.00259   0.00218   0.09387   0.00763   0.00169   0.00000   0.00436   0.00684   0.00704   0.00000   0.01565   0.00181   0.00000   0.00033   0.00000   0.00000   1.60316   1.05175   1.21030   0.69560   1.56169  -0.16512   0.00000  
 29 446.6674   1948.414573  x:  0.00333   0.00171   0.00000   0.00192   0.00000   0.00000   0.01466   0.00346   0.01444   0.00812   0.00303   0.01539   0.01138   0.00546   0.03144   0.00921   0.00189   0.00258   0.00286   0.08103   0.00446   0.00169   0.00000   0.00411   0.00669   0.00607   0.00000   0.01345   0.00209   0.00000   0.00041   0.00000   0.00000   1.62577   1.05949   1.21663   0.68802   1.57149  -0.17342   0.00000  
 30 1634.4457   1948.039111  x:  0.00330   0.00169   0.00000   0.00190   0.00000   0.00000   0.01509   0.00346   0.01512   0.00809   0.00296   0.01529   0.01406   0.00524   0.03120   0.00701   0.00183   0.00256   0.00269   0.07535   0.00460   0.00169   0.00000   0.00402   0.00666   0.00631   0.00000   0.01315   0.00201   0.00000   0.00032   0.00000   0.00000   1.63630   1.06311   1.21960   0.68444   1.57624  -0.17743   0.00000  
 31 473.1740   1946.812614  x:  0.00356   0.00174   0.00000   0.00199   0.00000   0.00000   0.02442   0.00347   0.01299   0.00721   0.00268   0.01521   0.01837   0.00481   0.02856   0.01244   0.00204   0.00247   0.00281   0.07020   0.00441   0.00166   0.00000   0.00441   0.00681   0.00683   0.00000   0.01425   0.00204   0.00000   0.00034   0.00000   0.00000   1.68891   1.08145   1.23474   0.66594   1.60141  -0.19846   0.00000  
 32 148.6742   1942.673550  x:  0.00353   0.00173   0.00000   0.00193   0.00000   0.00000   0.03748   0.00350   0.01438   0.00674   0.00196   0.01417   0.01398   0.00458   0.02750   0.00519   0.00204   0.00236   0.00345   0.06365   0.00974   0.00157   0.00000   0.00428   0.00674   0.00678   0.00000   0.01388   0.00252   0.00000   0.00083   0.00000   0.00000   1.85657   1.13991   1.28306   0.60689   1.68169  -0.26549   0.00000  
 33 1287.5293   1927.257030  x:  0.00336   0.00189   0.00000   0.00229   0.00000   0.00000   0.00767   0.00372   0.00932   0.00730   0.00293   0.01358   0.01666   0.00459   0.01097   0.00822   0.00281   0.00229   0.00295   0.04479   0.00924   0.00145   0.00000   0.00442   0.00629   0.00572   0.00000   0.01795   0.00245   0.00000   0.00094   0.00000   0.00000   2.33045   1.30537   1.41989   0.43931   1.91055  -0.45653   0.00000  
 34 2608.0952   1924.148806  x:  0.00282   0.00185   0.00000   0.00210   0.00000   0.00000   0.00759   0.00380   0.00975   0.00567   0.00322   0.01205   0.01668   0.00401   0.01465   0.00785   0.00268   0.00159   0.00309   0.06184   0.00754   0.00124   0.00000   0.00318   0.00584   0.00597   0.00000   0.01873   0.00229   0.00000   0.00080   0.00000   0.00000   2.31649   1.32695   1.44604   0.37632   2.22880  -0.71725   0.00000  
 35 16.3924   1920.187231  x:  0.00308   0.00185   0.00000   0.00232   0.00000   0.00000   0.01115   0.00371   0.00889   0.00600   0.00350   0.01360   0.01691   0.00662   0.00730   0.00839   0.00183   0.00171   0.00344   0.06499   0.00851   0.00118   0.00000   0.00349   0.00617   0.00669   0.00000   0.00757   0.00235   0.00000   0.00086   0.00000   0.00000   2.30314   1.30785   1.48686   0.47619   2.37787  -0.83696   0.00000  
 36  1.3108   1914.900323  x:  0.00442   0.00261   0.00000   0.00231   0.00000   0.00000   0.01197   0.00833   0.01373   0.00944   0.00525   0.01360   0.01779   0.01120   0.02012   0.00905   0.00171   0.00284   0.00386   0.06239   0.00882   0.00115   0.00000   0.00566   0.00620   0.00485   0.00000   0.00543   0.00264   0.00000   0.00125   0.00000   0.00000   2.82922   1.64416   1.79066   0.75941   2.47762  -1.11783   0.00000  
 37  0.9498   1913.803802  x:  0.00460   0.00283   0.00000   0.00239   0.00000   0.00000   0.01230   0.00942   0.01413   0.01019   0.00563   0.01329   0.01698   0.01208   0.01720   0.00843   0.00235   0.00311   0.00389   0.06543   0.00846   0.00113   0.00000   0.00581   0.00585   0.00392   0.00000   0.01202   0.00273   0.00000   0.00131   0.00000   0.00000   3.13827   1.72527   1.81921   0.95552   2.45687  -1.25275   0.00000  
 38  1.8512   1911.439696  x:  0.00540   0.00305   0.00000   0.00273   0.00000   0.00000   0.00565   0.00769   0.01179   0.01146   0.00682   0.01385   0.01759   0.01131   0.01127   0.00750   0.00343   0.00396   0.00449   0.06918   0.00870   0.00136   0.00000   0.00671   0.00576   0.00373   0.00000   0.00960   0.00287   0.00000   0.00159   0.00000   0.00000   3.54644   2.01548   2.03227   0.98882   2.20006  -1.65343   0.00000  
 39  1.2178   1910.314931  x:  0.00593   0.00312   0.00000   0.00297   0.00000   0.00000   0.01032   0.00620   0.00980   0.01170   0.00756   0.01444   0.01735   0.01058   0.00896   0.00738   0.00402   0.00451   0.00503   0.06497   0.00907   0.00153   0.00000   0.00702   0.00565   0.00431   0.00000   0.00856   0.00293   0.00000   0.00179   0.00000   0.00000   3.73886   2.19319   2.20540   0.82493   2.00616  -1.98114   0.00000  
 40  1.3121   1909.556646  x:  0.00611   0.00308   0.00000   0.00320   0.00000   0.00000   0.01013   0.00482   0.00802   0.01064   0.00800   0.01473   0.01810   0.01023   0.01070   0.00807   0.00416   0.00457   0.00582   0.06113   0.00938   0.00154   0.00000   0.00641   0.00565   0.00609   0.00000   0.00791   0.00292   0.00000   0.00199   0.00000   0.00000   4.00017   2.18245   2.21450   1.31350   2.04027  -2.36112   0.00000  
 41  1.4812   1908.769670  x:  0.00608   0.00289   0.00000   0.00286   0.00000   0.00000   0.00971   0.00643   0.01168   0.01074   0.00713   0.01492   0.01659   0.01161   0.01089   0.00837   0.00337   0.00537   0.00577   0.05870   0.00828   0.00164   0.00000   0.00544   0.00438   0.00553   0.00000   0.00758   0.00238   0.00000   0.00230   0.00000   0.00000   4.43759   2.41160   2.61113   1.65838   2.11510  -2.66576   0.00000  
 42  0.3921   1908.742839  x:  0.00608   0.00288   0.00000   0.00284   0.00000   0.00000   0.00968   0.00652   0.01188   0.01075   0.00708   0.01493   0.01651   0.01169   0.01090   0.00839   0.00332   0.00541   0.00576   0.05857   0.00822   0.00165   0.00000   0.00538   0.00431   0.00550   0.00000   0.00756   0.00235   0.00000   0.00232   0.00000   0.00000   4.46195   2.42436   2.63322   1.67759   2.11927  -2.68272   0.00154  
 43 1066.6869   1908.124220  x:  0.00649   0.00259   0.00000   0.00260   0.00000   0.00000   0.00939   0.00594   0.00979   0.00939   0.00630   0.01549   0.01723   0.01108   0.01117   0.00835   0.00278   0.00661   0.00552   0.06572   0.00774   0.00199   0.00000   0.00580   0.00500   0.00440   0.00000   0.00724   0.00249   0.00000   0.00288   0.00000   0.00000   5.04553   2.75471   3.06166   2.14423   2.03378  -3.15026   0.00359  
 44  0.4771   1907.951510  x:  0.00646   0.00250   0.00000   0.00266   0.00000   0.00000   0.00921   0.00583   0.00962   0.00877   0.00581   0.01597   0.01747   0.01127   0.01121   0.00827   0.00245   0.00703   0.00565   0.06268   0.00827   0.00209   0.00000   0.00551   0.00534   0.00556   0.00000   0.00854   0.00270   0.00000   0.00314   0.00000   0.00000   5.20513   2.78064   3.15495   2.25803   2.02958  -3.35778   0.00452  
 45  0.2864   1907.851480  x:  0.00609   0.00252   0.00000   0.00260   0.00000   0.00000   0.00993   0.00497   0.01052   0.00851   0.00580   0.01536   0.01716   0.01073   0.01109   0.00797   0.00258   0.00734   0.00544   0.06115   0.00854   0.00217   0.00000   0.00520   0.00518   0.00549   0.00000   0.00800   0.00273   0.00000   0.00335   0.00000   0.00000   5.44464   2.69981   3.12960   2.37623   1.99781  -3.52602   0.00461  
 46  0.2209   1907.780121  x:  0.00564   0.00269   0.00000   0.00254   0.00000   0.00000   0.01025   0.00596   0.01052   0.00841   0.00551   0.01513   0.01696   0.01053   0.01101   0.00814   0.00262   0.00764   0.00518   0.06175   0.00881   0.00228   0.00000   0.00523   0.00539   0.00529   0.00000   0.00791   0.00275   0.00000   0.00357   0.00000   0.00000   5.59917   2.57489   3.07244   2.45903   2.04941  -3.58749   0.00451  
 47  0.1268   1907.716538  x:  0.00518   0.00278   0.00000   0.00277   0.00000   0.00000   0.00956   0.00550   0.00997   0.00890   0.00578   0.01493   0.01713   0.01084   0.01157   0.00840   0.00275   0.00804   0.00512   0.06240   0.00884   0.00239   0.00000   0.00554   0.00561   0.00530   0.00000   0.00816   0.00266   0.00000   0.00385   0.00000   0.00000   5.64185   2.50283   3.07373   2.44680   2.02044  -3.71456   0.00459  
 48  0.0518   1907.673176  x:  0.00487   0.00273   0.00000   0.00280   0.00000   0.00000   0.00938   0.00559   0.01004   0.00930   0.00599   0.01478   0.01692   0.01129   0.01090   0.00798   0.00268   0.00822   0.00523   0.06180   0.00833   0.00243   0.00000   0.00531   0.00536   0.00545   0.00000   0.00805   0.00258   0.00000   0.00404   0.00000   0.00000   5.54866   2.51831   3.09247   2.40938   2.04256  -3.78772   0.00541  
 49  0.0455   1907.617140  x:  0.00478   0.00259   0.00000   0.00267   0.00000   0.00000   0.01018   0.00573   0.00981   0.00945   0.00623   0.01443   0.01743   0.01138   0.01150   0.00820   0.00261   0.00823   0.00534   0.06199   0.00810   0.00248   0.00000   0.00524   0.00525   0.00547   0.00000   0.00788   0.00265   0.00000   0.00424   0.00000   0.00000   5.17867   2.55916   3.07906   2.22433   2.02608  -3.78968   0.00487  
 50  0.1239   1907.556080  x:  0.00494   0.00252   0.00000   0.00252   0.00000   0.00000   0.00995   0.00552   0.00953   0.00885   0.00601   0.01431   0.01722   0.01102   0.01072   0.00828   0.00269   0.00843   0.00521   0.06243   0.00858   0.00263   0.00000   0.00524   0.00553   0.00538   0.00000   0.00799   0.00271   0.00000   0.00463   0.00000   0.00000   4.89464   2.50919   2.97092   2.06794   2.04720  -3.85518   0.00495  
 51  0.1066   1907.533035  x:  0.00510   0.00258   0.00000   0.00256   0.00000   0.00000   0.00970   0.00557   0.01024   0.00877   0.00584   0.01434   0.01688   0.01109   0.01116   0.00817   0.00267   0.00856   0.00516   0.06205   0.00862   0.00269   0.00000   0.00521   0.00549   0.00531   0.00000   0.00805   0.00265   0.00000   0.00480   0.00000   0.00000   4.83900   2.48037   2.91591   2.02692   2.03223  -3.94311   0.00543  
 52  0.0805   1907.522762  x:  0.00534   0.00269   0.00000   0.00269   0.00000   0.00000   0.00970   0.00558   0.01020   0.00894   0.00593   0.01440   0.01696   0.01103   0.01109   0.00816   0.00275   0.00860   0.00525   0.06232   0.00843   0.00273   0.00000   0.00532   0.00531   0.00534   0.00000   0.00798   0.00265   0.00000   0.00491   0.00000   0.00000   4.81500   2.48671   2.84754   1.98789   2.05590  -3.94898   0.00527  
 53  0.0350   1907.519754  x:  0.00539   0.00270   0.00000   0.00270   0.00000   0.00000   0.00980   0.00561   0.01006   0.00884   0.00588   0.01439   0.01693   0.01097   0.01110   0.00819   0.00269   0.00866   0.00526   0.06204   0.00839   0.00275   0.00000   0.00533   0.00527   0.00531   0.00000   0.00802   0.00266   0.00000   0.00499   0.00000   0.00000   4.86195   2.49349   2.82460   2.00751   2.03951  -4.02095   0.00538  
 54  0.0600   1907.516895  x:  0.00538   0.00264   0.00000   0.00265   0.00000   0.00000   0.00984   0.00554   0.01010   0.00883   0.00591   0.01429   0.01702   0.01101   0.01114   0.00823   0.00261   0.00863   0.00528   0.06215   0.00840   0.00275   0.00000   0.00532   0.00526   0.00537   0.00000   0.00807   0.00268   0.00000   0.00510   0.00000   0.00000   4.84696   2.51391   2.77945   1.99546   2.05722  -4.06233   0.00540  
 55  0.0181   1907.510737  x:  0.00536   0.00261   0.00000   0.00262   0.00000   0.00000   0.00965   0.00559   0.01010   0.00899   0.00601   0.01434   0.01689   0.01110   0.01105   0.00812   0.00262   0.00838   0.00532   0.06214   0.00842   0.00272   0.00000   0.00539   0.00532   0.00535   0.00000   0.00799   0.00266   0.00000   0.00518   0.00000   0.00000   4.88140   2.54842   2.69839   1.99037   2.03874  -4.17430   0.00544  
 56  0.0353   1907.505149  x:  0.00538   0.00263   0.00000   0.00261   0.00000   0.00000   0.00978   0.00560   0.01006   0.00894   0.00596   0.01454   0.01691   0.01104   0.01118   0.00820   0.00270   0.00812   0.00530   0.06203   0.00843   0.00269   0.00000   0.00538   0.00538   0.00528   0.00000   0.00803   0.00265   0.00000   0.00525   0.00000   0.00000   4.89910   2.58962   2.71629   2.00408   2.05610  -4.25842   0.00580  
 57  0.0336   1907.502139  x:  0.00533   0.00266   0.00000   0.00264   0.00000   0.00000   0.00983   0.00559   0.01014   0.00894   0.00590   0.01451   0.01698   0.01095   0.01108   0.00824   0.00272   0.00802   0.00526   0.06225   0.00841   0.00269   0.00000   0.00530   0.00532   0.00534   0.00000   0.00805   0.00267   0.00000   0.00536   0.00000   0.00000   4.87786   2.57918   2.74424   1.99520   2.03629  -4.35573   0.00582  
 58  0.0537   1907.500902  x:  0.00529   0.00267   0.00000   0.00268   0.00000   0.00000   0.00974   0.00557   0.01009   0.00892   0.00587   0.01450   0.01693   0.01097   0.01112   0.00816   0.00269   0.00800   0.00522   0.06209   0.00839   0.00269   0.00000   0.00530   0.00532   0.00534   0.00000   0.00802   0.00266   0.00000   0.00541   0.00000   0.00000   4.88964   2.54438   2.77589   1.99639   2.04290  -4.39490   0.00580  
 59  0.0359   1907.500147  x:  0.00533   0.00267   0.00000   0.00267   0.00000   0.00000   0.00975   0.00561   0.01010   0.00891   0.00590   0.01449   0.01697   0.01100   0.01112   0.00819   0.00265   0.00795   0.00524   0.06224   0.00843   0.00268   0.00000   0.00534   0.00531   0.00533   0.00000   0.00802   0.00266   0.00000   0.00542   0.00000   0.00000   4.90198   2.50289   2.81110   1.99676   2.04002  -4.42548   0.00587  
 60  0.0210   1907.499918  x:  0.00534   0.00267   0.00000   0.00267   0.00000   0.00000   0.00978   0.00558   0.01010   0.00891   0.00592   0.01448   0.01694   0.01100   0.01110   0.00818   0.00268   0.00796   0.00525   0.06212   0.00842   0.00268   0.00000   0.00534   0.00531   0.00533   0.00000   0.00802   0.00266   0.00000   0.00541   0.00000   0.00000   4.89451   2.48024   2.82354   1.98804   2.03995  -4.43020   0.00588  
 61  0.0149   1907.499668  x:  0.00534   0.00266   0.00000   0.00265   0.00000   0.00000   0.00976   0.00557   0.01011   0.00892   0.00591   0.01449   0.01693   0.01100   0.01111   0.00819   0.00269   0.00797   0.00527   0.06219   0.00839   0.00268   0.00000   0.00532   0.00533   0.00534   0.00000   0.00803   0.00266   0.00000   0.00543   0.00000   0.00000   4.91360   2.46911   2.82950   1.99211   2.04036  -4.46556   0.00593  
 62  0.0100   1907.499228  x:  0.00535   0.00264   0.00000   0.00263   0.00000   0.00000   0.00976   0.00562   0.01008   0.00893   0.00589   0.01451   0.01696   0.01101   0.01114   0.00819   0.00269   0.00798   0.00529   0.06218   0.00835   0.00268   0.00000   0.00532   0.00533   0.00534   0.00000   0.00802   0.00266   0.00000   0.00544   0.00000   0.00000   4.89938   2.46391   2.82335   1.96892   2.03687  -4.52051   0.00588  
 63  0.0149   1907.496320  x:  0.00537   0.00265   0.00000   0.00266   0.00000   0.00000   0.00978   0.00562   0.01014   0.00889   0.00585   0.01447   0.01702   0.01100   0.01107   0.00818   0.00270   0.00805   0.00525   0.06218   0.00845   0.00264   0.00000   0.00531   0.00531   0.00530   0.00000   0.00801   0.00265   0.00000   0.00544   0.00000   0.00000   4.92075   2.42283   2.77579   1.90013   2.03830  -4.81266   0.00618  
 64  0.0384   1907.494934  x:  0.00534   0.00264   0.00000   0.00268   0.00000   0.00000   0.00978   0.00559   0.01010   0.00891   0.00589   0.01447   0.01698   0.01102   0.01110   0.00816   0.00270   0.00808   0.00524   0.06220   0.00846   0.00259   0.00000   0.00530   0.00531   0.00531   0.00000   0.00803   0.00265   0.00000   0.00539   0.00000   0.00000   4.91845   2.40828   2.73413   1.83349   2.03358  -5.08395   0.00644  
 65  0.1768   1907.494084  x:  0.00531   0.00267   0.00000   0.00267   0.00000   0.00000   0.00977   0.00560   0.01008   0.00890   0.00592   0.01447   0.01689   0.01096   0.01114   0.00819   0.00268   0.00806   0.00524   0.06226   0.00840   0.00258   0.00000   0.00531   0.00532   0.00535   0.00000   0.00803   0.00267   0.00000   0.00533   0.00000   0.00000   4.91239   2.40652   2.73805   1.84804   2.03463  -5.11084   0.00632  
 66  0.0116   1907.493062  x:  0.00532   0.00268   0.00000   0.00265   0.00000   0.00000   0.00975   0.00561   0.01010   0.00887   0.00593   0.01453   0.01689   0.01089   0.01112   0.00821   0.00266   0.00803   0.00526   0.06221   0.00832   0.00257   0.00000   0.00532   0.00533   0.00535   0.00000   0.00803   0.00267   0.00000   0.00537   0.00000   0.00000   4.89483   2.41238   2.74097   1.85678   2.03583  -5.32894   0.00660  
 67  0.0743   1907.491433  x:  0.00530   0.00270   0.00000   0.00265   0.00000   0.00000   0.00975   0.00556   0.01017   0.00891   0.00594   0.01458   0.01703   0.01083   0.01107   0.00819   0.00265   0.00810   0.00527   0.06212   0.00838   0.00257   0.00000   0.00537   0.00534   0.00530   0.00000   0.00804   0.00264   0.00000   0.00533   0.00000   0.00000   4.87828   2.45770   2.76426   1.91359   2.03971  -5.55791   0.00656  
 68  0.0677   1907.489700  x:  0.00528   0.00267   0.00000   0.00265   0.00000   0.00000   0.00979   0.00559   0.01009   0.00896   0.00589   0.01461   0.01691   0.01091   0.01112   0.00816   0.00266   0.00813   0.00529   0.06218   0.00844   0.00255   0.00000   0.00535   0.00532   0.00533   0.00000   0.00803   0.00267   0.00000   0.00537   0.00000   0.00000   4.89438   2.45615   2.81140   1.96345   2.03540  -6.05087   0.00674  
 69  0.1459   1907.488924  x:  0.00533   0.00266   0.00000   0.00266   0.00000   0.00000   0.00977   0.00558   0.01010   0.00895   0.00588   0.01458   0.01690   0.01092   0.01110   0.00819   0.00268   0.00810   0.00527   0.06218   0.00844   0.00254   0.00000   0.00534   0.00529   0.00533   0.00000   0.00802   0.00267   0.00000   0.00537   0.00000   0.00000   4.86752   2.49421   2.80402   1.98995   2.04181  -6.25432   0.00664  
 70  0.0952   1907.488556  x:  0.00534   0.00266   0.00000   0.00266   0.00000   0.00000   0.00976   0.00558   0.01010   0.00892   0.00590   0.01453   0.01694   0.01093   0.01111   0.00819   0.00269   0.00811   0.00524   0.06216   0.00842   0.00252   0.00000   0.00533   0.00530   0.00532   0.00000   0.00803   0.00266   0.00000   0.00536   0.00000   0.00000   4.87382   2.49059   2.80395   1.99923   2.04108  -6.53137   0.00677  
 71  0.1457   1907.488286  x:  0.00534   0.00266   0.00000   0.00266   0.00000   0.00000   0.00976   0.00560   0.01009   0.00892   0.00591   0.01448   0.01696   0.01097   0.01112   0.00817   0.00269   0.00811   0.00523   0.06214   0.00839   0.00253   0.00000   0.00532   0.00533   0.00533   0.00000   0.00803   0.00266   0.00000   0.00536   0.00000   0.00000   4.88335   2.48815   2.81810   2.00973   2.03898  -6.57730   0.00669  
 72  0.0201   1907.487636  x:  0.00537   0.00269   0.00000   0.00267   0.00000   0.00000   0.00979   0.00561   0.01012   0.00892   0.00596   0.01446   0.01691   0.01098   0.01107   0.00820   0.00268   0.00809   0.00525   0.06216   0.00839   0.00258   0.00000   0.00530   0.00540   0.00534   0.00000   0.00800   0.00267   0.00000   0.00539   0.00000   0.00000   4.87226   2.51931   2.82008   2.00488   2.04132  -7.06564   0.00684  
 73  0.0612   1907.486739  x:  0.00535   0.00268   0.00000   0.00267   0.00000   0.00000   0.00976   0.00558   0.01011   0.00894   0.00592   0.01445   0.01692   0.01096   0.01112   0.00819   0.00267   0.00810   0.00524   0.06218   0.00843   0.00258   0.00000   0.00531   0.00534   0.00532   0.00000   0.00803   0.00266   0.00000   0.00534   0.00000   0.00000   4.89129   2.47911   2.80389   1.98516   2.03775  -7.03277   0.00673  
 74  0.0243   1907.485359  x:  0.00535   0.00268   0.00000   0.00265   0.00000   0.00000   0.00975   0.00558   0.01008   0.00896   0.00591   0.01445   0.01694   0.01094   0.01111   0.00818   0.00266   0.00802   0.00527   0.06217   0.00842   0.00266   0.00000   0.00529   0.00533   0.00532   0.00000   0.00803   0.00266   0.00000   0.00530   0.00000   0.00000   4.88406   2.46376   2.79185   1.95603   2.03857  -8.15541   0.00690  
 75  0.2766   1907.485128  x:  0.00535   0.00267   0.00000   0.00266   0.00000   0.00000   0.00976   0.00558   0.01009   0.00895   0.00590   0.01445   0.01696   0.01097   0.01111   0.00818   0.00268   0.00802   0.00524   0.06216   0.00842   0.00268   0.00000   0.00532   0.00532   0.00533   0.00000   0.00803   0.00266   0.00000   0.00528   0.00000   0.00000   4.88318   2.47534   2.80016   1.97684   2.03957  -8.43605   0.00683  
 76  0.1366   1907.485040  x:  0.00534   0.00266   0.00000   0.00266   0.00000   0.00000   0.00977   0.00558   0.01010   0.00893   0.00590   0.01447   0.01693   0.01098   0.01111   0.00818   0.00268   0.00802   0.00524   0.06216   0.00842   0.00268   0.00000   0.00534   0.00532   0.00533   0.00000   0.00802   0.00266   0.00000   0.00528   0.00000   0.00000   4.88293   2.47305   2.79859   1.97345   2.03895  -8.75322   0.00689  
 77  0.1376   1907.484974  x:  0.00533   0.00266   0.00000   0.00266   0.00000   0.00000   0.00977   0.00559   0.01011   0.00891   0.00591   0.01448   0.01694   0.01098   0.01110   0.00819   0.00268   0.00802   0.00525   0.06217   0.00841   0.00268   0.00000   0.00534   0.00531   0.00533   0.00000   0.00802   0.00266   0.00000   0.00529   0.00000   0.00000   4.88509   2.46961   2.79390   1.96199   2.03875  -8.93055   0.00685  
 78  0.0606   1907.484909  x:  0.00533   0.00266   0.00000   0.00266   0.00000   0.00000   0.00976   0.00559   0.01010   0.00890   0.00591   0.01447   0.01696   0.01098   0.01111   0.00818   0.00268   0.00803   0.00526   0.06217   0.00841   0.00266   0.00000   0.00533   0.00531   0.00533   0.00000   0.00803   0.00266   0.00000   0.00530   0.00000   0.00000   4.88533   2.47131   2.79654   1.96845   2.03860  -9.48466   0.00687  
 79  0.1350   1907.484848  x:  0.00533   0.00267   0.00000   0.00266   0.00000   0.00000   0.00977   0.00559   0.01010   0.00892   0.00591   0.01447   0.01693   0.01098   0.01111   0.00818   0.00268   0.00802   0.00526   0.06217   0.00842   0.00267   0.00000   0.00533   0.00531   0.00533   0.00000   0.00803   0.00266   0.00000   0.00529   0.00000   0.00000   4.88236   2.47588   2.79733   1.97066   2.03917  -10.30792   0.00685  
 80  0.2386   1907.484811  x:  0.00533   0.00267   0.00000   0.00266   0.00000   0.00000   0.00977   0.00559   0.01010   0.00891   0.00590   0.01447   0.01695   0.01097   0.01111   0.00818   0.00268   0.00803   0.00525   0.06217   0.00841   0.00266   0.00000   0.00533   0.00532   0.00533   0.00000   0.00803   0.00266   0.00000   0.00530   0.00000   0.00000   4.88577   2.46969   2.79612   1.96700   2.03856  -11.21180   0.00686  
 81  0.3161   1907.484798  x:  0.00534   0.00266   0.00000   0.00266   0.00000   0.00000   0.00977   0.00559   0.01010   0.00892   0.00590   0.01447   0.01694   0.01097   0.01110   0.00818   0.00268   0.00802   0.00525   0.06216   0.00842   0.00266   0.00000   0.00533   0.00532   0.00533   0.00000   0.00802   0.00266   0.00000   0.00530   0.00000   0.00000   4.88316   2.47160   2.79510   1.96559   2.03894  -11.94898   0.00686  
 82  0.3079   1907.484793  x:  0.00533   0.00266   0.00000   0.00266   0.00000   0.00000   0.00977   0.00559   0.01010   0.00892   0.00591   0.01447   0.01694   0.01097   0.01111   0.00818   0.00268   0.00803   0.00525   0.06217   0.00842   0.00266   0.00000   0.00533   0.00532   0.00533   0.00000   0.00803   0.00266   0.00000   0.00530   0.00000   0.00000   4.88495   2.47017   2.79619   1.96680   2.03871  -12.68915   0.00686  
 83  0.2758   1907.484791  x:  0.00534   0.00266   0.00000   0.00266   0.00000   0.00000   0.00977   0.00559   0.01010   0.00892   0.00591   0.01448   0.01694   0.01097   0.01111   0.00818   0.00268   0.00803   0.00525   0.06216   0.00842   0.00267   0.00000   0.00533   0.00532   0.00533   0.00000   0.00803   0.00266   0.00000   0.00530   0.00000   0.00000   4.88419   2.47131   2.79602   1.96688   2.03886  -13.38340   0.00686  
 84  0.2982   1907.484789  x:  0.00533   0.00266   0.00000   0.00266   0.00000   0.00000   0.00977   0.00559   0.01010   0.00892   0.00591   0.01447   0.01694   0.01097   0.01111   0.00818   0.00268   0.00803   0.00525   0.06217   0.00842   0.00267   0.00000   0.00533   0.00532   0.00533   0.00000   0.00803   0.00266   0.00000   0.00530   0.00000   0.00000   4.88471   2.47056   2.79614   1.96690   2.03875  -14.20168   0.00686  
 85  0.2170   1907.484789  x:  0.00533   0.00266   0.00000   0.00266   0.00000   0.00000   0.00977   0.00559   0.01010   0.00892   0.00591   0.01447   0.01694   0.01097   0.01111   0.00818   0.00268   0.00803   0.00525   0.06216   0.00842   0.00266   0.00000   0.00533   0.00532   0.00533   0.00000   0.00803   0.00266   0.00000   0.00530   0.00000   0.00000   4.88417   2.47128   2.79587   1.96676   2.03883  -15.26682   0.00686  
 86  0.3997   1907.484789  x:  0.00533   0.00266   0.00000   0.00266   0.00000   0.00000   0.00977   0.00559   0.01010   0.00892   0.00591   0.01447   0.01694   0.01097   0.01111   0.00818   0.00268   0.00803   0.00525   0.06217   0.00842   0.00267   0.00000   0.00533   0.00532   0.00533   0.00000   0.00803   0.00266   0.00000   0.00530   0.00000   0.00000   4.88442   2.47095   2.79603   1.96687   2.03879  -15.71753   0.00686  
 87  0.2179   1907.484788  x:  0.00533   0.00266   0.00000   0.00266   0.00000   0.00000   0.00977   0.00559   0.01010   0.00892   0.00591   0.01447   0.01694   0.01097   0.01111   0.00818   0.00268   0.00803   0.00525   0.06216   0.00842   0.00267   0.00000   0.00533   0.00532   0.00533   0.00000   0.00803   0.00266   0.00000   0.00530   0.00000   0.00000   4.88430   2.47117   2.79598   1.96681   2.03882  -17.92498   0.00686  
 88  0.3646   1907.484788  x:  0.00533   0.00266   0.00000   0.00266   0.00000   0.00000   0.00977   0.00559   0.01010   0.00892   0.00591   0.01447   0.01694   0.01097   0.01111   0.00818   0.00268   0.00803   0.00525   0.06217   0.00842   0.00267   0.00000   0.00533   0.00532   0.00533   0.00000   0.00803   0.00266   0.00000   0.00530   0.00000   0.00000   4.88433   2.47109   2.79599   1.96681   2.03881  -17.95957   0.00686  
 89  0.0473   1907.484788  x:  0.00533   0.00266   0.00000   0.00266   0.00000   0.00000   0.00977   0.00559   0.01010   0.00892   0.00591   0.01447   0.01694   0.01097   0.01111   0.00818   0.00268   0.00803   0.00525   0.06217   0.00842   0.00267   0.00000   0.00533   0.00532   0.00533   0.00000   0.00803   0.00266   0.00000   0.00530   0.00000   0.00000   4.88433   2.47109   2.79599   1.96681   2.03881  -17.96803   0.00686  
 90  0.2789   1907.484788  x:  0.00533   0.00266   0.00000   0.00266   0.00000   0.00000   0.00977   0.00559   0.01010   0.00892   0.00591   0.01447   0.01694   0.01097   0.01111   0.00818   0.00268   0.00803   0.00525   0.06217   0.00842   0.00267   0.00000   0.00533   0.00532   0.00533   0.00000   0.00803   0.00266   0.00000   0.00530   0.00000   0.00000   4.88434   2.47107   2.79599   1.96681   2.03881  -18.06231   0.00686  
 91  1.4731   1907.484788  x:  0.00533   0.00266   0.00000   0.00266   0.00000   0.00000   0.00977   0.00559   0.01010   0.00892   0.00591   0.01447   0.01694   0.01097   0.01111   0.00818   0.00268   0.00803   0.00525   0.06217   0.00842   0.00266   0.00000   0.00533   0.00532   0.00533   0.00000   0.00803   0.00266   0.00000   0.00530   0.00000   0.00000   4.88442   2.47082   2.79591   1.96671   2.03878  -19.42896   0.00686  
 92  3.1963   1907.484788  x:  0.00533   0.00266   0.00000   0.00266   0.00000   0.00000   0.00977   0.00559   0.01010   0.00892   0.00591   0.01447   0.01694   0.01097   0.01111   0.00818   0.00268   0.00803   0.00525   0.06217   0.00842   0.00266   0.00000   0.00533   0.00532   0.00533   0.00000   0.00803   0.00266   0.00000   0.00530   0.00000   0.00000   4.88444   2.47130   2.79650   1.96756   2.03880  -20.00975   0.00686  
 93  0.2617   1907.484788  x:  0.00533   0.00266   0.00000   0.00266   0.00000   0.00000   0.00977   0.00559   0.01010   0.00892   0.00591   0.01447   0.01694   0.01097   0.01111   0.00818   0.00268   0.00803   0.00525   0.06217   0.00842   0.00266   0.00000   0.00533   0.00532   0.00533   0.00000   0.00803   0.00266   0.00000   0.00530   0.00000   0.00000   4.88443   2.47131   2.79648   1.96754   2.03880  -19.86455   0.00686  
 94  1.4290   1907.484788  x:  0.00533   0.00266   0.00000   0.00266   0.00000   0.00000   0.00977   0.00559   0.01010   0.00892   0.00591   0.01447   0.01694   0.01097   0.01111   0.00818   0.00268   0.00803   0.00525   0.06217   0.00842   0.00266   0.00000   0.00533   0.00532   0.00533   0.00000   0.00803   0.00266   0.00000   0.00530   0.00000   0.00000   4.88428   2.47110   2.79602   1.96686   2.03881  -20.14962   0.00686  
 95  0.2126   1907.484788  x:  0.00533   0.00266   0.00000   0.00266   0.00000   0.00000   0.00977   0.00559   0.01010   0.00892   0.00591   0.01447   0.01694   0.01097   0.01111   0.00818   0.00268   0.00803   0.00525   0.06217   0.00842   0.00266   0.00000   0.00533   0.00532   0.00533   0.00000   0.00803   0.00266   0.00000   0.00530   0.00000   0.00000   4.88432   2.47106   2.79600   1.96683   2.03881  -20.17155   0.00686  
 96  0.0448   1907.484788  x:  0.00533   0.00266   0.00000   0.00266   0.00000   0.00000   0.00977   0.00559   0.01010   0.00892   0.00591   0.01447   0.01694   0.01097   0.01111   0.00818   0.00268   0.00803   0.00525   0.06217   0.00842   0.00266   0.00000   0.00533   0.00532   0.00533   0.00000   0.00803   0.00266   0.00000   0.00530   0.00000   0.00000   4.88432   2.47106   2.79600   1.96683   2.03881  -20.17155   0.00686  
 97  0.0116   1907.484788  x:  0.00533   0.00266   0.00000   0.00266   0.00000   0.00000   0.00977   0.00559   0.01010   0.00892   0.00591   0.01447   0.01694   0.01097   0.01111   0.00818   0.00268   0.00803   0.00525   0.06217   0.00842   0.00266   0.00000   0.00533   0.00532   0.00533   0.00000   0.00803   0.00266   0.00000   0.00530   0.00000   0.00000   4.88432   2.47106   2.79600   1.96683   2.03881  -20.17157   0.00686  
 98  1.3490   1907.484788  x:  0.00533   0.00266   0.00000   0.00266   0.00000   0.00000   0.00977   0.00559   0.01010   0.00892   0.00591   0.01447   0.01694   0.01097   0.01111   0.00818   0.00268   0.00803   0.00525   0.06217   0.00842   0.00266   0.00000   0.00533   0.00532   0.00533   0.00000   0.00803   0.00266   0.00000   0.00530   0.00000   0.00000   4.88432   2.47106   2.79600   1.96683   2.03881  -20.17157   0.00686  
 99  1.3968   1907.484788  x:  0.00533   0.00266   0.00000   0.00266   0.00000   0.00000   0.00977   0.00559   0.01010   0.00892   0.00591   0.01447   0.01694   0.01097   0.01111   0.00818   0.00268   0.00803   0.00525   0.06217   0.00842   0.00266   0.00000   0.00533   0.00532   0.00533   0.00000   0.00803   0.00266   0.00000   0.00530   0.00000   0.00000   4.88432   2.47106   2.79600   1.96683   2.03881  -20.17157   0.00686  
100  1.6646   1907.484788  x:  0.00533   0.00266   0.00000   0.00266   0.00000   0.00000   0.00977   0.00559   0.01010   0.00892   0.00591   0.01447   0.01694   0.01097   0.01111   0.00818   0.00268   0.00803   0.00525   0.06217   0.00842   0.00266   0.00000   0.00533   0.00532   0.00533   0.00000   0.00803   0.00266   0.00000   0.00530   0.00000   0.00000   4.88432   2.47106   2.79600   1.96683   2.03881  -20.17157   0.00686  
101  0.4752   1907.484788  x:  0.00533   0.00266   0.00000   0.00266   0.00000   0.00000   0.00977   0.00559   0.01010   0.00892   0.00591   0.01447   0.01694   0.01097   0.01111   0.00818   0.00268   0.00803   0.00525   0.06217   0.00842   0.00266   0.00000   0.00533   0.00532   0.00533   0.00000   0.00803   0.00266   0.00000   0.00530   0.00000   0.00000   4.88432   2.47106   2.79600   1.96683   2.03881  -20.17157   0.00686  
102  0.0389   1907.484788  x:  0.00533   0.00266   0.00000   0.00266   0.00000   0.00000   0.00977   0.00559   0.01010   0.00892   0.00591   0.01447   0.01694   0.01097   0.01111   0.00818   0.00268   0.00803   0.00525   0.06217   0.00842   0.00266   0.00000   0.00533   0.00532   0.00533   0.00000   0.00803   0.00266   0.00000   0.00530   0.00000   0.00000   4.88432   2.47106   2.79600   1.96683   2.03881  -20.17157   0.00686  
103  0.0101   1907.484788  x:  0.00533   0.00266   0.00000   0.00266   0.00000   0.00000   0.00977   0.00559   0.01010   0.00892   0.00591   0.01447   0.01694   0.01097   0.01111   0.00818   0.00268   0.00803   0.00525   0.06217   0.00842   0.00266   0.00000   0.00533   0.00532   0.00533   0.00000   0.00803   0.00266   0.00000   0.00530   0.00000   0.00000   4.88432   2.47106   2.79600   1.96683   2.03881  -20.17157   0.00686  
104  0.0070   1907.484788  x:  0.00533   0.00266   0.00000   0.00266   0.00000   0.00000   0.00977   0.00559   0.01010   0.00892   0.00591   0.01447   0.01694   0.01097   0.01111   0.00818   0.00268   0.00803   0.00525   0.06217   0.00842   0.00266   0.00000   0.00533   0.00532   0.00533   0.00000   0.00803   0.00266   0.00000   0.00530   0.00000   0.00000   4.88432   2.47106   2.79600   1.96683   2.03881  -20.17157   0.00686  
105  0.0021   1907.484788  x:  0.00533   0.00266   0.00000   0.00266   0.00000   0.00000   0.00977   0.00559   0.01010   0.00892   0.00591   0.01447   0.01694   0.01097   0.01111   0.00818   0.00268   0.00803   0.00525   0.06217   0.00842   0.00266   0.00000   0.00533   0.00532   0.00533   0.00000   0.00803   0.00266   0.00000   0.00530   0.00000   0.00000   4.88432   2.47106   2.79600   1.96683   2.03881  -20.17157   0.00686  
106  0.0014   1907.484788  x:  0.00533   0.00266   0.00000   0.00266   0.00000   0.00000   0.00977   0.00559   0.01010   0.00892   0.00591   0.01447   0.01694   0.01097   0.01111   0.00818   0.00268   0.00803   0.00525   0.06217   0.00842   0.00266   0.00000   0.00533   0.00532   0.00533   0.00000   0.00803   0.00266   0.00000   0.00530   0.00000   0.00000   4.88432   2.47106   2.79600   1.96683   2.03881  -20.17157   0.00686  
107  0.3648   1907.484788  x:  0.00533   0.00266   0.00000   0.00266   0.00000   0.00000   0.00977   0.00559   0.01010   0.00892   0.00591   0.01447   0.01694   0.01097   0.01111   0.00818   0.00268   0.00803   0.00525   0.06217   0.00842   0.00266   0.00000   0.00533   0.00532   0.00533   0.00000   0.00803   0.00266   0.00000   0.00530   0.00000   0.00000   4.88432   2.47106   2.79600   1.96683   2.03881  -20.17157   0.00686  
108  0.0616   1907.484788  x:  0.00533   0.00266   0.00000   0.00266   0.00000   0.00000   0.00977   0.00559   0.01010   0.00892   0.00591   0.01447   0.01694   0.01097   0.01111   0.00818   0.00268   0.00803   0.00525   0.06217   0.00842   0.00266   0.00000   0.00533   0.00532   0.00533   0.00000   0.00803   0.00266   0.00000   0.00530   0.00000   0.00000   4.88432   2.47106   2.79600   1.96683   2.03881  -20.17157   0.00686  
109  0.3648   1907.484788  x:  0.00533   0.00266   0.00000   0.00266   0.00000   0.00000   0.00977   0.00559   0.01010   0.00892   0.00591   0.01447   0.01694   0.01097   0.01111   0.00818   0.00268   0.00803   0.00525   0.06217   0.00842   0.00266   0.00000   0.00533   0.00532   0.00533   0.00000   0.00803   0.00266   0.00000   0.00530   0.00000   0.00000   4.88432   2.47106   2.79600   1.96683   2.03881  -20.17157   0.00686  
110  0.0609   1907.484788  x:  0.00533   0.00266   0.00000   0.00266   0.00000   0.00000   0.00977   0.00559   0.01010   0.00892   0.00591   0.01447   0.01694   0.01097   0.01111   0.00818   0.00268   0.00803   0.00525   0.06217   0.00842   0.00266   0.00000   0.00533   0.00532   0.00533   0.00000   0.00803   0.00266   0.00000   0.00530   0.00000   0.00000   4.88432   2.47106   2.79600   1.96683   2.03881  -20.17157   0.00686  
check convergence!
