

TREE # 1

  0  0.0000   1995.294604  x:  0.00689   0.00346   0.00012   0.00367   0.00000   0.00230   0.01036   0.00376   0.00984   0.01058   0.00269   0.01586   0.01592   0.01446   0.00933   0.00911   0.00279   0.01142   0.00486   0.05817   0.00940   0.00263   0.00164   0.00592   0.00589   0.00615   0.00116   0.00764   0.00380   0.00087   0.00697   0.00169   0.00202   1.19317   0.86167   1.06641   0.80891   1.14523   0.10565   0.29819  
  1 99.0000   1995.291778  x:  0.00689   0.00346   0.00012   0.00367   0.00000   0.00230   0.01036   0.00376   0.00984   0.01058   0.00269   0.01586   0.01592   0.01446   0.00933   0.00911   0.00279   0.01142   0.00486   0.05817   0.00940   0.00263   0.00164   0.00592   0.00589   0.00615   0.00116   0.00764   0.00380   0.00087   0.00697   0.00169   0.00202   1.19317   0.86167   1.06641   0.80891   1.14523   0.10565   0.29819  
  2 1129.2779   1994.975015  x:  0.00687   0.00345   0.00000   0.00365   0.00000   0.00218   0.01035   0.00378   0.00985   0.01056   0.00268   0.01585   0.01592   0.01444   0.00934   0.00910   0.00279   0.01139   0.00487   0.05818   0.00939   0.00264   0.00152   0.00591   0.00589   0.00614   0.00104   0.00765   0.00378   0.00075   0.00695   0.00157   0.00190   1.19318   0.86167   1.06641   0.80891   1.14523   0.10565   0.29817  
  3 6493.0287   1993.286790  x:  0.00680   0.00344   0.00000   0.00363   0.00000   0.00143   0.01035   0.00371   0.00986   0.01050   0.00269   0.01579   0.01594   0.01430   0.00939   0.00906   0.00279   0.01125   0.00487   0.05822   0.00935   0.00263   0.00077   0.00589   0.00587   0.00611   0.00030   0.00766   0.00374   0.00000   0.00688   0.00082   0.00115   1.19324   0.86170   1.06643   0.80888   1.14526   0.10562   0.29801  
  4 42974.6321   1992.737905  x:  0.00678   0.00344   0.00000   0.00362   0.00000   0.00114   0.01034   0.00371   0.00986   0.01047   0.00269   0.01577   0.01595   0.01426   0.00941   0.00905   0.00279   0.01121   0.00487   0.05823   0.00934   0.00263   0.00048   0.00589   0.00587   0.00611   0.00000   0.00766   0.00374   0.00000   0.00686   0.00053   0.00085   1.19327   0.86171   1.06644   0.80887   1.14527   0.10561   0.29795  
  5 337957.6272   1992.006715  x:  0.00676   0.00343   0.00000   0.00361   0.00000   0.00066   0.01034   0.00370   0.00986   0.01044   0.00269   0.01574   0.01596   0.01419   0.00942   0.00904   0.00279   0.01114   0.00487   0.05825   0.00933   0.00262   0.00000   0.00588   0.00586   0.00610   0.00000   0.00767   0.00372   0.00000   0.00683   0.00004   0.00037   1.19331   0.86172   1.06645   0.80886   1.14529   0.10560   0.29785  
  6 1189980.9053   1991.963390  x:  0.00675   0.00343   0.00000   0.00361   0.00000   0.00062   0.01034   0.00370   0.00987   0.01044   0.00269   0.01574   0.01596   0.01419   0.00943   0.00903   0.00279   0.01114   0.00487   0.05825   0.00932   0.00263   0.00000   0.00588   0.00586   0.00609   0.00000   0.00767   0.00372   0.00000   0.00682   0.00000   0.00033   1.19331   0.86173   1.06646   0.80886   1.14529   0.10560   0.29784  
  7 7669.0422   1991.710102  x:  0.00670   0.00338   0.00000   0.00364   0.00000   0.00029   0.01034   0.00371   0.00989   0.01043   0.00269   0.01576   0.01598   0.01422   0.00948   0.00901   0.00276   0.01113   0.00486   0.05825   0.00931   0.00255   0.00000   0.00588   0.00586   0.00609   0.00000   0.00768   0.00377   0.00000   0.00675   0.00000   0.00000   1.19334   0.86174   1.06646   0.80885   1.14530   0.10558   0.29776  
  8 2116.9766   1991.593822  x:  0.00668   0.00335   0.00000   0.00364   0.00000   0.00000   0.01034   0.00370   0.00990   0.01040   0.00269   0.01577   0.01600   0.01422   0.00949   0.00899   0.00277   0.01111   0.00485   0.05825   0.00930   0.00259   0.00000   0.00588   0.00586   0.00610   0.00000   0.00766   0.00380   0.00000   0.00672   0.00000   0.00000   1.19336   0.86175   1.06647   0.80884   1.14531   0.10557   0.29770  
  9 1828.1093   1990.167430  x:  0.00579   0.00506   0.00000   0.00272   0.00000   0.00000   0.01030   0.00394   0.01042   0.00724   0.00262   0.01585   0.01831   0.01278   0.00904   0.00740   0.00348   0.00629   0.00533   0.05938   0.00807   0.00164   0.00000   0.00596   0.00593   0.00646   0.00000   0.00605   0.00288   0.00000   0.00577   0.00000   0.00000   1.19922   0.86407   1.06831   0.80650   1.14789   0.10303   0.28167  
 10 267.2540   1989.052123  x:  0.00581   0.00482   0.00000   0.00343   0.00000   0.00000   0.01019   0.00388   0.01030   0.00679   0.00268   0.01435   0.01890   0.00912   0.00937   0.00756   0.00149   0.00458   0.00515   0.06069   0.00779   0.00216   0.00000   0.00549   0.00550   0.00573   0.00000   0.00768   0.00245   0.00000   0.00613   0.00000   0.00000   1.20400   0.86595   1.06981   0.80460   1.14999   0.10096   0.26858  
 11 661.6039   1988.417383  x:  0.00569   0.00433   0.00000   0.00362   0.00000   0.00000   0.01007   0.00395   0.01013   0.00690   0.00274   0.01281   0.01895   0.00610   0.00984   0.00778   0.00288   0.00462   0.00492   0.06180   0.00769   0.00190   0.00000   0.00520   0.00524   0.00518   0.00000   0.00864   0.00274   0.00000   0.00618   0.00000   0.00000   1.20726   0.86723   1.07084   0.80331   1.15141   0.09957   0.25961  
 12 1195.1334   1987.530204  x:  0.00488   0.00492   0.00000   0.00218   0.00000   0.00000   0.00968   0.00390   0.00964   0.00707   0.00290   0.00883   0.01782   0.00532   0.01054   0.00752   0.00208   0.00595   0.00468   0.06465   0.00734   0.00199   0.00000   0.00555   0.00555   0.00554   0.00000   0.00733   0.00312   0.00000   0.00533   0.00000   0.00000   1.21216   0.86914   1.07237   0.80139   1.15351   0.09750   0.24561  
 13 380.3130   1986.041184  x:  0.00483   0.00420   0.00000   0.00401   0.00000   0.00000   0.00923   0.00388   0.00904   0.00760   0.00307   0.00536   0.01548   0.00694   0.01157   0.00753   0.00271   0.00495   0.00513   0.07020   0.00713   0.00189   0.00000   0.00548   0.00548   0.00541   0.00000   0.00671   0.00170   0.00000   0.00502   0.00000   0.00000   1.22103   0.87259   1.07516   0.79792   1.15731   0.09376   0.21985  
 14 951.0865   1976.257842  x:  0.00527   0.00394   0.00000   0.00170   0.00000   0.00000   0.00767   0.00356   0.00702   0.00886   0.00337   0.00796   0.00432   0.00785   0.01591   0.00767   0.00300   0.00213   0.00783   0.10102   0.00640   0.00176   0.00000   0.00451   0.00458   0.00412   0.00000   0.00673   0.00279   0.00000   0.00510   0.00000   0.00000   1.27051   0.89178   1.09068   0.77858   1.17853   0.07288   0.07532  
 15 2812.4402   1968.070274  x:  0.00546   0.00366   0.00000   0.00172   0.00000   0.00000   0.00724   0.00341   0.00664   0.00857   0.00347   0.00913   0.00361   0.00758   0.01742   0.00748   0.00297   0.00271   0.00911   0.11683   0.00602   0.00168   0.00000   0.00435   0.00443   0.00406   0.00000   0.00658   0.00192   0.00000   0.00535   0.00000   0.00000   1.29618   0.90174   1.09874   0.76854   1.18958   0.06201   0.00000  
 16 17563.1242   1967.792139  x:  0.00513   0.00378   0.00000   0.00235   0.00000   0.00000   0.00740   0.00353   0.00687   0.00803   0.00338   0.00873   0.00332   0.00734   0.01609   0.00719   0.00289   0.00306   0.00798   0.10444   0.00594   0.00176   0.00000   0.00438   0.00446   0.00416   0.00000   0.00621   0.00197   0.00000   0.00499   0.00000   0.00000   1.27611   0.89395   1.09244   0.77639   1.18091   0.07054   0.00000  
 17 3843.9701   1967.669662  x:  0.00539   0.00373   0.00000   0.00234   0.00000   0.00000   0.00670   0.00357   0.00602   0.00787   0.00343   0.00880   0.00369   0.00749   0.01629   0.00697   0.00290   0.00316   0.00702   0.10236   0.00563   0.00179   0.00000   0.00414   0.00424   0.00392   0.00000   0.00597   0.00192   0.00000   0.00515   0.00000   0.00000   1.27191   0.89232   1.09113   0.77803   1.17902   0.07240   0.00000  
 18 226.3283   1967.356345  x:  0.00577   0.00354   0.00000   0.00231   0.00000   0.00000   0.00638   0.00359   0.00658   0.00756   0.00342   0.00915   0.00384   0.00740   0.01716   0.00676   0.00298   0.00320   0.00537   0.10264   0.00606   0.00181   0.00000   0.00499   0.00497   0.00513   0.00000   0.00617   0.00137   0.00000   0.00566   0.00000   0.00000   1.26934   0.89130   1.09034   0.77904   1.17760   0.07380   0.00000  
 19 88.3065   1966.137915  x:  0.00650   0.00364   0.00000   0.00297   0.00000   0.00000   0.00862   0.00354   0.00905   0.00494   0.00316   0.00939   0.00496   0.00764   0.01831   0.00641   0.00284   0.00462   0.00661   0.10971   0.00721   0.00187   0.00000   0.00465   0.00479   0.00492   0.00000   0.00589   0.00197   0.00000   0.00746   0.00000   0.00000   1.26821   0.89077   1.09004   0.77951   1.17576   0.07559   0.00000  
 20 148.1024   1965.159707  x:  0.00511   0.00374   0.00000   0.00398   0.00000   0.00000   0.01004   0.00347   0.00936   0.00765   0.00321   0.01083   0.00611   0.00692   0.01564   0.00712   0.00263   0.00521   0.00782   0.11626   0.00606   0.00186   0.00000   0.00516   0.00519   0.00509   0.00000   0.00520   0.00129   0.00000   0.00581   0.00000   0.00000   1.27087   0.89173   1.09092   0.77850   1.17589   0.07545   0.00000  
 21 276.3316   1964.732264  x:  0.00469   0.00361   0.00000   0.00389   0.00000   0.00000   0.00938   0.00342   0.00902   0.00702   0.00324   0.01075   0.00634   0.00738   0.01258   0.00708   0.00277   0.00560   0.00814   0.11865   0.00584   0.00184   0.00000   0.00536   0.00534   0.00564   0.00000   0.00734   0.00142   0.00000   0.00435   0.00000   0.00000   1.27378   0.89283   1.09184   0.77738   1.17680   0.07456   0.00000  
 22 265.4586   1964.427508  x:  0.00388   0.00343   0.00000   0.00363   0.00000   0.00000   0.00865   0.00336   0.01019   0.00717   0.00318   0.01071   0.00638   0.00758   0.01116   0.00687   0.00277   0.00562   0.00698   0.11799   0.00730   0.00185   0.00000   0.00492   0.00500   0.00430   0.00000   0.00715   0.00117   0.00000   0.00421   0.00000   0.00000   1.28002   0.89523   1.09381   0.77496   1.17957   0.07182   0.00000  
 23 142.4979   1962.159036  x:  0.00704   0.00284   0.00000   0.00261   0.00000   0.00000   0.00851   0.00286   0.01402   0.00808   0.00317   0.01001   0.00652   0.00761   0.01121   0.00595   0.00272   0.00583   0.00656   0.10708   0.00528   0.00183   0.00000   0.00288   0.00283   0.00453   0.00000   0.00735   0.00070   0.00000   0.00237   0.00000   0.00000   1.33673   0.91711   1.11159   0.75295   1.20544   0.04636   0.00000  
 24 466.0898   1958.025437  x:  0.00580   0.00210   0.00000   0.00179   0.00000   0.00000   0.00731   0.00205   0.01613   0.00820   0.00322   0.00927   0.00680   0.00794   0.01304   0.00478   0.00277   0.00624   0.00910   0.08761   0.00179   0.00174   0.00000   0.00402   0.00415   0.00282   0.00000   0.00888   0.00042   0.00000   0.00420   0.00000   0.00000   1.43561   0.95528   1.14260   0.71455   1.25054   0.00194   0.00000  
 25 6046.4001   1954.839577  x:  0.00465   0.00172   0.00000   0.00186   0.00000   0.00000   0.00612   0.00143   0.01492   0.00806   0.00313   0.00922   0.00716   0.00737   0.01523   0.00456   0.00267   0.00638   0.01259   0.07260   0.00370   0.00167   0.00000   0.00421   0.00420   0.00396   0.00000   0.00906   0.00011   0.00000   0.00404   0.00000   0.00000   1.51257   0.98498   1.16674   0.68464   1.28563  -0.03261   0.00000  
 26 12965.1055   1954.371125  x:  0.00424   0.00175   0.00000   0.00202   0.00000   0.00000   0.00465   0.00132   0.01533   0.00845   0.00314   0.00921   0.00729   0.00720   0.01574   0.00414   0.00262   0.00643   0.01388   0.07000   0.00393   0.00165   0.00000   0.00415   0.00381   0.00457   0.00000   0.00909   0.00022   0.00000   0.00432   0.00000   0.00000   1.52704   0.99057   1.17129   0.67901   1.29215  -0.03903   0.00000  
 27 5806.4333   1954.102974  x:  0.00380   0.00175   0.00000   0.00203   0.00000   0.00000   0.00406   0.00133   0.01563   0.00792   0.00314   0.00925   0.00731   0.00725   0.01589   0.00602   0.00263   0.00644   0.01388   0.06942   0.00361   0.00165   0.00000   0.00406   0.00345   0.00487   0.00000   0.00883   0.00021   0.00000   0.00433   0.00000   0.00000   1.53664   0.99429   1.17434   0.67521   1.29627  -0.04308   0.00000  
 28 443.5238   1930.062154  x:  0.00270   0.00232   0.00000   0.00383   0.00000   0.00000   0.01184   0.00394   0.00850   0.00470   0.00270   0.00926   0.00672   0.00738   0.01296   0.00963   0.00264   0.00653   0.00529   0.05114   0.00526   0.00212   0.00000   0.00086   0.00994   0.00510   0.00000   0.00650   0.00054   0.00000   0.00278   0.00000   0.00000   2.39871   1.32862   1.44977   0.33205   1.65867  -0.39965   0.00000  
 29 1182.6842   1927.471772  x:  0.00358   0.00244   0.00000   0.00420   0.00000   0.00000   0.01295   0.00438   0.00724   0.00396   0.00261   0.00929   0.00664   0.00726   0.01254   0.01018   0.00260   0.00659   0.00416   0.04814   0.00585   0.00221   0.00000   0.00427   0.00864   0.00387   0.00000   0.00591   0.00060   0.00000   0.00181   0.00000   0.00000   2.54252   1.38440   1.49572   0.27481   1.71916  -0.45916   0.00000  
 30 63058.4826   1927.165012  x:  0.00264   0.00241   0.00000   0.00412   0.00000   0.00000   0.01380   0.00442   0.00692   0.00402   0.00261   0.00923   0.00660   0.00745   0.01235   0.00989   0.00266   0.00657   0.00358   0.04789   0.00567   0.00221   0.00000   0.00447   0.00716   0.00456   0.00000   0.00613   0.00060   0.00000   0.00252   0.00000   0.00000   2.55317   1.38852   1.49911   0.27061   1.72381  -0.46373   0.00000  
 31 1636.4739   1924.954056  x:  0.00286   0.00273   0.00000   0.00550   0.00000   0.00000   0.01051   0.00550   0.00639   0.00377   0.00270   0.01053   0.00573   0.00690   0.01224   0.00785   0.00249   0.00753   0.00455   0.06882   0.00505   0.00236   0.00000   0.00459   0.00648   0.00485   0.00000   0.00544   0.00048   0.00000   0.00291   0.00000   0.00000   2.59687   1.40281   1.50600   0.29258   1.86705  -0.60264   0.00000  
 32 30.3788   1922.730702  x:  0.00406   0.00217   0.00000   0.00510   0.00000   0.00000   0.00869   0.01013   0.00790   0.00580   0.00215   0.01028   0.00620   0.00713   0.01146   0.00692   0.00252   0.00814   0.00736   0.06113   0.00571   0.00302   0.00000   0.00553   0.00544   0.00521   0.00000   0.00622   0.00045   0.00000   0.00433   0.00000   0.00000   2.82783   1.42257   1.55395   0.62469   1.88174  -0.59149   0.00000  
 33  5.4461   1920.555341  x:  0.00593   0.00289   0.00000   0.00527   0.00000   0.00000   0.01147   0.00668   0.00761   0.00668   0.00401   0.01055   0.00628   0.00827   0.00964   0.00916   0.00264   0.00869   0.00294   0.06634   0.00662   0.00272   0.00000   0.00571   0.00595   0.00435   0.00000   0.00634   0.00057   0.00000   0.00498   0.00000   0.00000   2.99929   1.45500   1.66308   0.85546   1.96596  -0.60645   0.00000  
 34  2.0402   1918.153098  x:  0.00692   0.00341   0.00000   0.00433   0.00000   0.00000   0.01009   0.00781   0.01135   0.01040   0.00587   0.01130   0.00758   0.01024   0.01317   0.00896   0.00284   0.00993   0.00557   0.06552   0.00735   0.00281   0.00000   0.00569   0.00538   0.00400   0.00000   0.00876   0.00057   0.00000   0.00601   0.00000   0.00000   2.91323   1.59364   1.97151   0.57260   2.10383  -0.58518   0.00000  
 35  2.0123   1916.000944  x:  0.00476   0.00186   0.00000   0.00317   0.00000   0.00000   0.01428   0.00541   0.00927   0.00964   0.00767   0.01360   0.00948   0.01173   0.01180   0.00990   0.00285   0.01107   0.00723   0.06470   0.00768   0.00243   0.00000   0.00657   0.00482   0.00643   0.00000   0.00814   0.00077   0.00000   0.00486   0.00000   0.00000   3.29643   1.76041   2.19070   1.01981   2.43689  -0.53564   0.00000  
 36  0.8377   1915.124397  x:  0.00474   0.00463   0.00000   0.00314   0.00000   0.00000   0.01307   0.00544   0.01088   0.00949   0.00780   0.01436   0.01120   0.01193   0.00860   0.00893   0.00288   0.01047   0.00653   0.06278   0.00780   0.00295   0.00000   0.00677   0.00563   0.00704   0.00000   0.00735   0.00078   0.00000   0.00490   0.00000   0.00000   3.60625   1.94728   2.25976   1.14102   2.63941  -0.40110   0.00000  
 37  0.7435   1914.467050  x:  0.00433   0.00471   0.00000   0.00310   0.00000   0.00000   0.01201   0.00615   0.01189   0.00938   0.00734   0.01540   0.01247   0.01239   0.01258   0.00833   0.00275   0.01016   0.00419   0.06388   0.00852   0.00271   0.00000   0.00686   0.00633   0.00598   0.00000   0.00801   0.00083   0.00000   0.00459   0.00000   0.00000   3.86583   2.08292   2.26737   1.27395   2.84960  -0.26367   0.00000  
 38  0.7892   1913.904413  x:  0.00599   0.00279   0.00000   0.00266   0.00000   0.00000   0.01078   0.00661   0.01254   0.00922   0.00684   0.01524   0.01369   0.01188   0.01042   0.00827   0.00254   0.00953   0.00343   0.06333   0.00933   0.00263   0.00000   0.00668   0.00688   0.00523   0.00000   0.00790   0.00088   0.00000   0.00557   0.00000   0.00000   4.02871   2.20675   2.29151   1.22665   3.05148  -0.11326   0.00000  
 39  0.9881   1913.271793  x:  0.00600   0.00246   0.00000   0.00291   0.00000   0.00000   0.01135   0.00587   0.01017   0.00792   0.00657   0.01508   0.01576   0.01089   0.01091   0.00827   0.00259   0.00767   0.00590   0.06154   0.00990   0.00271   0.00000   0.00665   0.00554   0.00473   0.00000   0.00817   0.00101   0.00000   0.00593   0.00000   0.00000   4.39118   2.27023   2.24443   1.30203   3.36314   0.21173   0.00000  
 40  0.4095   1913.023812  x:  0.00526   0.00285   0.00000   0.00250   0.00000   0.00000   0.01067   0.00567   0.01003   0.00855   0.00577   0.01484   0.01726   0.01089   0.01110   0.00763   0.00272   0.00676   0.00522   0.06358   0.00956   0.00275   0.00000   0.00644   0.00494   0.00572   0.00000   0.00804   0.00107   0.00000   0.00516   0.00000   0.00000   4.61400   2.31043   2.29390   1.35922   3.60377   0.48583   0.00000  
 41  0.2773   1912.929367  x:  0.00515   0.00251   0.00000   0.00253   0.00000   0.00000   0.00990   0.00539   0.01003   0.00904   0.00550   0.01461   0.01788   0.01091   0.01110   0.00805   0.00266   0.00698   0.00499   0.06368   0.00945   0.00258   0.00000   0.00610   0.00608   0.00548   0.00000   0.00803   0.00112   0.00000   0.00495   0.00000   0.00000   4.71917   2.25028   2.29551   1.36703   3.76938   0.66049   0.00000  
 42  0.1843   1912.798594  x:  0.00549   0.00274   0.00000   0.00270   0.00000   0.00000   0.00934   0.00526   0.01009   0.00926   0.00572   0.01407   0.01845   0.01091   0.01132   0.00858   0.00260   0.00783   0.00489   0.06087   0.00882   0.00257   0.00000   0.00555   0.00520   0.00512   0.00000   0.00810   0.00122   0.00000   0.00512   0.00000   0.00000   4.84759   2.12012   2.36600   1.40364   4.08142   0.98108   0.00000  
 43  0.1975   1912.724145  x:  0.00526   0.00242   0.00000   0.00255   0.00000   0.00000   0.00944   0.00558   0.00998   0.00899   0.00612   0.01374   0.01885   0.01106   0.01080   0.00870   0.00278   0.00813   0.00537   0.06283   0.00833   0.00286   0.00000   0.00527   0.00502   0.00542   0.00000   0.00800   0.00132   0.00000   0.00510   0.00000   0.00000   4.91069   2.13943   2.45700   1.47826   4.32590   1.26815   0.00000  
 44  0.1879   1912.670991  x:  0.00520   0.00289   0.00000   0.00284   0.00000   0.00000   0.00986   0.00545   0.00975   0.00864   0.00624   0.01389   0.01901   0.01110   0.01108   0.00866   0.00274   0.00820   0.00536   0.06428   0.00807   0.00269   0.00000   0.00513   0.00538   0.00536   0.00000   0.00797   0.00142   0.00000   0.00519   0.00000   0.00000   4.95518   2.24931   2.60495   1.61128   4.55972   1.52313   0.00000  
 45  0.2352   1912.615995  x:  0.00535   0.00268   0.00000   0.00252   0.00000   0.00000   0.00996   0.00595   0.00993   0.00851   0.00622   0.01423   0.01896   0.01104   0.01125   0.00816   0.00259   0.00831   0.00503   0.06327   0.00803   0.00249   0.00000   0.00502   0.00545   0.00513   0.00000   0.00786   0.00155   0.00000   0.00544   0.00000   0.00000   5.00263   2.36303   2.78558   1.73344   4.87162   1.82968   0.00000  
 46  0.2403   1912.559288  x:  0.00555   0.00247   0.00000   0.00286   0.00000   0.00000   0.01039   0.00569   0.01001   0.00906   0.00586   0.01461   0.01831   0.01085   0.01101   0.00788   0.00277   0.00819   0.00505   0.06311   0.00789   0.00281   0.00000   0.00497   0.00527   0.00526   0.00000   0.00795   0.00172   0.00000   0.00560   0.00000   0.00000   5.05158   2.39902   2.91682   1.83060   5.22415   2.20393   0.00000  
 47  0.1679   1912.510549  x:  0.00532   0.00281   0.00000   0.00244   0.00000   0.00000   0.01040   0.00556   0.00999   0.00928   0.00574   0.01475   0.01742   0.01088   0.01111   0.00788   0.00279   0.00832   0.00545   0.06261   0.00805   0.00288   0.00000   0.00504   0.00551   0.00528   0.00000   0.00809   0.00187   0.00000   0.00552   0.00000   0.00000   5.10916   2.34570   2.96476   1.91957   5.52490   2.51127   0.00000  
 48  0.2475   1912.471991  x:  0.00511   0.00273   0.00000   0.00274   0.00000   0.00000   0.00979   0.00566   0.01024   0.00913   0.00580   0.01481   0.01676   0.01078   0.01104   0.00779   0.00263   0.00815   0.00552   0.06289   0.00810   0.00257   0.00000   0.00512   0.00541   0.00526   0.00000   0.00803   0.00201   0.00000   0.00538   0.00000   0.00000   5.20096   2.30601   2.99310   2.00860   5.82742   2.81430   0.00000  
 49  0.3114   1912.450257  x:  0.00534   0.00258   0.00000   0.00261   0.00000   0.00000   0.00973   0.00544   0.01015   0.00884   0.00583   0.01462   0.01650   0.01092   0.01117   0.00823   0.00265   0.00812   0.00531   0.06333   0.00832   0.00259   0.00000   0.00517   0.00524   0.00526   0.00000   0.00804   0.00213   0.00000   0.00541   0.00000   0.00000   5.27661   2.35503   3.03483   2.09805   6.08551   3.06055   0.00000  
 50  0.2347   1912.444557  x:  0.00534   0.00265   0.00000   0.00263   0.00000   0.00000   0.00958   0.00563   0.01005   0.00884   0.00597   0.01453   0.01649   0.01097   0.01112   0.00822   0.00269   0.00809   0.00521   0.06307   0.00834   0.00270   0.00000   0.00521   0.00533   0.00538   0.00000   0.00800   0.00218   0.00000   0.00535   0.00000   0.00000   5.31100   2.39276   3.05232   2.13552   6.19638   3.17235   0.00000  
 51  0.1146   1912.441056  x:  0.00529   0.00267   0.00000   0.00267   0.00000   0.00000   0.00975   0.00557   0.00998   0.00901   0.00602   0.01440   0.01653   0.01096   0.01102   0.00826   0.00266   0.00809   0.00519   0.06305   0.00840   0.00264   0.00000   0.00528   0.00530   0.00535   0.00000   0.00804   0.00223   0.00000   0.00528   0.00000   0.00000   5.32532   2.43872   3.04654   2.15382   6.28536   3.25825   0.00000  
 52  0.0500   1912.435272  x:  0.00537   0.00260   0.00000   0.00264   0.00000   0.00000   0.00970   0.00565   0.01018   0.00906   0.00601   0.01413   0.01669   0.01092   0.01113   0.00820   0.00269   0.00812   0.00529   0.06303   0.00845   0.00267   0.00000   0.00533   0.00534   0.00520   0.00000   0.00799   0.00228   0.00000   0.00524   0.00000   0.00000   5.32308   2.44911   2.94035   2.10395   6.37929   3.35420   0.00000  
 53  0.0366   1912.426577  x:  0.00548   0.00269   0.00000   0.00266   0.00000   0.00000   0.00986   0.00555   0.01020   0.00885   0.00591   0.01412   0.01671   0.01090   0.01116   0.00796   0.00270   0.00822   0.00531   0.06315   0.00831   0.00267   0.00000   0.00541   0.00529   0.00540   0.00000   0.00795   0.00237   0.00000   0.00517   0.00000   0.00000   5.25877   2.47331   2.81979   2.03290   6.52229   3.49006   0.00000  
 54  0.0648   1912.414775  x:  0.00536   0.00260   0.00000   0.00268   0.00000   0.00000   0.00970   0.00553   0.00993   0.00870   0.00586   0.01436   0.01673   0.01097   0.01098   0.00805   0.00266   0.00830   0.00517   0.06292   0.00821   0.00265   0.00000   0.00539   0.00542   0.00524   0.00000   0.00809   0.00251   0.00000   0.00514   0.00000   0.00000   5.15897   2.45982   2.74832   1.94459   6.78004   3.74035   0.00000  
 55  0.0875   1912.404134  x:  0.00535   0.00266   0.00000   0.00265   0.00000   0.00000   0.00967   0.00565   0.01008   0.00896   0.00596   0.01451   0.01683   0.01099   0.01104   0.00825   0.00267   0.00813   0.00523   0.06290   0.00819   0.00268   0.00000   0.00539   0.00526   0.00528   0.00000   0.00803   0.00263   0.00000   0.00527   0.00000   0.00000   5.05389   2.40787   2.70895   1.82465   7.00173   3.97300   0.00000  
 56  0.1287   1912.402259  x:  0.00534   0.00266   0.00000   0.00265   0.00000   0.00000   0.00964   0.00559   0.01002   0.00892   0.00599   0.01449   0.01689   0.01095   0.01110   0.00822   0.00268   0.00799   0.00524   0.06315   0.00827   0.00265   0.00000   0.00538   0.00533   0.00533   0.00000   0.00799   0.00267   0.00000   0.00530   0.00000   0.00000   5.05756   2.38652   2.73662   1.81778   7.08221   4.04735   0.00000  
 57  0.0601   1912.401361  x:  0.00532   0.00266   0.00000   0.00265   0.00000   0.00000   0.00967   0.00559   0.01004   0.00892   0.00600   0.01437   0.01690   0.01093   0.01109   0.00816   0.00269   0.00804   0.00522   0.06303   0.00828   0.00266   0.00000   0.00533   0.00531   0.00531   0.00000   0.00802   0.00270   0.00000   0.00531   0.00000   0.00000   5.05555   2.34184   2.75370   1.80375   7.13957   4.09995   0.00000  
 58  0.0363   1912.401251  x:  0.00532   0.00266   0.00000   0.00266   0.00000   0.00000   0.00970   0.00561   0.01005   0.00892   0.00598   0.01435   0.01688   0.01095   0.01108   0.00818   0.00268   0.00803   0.00521   0.06305   0.00830   0.00266   0.00000   0.00533   0.00532   0.00533   0.00000   0.00801   0.00270   0.00000   0.00531   0.00000   0.00000   5.05409   2.33248   2.75987   1.80272   7.13573   4.09799   0.00000  
 59  0.0067   1912.401217  x:  0.00532   0.00266   0.00000   0.00266   0.00000   0.00000   0.00970   0.00561   0.01004   0.00891   0.00597   0.01436   0.01689   0.01096   0.01108   0.00817   0.00268   0.00803   0.00521   0.06305   0.00832   0.00266   0.00000   0.00533   0.00531   0.00532   0.00000   0.00801   0.00270   0.00000   0.00530   0.00000   0.00000   5.05265   2.33293   2.75615   1.79949   7.13669   4.09889   0.00000  
 60  0.0021   1912.401185  x:  0.00533   0.00266   0.00000   0.00266   0.00000   0.00000   0.00969   0.00560   0.01005   0.00891   0.00597   0.01438   0.01689   0.01096   0.01107   0.00817   0.00268   0.00804   0.00522   0.06303   0.00834   0.00266   0.00000   0.00531   0.00531   0.00532   0.00000   0.00801   0.00270   0.00000   0.00529   0.00000   0.00000   5.05378   2.33203   2.76071   1.80035   7.15106   4.11344   0.00000  
 61  0.0059   1912.401152  x:  0.00533   0.00266   0.00000   0.00266   0.00000   0.00000   0.00970   0.00560   0.01006   0.00891   0.00598   0.01438   0.01689   0.01094   0.01109   0.00817   0.00268   0.00805   0.00521   0.06307   0.00834   0.00266   0.00000   0.00531   0.00531   0.00532   0.00000   0.00801   0.00270   0.00000   0.00528   0.00000   0.00000   5.05129   2.33504   2.75981   1.79847   7.17669   4.14067   0.00000  
 62  0.0086   1912.401006  x:  0.00532   0.00266   0.00000   0.00265   0.00000   0.00000   0.00969   0.00560   0.01004   0.00891   0.00598   0.01436   0.01686   0.01091   0.01108   0.00817   0.00268   0.00805   0.00521   0.06301   0.00835   0.00266   0.00000   0.00532   0.00532   0.00532   0.00000   0.00801   0.00269   0.00000   0.00528   0.00000   0.00000   5.05235   2.33010   2.75419   1.79239   7.23535   4.20029   0.00000  
 63  0.0105   1912.400604  x:  0.00531   0.00266   0.00000   0.00265   0.00000   0.00000   0.00968   0.00559   0.01001   0.00892   0.00599   0.01434   0.01682   0.01087   0.01106   0.00817   0.00268   0.00807   0.00519   0.06300   0.00837   0.00266   0.00000   0.00533   0.00532   0.00532   0.00000   0.00798   0.00266   0.00000   0.00530   0.00000   0.00000   5.05690   2.31135   2.73429   1.75795   7.53142   4.49696   0.00000  
 64  0.1006   1912.400194  x:  0.00531   0.00266   0.00000   0.00266   0.00000   0.00000   0.00969   0.00560   0.01005   0.00891   0.00598   0.01437   0.01686   0.01097   0.01109   0.00817   0.00269   0.00807   0.00520   0.06310   0.00835   0.00266   0.00000   0.00532   0.00531   0.00533   0.00000   0.00801   0.00266   0.00000   0.00531   0.00000   0.00000   5.07286   2.30841   2.73508   1.74909   7.76818   4.73364   0.00000  
 65  0.1243   1912.400069  x:  0.00531   0.00266   0.00000   0.00266   0.00000   0.00000   0.00970   0.00560   0.01005   0.00890   0.00597   0.01437   0.01684   0.01096   0.01108   0.00817   0.00268   0.00806   0.00521   0.06302   0.00833   0.00266   0.00000   0.00533   0.00532   0.00533   0.00000   0.00801   0.00268   0.00000   0.00530   0.00000   0.00000   5.08189   2.30171   2.73377   1.74328   7.96673   4.93414   0.00000  
 66  0.1062   1912.399920  x:  0.00534   0.00266   0.00000   0.00266   0.00000   0.00000   0.00970   0.00561   0.01005   0.00890   0.00598   0.01438   0.01685   0.01095   0.01108   0.00818   0.00268   0.00805   0.00521   0.06311   0.00831   0.00266   0.00000   0.00533   0.00531   0.00531   0.00000   0.00800   0.00267   0.00000   0.00527   0.00000   0.00000   5.08190   2.29435   2.74608   1.74616   8.07772   5.04316   0.00000  
 67  0.0244   1912.399801  x:  0.00534   0.00266   0.00000   0.00265   0.00000   0.00000   0.00972   0.00562   0.01003   0.00891   0.00598   0.01439   0.01684   0.01094   0.01108   0.00818   0.00268   0.00804   0.00522   0.06303   0.00828   0.00266   0.00000   0.00534   0.00532   0.00531   0.00000   0.00801   0.00266   0.00000   0.00527   0.00000   0.00000   5.07412   2.28989   2.74454   1.74511   8.17336   5.13823   0.00000  
 68  0.0363   1912.399230  x:  0.00533   0.00266   0.00000   0.00266   0.00000   0.00000   0.00968   0.00560   0.01005   0.00890   0.00599   0.01435   0.01688   0.01098   0.01110   0.00817   0.00269   0.00803   0.00521   0.06303   0.00832   0.00266   0.00000   0.00534   0.00531   0.00532   0.00000   0.00803   0.00265   0.00000   0.00526   0.00000   0.00000   5.06396   2.30872   2.76317   1.77558   8.58120   5.54766   0.00000  
 69  0.0724   1912.398824  x:  0.00534   0.00266   0.00000   0.00266   0.00000   0.00000   0.00968   0.00558   0.01006   0.00891   0.00599   0.01435   0.01691   0.01098   0.01107   0.00816   0.00268   0.00805   0.00521   0.06304   0.00834   0.00266   0.00000   0.00535   0.00532   0.00532   0.00000   0.00801   0.00266   0.00000   0.00530   0.00000   0.00000   5.03999   2.33144   2.77286   1.79797   9.48056   6.44601   0.00000  
 70  0.5355   1912.398594  x:  0.00533   0.00266   0.00000   0.00266   0.00000   0.00000   0.00969   0.00561   0.01004   0.00891   0.00597   0.01436   0.01688   0.01095   0.01108   0.00818   0.00267   0.00806   0.00522   0.06305   0.00832   0.00266   0.00000   0.00535   0.00531   0.00532   0.00000   0.00800   0.00266   0.00000   0.00529   0.00000   0.00000   5.06148   2.31965   2.76636   1.79225  10.13729   7.10163   0.00000  
 71  0.3663   1912.398486  x:  0.00533   0.00266   0.00000   0.00266   0.00000   0.00000   0.00970   0.00560   0.01005   0.00891   0.00597   0.01438   0.01692   0.01094   0.01109   0.00818   0.00269   0.00806   0.00521   0.06305   0.00834   0.00266   0.00000   0.00534   0.00532   0.00533   0.00000   0.00801   0.00266   0.00000   0.00530   0.00000   0.00000   5.05086   2.32672   2.75763   1.79157  11.00428   7.96791   0.00000  
 72  0.4257   1912.398424  x:  0.00532   0.00266   0.00000   0.00266   0.00000   0.00000   0.00970   0.00561   0.01005   0.00891   0.00597   0.01437   0.01689   0.01095   0.01107   0.00818   0.00268   0.00804   0.00521   0.06304   0.00833   0.00266   0.00000   0.00533   0.00531   0.00532   0.00000   0.00801   0.00266   0.00000   0.00529   0.00000   0.00000   5.05994   2.32787   2.75924   1.79930  11.81322   8.77638   0.00000  
 73  0.4007   1912.398396  x:  0.00533   0.00266   0.00000   0.00266   0.00000   0.00000   0.00970   0.00560   0.01005   0.00891   0.00598   0.01437   0.01689   0.01095   0.01108   0.00817   0.00268   0.00804   0.00521   0.06305   0.00833   0.00266   0.00000   0.00532   0.00532   0.00532   0.00000   0.00801   0.00266   0.00000   0.00529   0.00000   0.00000   5.05274   2.32959   2.75211   1.79198  12.44336   9.40627   0.00000  
 74  0.3842   1912.398389  x:  0.00533   0.00266   0.00000   0.00266   0.00000   0.00000   0.00970   0.00560   0.01005   0.00891   0.00598   0.01437   0.01688   0.01096   0.01108   0.00817   0.00268   0.00804   0.00521   0.06305   0.00833   0.00266   0.00000   0.00532   0.00531   0.00532   0.00000   0.00801   0.00266   0.00000   0.00529   0.00000   0.00000   5.05398   2.33135   2.75317   1.79392  12.86869   9.83140   0.00000  
 75  0.2833   1912.398387  x:  0.00533   0.00266   0.00000   0.00266   0.00000   0.00000   0.00970   0.00561   0.01005   0.00891   0.00598   0.01437   0.01688   0.01095   0.01108   0.00818   0.00268   0.00804   0.00521   0.06305   0.00833   0.00266   0.00000   0.00532   0.00532   0.00532   0.00000   0.00801   0.00266   0.00000   0.00529   0.00000   0.00000   5.05276   2.33117   2.75328   1.79300  13.01642   9.97907   0.00000  
 76  0.0829   1912.398385  x:  0.00533   0.00266   0.00000   0.00266   0.00000   0.00000   0.00970   0.00561   0.01005   0.00891   0.00597   0.01437   0.01688   0.01095   0.01108   0.00818   0.00268   0.00804   0.00521   0.06304   0.00833   0.00266   0.00000   0.00532   0.00531   0.00532   0.00000   0.00801   0.00266   0.00000   0.00529   0.00000   0.00000   5.05270   2.33134   2.75519   1.79352  13.60726  10.56987   0.00000  
 77  0.2707   1912.398380  x:  0.00533   0.00266   0.00000   0.00266   0.00000   0.00000   0.00970   0.00560   0.01005   0.00891   0.00598   0.01437   0.01688   0.01095   0.01108   0.00818   0.00268   0.00804   0.00521   0.06305   0.00833   0.00266   0.00000   0.00532   0.00531   0.00532   0.00000   0.00801   0.00266   0.00000   0.00529   0.00000   0.00000   5.05417   2.32973   2.75471   1.79306  14.65790  11.62083   0.00000  
 78  0.2957   1912.398380  x:  0.00533   0.00266   0.00000   0.00266   0.00000   0.00000   0.00970   0.00560   0.01005   0.00891   0.00598   0.01437   0.01688   0.01095   0.01108   0.00818   0.00268   0.00804   0.00521   0.06305   0.00833   0.00266   0.00000   0.00532   0.00531   0.00532   0.00000   0.00801   0.00266   0.00000   0.00529   0.00000   0.00000   5.05360   2.32971   2.75474   1.79287  15.04050  12.00344   0.00000  
 79  0.3918   1912.398379  x:  0.00533   0.00266   0.00000   0.00266   0.00000   0.00000   0.00970   0.00560   0.01005   0.00891   0.00598   0.01437   0.01688   0.01095   0.01108   0.00818   0.00268   0.00804   0.00521   0.06305   0.00833   0.00266   0.00000   0.00532   0.00532   0.00532   0.00000   0.00801   0.00266   0.00000   0.00529   0.00000   0.00000   5.05345   2.32985   2.75471   1.79302  15.88477  12.84773   0.00000  
 80  0.6208   1912.398379  x:  0.00533   0.00266   0.00000   0.00266   0.00000   0.00000   0.00970   0.00560   0.01005   0.00891   0.00598   0.01437   0.01688   0.01095   0.01108   0.00818   0.00268   0.00804   0.00521   0.06305   0.00833   0.00266   0.00000   0.00532   0.00531   0.00532   0.00000   0.00801   0.00266   0.00000   0.00529   0.00000   0.00000   5.05387   2.33020   2.75458   1.79341  18.39820  15.36109   0.00000  
 81  0.6742   1912.398379  x:  0.00533   0.00266   0.00000   0.00266   0.00000   0.00000   0.00970   0.00560   0.01005   0.00891   0.00598   0.01437   0.01688   0.01095   0.01108   0.00818   0.00268   0.00804   0.00521   0.06305   0.00833   0.00266   0.00000   0.00532   0.00531   0.00532   0.00000   0.00801   0.00266   0.00000   0.00529   0.00000   0.00000   5.05377   2.33013   2.75459   1.79332  18.48423  15.44713   0.00000  
 82  0.2588   1912.398379  x:  0.00533   0.00266   0.00000   0.00266   0.00000   0.00000   0.00970   0.00560   0.01005   0.00891   0.00598   0.01437   0.01688   0.01095   0.01108   0.00818   0.00268   0.00804   0.00521   0.06305   0.00833   0.00266   0.00000   0.00532   0.00531   0.00532   0.00000   0.00801   0.00266   0.00000   0.00529   0.00000   0.00000   5.05375   2.33012   2.75460   1.79329  18.57026  15.53316   0.00000  
 83  1.0467   1912.398379  x:  0.00533   0.00266   0.00000   0.00266   0.00000   0.00000   0.00970   0.00560   0.01005   0.00891   0.00598   0.01437   0.01688   0.01095   0.01108   0.00818   0.00268   0.00804   0.00521   0.06305   0.00833   0.00266   0.00000   0.00532   0.00531   0.00532   0.00000   0.00801   0.00266   0.00000   0.00529   0.00000   0.00000   5.05375   2.33012   2.75460   1.79329  18.57018  15.53307   0.00000  
 84  0.1323   1912.398379  x:  0.00533   0.00266   0.00000   0.00266   0.00000   0.00000   0.00970   0.00560   0.01005   0.00891   0.00598   0.01437   0.01688   0.01095   0.01108   0.00818   0.00268   0.00804   0.00521   0.06305   0.00833   0.00266   0.00000   0.00532   0.00531   0.00532   0.00000   0.00801   0.00266   0.00000   0.00529   0.00000   0.00000   5.05375   2.33012   2.75460   1.79329  18.57018  15.53307   0.00000  
 85  0.0093   1912.398379  x:  0.00533   0.00266   0.00000   0.00266   0.00000   0.00000   0.00970   0.00560   0.01005   0.00891   0.00598   0.01437   0.01688   0.01095   0.01108   0.00818   0.00268   0.00804   0.00521   0.06305   0.00833   0.00266   0.00000   0.00532   0.00531   0.00532   0.00000   0.00801   0.00266   0.00000   0.00529   0.00000   0.00000   5.05375   2.33012   2.75460   1.79329  18.57018  15.53307   0.00000  
 86 10.3459   1912.398378  x:  0.00533   0.00266   0.00000   0.00266   0.00000   0.00000   0.00970   0.00560   0.01005   0.00891   0.00598   0.01437   0.01688   0.01095   0.01108   0.00818   0.00268   0.00804   0.00521   0.06305   0.00833   0.00266   0.00000   0.00532   0.00531   0.00532   0.00000   0.00801   0.00266   0.00000   0.00529   0.00000   0.00000   5.05375   2.33012   2.75460   1.79329  18.57018  15.53307   0.00000  
 87  0.5184   1912.398378  x:  0.00533   0.00266   0.00000   0.00266   0.00000   0.00000   0.00970   0.00560   0.01005   0.00891   0.00598   0.01437   0.01688   0.01095   0.01108   0.00817   0.00268   0.00804   0.00521   0.06305   0.00833   0.00266   0.00000   0.00532   0.00531   0.00532   0.00000   0.00801   0.00266   0.00000   0.00529   0.00000   0.00000   5.05375   2.33012   2.75460   1.79329  18.57018  15.53307   0.00000  
 88  0.0624   1912.398378  x:  0.00533   0.00266   0.00000   0.00266   0.00000   0.00000   0.00970   0.00560   0.01005   0.00891   0.00598   0.01437   0.01688   0.01095   0.01108   0.00817   0.00268   0.00804   0.00521   0.06305   0.00833   0.00266   0.00000   0.00532   0.00531   0.00532   0.00000   0.00801   0.00266   0.00000   0.00529   0.00000   0.00000   5.05375   2.33012   2.75460   1.79329  18.57018  15.53307   0.00000  
 89  0.0378   1912.398378  x:  0.00533   0.00266   0.00000   0.00266   0.00000   0.00000   0.00970   0.00560   0.01005   0.00891   0.00598   0.01437   0.01688   0.01095   0.01108   0.00817   0.00268   0.00804   0.00521   0.06305   0.00833   0.00266   0.00000   0.00532   0.00531   0.00532   0.00000   0.00801   0.00266   0.00000   0.00529   0.00000   0.00000   5.05375   2.33012   2.75460   1.79329  18.57018  15.53307   0.00000  
 90  0.0162   1912.398378  x:  0.00533   0.00266   0.00000   0.00266   0.00000   0.00000   0.00970   0.00560   0.01005   0.00891   0.00598   0.01437   0.01688   0.01095   0.01108   0.00817   0.00268   0.00804   0.00521   0.06305   0.00833   0.00266   0.00000   0.00532   0.00531   0.00532   0.00000   0.00801   0.00266   0.00000   0.00529   0.00000   0.00000   5.05375   2.33012   2.75460   1.79329  18.57018  15.53307   0.00000  
 91  0.0057   1912.398378  x:  0.00533   0.00266   0.00000   0.00266   0.00000   0.00000   0.00970   0.00560   0.01005   0.00891   0.00598   0.01437   0.01688   0.01095   0.01108   0.00817   0.00268   0.00804   0.00521   0.06305   0.00833   0.00266   0.00000   0.00532   0.00531   0.00532   0.00000   0.00801   0.00266   0.00000   0.00529   0.00000   0.00000   5.05375   2.33012   2.75460   1.79329  18.57018  15.53307   0.00000  
 92  0.0050   1912.398378  x:  0.00533   0.00266   0.00000   0.00266   0.00000   0.00000   0.00970   0.00560   0.01005   0.00891   0.00598   0.01437   0.01688   0.01095   0.01108   0.00817   0.00268   0.00804   0.00521   0.06305   0.00833   0.00266   0.00000   0.00532   0.00531   0.00532   0.00000   0.00801   0.00266   0.00000   0.00529   0.00000   0.00000   5.05375   2.33012   2.75460   1.79329  18.57018  15.53307   0.00000  
 93  0.0024   1912.398378  x:  0.00533   0.00266   0.00000   0.00266   0.00000   0.00000   0.00970   0.00560   0.01005   0.00891   0.00598   0.01437   0.01688   0.01095   0.01108   0.00817   0.00268   0.00804   0.00521   0.06305   0.00833   0.00266   0.00000   0.00532   0.00531   0.00532   0.00000   0.00801   0.00266   0.00000   0.00529   0.00000   0.00000   5.05375   2.33012   2.75460   1.79329  18.57018  15.53307   0.00000  
 94  0.0019   1912.398378  x:  0.00533   0.00266   0.00000   0.00266   0.00000   0.00000   0.00970   0.00560   0.01005   0.00891   0.00598   0.01437   0.01688   0.01095   0.01108   0.00817   0.00268   0.00804   0.00521   0.06305   0.00833   0.00266   0.00000   0.00532   0.00531   0.00532   0.00000   0.00801   0.00266   0.00000   0.00529   0.00000   0.00000   5.05375   2.33012   2.75460   1.79329  18.57018  15.53307   0.00000  
check convergence!
