

TREE # 1

  0  0.0000  18678.934766  x:  0.00973   0.00406   0.00904   0.02080   0.01579   0.01543   0.02141   0.02405   0.02613   0.01976   0.01300   0.03274   0.00000   0.00852   0.00216   0.02538   0.01402   0.00357   0.00735   0.00349   0.01135   0.00594   0.01254   0.00915   0.02990   0.01856   0.01374   0.01624   0.00430   0.00501   0.00426   0.00176   0.00385   0.00487   0.00569   0.00183   0.00872   0.00652   0.00166   0.00773   0.00123   0.00384   0.00387   0.00393   0.00277   0.00120   0.00268   0.00307   0.00374   0.00643   0.00359   0.00415   0.00113   0.01514   0.00694   1.26924   0.78556   1.03489   0.75161   1.31886   0.07784   0.21806   2.17804  
  1 99.0000  18658.393794  x:  0.00937   0.00330   0.00968   0.02067   0.01607   0.01560   0.02168   0.02391   0.02639   0.01956   0.01338   0.03262   0.00654   0.00810   0.00284   0.02544   0.01389   0.00328   0.00691   0.00321   0.01059   0.00670   0.01271   0.00908   0.02983   0.01852   0.01377   0.01634   0.00402   0.00402   0.00346   0.00137   0.00286   0.00485   0.00465   0.00216   0.00887   0.00628   0.00167   0.00708   0.00000   0.00252   0.00323   0.00354   0.00156   0.00105   0.00200   0.00237   0.00355   0.00629   0.00236   0.00326   0.00240   0.01501   0.00637   1.26944   0.78556   1.03488   0.75162   1.31892   0.07778   0.21759   2.17804  
  2 12338.9322  18638.018022  x:  0.00886   0.00222   0.01050   0.02048   0.01648   0.01584   0.02209   0.02368   0.02678   0.01925   0.01389   0.03222   0.00610   0.00735   0.00329   0.02553   0.01370   0.00297   0.00630   0.00292   0.00947   0.00754   0.01293   0.00896   0.02972   0.01846   0.01381   0.01649   0.00373   0.00264   0.00254   0.00121   0.00157   0.00484   0.00322   0.00229   0.00905   0.00601   0.00195   0.00613   0.00000   0.00057   0.00244   0.00307   0.00012   0.00118   0.00129   0.00162   0.00340   0.00611   0.00068   0.00209   0.00232   0.01480   0.00557   1.26976   0.78556   1.03487   0.75164   1.31902   0.07769   0.21684   2.17803  
  3 6496.9602  18634.839297  x:  0.00873   0.00195   0.01071   0.02043   0.01659   0.01590   0.02219   0.02362   0.02688   0.01917   0.01402   0.03212   0.00602   0.00716   0.00339   0.02555   0.01365   0.00289   0.00614   0.00285   0.00918   0.00774   0.01299   0.00893   0.02970   0.01845   0.01382   0.01653   0.00366   0.00230   0.00234   0.00121   0.00127   0.00484   0.00287   0.00232   0.00910   0.00595   0.00201   0.00588   0.00000   0.00013   0.00226   0.00296   0.00042   0.00123   0.00116   0.00146   0.00336   0.00606   0.00034   0.00183   0.00231   0.01475   0.00536   1.26985   0.78555   1.03487   0.75164   1.31904   0.07767   0.21664   2.17803  
  4 18033.7794  18631.483522  x:  0.00846   0.00143   0.01112   0.02033   0.01680   0.01602   0.02242   0.02350   0.02709   0.01900   0.01429   0.03190   0.00591   0.00674   0.00356   0.02560   0.01355   0.00277   0.00583   0.00275   0.00857   0.00813   0.01310   0.00887   0.02964   0.01842   0.01384   0.01661   0.00355   0.00167   0.00206   0.00128   0.00076   0.00484   0.00220   0.00236   0.00918   0.00584   0.00207   0.00538   0.00000   0.00065   0.00197   0.00277   0.00068   0.00134   0.00097   0.00128   0.00331   0.00598   0.00011   0.00139   0.00232   0.01463   0.00497   1.27003   0.78555   1.03486   0.75165   1.31910   0.07761   0.21621   2.17803  
  5 9605.4963  18629.644868  x:  0.00825   0.00105   0.01144   0.02025   0.01697   0.01612   0.02259   0.02340   0.02725   0.01886   0.01450   0.03172   0.00584   0.00641   0.00368   0.02564   0.01347   0.00268   0.00559   0.00267   0.00809   0.00842   0.01319   0.00881   0.02959   0.01839   0.01385   0.01668   0.00347   0.00123   0.00190   0.00136   0.00045   0.00484   0.00173   0.00239   0.00924   0.00576   0.00210   0.00499   0.00000   0.00079   0.00178   0.00264   0.00079   0.00144   0.00086   0.00119   0.00328   0.00592   0.00052   0.00112   0.00234   0.01454   0.00467   1.27018   0.78555   1.03486   0.75166   1.31915   0.07757   0.21586   2.17802  
  6 18982.5815  18624.808496  x:  0.00757   0.00042   0.01242   0.02000   0.01755   0.01643   0.02324   0.02302   0.02784   0.01835   0.01519   0.03109   0.00581   0.00519   0.00388   0.02577   0.01318   0.00257   0.00487   0.00262   0.00640   0.00924   0.01348   0.00862   0.02941   0.01829   0.01388   0.01691   0.00342   0.00090   0.00237   0.00217   0.00130   0.00487   0.00105   0.00238   0.00941   0.00556   0.00199   0.00370   0.00000   0.00078   0.00176   0.00243   0.00078   0.00158   0.00124   0.00174   0.00328   0.00577   0.00052   0.00153   0.00247   0.01424   0.00382   1.27077   0.78554   1.03484   0.75169   1.31932   0.07741   0.21452   2.17801  
  7 4639.4808  18621.095969  x:  0.00684   0.00150   0.01346   0.01974   0.01822   0.01677   0.02401   0.02259   0.02853   0.01776   0.01596   0.03033   0.00576   0.00378   0.00399   0.02593   0.01286   0.00257   0.00420   0.00268   0.00458   0.01005   0.01380   0.00842   0.02920   0.01818   0.01391   0.01716   0.00345   0.00143   0.00272   0.00238   0.00114   0.00491   0.00113   0.00235   0.00957   0.00540   0.00190   0.00250   0.00000   0.00082   0.00190   0.00238   0.00082   0.00154   0.00127   0.00183   0.00327   0.00563   0.00056   0.00160   0.00256   0.01389   0.00314   1.27150   0.78553   1.03481   0.75173   1.31955   0.07720   0.21282   2.17800  
  8 5944.4952  18618.222977  x:  0.00629   0.00084   0.01429   0.01944   0.01886   0.01711   0.02487   0.02211   0.02930   0.01709   0.01668   0.02943   0.00575   0.00245   0.00377   0.02609   0.01255   0.00291   0.00410   0.00303   0.00342   0.01052   0.01406   0.00826   0.02895   0.01806   0.01392   0.01738   0.00364   0.00147   0.00282   0.00200   0.00084   0.00497   0.00235   0.00227   0.00965   0.00545   0.00186   0.00271   0.00000   0.00085   0.00227   0.00274   0.00084   0.00126   0.00122   0.00166   0.00334   0.00561   0.00058   0.00177   0.00257   0.01357   0.00350   1.27248   0.78551   1.03478   0.75179   1.31985   0.07692   0.21055   2.17799  
  9 2883.4431  18613.738733  x:  0.00582   0.00134   0.01549   0.01894   0.02005   0.01770   0.02673   0.02114   0.03096   0.01569   0.01793   0.02742   0.00585   0.00137   0.00306   0.02643   0.01201   0.00339   0.00467   0.00356   0.00394   0.01084   0.01449   0.00807   0.02841   0.01782   0.01390   0.01780   0.00372   0.00136   0.00274   0.00135   0.00119   0.00493   0.00136   0.00224   0.00965   0.00573   0.00191   0.00408   0.00000   0.00085   0.00215   0.00301   0.00083   0.00165   0.00160   0.00189   0.00348   0.00577   0.00058   0.00175   0.00244   0.01305   0.00456   1.27504   0.78546   1.03468   0.75193   1.32065   0.07619   0.20461   2.17795  
 10 2462.6320  18606.408978  x:  0.00559   0.00131   0.01724   0.01808   0.02206   0.01871   0.03024   0.01950   0.03414   0.01327   0.02000   0.02355   0.00588   0.00397   0.00256   0.02701   0.01121   0.00337   0.00530   0.00344   0.00517   0.01096   0.01519   0.00794   0.02739   0.01740   0.01385   0.01848   0.00371   0.00194   0.00263   0.00212   0.00174   0.00493   0.00162   0.00234   0.00958   0.00608   0.00186   0.00468   0.00000   0.00093   0.00190   0.00278   0.00092   0.00108   0.00077   0.00153   0.00338   0.00599   0.00065   0.00147   0.00227   0.01234   0.00507   1.28076   0.78536   1.03448   0.75225   1.32243   0.07455   0.19131   2.17786  
 11 5191.8511  18600.229454  x:  0.00624   0.00119   0.01769   0.01767   0.02309   0.01920   0.03269   0.01877   0.03645   0.01216   0.02100   0.02097   0.00591   0.00554   0.00317   0.02737   0.01108   0.00291   0.00546   0.00278   0.00602   0.01029   0.01545   0.00817   0.02673   0.01717   0.01379   0.01873   0.00368   0.00169   0.00256   0.00158   0.00055   0.00495   0.00228   0.00229   0.00943   0.00611   0.00184   0.00432   0.00000   0.00088   0.00250   0.00268   0.00082   0.00205   0.00281   0.00181   0.00344   0.00611   0.00059   0.00211   0.00240   0.01232   0.00472   1.28636   0.78526   1.03427   0.75256   1.32418   0.07294   0.17823   2.17777  
 12 7036.2774  18580.799614  x:  0.00823   0.00162   0.01640   0.01761   0.02356   0.01925   0.03624   0.01910   0.04010   0.01265   0.02129   0.01824   0.00588   0.00475   0.00426   0.02780   0.01208   0.00247   0.00525   0.00250   0.00648   0.00777   0.01517   0.00914   0.02599   0.01706   0.01367   0.01856   0.00374   0.00030   0.00278   0.00044   0.00168   0.00494   0.00265   0.00207   0.00910   0.00584   0.00213   0.00341   0.00000   0.00094   0.00276   0.00350   0.00088   0.00099   0.00260   0.00164   0.00322   0.00599   0.00065   0.00147   0.00257   0.01349   0.00389   1.29995   0.78501   1.03377   0.75333   1.32846   0.06901   0.14636   2.17756  
 13 7929.6860  18561.607004  x:  0.01072   0.00081   0.01454   0.01759   0.02398   0.01922   0.04067   0.01972   0.04473   0.01355   0.02148   0.01508   0.00591   0.00305   0.00561   0.02834   0.01348   0.00200   0.00500   0.00226   0.00704   0.00465   0.01473   0.01042   0.02512   0.01695   0.01354   0.01827   0.00374   0.00165   0.00264   0.00012   0.00219   0.00491   0.00227   0.00190   0.00872   0.00544   0.00255   0.00262   0.00000   0.00100   0.00275   0.00439   0.00093   0.00034   0.00236   0.00136   0.00300   0.00582   0.00071   0.00056   0.00274   0.01507   0.00304   1.31809   0.78468   1.03310   0.75436   1.33417   0.06375   0.10376   2.17727  
 14 107587.1426  18553.238432  x:  0.01223   0.00072   0.01334   0.01761   0.02419   0.01917   0.04336   0.02016   0.04755   0.01417   0.02154   0.01330   0.00599   0.00185   0.00633   0.02866   0.01436   0.00185   0.00493   0.00225   0.00737   0.00292   0.01443   0.01120   0.02461   0.01690   0.01346   0.01807   0.00378   0.00181   0.00243   0.00122   0.00211   0.00491   0.00230   0.00184   0.00851   0.00523   0.00279   0.00241   0.00000   0.00098   0.00275   0.00498   0.00093   0.00044   0.00199   0.00104   0.00290   0.00573   0.00070   0.00045   0.00281   0.01605   0.00277   1.32947   0.78447   1.03268   0.75500   1.33776   0.06045   0.07702   2.17709  
 15 215167.9499  18538.427285  x:  0.01384   0.00056   0.01180   0.01770   0.02425   0.01901   0.04652   0.02091   0.05097   0.01514   0.02142   0.01185   0.00599   0.00123   0.00696   0.02903   0.01547   0.00185   0.00475   0.00240   0.00746   0.00281   0.01400   0.01209   0.02411   0.01687   0.01340   0.01780   0.00375   0.00207   0.00217   0.00102   0.00189   0.00491   0.00202   0.00202   0.00839   0.00498   0.00288   0.00219   0.00000   0.00102   0.00227   0.00526   0.00101   0.00100   0.00038   0.00097   0.00281   0.00560   0.00072   0.00245   0.00272   0.01725   0.00260   1.34467   0.78419   1.03211   0.75587   1.34255   0.05603   0.04131   2.17685  
 16 75973.0173  18517.230625  x:  0.01510   0.00066   0.01026   0.01789   0.02407   0.01870   0.04959   0.02195   0.05444   0.01638   0.02103   0.01162   0.00599   0.00160   0.00710   0.02938   0.01662   0.00228   0.00457   0.00289   0.00691   0.00516   0.01351   0.01287   0.02379   0.01688   0.01340   0.01750   0.00377   0.00210   0.00223   0.00125   0.00184   0.00496   0.00214   0.00230   0.00845   0.00489   0.00269   0.00256   0.00000   0.00103   0.00170   0.00522   0.00101   0.00068   0.00091   0.00151   0.00300   0.00551   0.00073   0.00193   0.00246   0.01841   0.00311   1.36228   0.78386   1.03145   0.75688   1.34811   0.05092   0.00000   2.17657  
 17 60428.1721  18511.500991  x:  0.01500   0.00061   0.01016   0.01794   0.02377   0.01840   0.05144   0.02255   0.05668   0.01680   0.02061   0.01308   0.00605   0.00235   0.00627   0.02952   0.01696   0.00244   0.00460   0.00282   0.00598   0.00532   0.01325   0.01289   0.02379   0.01687   0.01345   0.01739   0.00378   0.00202   0.00306   0.00096   0.00216   0.00498   0.00208   0.00209   0.00872   0.00514   0.00204   0.00289   0.00000   0.00097   0.00284   0.00446   0.00099   0.00217   0.00058   0.00137   0.00330   0.00560   0.00067   0.00084   0.00235   0.01863   0.00349   1.37704   0.78358   1.03089   0.75773   1.35270   0.04671   0.00000   2.17634  
 18 9289.1739  18501.130187  x:  0.01361   0.00074   0.01126   0.01795   0.02307   0.01786   0.05356   0.02322   0.05953   0.01684   0.01972   0.01672   0.00605   0.00319   0.00401   0.02955   0.01682   0.00229   0.00498   0.00237   0.00483   0.00397   0.01310   0.01224   0.02415   0.01684   0.01359   0.01738   0.00368   0.00172   0.00319   0.00094   0.00169   0.00497   0.00136   0.00178   0.00921   0.00595   0.00154   0.00341   0.00000   0.00096   0.00363   0.00263   0.00092   0.00085   0.00171   0.00067   0.00347   0.00591   0.00066   0.00126   0.00237   0.01817   0.00382   1.40211   0.78311   1.02991   0.75919   1.36043   0.03962   0.00000   2.17594  
 19 13703.8697  18497.472194  x:  0.01270   0.00078   0.01198   0.01793   0.02267   0.01763   0.05415   0.02336   0.06046   0.01662   0.01924   0.01834   0.00605   0.00337   0.00305   0.02949   0.01653   0.00208   0.00521   0.00222   0.00486   0.00331   0.01314   0.01177   0.02442   0.01683   0.01365   0.01741   0.00366   0.00157   0.00291   0.00093   0.00127   0.00496   0.00157   0.00185   0.00936   0.00624   0.00182   0.00341   0.00000   0.00092   0.00372   0.00216   0.00089   0.00048   0.00169   0.00206   0.00338   0.00605   0.00063   0.00107   0.00250   0.01771   0.00371   1.41367   0.78289   1.02946   0.75987   1.36397   0.03638   0.00000   2.17575  
 20 21026.7419  18488.962137  x:  0.01024   0.00083   0.01375   0.01786   0.02161   0.01722   0.05405   0.02317   0.06104   0.01560   0.01804   0.02114   0.00595   0.00324   0.00198   0.02910   0.01537   0.00145   0.00571   0.00231   0.00661   0.00327   0.01351   0.01040   0.02526   0.01684   0.01376   0.01758   0.00372   0.00153   0.00204   0.00069   0.00205   0.00491   0.00289   0.00225   0.00930   0.00642   0.00300   0.00256   0.00000   0.00099   0.00273   0.00313   0.00093   0.00120   0.00256   0.00172   0.00277   0.00625   0.00070   0.00061   0.00300   0.01620   0.00268   1.43673   0.78244   1.02854   0.76124   1.37094   0.03000   0.00000   2.17538  
 21 13208.7993  18480.543875  x:  0.00771   0.00075   0.01530   0.01775   0.02049   0.01705   0.05238   0.02233   0.05995   0.01400   0.01689   0.02257   0.00576   0.00302   0.00407   0.02848   0.01373   0.00225   0.00581   0.00195   0.00906   0.00374   0.01422   0.00892   0.02625   0.01691   0.01377   0.01778   0.00367   0.00135   0.00343   0.00077   0.00159   0.00479   0.00287   0.00156   0.00884   0.00574   0.00272   0.00208   0.00000   0.00099   0.00342   0.00438   0.00093   0.00047   0.00266   0.00161   0.00293   0.00617   0.00068   0.00033   0.00325   0.01427   0.00266   1.45901   0.78200   1.02763   0.76258   1.37755   0.02398   0.00000   2.17501  
 22 10330.2221  18476.119005  x:  0.00677   0.00102   0.01589   0.01766   0.02015   0.01735   0.05002   0.02131   0.05782   0.01326   0.01680   0.02187   0.00573   0.00353   0.00525   0.02793   0.01275   0.00141   0.00478   0.00252   0.00860   0.00325   0.01463   0.00852   0.02678   0.01704   0.01368   0.01793   0.00365   0.00130   0.00291   0.00068   0.00197   0.00479   0.00283   0.00255   0.00864   0.00496   0.00220   0.00310   0.00000   0.00103   0.00370   0.00447   0.00095   0.00043   0.00294   0.00166   0.00309   0.00568   0.00073   0.00019   0.00285   0.01338   0.00319   1.47141   0.78175   1.02710   0.76334   1.38110   0.02076   0.00000   2.17481  
 23 5504.4159  18472.460109  x:  0.00668   0.00121   0.01628   0.01753   0.02024   0.01783   0.04735   0.02022   0.05527   0.01294   0.01725   0.02063   0.00590   0.00430   0.00512   0.02745   0.01218   0.00229   0.00443   0.00233   0.00760   0.00303   0.01484   0.00858   0.02708   0.01716   0.01354   0.01803   0.00365   0.00130   0.00193   0.00060   0.00234   0.00478   0.00259   0.00139   0.00866   0.00493   0.00301   0.00348   0.00000   0.00105   0.00404   0.00478   0.00095   0.00058   0.00324   0.00174   0.00295   0.00533   0.00075   0.00014   0.00244   0.01301   0.00337   1.48158   0.78153   1.02665   0.76399   1.38392   0.01822   0.00000   2.17464  
 24 5654.7568  18469.398983  x:  0.00715   0.00118   0.01676   0.01731   0.02074   0.01840   0.04461   0.01922   0.05250   0.01293   0.01818   0.01937   0.00601   0.00483   0.00387   0.02705   0.01197   0.00191   0.00504   0.00217   0.00688   0.00331   0.01488   0.00892   0.02709   0.01722   0.01337   0.01808   0.00362   0.00122   0.00264   0.00065   0.00199   0.00470   0.00191   0.00177   0.00887   0.00531   0.00426   0.00353   0.00000   0.00103   0.00508   0.00590   0.00093   0.00033   0.00331   0.00164   0.00288   0.00531   0.00072   0.00010   0.00249   0.01306   0.00325   1.49087   0.78132   1.02623   0.76458   1.38641   0.01599   0.00000   2.17448  
 25 5103.7864  18468.837858  x:  0.00712   0.00118   0.01716   0.01720   0.02110   0.01856   0.04414   0.01924   0.05196   0.01313   0.01867   0.01944   0.00601   0.00516   0.00380   0.02708   0.01216   0.00172   0.00510   0.00255   0.00675   0.00323   0.01490   0.00899   0.02694   0.01717   0.01336   0.01809   0.00354   0.00122   0.00264   0.00067   0.00189   0.00468   0.00171   0.00153   0.00898   0.00507   0.00439   0.00348   0.00000   0.00102   0.00523   0.00660   0.00093   0.00028   0.00334   0.00167   0.00301   0.00535   0.00071   0.00014   0.00255   0.01323   0.00336   1.49293   0.78128   1.02612   0.76472   1.38691   0.01555   0.00000   2.17444  
 26 1951.8913  18467.802098  x:  0.00718   0.00117   0.01806   0.01696   0.02210   0.01887   0.04320   0.01952   0.05070   0.01357   0.01992   0.01963   0.00594   0.00544   0.00372   0.02730   0.01275   0.00211   0.00543   0.00261   0.00674   0.00285   0.01494   0.00913   0.02639   0.01700   0.01338   0.01808   0.00349   0.00119   0.00279   0.00062   0.00178   0.00468   0.00173   0.00173   0.00914   0.00475   0.00373   0.00316   0.00000   0.00100   0.00465   0.00724   0.00091   0.00036   0.00343   0.00177   0.00316   0.00568   0.00070   0.00012   0.00276   0.01373   0.00365   1.49698   0.78117   1.02591   0.76501   1.38782   0.01476   0.00000   2.17437  
 27 2233.6728  18467.030270  x:  0.00734   0.00121   0.01877   0.01681   0.02294   0.01906   0.04261   0.01987   0.04975   0.01384   0.02091   0.01991   0.00592   0.00529   0.00382   0.02755   0.01323   0.00171   0.00550   0.00210   0.00705   0.00302   0.01493   0.00924   0.02586   0.01683   0.01340   0.01807   0.00358   0.00122   0.00258   0.00064   0.00187   0.00469   0.00187   0.00144   0.00917   0.00485   0.00311   0.00340   0.00000   0.00101   0.00464   0.00746   0.00092   0.00032   0.00339   0.00183   0.00308   0.00582   0.00071   0.00011   0.00267   0.01412   0.00351   1.50019   0.78109   1.02573   0.76524   1.38848   0.01421   0.00000   2.17431  
 28 2151.8891  18466.460693  x:  0.00749   0.00122   0.01929   0.01677   0.02358   0.01912   0.04237   0.02026   0.04907   0.01392   0.02162   0.02027   0.00593   0.00525   0.00416   0.02785   0.01355   0.00203   0.00524   0.00224   0.00739   0.00305   0.01488   0.00928   0.02537   0.01669   0.01343   0.01804   0.00362   0.00123   0.00242   0.00065   0.00194   0.00470   0.00190   0.00175   0.00908   0.00526   0.00323   0.00361   0.00000   0.00103   0.00503   0.00739   0.00094   0.00028   0.00340   0.00181   0.00288   0.00561   0.00072   0.00012   0.00241   0.01430   0.00315   1.50312   0.78101   1.02556   0.76546   1.38900   0.01378   0.00000   2.17426  
 29 1485.0954  18465.718471  x:  0.00774   0.00120   0.01962   0.01687   0.02419   0.01904   0.04223   0.02074   0.04818   0.01380   0.02223   0.02047   0.00590   0.00510   0.00443   0.02826   0.01371   0.00181   0.00486   0.00268   0.00776   0.00306   0.01477   0.00931   0.02481   0.01656   0.01349   0.01799   0.00360   0.00123   0.00280   0.00064   0.00194   0.00473   0.00210   0.00151   0.00879   0.00569   0.00380   0.00354   0.00000   0.00104   0.00487   0.00662   0.00094   0.00033   0.00341   0.00172   0.00284   0.00524   0.00073   0.00010   0.00259   0.01433   0.00345   1.50751   0.78088   1.02529   0.76580   1.38969   0.01324   0.00000   2.17417  
 30 1507.8614  18464.078248  x:  0.00784   0.00125   0.01963   0.01727   0.02483   0.01861   0.04258   0.02150   0.04673   0.01340   0.02275   0.02067   0.00584   0.00493   0.00453   0.02906   0.01359   0.00179   0.00474   0.00190   0.00789   0.00317   0.01446   0.00933   0.02405   0.01648   0.01358   0.01789   0.00354   0.00128   0.00260   0.00065   0.00220   0.00469   0.00221   0.00184   0.00843   0.00477   0.00494   0.00341   0.00000   0.00109   0.00520   0.00608   0.00098   0.00030   0.00335   0.00158   0.00363   0.00497   0.00077   0.00013   0.00287   0.01397   0.00414   1.51808   0.78055   1.02462   0.76664   1.39123   0.01206   0.00000   2.17396  
 31 1896.0761  18459.169752  x:  0.00783   0.00116   0.01856   0.01824   0.02563   0.01740   0.04370   0.02267   0.04301   0.01228   0.02313   0.02021   0.00597   0.00463   0.00407   0.03081   0.01274   0.00179   0.00579   0.00269   0.00788   0.00330   0.01372   0.00934   0.02278   0.01654   0.01377   0.01775   0.00376   0.00122   0.00255   0.00064   0.00217   0.00463   0.00229   0.00162   0.00823   0.00276   0.00502   0.00338   0.00000   0.00109   0.00559   0.00487   0.00099   0.00023   0.00333   0.00147   0.00335   0.00586   0.00078   0.00010   0.00243   0.01286   0.00324   1.54870   0.77960   1.02267   0.76908   1.39555   0.00881   0.00000   2.17335  
 32 5476.6148  18445.544642  x:  0.00585   0.00110   0.01535   0.02020   0.02654   0.01460   0.04740   0.02478   0.03363   0.01058   0.02302   0.01852   0.00605   0.00498   0.00466   0.03478   0.01034   0.00137   0.00668   0.00214   0.00607   0.00277   0.01256   0.00909   0.02090   0.01708   0.01415   0.01754   0.00340   0.00117   0.00261   0.00058   0.00197   0.00449   0.00178   0.00164   0.00886   0.00526   0.00413   0.00336   0.00000   0.00101   0.00483   0.00625   0.00093   0.00044   0.00322   0.00168   0.00231   0.00719   0.00070   0.00014   0.00225   0.01029   0.00318   1.64129   0.77671   1.01673   0.77648   1.40853  -0.00095   0.00000   2.17149  
 33 15667.1764  18431.272788  x:  0.00555   0.00085   0.01437   0.01980   0.02593   0.01513   0.04940   0.02293   0.02702   0.01092   0.02200   0.01686   0.00583   0.00435   0.00236   0.03580   0.00959   0.00182   0.00504   0.00286   0.00752   0.00298   0.01320   0.00842   0.02203   0.01751   0.01391   0.01791   0.00394   0.00106   0.00180   0.00058   0.00168   0.00481   0.00186   0.00150   0.00916   0.00639   0.00178   0.00266   0.00000   0.00091   0.00528   0.00553   0.00083   0.00028   0.00285   0.00162   0.00500   0.00564   0.00063   0.00011   0.00400   0.01112   0.00185   1.73593   0.77373   1.01062   0.78408   1.42156  -0.01068   0.00000   2.16959  
 34 15956.6558  18407.385909  x:  0.00589   0.00072   0.01544   0.01761   0.02425   0.01786   0.05073   0.01819   0.02007   0.01280   0.02037   0.01578   0.00620   0.00328   0.00108   0.03516   0.01018   0.00183   0.00354   0.00183   0.00882   0.00301   0.01529   0.00745   0.02524   0.01795   0.01321   0.01865   0.00415   0.00104   0.00312   0.00054   0.00140   0.00501   0.00233   0.00158   0.00948   0.00467   0.00171   0.00229   0.00000   0.00091   0.00512   0.00346   0.00083   0.00052   0.00274   0.00144   0.00184   0.00434   0.00063   0.00020   0.00230   0.01353   0.00289   1.88715   0.76895   1.00084   0.79624   1.44223  -0.02604   0.00000   2.16654  
 35 36498.8746  18394.674882  x:  0.00683   0.00086   0.01656   0.01616   0.02321   0.01954   0.04934   0.01546   0.01833   0.01342   0.01984   0.01562   0.00615   0.00260   0.00317   0.03360   0.01075   0.00155   0.00586   0.00203   0.00821   0.00311   0.01627   0.00749   0.02698   0.01796   0.01272   0.01891   0.00389   0.00114   0.00324   0.00053   0.00190   0.00488   0.00286   0.00162   0.00937   0.00506   0.00276   0.00294   0.00000   0.00098   0.00465   0.00126   0.00092   0.00073   0.00241   0.00129   0.00299   0.00580   0.00069   0.00023   0.00213   0.01425   0.00216   1.97360   0.76619   0.99521   0.80322   1.45391  -0.03468   0.00000   2.16480  
 36 39616.6797  18373.867288  x:  0.01202   0.00083   0.01788   0.01575   0.02197   0.02058   0.04069   0.01444   0.02211   0.00971   0.01992   0.01593   0.00573   0.00183   0.00321   0.02897   0.01060   0.00179   0.00617   0.00241   0.00722   0.00355   0.01557   0.00878   0.02728   0.01690   0.01213   0.01850   0.00431   0.00126   0.00230   0.00061   0.00211   0.00461   0.00252   0.00181   0.00556   0.00554   0.00091   0.00222   0.00000   0.00094   0.00468   0.00087   0.00090   0.00079   0.00192   0.00140   0.00166   0.00652   0.00066   0.00026   0.00387   0.01172   0.00275   2.10556   0.76190   0.98653   0.81394   1.47118  -0.04728   0.00000   2.16211  
 37 20682.3368  18365.052000  x:  0.01402   0.00078   0.01832   0.01585   0.02161   0.02061   0.03580   0.01478   0.02479   0.00792   0.02006   0.01571   0.00605   0.00162   0.00258   0.02676   0.01018   0.00202   0.00486   0.00191   0.00701   0.00322   0.01507   0.00884   0.02682   0.01618   0.01211   0.01835   0.00479   0.00124   0.00372   0.00057   0.00173   0.00488   0.00272   0.00156   0.00573   0.00531   0.00081   0.00329   0.00000   0.00090   0.00300   0.00119   0.00088   0.00096   0.00177   0.00142   0.00277   0.00636   0.00062   0.00030   0.00259   0.01050   0.00152   2.16497   0.75994   0.98259   0.81880   1.47879  -0.05276   0.00000   2.16089  
 38 34035.5881  18361.398010  x:  0.01401   0.00073   0.01823   0.01601   0.02163   0.02015   0.03293   0.01538   0.02653   0.00804   0.02018   0.01484   0.00619   0.00134   0.00245   0.02584   0.00954   0.00195   0.00455   0.00198   0.00760   0.00325   0.01481   0.00834   0.02617   0.01578   0.01231   0.01838   0.00514   0.00122   0.00362   0.00056   0.00177   0.00515   0.00283   0.00161   0.00767   0.00543   0.00077   0.00270   0.00000   0.00091   0.00323   0.00066   0.00088   0.00094   0.00173   0.00136   0.00297   0.00659   0.00063   0.00030   0.00198   0.01031   0.00191   2.18933   0.75911   0.98094   0.82082   1.48171  -0.05480   0.00000   2.16038  
 39 13881.2114  18360.686539  x:  0.01371   0.00077   0.01817   0.01613   0.02177   0.01983   0.03214   0.01542   0.02709   0.00839   0.02006   0.01453   0.00608   0.00142   0.00249   0.02590   0.00921   0.00203   0.00459   0.00189   0.00752   0.00325   0.01484   0.00773   0.02574   0.01565   0.01247   0.01856   0.00533   0.00122   0.00372   0.00056   0.00175   0.00533   0.00279   0.00159   0.00771   0.00527   0.00088   0.00309   0.00000   0.00091   0.00324   0.00055   0.00088   0.00096   0.00173   0.00135   0.00269   0.00647   0.00063   0.00031   0.00258   0.01075   0.00169   2.19439   0.75891   0.98056   0.82126   1.48211  -0.05501   0.00000   2.16027  
 40 3015.6679  18360.123572  x:  0.01370   0.00075   0.01818   0.01633   0.02200   0.01936   0.03145   0.01509   0.02754   0.00854   0.01963   0.01443   0.00616   0.00145   0.00249   0.02629   0.00884   0.00196   0.00495   0.00192   0.00736   0.00323   0.01495   0.00688   0.02512   0.01552   0.01268   0.01891   0.00553   0.00121   0.00369   0.00055   0.00173   0.00557   0.00273   0.00160   0.00719   0.00535   0.00082   0.00292   0.00000   0.00090   0.00320   0.00059   0.00087   0.00098   0.00173   0.00136   0.00281   0.00616   0.00062   0.00031   0.00220   0.01150   0.00174   2.19840   0.75871   0.98021   0.82166   1.48210  -0.05482   0.00000   2.16017  
 41 1678.9263  18359.691111  x:  0.01359   0.00075   0.01819   0.01640   0.02240   0.01882   0.03080   0.01429   0.02790   0.00818   0.01866   0.01454   0.00614   0.00141   0.00246   0.02720   0.00935   0.00197   0.00470   0.00193   0.00736   0.00327   0.01530   0.00726   0.02439   0.01573   0.01281   0.01950   0.00529   0.00121   0.00368   0.00056   0.00174   0.00538   0.00275   0.00160   0.00737   0.00535   0.00084   0.00295   0.00000   0.00090   0.00321   0.00060   0.00088   0.00097   0.00172   0.00136   0.00281   0.00643   0.00062   0.00030   0.00227   0.01191   0.00176   2.20188   0.75839   0.97974   0.82213   1.48110  -0.05360   0.00000   2.16004  
 42 522.2202  18358.724695  x:  0.01355   0.00075   0.01849   0.01606   0.02300   0.01886   0.03027   0.01428   0.02838   0.00932   0.01766   0.01440   0.00617   0.00144   0.00238   0.02833   0.00925   0.00196   0.00496   0.00192   0.00738   0.00327   0.01576   0.00803   0.02405   0.01612   0.01239   0.02001   0.00526   0.00121   0.00374   0.00055   0.00171   0.00522   0.00280   0.00158   0.00719   0.00534   0.00072   0.00297   0.00000   0.00090   0.00314   0.00057   0.00087   0.00098   0.00175   0.00137   0.00286   0.00592   0.00062   0.00031   0.00216   0.01087   0.00169   2.20802   0.75761   0.97865   0.82317   1.47779  -0.04981   0.00292   2.15976  
 43 604.9663  18356.589524  x:  0.01445   0.00077   0.01857   0.01551   0.02353   0.01995   0.03010   0.01531   0.02857   0.00896   0.01669   0.01457   0.00611   0.00157   0.00260   0.02943   0.00894   0.00196   0.00466   0.00196   0.00714   0.00333   0.01614   0.00752   0.02477   0.01631   0.01179   0.02030   0.00657   0.00123   0.00368   0.00057   0.00172   0.00601   0.00257   0.00164   0.00769   0.00540   0.00095   0.00299   0.00000   0.00090   0.00306   0.00075   0.00087   0.00098   0.00172   0.00139   0.00282   0.00675   0.00062   0.00031   0.00243   0.01100   0.00191   2.22146   0.75572   0.97606   0.82560   1.46938  -0.04027   0.01087   2.15911  
 44 1976.4978  18354.149157  x:  0.01376   0.00079   0.01801   0.01636   0.02319   0.02044   0.03004   0.01604   0.02886   0.00813   0.01776   0.01438   0.00613   0.00149   0.00243   0.02913   0.00943   0.00200   0.00500   0.00199   0.00715   0.00343   0.01581   0.00699   0.02600   0.01632   0.01275   0.01970   0.00455   0.00123   0.00367   0.00058   0.00177   0.00535   0.00281   0.00161   0.00764   0.00538   0.00082   0.00307   0.00000   0.00091   0.00309   0.00065   0.00088   0.00098   0.00179   0.00140   0.00278   0.00630   0.00063   0.00030   0.00232   0.01210   0.00180   2.23641   0.75352   0.97307   0.82839   1.45953  -0.02911   0.01914   2.15835  
 45 2862.1683  18352.802462  x:  0.01287   0.00076   0.01751   0.01756   0.02268   0.01974   0.03041   0.01476   0.02900   0.00868   0.01943   0.01475   0.00616   0.00157   0.00248   0.02811   0.00961   0.00200   0.00461   0.00198   0.00735   0.00343   0.01527   0.00764   0.02607   0.01611   0.01378   0.01939   0.00565   0.00122   0.00374   0.00057   0.00170   0.00516   0.00277   0.00163   0.00714   0.00544   0.00096   0.00297   0.00000   0.00090   0.00298   0.00061   0.00088   0.00098   0.00182   0.00140   0.00290   0.00676   0.00062   0.00031   0.00216   0.01223   0.00186   2.24640   0.75201   0.97103   0.83029   1.45292  -0.02161   0.02234   2.15783  
 46 2012.5736  18351.724672  x:  0.01338   0.00078   0.01745   0.01798   0.02226   0.01887   0.03094   0.01374   0.02887   0.00869   0.02014   0.01538   0.00607   0.00155   0.00280   0.02701   0.00957   0.00206   0.00504   0.00200   0.00725   0.00348   0.01502   0.00784   0.02541   0.01584   0.01359   0.01960   0.00556   0.00125   0.00370   0.00059   0.00174   0.00602   0.00280   0.00165   0.00806   0.00529   0.00082   0.00307   0.00000   0.00091   0.00278   0.00073   0.00088   0.00097   0.00183   0.00143   0.00272   0.00586   0.00063   0.00031   0.00246   0.01210   0.00187   2.25639   0.75048   0.96899   0.83218   1.44647  -0.01427   0.02259   2.15731  
 47 1682.2871  18347.077913  x:  0.01319   0.00080   0.01736   0.01655   0.02098   0.01630   0.03204   0.01438   0.02863   0.00969   0.02070   0.01528   0.00610   0.00161   0.00243   0.02306   0.01005   0.00231   0.00420   0.00214   0.00718   0.00385   0.01592   0.00742   0.02295   0.01546   0.01116   0.02102   0.00391   0.00126   0.00371   0.00063   0.00172   0.00638   0.00293   0.00167   0.00742   0.00536   0.00092   0.00323   0.00000   0.00091   0.00264   0.00075   0.00088   0.00096   0.00194   0.00147   0.00294   0.00719   0.00063   0.00030   0.00232   0.01237   0.00201   2.30268   0.74340   0.95954   0.84094   1.41716   0.01921   0.01791   2.15489  
 48 3310.4143  18338.782386  x:  0.01187   0.00091   0.01715   0.01478   0.02000   0.01580   0.03239   0.01712   0.02938   0.00917   0.02007   0.01513   0.00609   0.00213   0.00262   0.02064   0.01138   0.00240   0.00553   0.00231   0.00642   0.00422   0.01738   0.00868   0.02182   0.01602   0.01208   0.02172   0.00603   0.00128   0.00373   0.00065   0.00167   0.00339   0.00282   0.00174   0.00800   0.00530   0.00097   0.00337   0.00000   0.00091   0.00200   0.00080   0.00086   0.00104   0.00216   0.00161   0.00295   0.00529   0.00063   0.00031   0.00236   0.01385   0.00219   2.38894   0.73021   0.94198   0.85722   1.36309   0.08106   0.00582   2.15038  
 49 10350.1342  18332.706796  x:  0.01141   0.00094   0.01691   0.01496   0.02009   0.01660   0.03212   0.01763   0.03014   0.00953   0.01989   0.01519   0.00608   0.00223   0.00261   0.02117   0.01165   0.00245   0.00560   0.00237   0.00635   0.00439   0.01741   0.00918   0.02228   0.01631   0.01304   0.02138   0.00569   0.00130   0.00375   0.00068   0.00168   0.00432   0.00285   0.00177   0.00794   0.00533   0.00101   0.00343   0.00000   0.00091   0.00183   0.00084   0.00086   0.00104   0.00224   0.00164   0.00298   0.00540   0.00064   0.00031   0.00233   0.01399   0.00227   2.42647   0.72448   0.93435   0.86429   1.33968   0.10785   0.00000   2.14841  
 50 22513.5184  18327.718290  x:  0.01205   0.00096   0.01628   0.01637   0.02100   0.01823   0.03157   0.01695   0.03172   0.01087   0.02007   0.01594   0.00600   0.00232   0.00278   0.02333   0.01120   0.00262   0.00503   0.00248   0.00627   0.00472   0.01618   0.00804   0.02367   0.01617   0.01262   0.02020   0.00484   0.00134   0.00378   0.00072   0.00170   0.00242   0.00306   0.00180   0.00867   0.00537   0.00097   0.00367   0.00000   0.00093   0.00137   0.00101   0.00087   0.00104   0.00236   0.00172   0.00299   0.00610   0.00065   0.00031   0.00254   0.01382   0.00237   2.49022   0.71471   0.92138   0.87629   1.29996   0.15335   0.00000   2.14505  
 51 24210.7156  18327.100291  x:  0.01128   0.00097   0.01582   0.01649   0.02149   0.01792   0.03124   0.01681   0.03213   0.01064   0.02036   0.01592   0.00603   0.00238   0.00281   0.02390   0.01207   0.00258   0.00524   0.00247   0.00626   0.00473   0.01567   0.00791   0.02458   0.01609   0.01110   0.01982   0.00513   0.00133   0.00378   0.00072   0.00168   0.00266   0.00303   0.00181   0.00859   0.00537   0.00101   0.00362   0.00000   0.00092   0.00133   0.00097   0.00087   0.00105   0.00240   0.00173   0.00300   0.00576   0.00064   0.00031   0.00246   0.01388   0.00237   2.49857   0.71338   0.91966   0.87785   1.29481   0.15929   0.00000   2.14459  
 52 2381.0075  18327.055026  x:  0.01139   0.00097   0.01569   0.01627   0.02186   0.01746   0.03122   0.01681   0.03216   0.01065   0.02045   0.01598   0.00603   0.00237   0.00281   0.02393   0.01195   0.00258   0.00522   0.00247   0.00626   0.00473   0.01583   0.00797   0.02511   0.01592   0.01121   0.01992   0.00509   0.00133   0.00378   0.00072   0.00168   0.00265   0.00304   0.00181   0.00859   0.00536   0.00101   0.00362   0.00000   0.00092   0.00132   0.00097   0.00087   0.00104   0.00240   0.00173   0.00300   0.00576   0.00064   0.00031   0.00246   0.01389   0.00237   2.49919   0.71318   0.91949   0.87795   1.29450   0.15974   0.00000   2.14450  
 53 134.3795  18327.038653  x:  0.01144   0.00096   0.01578   0.01658   0.02199   0.01741   0.03124   0.01688   0.03215   0.01068   0.02037   0.01592   0.00603   0.00238   0.00281   0.02382   0.01209   0.00258   0.00523   0.00248   0.00625   0.00473   0.01596   0.00791   0.02524   0.01590   0.01123   0.02005   0.00512   0.00133   0.00378   0.00072   0.00168   0.00265   0.00304   0.00181   0.00860   0.00536   0.00101   0.00363   0.00000   0.00092   0.00133   0.00097   0.00087   0.00105   0.00240   0.00173   0.00300   0.00577   0.00064   0.00031   0.00247   0.01383   0.00237   2.49931   0.71279   0.91930   0.87793   1.29469   0.15988   0.00000   2.14431  
 54 23.2659  18326.756404  x:  0.01112   0.00095   0.01565   0.01715   0.02288   0.01783   0.03131   0.01698   0.03219   0.01062   0.02003   0.01615   0.00603   0.00233   0.00286   0.02316   0.01134   0.00259   0.00524   0.00246   0.00633   0.00471   0.01572   0.00854   0.02532   0.01616   0.01080   0.02041   0.00500   0.00133   0.00380   0.00072   0.00167   0.00262   0.00307   0.00181   0.00855   0.00534   0.00102   0.00360   0.00000   0.00092   0.00133   0.00097   0.00087   0.00104   0.00238   0.00172   0.00298   0.00575   0.00065   0.00031   0.00243   0.01439   0.00236   2.50058   0.70463   0.91550   0.87721   1.29946   0.16179   0.00000   2.14025  
 55 76.2757  18323.888732  x:  0.01025   0.00091   0.01358   0.01589   0.02576   0.01914   0.03130   0.01620   0.03243   0.01083   0.01880   0.01662   0.00602   0.00218   0.00294   0.02109   0.01252   0.00246   0.00526   0.00242   0.00643   0.00459   0.01406   0.00719   0.02469   0.01635   0.01182   0.02024   0.00481   0.00131   0.00365   0.00072   0.00164   0.00251   0.00299   0.00182   0.00847   0.00524   0.00117   0.00339   0.00000   0.00091   0.00161   0.00099   0.00085   0.00104   0.00227   0.00168   0.00292   0.00546   0.00063   0.00030   0.00244   0.01325   0.00227   2.51238   0.62305   0.87765   0.86982   1.34776   0.18041   0.00000   2.09958  
 56 1737.7514  18318.576425  x:  0.01037   0.00088   0.01509   0.01627   0.02325   0.01765   0.03063   0.01646   0.03340   0.01109   0.01952   0.01590   0.00600   0.00199   0.00291   0.02264   0.01206   0.00236   0.00528   0.00239   0.00653   0.00453   0.01519   0.00785   0.02518   0.01625   0.01105   0.01816   0.00466   0.00135   0.00353   0.00074   0.00164   0.00230   0.00287   0.00183   0.00867   0.00518   0.00122   0.00339   0.00000   0.00089   0.00207   0.00111   0.00086   0.00108   0.00198   0.00164   0.00288   0.00541   0.00063   0.00030   0.00245   0.01391   0.00220   2.53337   0.48022   0.81132   0.85674   1.43228   0.21326   0.00000   2.02823  
 57 9674.9545  18318.411606  x:  0.01037   0.00088   0.01486   0.01624   0.02272   0.01786   0.03051   0.01660   0.03349   0.01108   0.02003   0.01597   0.00600   0.00197   0.00294   0.02302   0.01210   0.00234   0.00529   0.00238   0.00656   0.00451   0.01490   0.00785   0.02538   0.01625   0.01104   0.01952   0.00465   0.00135   0.00353   0.00074   0.00163   0.00227   0.00288   0.00183   0.00865   0.00518   0.00124   0.00337   0.00000   0.00089   0.00209   0.00112   0.00085   0.00108   0.00198   0.00164   0.00287   0.00539   0.00063   0.00030   0.00245   0.01385   0.00220   2.53423   0.47568   0.80909   0.85613   1.43515   0.21451   0.00000   2.02573  
 58 722.4557  18315.696727  x:  0.01073   0.00084   0.01354   0.01635   0.02287   0.01728   0.02975   0.01653   0.03473   0.01121   0.02225   0.01672   0.00597   0.00177   0.00300   0.02295   0.01205   0.00225   0.00527   0.00235   0.00671   0.00445   0.01691   0.00662   0.02563   0.02279   0.01082   0.01908   0.00456   0.00137   0.00346   0.00075   0.00160   0.00220   0.00285   0.00185   0.00880   0.00511   0.00134   0.00328   0.00000   0.00088   0.00225   0.00117   0.00085   0.00110   0.00181   0.00162   0.00283   0.00527   0.00062   0.00030   0.00246   0.01366   0.00213   2.55855   0.48353   0.78511   0.80475   1.48691   0.24940   0.00000   1.97265  
 59 50.6237  18300.555753  x:  0.00904   0.00079   0.01667   0.01584   0.02090   0.01519   0.02775   0.01739   0.03753   0.01283   0.02070   0.01493   0.00591   0.00130   0.00337   0.02272   0.01294   0.00207   0.00527   0.00238   0.00688   0.00462   0.01078   0.00764   0.02780   0.02280   0.01147   0.01814   0.00361   0.00146   0.00307   0.00085   0.00151   0.00170   0.00254   0.00193   0.00904   0.00486   0.00161   0.00330   0.00000   0.00084   0.00329   0.00159   0.00083   0.00122   0.00104   0.00157   0.00274   0.00491   0.00059   0.00030   0.00251   0.01491   0.00206   2.67539   0.52393   0.66948   0.55409   1.73875   0.41850   0.00000   1.71480  
 60 8594.3135  18296.791163  x:  0.00787   0.00075   0.01405   0.01655   0.02036   0.01703   0.02692   0.01744   0.03844   0.01296   0.02122   0.01576   0.00591   0.00112   0.00323   0.02303   0.01300   0.00190   0.00555   0.00234   0.00685   0.00455   0.01412   0.00831   0.02710   0.01869   0.01076   0.01754   0.00323   0.00146   0.00289   0.00086   0.00145   0.00154   0.00243   0.00195   0.00912   0.00476   0.00182   0.00306   0.00000   0.00081   0.00360   0.00165   0.00081   0.00124   0.00086   0.00153   0.00268   0.00459   0.00057   0.00030   0.00247   0.01473   0.00195   2.70666   0.53477   0.63873   0.48730   1.80590   0.46366   0.00000   1.64600  
 61 14974.7034  18291.810894  x:  0.00712   0.00069   0.01340   0.01692   0.01913   0.01743   0.02659   0.01768   0.03975   0.01340   0.02122   0.01592   0.00587   0.00086   0.00325   0.02379   0.01308   0.00172   0.00564   0.00229   0.00688   0.00441   0.01483   0.00882   0.02723   0.01647   0.01034   0.01703   0.00284   0.00148   0.00266   0.00088   0.00140   0.00138   0.00224   0.00196   0.00923   0.00465   0.00201   0.00289   0.00000   0.00078   0.00410   0.00177   0.00079   0.00126   0.00048   0.00147   0.00263   0.00429   0.00055   0.00029   0.00246   0.01489   0.00187   2.73498   0.64546   0.76562   0.75911   1.97573   0.57333   0.00000   1.45906  
 62 19.8884  18291.718798  x:  0.00709   0.00069   0.01338   0.01694   0.01909   0.01744   0.02657   0.01769   0.03979   0.01341   0.02122   0.01593   0.00587   0.00086   0.00325   0.02380   0.01309   0.00171   0.00564   0.00229   0.00688   0.00441   0.01484   0.00883   0.02723   0.01642   0.01033   0.01701   0.00283   0.00148   0.00265   0.00089   0.00140   0.00138   0.00223   0.00196   0.00923   0.00465   0.00201   0.00288   0.00000   0.00078   0.00411   0.00178   0.00079   0.00126   0.00047   0.00147   0.00262   0.00429   0.00055   0.00029   0.00246   0.01490   0.00187   2.73670   0.64754   0.77375   0.76660   1.98228   0.57860   0.00351   1.45097  
 63 63.0590  18288.004109  x:  0.00694   0.00069   0.01333   0.01704   0.01911   0.01736   0.02623   0.01787   0.03997   0.01363   0.02095   0.01632   0.00583   0.00087   0.00330   0.02356   0.01325   0.00173   0.00559   0.00233   0.00672   0.00452   0.01452   0.00870   0.02733   0.01703   0.01059   0.01687   0.00274   0.00150   0.00259   0.00091   0.00136   0.00154   0.00217   0.00198   0.00926   0.00464   0.00203   0.00291   0.00000   0.00076   0.00403   0.00180   0.00078   0.00128   0.00036   0.00148   0.00266   0.00429   0.00054   0.00029   0.00246   0.01495   0.00192   2.77595   0.61155   0.96522   0.77399   2.06366   0.67361   0.00000   1.32549  
 64 95.1417  18278.624570  x:  0.00723   0.00069   0.01332   0.01728   0.01889   0.01732   0.02684   0.01815   0.03969   0.01372   0.02024   0.01721   0.00573   0.00102   0.00337   0.02380   0.01319   0.00180   0.00538   0.00237   0.00641   0.00455   0.01444   0.00850   0.02711   0.01703   0.01093   0.01694   0.00283   0.00153   0.00251   0.00094   0.00132   0.00201   0.00205   0.00198   0.00923   0.00468   0.00199   0.00294   0.00000   0.00073   0.00382   0.00175   0.00076   0.00126   0.00028   0.00148   0.00274   0.00440   0.00053   0.00029   0.00246   0.01490   0.00204   2.82211   0.60979   0.90913   0.76075   2.27981   0.88536   0.00107   1.00000  
 65 14.4977  18262.946764  x:  0.00612   0.00080   0.01319   0.01808   0.01859   0.01740   0.02293   0.01891   0.03824   0.01395   0.01957   0.01875   0.00545   0.00154   0.00335   0.02388   0.01286   0.00205   0.00529   0.00248   0.00615   0.00479   0.01432   0.00846   0.02692   0.01697   0.01180   0.01683   0.00282   0.00153   0.00233   0.00093   0.00137   0.00251   0.00207   0.00202   0.00909   0.00484   0.00196   0.00297   0.00000   0.00072   0.00383   0.00183   0.00074   0.00125   0.00115   0.00142   0.00280   0.00487   0.00055   0.00031   0.00263   0.01428   0.00239   2.95874   0.61076   0.92389   0.79065   2.59749   1.23279   0.00000   1.00000  
 66  4.4607  18236.539720  x:  0.00806   0.00077   0.01445   0.01933   0.01776   0.01615   0.02929   0.02086   0.03440   0.01513   0.01248   0.02595   0.00447   0.00067   0.00336   0.02532   0.01317   0.00260   0.00463   0.00267   0.00363   0.00519   0.01284   0.00673   0.02688   0.01834   0.01361   0.01679   0.00383   0.00167   0.00222   0.00114   0.00097   0.00258   0.00159   0.00197   0.00858   0.00528   0.00221   0.00338   0.00000   0.00048   0.00121   0.00159   0.00055   0.00117   0.00142   0.00121   0.00326   0.00466   0.00047   0.00032   0.00230   0.01337   0.00329   3.42177   0.53080   0.81889   0.71626   2.65950   1.22296   0.00000   1.00000  
 67  1.3127  18236.180861  x:  0.00809   0.00077   0.01447   0.01935   0.01774   0.01613   0.02940   0.02090   0.03434   0.01515   0.01236   0.02608   0.00446   0.00066   0.00336   0.02534   0.01317   0.00261   0.00462   0.00268   0.00359   0.00520   0.01282   0.00670   0.02688   0.01836   0.01364   0.01679   0.00385   0.00168   0.00221   0.00115   0.00096   0.00258   0.00158   0.00197   0.00857   0.00529   0.00221   0.00339   0.00000   0.00048   0.00116   0.00158   0.00055   0.00117   0.00143   0.00121   0.00327   0.00466   0.00047   0.00033   0.00229   0.01335   0.00331   3.42996   0.52940   0.81704   0.71496   2.66055   1.22276   0.00670   1.00000  
 68 179.4427  18214.166632  x:  0.00582   0.00110   0.01288   0.01939   0.01859   0.01664   0.02695   0.02344   0.03082   0.01696   0.01406   0.03168   0.00280   0.00362   0.00315   0.02706   0.01229   0.00298   0.00355   0.00320   0.00416   0.00698   0.01222   0.00742   0.02936   0.01830   0.01412   0.01625   0.00534   0.00184   0.00185   0.00148   0.00060   0.00283   0.00079   0.00227   0.00959   0.00573   0.00139   0.00366   0.00000   0.00030   0.00344   0.00202   0.00053   0.00161   0.00093   0.00148   0.00365   0.00800   0.00043   0.00043   0.00256   0.01355   0.00373   4.11631   0.55332   0.75704   0.74067   2.30162   0.80200   0.02003   1.00000  
 69  1.3576  18203.876785  x:  0.00789   0.00133   0.01408   0.01991   0.01804   0.01657   0.02244   0.02309   0.02870   0.01718   0.01599   0.03304   0.00195   0.00471   0.00254   0.02638   0.01123   0.00329   0.00517   0.00323   0.00444   0.00729   0.01246   0.00778   0.02907   0.01879   0.01451   0.01658   0.00315   0.00187   0.00235   0.00159   0.00116   0.00341   0.00232   0.00215   0.00980   0.00594   0.00228   0.00353   0.00000   0.00045   0.00255   0.00225   0.00068   0.00157   0.00091   0.00134   0.00377   0.00677   0.00057   0.00050   0.00223   0.01115   0.00435   4.42476   0.54471   0.77390   0.75536   2.58476   0.99053   0.02710   1.00000  
 70  0.9893  18197.567289  x:  0.00488   0.00133   0.01279   0.01921   0.01794   0.01677   0.02674   0.02311   0.02986   0.01759   0.01656   0.03267   0.00098   0.00501   0.00309   0.02540   0.01195   0.00314   0.00485   0.00287   0.00543   0.00729   0.01355   0.00773   0.02906   0.01890   0.01425   0.01721   0.00344   0.00184   0.00286   0.00165   0.00110   0.00416   0.00285   0.00212   0.00977   0.00578   0.00197   0.00357   0.00000   0.00045   0.00165   0.00245   0.00071   0.00156   0.00121   0.00129   0.00327   0.00680   0.00060   0.00055   0.00223   0.01247   0.00446   4.67287   0.53069   0.87530   0.77277   3.11057   1.43902   0.03139   1.00000  
 71  1.2233  18194.324397  x:  0.00734   0.00122   0.01281   0.01864   0.01802   0.01696   0.02775   0.02267   0.03052   0.01754   0.01662   0.03258   0.00029   0.00513   0.00328   0.02567   0.01184   0.00285   0.00467   0.00289   0.00512   0.00783   0.01390   0.00807   0.02838   0.01840   0.01382   0.01729   0.00333   0.00192   0.00262   0.00176   0.00092   0.00473   0.00252   0.00223   0.00983   0.00547   0.00222   0.00345   0.00000   0.00040   0.00213   0.00257   0.00067   0.00176   0.00150   0.00154   0.00314   0.00546   0.00057   0.00060   0.00187   0.01313   0.00435   4.88818   0.52742   0.95249   0.78187   3.45010   1.76806   0.03121   1.00000  
 72  1.1156  18192.106034  x:  0.00703   0.00115   0.01215   0.01843   0.01877   0.01667   0.02359   0.02213   0.02981   0.01712   0.01649   0.03063   0.00018   0.00478   0.00316   0.02479   0.01215   0.00266   0.00459   0.00276   0.00455   0.00814   0.01357   0.00801   0.02732   0.01822   0.01345   0.01692   0.00393   0.00188   0.00248   0.00179   0.00082   0.00515   0.00211   0.00223   0.00922   0.00546   0.00201   0.00341   0.00000   0.00034   0.00179   0.00274   0.00065   0.00184   0.00136   0.00162   0.00308   0.00546   0.00054   0.00065   0.00217   0.01343   0.00438   5.05008   0.49229   0.93009   0.75105   3.75207   2.00137   0.03364   1.00000  
 73  0.6306  18190.858809  x:  0.00687   0.00110   0.01208   0.01835   0.01863   0.01646   0.02347   0.02144   0.03028   0.01666   0.01571   0.02859   0.00097   0.00438   0.00283   0.02492   0.01236   0.00257   0.00478   0.00275   0.00443   0.00844   0.01321   0.00807   0.02682   0.01822   0.01320   0.01664   0.00395   0.00185   0.00235   0.00182   0.00089   0.00542   0.00173   0.00218   0.00882   0.00549   0.00200   0.00341   0.00000   0.00038   0.00214   0.00283   0.00069   0.00190   0.00135   0.00172   0.00310   0.00535   0.00055   0.00069   0.00198   0.01373   0.00430   5.15362   0.47422   0.90956   0.72537   4.01111   2.23677   0.03503   1.00000  
 74  0.7376  18189.689444  x:  0.00640   0.00108   0.01311   0.01851   0.01813   0.01651   0.02615   0.02107   0.03055   0.01635   0.01550   0.02795   0.00080   0.00414   0.00272   0.02562   0.01234   0.00267   0.00478   0.00282   0.00502   0.00882   0.01307   0.00780   0.02720   0.01860   0.01332   0.01675   0.00338   0.00180   0.00235   0.00185   0.00096   0.00559   0.00169   0.00214   0.00868   0.00567   0.00189   0.00344   0.00000   0.00042   0.00230   0.00291   0.00072   0.00188   0.00135   0.00170   0.00328   0.00571   0.00056   0.00074   0.00229   0.01351   0.00437   5.32661   0.46726   0.87881   0.70241   4.34226   2.52997   0.04012   1.00000  
 75  0.4841  18189.069543  x:  0.00678   0.00111   0.01295   0.01890   0.01822   0.01658   0.02634   0.02130   0.03021   0.01594   0.01633   0.02806   0.00077   0.00393   0.00307   0.02590   0.01231   0.00279   0.00445   0.00286   0.00501   0.00901   0.01325   0.00770   0.02745   0.01826   0.01356   0.01705   0.00372   0.00171   0.00252   0.00186   0.00095   0.00547   0.00178   0.00211   0.00904   0.00568   0.00178   0.00351   0.00000   0.00043   0.00204   0.00294   0.00073   0.00180   0.00130   0.00163   0.00306   0.00600   0.00056   0.00079   0.00193   0.01313   0.00424   5.46272   0.47332   0.89008   0.69443   4.63128   2.79619   0.04263   1.00000  
 76  0.3278  18188.577947  x:  0.00650   0.00111   0.01244   0.01916   0.01851   0.01660   0.02609   0.02153   0.03029   0.01545   0.01623   0.02833   0.00064   0.00357   0.00307   0.02581   0.01213   0.00285   0.00470   0.00295   0.00460   0.00927   0.01329   0.00807   0.02762   0.01833   0.01386   0.01702   0.00348   0.00158   0.00247   0.00185   0.00089   0.00519   0.00181   0.00214   0.00917   0.00565   0.00185   0.00346   0.00000   0.00041   0.00202   0.00293   0.00070   0.00168   0.00117   0.00158   0.00327   0.00536   0.00054   0.00084   0.00211   0.01295   0.00422   5.61184   0.46416   0.89777   0.67767   4.90325   3.07506   0.04142   1.00000  
 77  0.2825  18188.314432  x:  0.00674   0.00111   0.01279   0.01875   0.01826   0.01672   0.02545   0.02169   0.03052   0.01543   0.01589   0.02867   0.00063   0.00311   0.00301   0.02543   0.01218   0.00280   0.00474   0.00294   0.00483   0.00935   0.01338   0.00802   0.02772   0.01835   0.01366   0.01686   0.00366   0.00152   0.00247   0.00182   0.00094   0.00493   0.00188   0.00217   0.00926   0.00562   0.00176   0.00349   0.00000   0.00043   0.00213   0.00291   0.00071   0.00158   0.00110   0.00157   0.00329   0.00570   0.00055   0.00088   0.00220   0.01330   0.00409   5.67552   0.45297   0.89936   0.67133   5.11624   3.30463   0.04017   1.00000  
 78  0.2764  18188.161974  x:  0.00681   0.00108   0.01304   0.01860   0.01827   0.01663   0.02553   0.02155   0.03059   0.01549   0.01587   0.02878   0.00068   0.00302   0.00301   0.02540   0.01231   0.00272   0.00464   0.00286   0.00477   0.00925   0.01330   0.00785   0.02739   0.01832   0.01344   0.01682   0.00340   0.00151   0.00248   0.00178   0.00089   0.00467   0.00185   0.00216   0.00918   0.00549   0.00184   0.00345   0.00000   0.00041   0.00199   0.00285   0.00069   0.00148   0.00110   0.00158   0.00322   0.00560   0.00054   0.00090   0.00202   0.01321   0.00398   5.68464   0.44936   0.90084   0.67599   5.26937   3.46789   0.03963   1.00000  
 79  0.1927  18188.055336  x:  0.00678   0.00108   0.01268   0.01865   0.01831   0.01653   0.02598   0.02146   0.03052   0.01567   0.01605   0.02876   0.00071   0.00291   0.00289   0.02569   0.01230   0.00267   0.00468   0.00280   0.00475   0.00911   0.01323   0.00785   0.02722   0.01820   0.01329   0.01690   0.00353   0.00152   0.00249   0.00173   0.00098   0.00449   0.00184   0.00214   0.00905   0.00549   0.00187   0.00346   0.00000   0.00043   0.00207   0.00280   0.00070   0.00138   0.00115   0.00160   0.00324   0.00557   0.00055   0.00092   0.00208   0.01320   0.00395   5.67603   0.45999   0.91138   0.68966   5.40827   3.62199   0.03919   1.00000  
 80  0.2056  18187.955790  x:  0.00656   0.00106   0.01290   0.01884   0.01814   0.01666   0.02582   0.02133   0.03031   0.01597   0.01599   0.02829   0.00072   0.00297   0.00299   0.02563   0.01217   0.00266   0.00467   0.00282   0.00488   0.00893   0.01342   0.00801   0.02757   0.01839   0.01354   0.01706   0.00353   0.00158   0.00249   0.00168   0.00094   0.00448   0.00181   0.00214   0.00900   0.00552   0.00188   0.00345   0.00000   0.00042   0.00208   0.00275   0.00069   0.00130   0.00121   0.00163   0.00322   0.00553   0.00056   0.00096   0.00210   0.01318   0.00395   5.67393   0.46916   0.91477   0.70378   5.54749   3.76737   0.03895   1.00000  
 81  0.0894  18187.868413  x:  0.00663   0.00108   0.01265   0.01885   0.01855   0.01672   0.02585   0.02134   0.03025   0.01617   0.01600   0.02811   0.00069   0.00308   0.00297   0.02563   0.01215   0.00268   0.00471   0.00289   0.00477   0.00881   0.01328   0.00799   0.02768   0.01821   0.01361   0.01683   0.00348   0.00164   0.00243   0.00163   0.00099   0.00453   0.00182   0.00215   0.00917   0.00557   0.00183   0.00344   0.00000   0.00042   0.00203   0.00271   0.00070   0.00123   0.00125   0.00162   0.00321   0.00572   0.00058   0.00102   0.00211   0.01323   0.00393   5.70458   0.46062   0.91456   0.70164   5.74639   3.96500   0.03869   1.00000  
 82  0.1407  18187.766596  x:  0.00672   0.00110   0.01295   0.01874   0.01823   0.01651   0.02555   0.02150   0.03045   0.01610   0.01610   0.02830   0.00064   0.00319   0.00293   0.02576   0.01224   0.00273   0.00472   0.00294   0.00483   0.00878   0.01314   0.00790   0.02740   0.01811   0.01351   0.01677   0.00361   0.00169   0.00243   0.00158   0.00097   0.00465   0.00180   0.00217   0.00922   0.00551   0.00184   0.00347   0.00000   0.00041   0.00209   0.00264   0.00069   0.00121   0.00127   0.00161   0.00325   0.00550   0.00059   0.00112   0.00207   0.01318   0.00394   5.75005   0.45548   0.91954   0.69272   5.99348   4.21060   0.03845   1.00000  
 83  0.1725  18187.672117  x:  0.00675   0.00111   0.01276   0.01864   0.01828   0.01662   0.02562   0.02161   0.03056   0.01590   0.01601   0.02850   0.00068   0.00328   0.00296   0.02557   0.01223   0.00274   0.00462   0.00286   0.00474   0.00872   0.01334   0.00789   0.02732   0.01843   0.01342   0.01716   0.00347   0.00172   0.00246   0.00152   0.00098   0.00477   0.00184   0.00218   0.00909   0.00544   0.00181   0.00351   0.00000   0.00041   0.00213   0.00255   0.00069   0.00122   0.00126   0.00161   0.00327   0.00566   0.00060   0.00121   0.00210   0.01320   0.00397   5.74856   0.45784   0.91276   0.68311   6.20051   4.41853   0.03881   1.00000  
 84  0.1315  18187.585190  x:  0.00660   0.00108   0.01281   0.01883   0.01850   0.01670   0.02593   0.02155   0.03045   0.01565   0.01604   0.02871   0.00074   0.00329   0.00294   0.02549   0.01221   0.00270   0.00474   0.00282   0.00487   0.00874   0.01335   0.00798   0.02736   0.01834   0.01354   0.01684   0.00358   0.00170   0.00245   0.00149   0.00099   0.00485   0.00184   0.00216   0.00903   0.00549   0.00187   0.00342   0.00000   0.00041   0.00208   0.00247   0.00069   0.00128   0.00121   0.00160   0.00327   0.00561   0.00059   0.00131   0.00210   0.01313   0.00396   5.71072   0.45466   0.89734   0.67376   6.40088   4.62145   0.03914   1.00000  
 85  0.1234  18187.516582  x:  0.00663   0.00108   0.01279   0.01884   0.01797   0.01657   0.02576   0.02142   0.03044   0.01567   0.01603   0.02857   0.00074   0.00319   0.00298   0.02558   0.01221   0.00266   0.00467   0.00283   0.00474   0.00879   0.01321   0.00795   0.02761   0.01810   0.01356   0.01677   0.00351   0.00165   0.00242   0.00149   0.00104   0.00486   0.00180   0.00214   0.00912   0.00555   0.00188   0.00343   0.00000   0.00042   0.00206   0.00247   0.00069   0.00132   0.00115   0.00160   0.00321   0.00565   0.00058   0.00140   0.00213   0.01323   0.00394   5.67778   0.45675   0.89768   0.67408   6.58827   4.81094   0.03852   1.00000  
 86  0.1313  18187.456946  x:  0.00670   0.00107   0.01285   0.01877   0.01848   0.01655   0.02565   0.02144   0.03041   0.01584   0.01597   0.02849   0.00071   0.00309   0.00298   0.02580   0.01227   0.00268   0.00463   0.00286   0.00483   0.00888   0.01322   0.00788   0.02757   0.01827   0.01356   0.01701   0.00351   0.00159   0.00246   0.00152   0.00099   0.00482   0.00180   0.00213   0.00919   0.00560   0.00187   0.00348   0.00000   0.00042   0.00209   0.00249   0.00068   0.00137   0.00112   0.00160   0.00320   0.00560   0.00056   0.00149   0.00212   0.01328   0.00396   5.64496   0.46031   0.90517   0.68420   6.82414   5.05098   0.03806   1.00000  
 87  0.2119  18187.420813  x:  0.00673   0.00108   0.01279   0.01870   0.01825   0.01666   0.02589   0.02144   0.03045   0.01600   0.01601   0.02842   0.00067   0.00315   0.00292   0.02565   0.01227   0.00271   0.00470   0.00287   0.00476   0.00888   0.01337   0.00790   0.02749   0.01841   0.01350   0.01698   0.00356   0.00158   0.00247   0.00155   0.00098   0.00478   0.00182   0.00215   0.00916   0.00558   0.00188   0.00347   0.00000   0.00042   0.00206   0.00253   0.00068   0.00139   0.00114   0.00160   0.00324   0.00559   0.00055   0.00156   0.00207   0.01321   0.00401   5.63025   0.46211   0.91194   0.69591   7.02340   5.24350   0.03872   1.00000  
 88  0.1689  18187.402496  x:  0.00667   0.00108   0.01274   0.01877   0.01828   0.01661   0.02579   0.02152   0.03041   0.01604   0.01601   0.02847   0.00066   0.00314   0.00298   0.02558   0.01221   0.00272   0.00464   0.00286   0.00483   0.00888   0.01328   0.00794   0.02737   0.01822   0.01349   0.01685   0.00351   0.00158   0.00247   0.00159   0.00098   0.00476   0.00183   0.00216   0.00909   0.00553   0.00185   0.00345   0.00000   0.00042   0.00207   0.00257   0.00069   0.00138   0.00116   0.00160   0.00325   0.00558   0.00056   0.00160   0.00209   0.01317   0.00405   5.62915   0.46416   0.91257   0.69908   7.16123   5.37424   0.03923   1.00000  
 89  0.1200  18187.389550  x:  0.00667   0.00107   0.01288   0.01878   0.01833   0.01660   0.02575   0.02154   0.03043   0.01597   0.01603   0.02855   0.00069   0.00313   0.00296   0.02558   0.01223   0.00270   0.00470   0.00287   0.00477   0.00890   0.01325   0.00795   0.02744   0.01823   0.01350   0.01694   0.00352   0.00160   0.00243   0.00163   0.00097   0.00471   0.00181   0.00217   0.00909   0.00552   0.00184   0.00342   0.00000   0.00042   0.00207   0.00262   0.00069   0.00136   0.00118   0.00160   0.00324   0.00562   0.00056   0.00164   0.00210   0.01320   0.00404   5.62804   0.46450   0.91118   0.69784   7.29246   5.50157   0.03935   1.00000  
 90  0.0956  18187.384308  x:  0.00668   0.00108   0.01278   0.01878   0.01828   0.01660   0.02577   0.02152   0.03044   0.01591   0.01600   0.02857   0.00070   0.00314   0.00296   0.02563   0.01224   0.00270   0.00468   0.00287   0.00480   0.00889   0.01327   0.00794   0.02748   0.01831   0.01352   0.01693   0.00352   0.00161   0.00246   0.00165   0.00096   0.00469   0.00181   0.00216   0.00911   0.00553   0.00184   0.00345   0.00000   0.00042   0.00208   0.00264   0.00069   0.00134   0.00120   0.00161   0.00322   0.00559   0.00056   0.00165   0.00209   0.01321   0.00403   5.62487   0.46258   0.90763   0.69455   7.34066   5.55028   0.03923   1.00000  
 91  0.0550  18187.382569  x:  0.00667   0.00108   0.01279   0.01875   0.01830   0.01663   0.02578   0.02148   0.03045   0.01589   0.01600   0.02856   0.00070   0.00315   0.00296   0.02564   0.01225   0.00270   0.00467   0.00287   0.00479   0.00888   0.01330   0.00793   0.02748   0.01827   0.01351   0.01690   0.00352   0.00162   0.00245   0.00166   0.00097   0.00470   0.00181   0.00216   0.00913   0.00555   0.00185   0.00345   0.00000   0.00042   0.00208   0.00266   0.00069   0.00133   0.00120   0.00161   0.00323   0.00559   0.00057   0.00165   0.00209   0.01320   0.00402   5.62027   0.46306   0.90665   0.69274   7.34473   5.55486   0.03927   1.00000  
 92  0.0050  18187.381683  x:  0.00667   0.00108   0.01279   0.01876   0.01829   0.01660   0.02577   0.02148   0.03043   0.01589   0.01603   0.02855   0.00069   0.00314   0.00296   0.02562   0.01224   0.00270   0.00467   0.00287   0.00480   0.00889   0.01329   0.00794   0.02745   0.01828   0.01351   0.01692   0.00352   0.00162   0.00245   0.00167   0.00096   0.00471   0.00181   0.00216   0.00913   0.00555   0.00186   0.00345   0.00000   0.00042   0.00207   0.00267   0.00069   0.00132   0.00120   0.00161   0.00324   0.00560   0.00057   0.00165   0.00210   0.01320   0.00401   5.61828   0.46234   0.90526   0.69092   7.34397   5.55599   0.03918   1.00000  
 93  0.0019  18187.381516  x:  0.00667   0.00108   0.01280   0.01876   0.01830   0.01661   0.02577   0.02149   0.03043   0.01589   0.01600   0.02855   0.00069   0.00315   0.00297   0.02562   0.01224   0.00270   0.00467   0.00286   0.00479   0.00889   0.01328   0.00794   0.02746   0.01828   0.01351   0.01692   0.00352   0.00162   0.00245   0.00167   0.00096   0.00471   0.00181   0.00216   0.00912   0.00554   0.00186   0.00345   0.00000   0.00042   0.00207   0.00267   0.00069   0.00132   0.00120   0.00161   0.00324   0.00560   0.00057   0.00165   0.00209   0.01320   0.00401   5.61832   0.46241   0.90550   0.69111   7.34578   5.55819   0.03915   1.00000  
 94  0.0024  18187.381343  x:  0.00668   0.00108   0.01280   0.01876   0.01830   0.01662   0.02578   0.02150   0.03044   0.01589   0.01600   0.02855   0.00069   0.00315   0.00296   0.02563   0.01224   0.00270   0.00467   0.00286   0.00479   0.00888   0.01328   0.00793   0.02747   0.01828   0.01351   0.01691   0.00352   0.00162   0.00245   0.00167   0.00096   0.00472   0.00181   0.00216   0.00911   0.00553   0.00185   0.00345   0.00000   0.00042   0.00207   0.00268   0.00069   0.00132   0.00119   0.00161   0.00324   0.00560   0.00057   0.00165   0.00209   0.01320   0.00401   5.61817   0.46269   0.90598   0.69168   7.35192   5.56485   0.03911   1.00000  
 95  0.0049  18187.381278  x:  0.00667   0.00108   0.01280   0.01876   0.01830   0.01661   0.02578   0.02150   0.03043   0.01589   0.01601   0.02856   0.00069   0.00315   0.00296   0.02563   0.01224   0.00270   0.00468   0.00287   0.00479   0.00889   0.01329   0.00793   0.02746   0.01828   0.01351   0.01691   0.00352   0.00162   0.00245   0.00166   0.00096   0.00473   0.00181   0.00216   0.00912   0.00554   0.00185   0.00345   0.00000   0.00042   0.00207   0.00268   0.00069   0.00132   0.00119   0.00161   0.00324   0.00560   0.00057   0.00165   0.00209   0.01320   0.00401   5.61867   0.46261   0.90596   0.69179   7.35668   5.56979   0.03910   1.00000  
 96  0.0041  18187.381190  x:  0.00668   0.00108   0.01280   0.01876   0.01830   0.01661   0.02578   0.02149   0.03043   0.01589   0.01601   0.02856   0.00069   0.00315   0.00296   0.02562   0.01224   0.00270   0.00468   0.00287   0.00480   0.00889   0.01329   0.00793   0.02745   0.01828   0.01351   0.01692   0.00352   0.00161   0.00245   0.00166   0.00096   0.00473   0.00181   0.00216   0.00912   0.00554   0.00185   0.00345   0.00000   0.00042   0.00207   0.00269   0.00069   0.00131   0.00119   0.00161   0.00324   0.00560   0.00057   0.00165   0.00209   0.01320   0.00401   5.61923   0.46267   0.90657   0.69234   7.36874   5.58174   0.03911   1.00000  
 97  0.0073  18187.381098  x:  0.00667   0.00108   0.01280   0.01876   0.01830   0.01662   0.02578   0.02149   0.03044   0.01589   0.01601   0.02856   0.00069   0.00315   0.00297   0.02562   0.01224   0.00270   0.00468   0.00286   0.00479   0.00889   0.01328   0.00793   0.02746   0.01828   0.01351   0.01691   0.00352   0.00161   0.00245   0.00166   0.00096   0.00473   0.00181   0.00216   0.00912   0.00554   0.00185   0.00345   0.00000   0.00042   0.00208   0.00269   0.00069   0.00132   0.00119   0.00161   0.00324   0.00560   0.00057   0.00165   0.00209   0.01321   0.00401   5.61937   0.46281   0.90685   0.69266   7.38577   5.59901   0.03909   1.00000  
 98  0.0073  18187.380917  x:  0.00668   0.00108   0.01280   0.01876   0.01830   0.01661   0.02578   0.02149   0.03044   0.01588   0.01600   0.02857   0.00069   0.00315   0.00297   0.02562   0.01224   0.00270   0.00467   0.00286   0.00479   0.00888   0.01328   0.00793   0.02747   0.01828   0.01351   0.01692   0.00352   0.00161   0.00245   0.00165   0.00097   0.00472   0.00181   0.00216   0.00911   0.00554   0.00186   0.00345   0.00000   0.00042   0.00207   0.00269   0.00069   0.00132   0.00119   0.00161   0.00324   0.00560   0.00057   0.00165   0.00209   0.01321   0.00402   5.61927   0.46276   0.90672   0.69257   7.44862   5.66209   0.03908   1.00000  
 99  0.0270  18187.380638  x:  0.00667   0.00108   0.01279   0.01876   0.01829   0.01661   0.02578   0.02149   0.03043   0.01588   0.01601   0.02856   0.00069   0.00315   0.00296   0.02563   0.01224   0.00270   0.00468   0.00287   0.00480   0.00888   0.01329   0.00793   0.02746   0.01827   0.01351   0.01692   0.00352   0.00162   0.00245   0.00164   0.00096   0.00472   0.00182   0.00216   0.00912   0.00554   0.00186   0.00345   0.00000   0.00042   0.00207   0.00270   0.00069   0.00132   0.00120   0.00160   0.00324   0.00560   0.00057   0.00165   0.00209   0.01320   0.00401   5.61944   0.46270   0.90594   0.69176   7.52708   5.74053   0.03909   1.00000  
100  0.0367  18187.380431  x:  0.00668   0.00108   0.01280   0.01876   0.01830   0.01661   0.02578   0.02150   0.03043   0.01589   0.01602   0.02855   0.00069   0.00315   0.00296   0.02563   0.01224   0.00270   0.00467   0.00287   0.00479   0.00888   0.01329   0.00793   0.02746   0.01829   0.01351   0.01691   0.00352   0.00162   0.00245   0.00164   0.00097   0.00472   0.00181   0.00216   0.00911   0.00554   0.00185   0.00345   0.00000   0.00042   0.00207   0.00270   0.00069   0.00132   0.00119   0.00161   0.00324   0.00559   0.00057   0.00165   0.00209   0.01320   0.00401   5.61849   0.46240   0.90530   0.69110   7.54904   5.76231   0.03910   1.00000  
101  0.0127  18187.379706  x:  0.00669   0.00108   0.01280   0.01876   0.01830   0.01661   0.02579   0.02151   0.03044   0.01593   0.01599   0.02854   0.00069   0.00315   0.00297   0.02562   0.01224   0.00270   0.00468   0.00287   0.00479   0.00888   0.01329   0.00793   0.02747   0.01829   0.01350   0.01691   0.00352   0.00162   0.00245   0.00165   0.00097   0.00472   0.00181   0.00216   0.00911   0.00554   0.00184   0.00344   0.00000   0.00042   0.00208   0.00269   0.00069   0.00132   0.00119   0.00161   0.00324   0.00558   0.00057   0.00165   0.00209   0.01320   0.00401   5.61648   0.46198   0.90422   0.68919   7.80245   6.01472   0.03916   1.00000  
102  0.0846  18187.377770  x:  0.00667   0.00108   0.01280   0.01876   0.01829   0.01662   0.02578   0.02146   0.03043   0.01592   0.01602   0.02858   0.00069   0.00314   0.00296   0.02563   0.01223   0.00270   0.00468   0.00286   0.00479   0.00887   0.01328   0.00795   0.02744   0.01827   0.01351   0.01691   0.00352   0.00163   0.00246   0.00164   0.00096   0.00471   0.00182   0.00216   0.00913   0.00555   0.00184   0.00346   0.00000   0.00042   0.00208   0.00270   0.00069   0.00132   0.00118   0.00161   0.00324   0.00560   0.00056   0.00164   0.00209   0.01319   0.00401   5.61736   0.46192   0.90477   0.68949   8.59939   6.81011   0.03926   1.00000  
103  0.2257  18187.376413  x:  0.00668   0.00108   0.01279   0.01877   0.01830   0.01660   0.02578   0.02147   0.03044   0.01590   0.01599   0.02858   0.00069   0.00315   0.00296   0.02563   0.01224   0.00270   0.00468   0.00286   0.00480   0.00887   0.01329   0.00794   0.02747   0.01827   0.01351   0.01693   0.00352   0.00162   0.00245   0.00166   0.00097   0.00472   0.00181   0.00216   0.00911   0.00554   0.00185   0.00345   0.00000   0.00042   0.00207   0.00269   0.00069   0.00132   0.00118   0.00160   0.00324   0.00559   0.00057   0.00164   0.00209   0.01320   0.00401   5.61640   0.46268   0.90606   0.69190   8.93176   7.14284   0.03921   1.00000  
104  0.1860  18187.375492  x:  0.00667   0.00108   0.01280   0.01876   0.01830   0.01662   0.02578   0.02149   0.03042   0.01587   0.01603   0.02857   0.00069   0.00315   0.00297   0.02563   0.01224   0.00270   0.00467   0.00287   0.00479   0.00888   0.01329   0.00793   0.02746   0.01829   0.01351   0.01690   0.00352   0.00162   0.00245   0.00166   0.00096   0.00473   0.00181   0.00216   0.00911   0.00554   0.00186   0.00345   0.00000   0.00042   0.00208   0.00268   0.00069   0.00132   0.00119   0.00161   0.00324   0.00560   0.00057   0.00164   0.00210   0.01321   0.00401   5.61695   0.46302   0.90678   0.69345   9.76147   7.97351   0.03917   1.00000  
105  0.4544  18187.375008  x:  0.00668   0.00108   0.01279   0.01876   0.01829   0.01661   0.02578   0.02150   0.03044   0.01588   0.01600   0.02855   0.00069   0.00315   0.00296   0.02562   0.01224   0.00270   0.00468   0.00287   0.00480   0.00888   0.01329   0.00794   0.02746   0.01827   0.01351   0.01692   0.00352   0.00162   0.00245   0.00166   0.00096   0.00473   0.00181   0.00216   0.00912   0.00554   0.00185   0.00345   0.00000   0.00042   0.00207   0.00269   0.00069   0.00132   0.00119   0.00161   0.00324   0.00560   0.00057   0.00164   0.00209   0.01320   0.00401   5.61733   0.46291   0.90678   0.69268  10.55074   8.76332   0.03915   1.00000  
106  0.4328  18187.374862  x:  0.00668   0.00108   0.01280   0.01876   0.01830   0.01661   0.02578   0.02150   0.03044   0.01589   0.01601   0.02856   0.00069   0.00315   0.00296   0.02563   0.01224   0.00270   0.00467   0.00287   0.00479   0.00889   0.01329   0.00793   0.02746   0.01828   0.01351   0.01691   0.00352   0.00162   0.00245   0.00166   0.00096   0.00473   0.00181   0.00216   0.00912   0.00554   0.00185   0.00345   0.00000   0.00042   0.00207   0.00268   0.00069   0.00132   0.00119   0.00161   0.00324   0.00560   0.00057   0.00164   0.00209   0.01320   0.00401   5.61745   0.46272   0.90633   0.69222  11.13296   9.34594   0.03912   1.00000  
107  0.3993  18187.374730  x:  0.00668   0.00108   0.01280   0.01876   0.01830   0.01661   0.02578   0.02149   0.03044   0.01590   0.01601   0.02857   0.00069   0.00315   0.00296   0.02563   0.01224   0.00270   0.00467   0.00286   0.00480   0.00889   0.01329   0.00793   0.02746   0.01828   0.01351   0.01692   0.00352   0.00161   0.00245   0.00166   0.00096   0.00473   0.00181   0.00216   0.00912   0.00554   0.00185   0.00345   0.00000   0.00042   0.00207   0.00268   0.00069   0.00132   0.00119   0.00160   0.00324   0.00560   0.00057   0.00164   0.00209   0.01320   0.00401   5.61881   0.46257   0.90585   0.69153  12.49747  10.71095   0.03910   1.00000  
108  0.5831  18187.374721  x:  0.00668   0.00108   0.01280   0.01876   0.01830   0.01661   0.02578   0.02149   0.03043   0.01589   0.01601   0.02856   0.00069   0.00315   0.00296   0.02563   0.01224   0.00270   0.00468   0.00286   0.00479   0.00889   0.01329   0.00793   0.02746   0.01828   0.01351   0.01691   0.00352   0.00161   0.00245   0.00166   0.00096   0.00473   0.00181   0.00216   0.00912   0.00554   0.00185   0.00345   0.00000   0.00042   0.00207   0.00268   0.00069   0.00132   0.00119   0.00161   0.00324   0.00560   0.00057   0.00164   0.00209   0.01320   0.00401   5.61852   0.46263   0.90596   0.69169  12.45607  10.66940   0.03911   1.00000  
109  0.0553  18187.374712  x:  0.00668   0.00108   0.01280   0.01876   0.01830   0.01661   0.02578   0.02149   0.03043   0.01589   0.01601   0.02856   0.00069   0.00315   0.00296   0.02562   0.01224   0.00270   0.00467   0.00287   0.00479   0.00889   0.01329   0.00793   0.02746   0.01828   0.01351   0.01691   0.00352   0.00161   0.00245   0.00166   0.00096   0.00473   0.00181   0.00216   0.00912   0.00554   0.00185   0.00345   0.00000   0.00042   0.00207   0.00268   0.00069   0.00132   0.00119   0.00161   0.00324   0.00560   0.00057   0.00164   0.00209   0.01320   0.00401   5.61826   0.46266   0.90607   0.69187  12.65255  10.86566   0.03912   1.00000  
110  0.2443  18187.374701  x:  0.00668   0.00108   0.01280   0.01876   0.01830   0.01661   0.02578   0.02149   0.03043   0.01589   0.01601   0.02856   0.00069   0.00315   0.00296   0.02562   0.01224   0.00270   0.00467   0.00287   0.00479   0.00888   0.01329   0.00793   0.02746   0.01828   0.01351   0.01691   0.00352   0.00162   0.00245   0.00166   0.00096   0.00473   0.00181   0.00216   0.00912   0.00554   0.00185   0.00345   0.00000   0.00042   0.00207   0.00268   0.00069   0.00132   0.00119   0.00161   0.00324   0.00560   0.00057   0.00164   0.00209   0.01320   0.00401   5.61808   0.46272   0.90623   0.69210  13.35199  11.56483   0.03913   1.00000  
111  0.4934  18187.374684  x:  0.00668   0.00108   0.01280   0.01876   0.01830   0.01661   0.02578   0.02149   0.03043   0.01589   0.01601   0.02856   0.00069   0.00315   0.00296   0.02563   0.01224   0.00270   0.00467   0.00286   0.00479   0.00888   0.01329   0.00793   0.02746   0.01828   0.01351   0.01692   0.00352   0.00161   0.00245   0.00166   0.00096   0.00473   0.00181   0.00216   0.00912   0.00554   0.00185   0.00345   0.00000   0.00042   0.00207   0.00268   0.00069   0.00132   0.00119   0.00161   0.00324   0.00560   0.00057   0.00164   0.00209   0.01320   0.00401   5.61860   0.46263   0.90608   0.69185  14.79988  13.01287   0.03912   1.00000  
112  0.5481  18187.374683  x:  0.00668   0.00108   0.01280   0.01876   0.01830   0.01661   0.02578   0.02149   0.03043   0.01589   0.01601   0.02856   0.00069   0.00315   0.00296   0.02563   0.01224   0.00270   0.00467   0.00286   0.00479   0.00888   0.01329   0.00793   0.02746   0.01828   0.01351   0.01691   0.00352   0.00161   0.00245   0.00166   0.00096   0.00473   0.00181   0.00216   0.00912   0.00554   0.00185   0.00345   0.00000   0.00042   0.00207   0.00268   0.00069   0.00132   0.00119   0.00161   0.00324   0.00560   0.00057   0.00164   0.00209   0.01320   0.00401   5.61852   0.46264   0.90611   0.69189  14.82889  13.04189   0.03912   1.00000  
113  0.0657  18187.374683  x:  0.00668   0.00108   0.01280   0.01876   0.01830   0.01661   0.02578   0.02149   0.03043   0.01589   0.01601   0.02856   0.00069   0.00315   0.00296   0.02563   0.01224   0.00270   0.00467   0.00287   0.00479   0.00888   0.01329   0.00793   0.02746   0.01828   0.01351   0.01691   0.00352   0.00161   0.00245   0.00166   0.00096   0.00473   0.00181   0.00216   0.00912   0.00554   0.00185   0.00345   0.00000   0.00042   0.00207   0.00268   0.00069   0.00132   0.00119   0.00161   0.00324   0.00560   0.00057   0.00164   0.00209   0.01320   0.00401   5.61847   0.46267   0.90616   0.69196  14.95480  13.16782   0.03912   1.00000  
114  0.4050  18187.374682  x:  0.00668   0.00108   0.01280   0.01876   0.01830   0.01661   0.02578   0.02149   0.03043   0.01589   0.01601   0.02856   0.00069   0.00315   0.00296   0.02563   0.01224   0.00270   0.00467   0.00287   0.00479   0.00888   0.01329   0.00793   0.02746   0.01828   0.01351   0.01691   0.00352   0.00162   0.00245   0.00166   0.00096   0.00473   0.00181   0.00216   0.00912   0.00554   0.00185   0.00345   0.00000   0.00042   0.00207   0.00268   0.00069   0.00132   0.00119   0.00161   0.00324   0.00560   0.00057   0.00164   0.00209   0.01320   0.00401   5.61842   0.46268   0.90617   0.69198  15.32589  13.53895   0.03912   1.00000  
115  0.7647  18187.374681  x:  0.00668   0.00108   0.01280   0.01876   0.01830   0.01661   0.02578   0.02149   0.03043   0.01589   0.01601   0.02856   0.00069   0.00315   0.00296   0.02562   0.01224   0.00270   0.00467   0.00287   0.00479   0.00888   0.01329   0.00793   0.02746   0.01828   0.01351   0.01691   0.00352   0.00162   0.00245   0.00166   0.00096   0.00473   0.00181   0.00216   0.00912   0.00554   0.00185   0.00345   0.00000   0.00042   0.00207   0.00268   0.00069   0.00132   0.00119   0.00161   0.00324   0.00560   0.00057   0.00164   0.00209   0.01320   0.00401   5.61832   0.46270   0.90621   0.69204  16.46040  14.67355   0.03911   1.00000  
116  0.6518  18187.374674  x:  0.00668   0.00108   0.01280   0.01876   0.01830   0.01661   0.02578   0.02149   0.03043   0.01589   0.01601   0.02856   0.00069   0.00315   0.00296   0.02563   0.01224   0.00270   0.00467   0.00286   0.00479   0.00888   0.01329   0.00793   0.02746   0.01828   0.01351   0.01691   0.00352   0.00162   0.00245   0.00166   0.00096   0.00473   0.00181   0.00216   0.00912   0.00554   0.00185   0.00345   0.00000   0.00042   0.00207   0.00268   0.00069   0.00132   0.00119   0.00161   0.00324   0.00560   0.00057   0.00164   0.00209   0.01320   0.00401   5.61872   0.46263   0.90619   0.69191  16.94053  15.15354   0.03912   1.00000  
117  0.1093  18187.374674  x:  0.00668   0.00108   0.01280   0.01876   0.01830   0.01661   0.02578   0.02149   0.03043   0.01589   0.01601   0.02856   0.00069   0.00315   0.00296   0.02563   0.01224   0.00270   0.00467   0.00286   0.00479   0.00888   0.01329   0.00793   0.02746   0.01828   0.01351   0.01691   0.00352   0.00162   0.00245   0.00166   0.00096   0.00473   0.00181   0.00216   0.00912   0.00554   0.00185   0.00345   0.00000   0.00042   0.00207   0.00268   0.00069   0.00132   0.00119   0.00161   0.00324   0.00560   0.00057   0.00164   0.00209   0.01320   0.00401   5.61872   0.46263   0.90619   0.69191  16.94053  15.15354   0.03912   1.00000  
118  0.2588  18187.374674  x:  0.00668   0.00108   0.01280   0.01876   0.01830   0.01661   0.02578   0.02149   0.03043   0.01589   0.01601   0.02856   0.00069   0.00315   0.00296   0.02563   0.01224   0.00270   0.00467   0.00286   0.00479   0.00888   0.01329   0.00793   0.02746   0.01828   0.01351   0.01691   0.00352   0.00162   0.00245   0.00166   0.00096   0.00473   0.00181   0.00216   0.00912   0.00554   0.00185   0.00345   0.00000   0.00042   0.00207   0.00268   0.00069   0.00132   0.00119   0.00161   0.00324   0.00560   0.00057   0.00164   0.00209   0.01320   0.00401   5.61866   0.46264   0.90619   0.69193  16.98156  15.19459   0.03912   1.00000  
119 827.6033  18187.374673  x:  0.00668   0.00108   0.01280   0.01876   0.01830   0.01661   0.02578   0.02149   0.03043   0.01589   0.01601   0.02856   0.00069   0.00315   0.00296   0.02563   0.01224   0.00270   0.00467   0.00286   0.00479   0.00888   0.01329   0.00793   0.02746   0.01828   0.01351   0.01691   0.00352   0.00162   0.00245   0.00166   0.00096   0.00473   0.00181   0.00216   0.00912   0.00554   0.00185   0.00345   0.00000   0.00042   0.00207   0.00268   0.00069   0.00132   0.00119   0.00161   0.00324   0.00560   0.00057   0.00164   0.00209   0.01320   0.00401   5.61866   0.46264   0.90619   0.69193  16.98152  15.19455   0.03912   1.00000  
120  0.2703  18187.374673  x:  0.00668   0.00108   0.01280   0.01876   0.01830   0.01661   0.02578   0.02149   0.03043   0.01589   0.01601   0.02856   0.00069   0.00315   0.00296   0.02563   0.01224   0.00270   0.00467   0.00286   0.00479   0.00888   0.01329   0.00793   0.02746   0.01828   0.01351   0.01691   0.00352   0.00162   0.00245   0.00166   0.00096   0.00473   0.00181   0.00216   0.00912   0.00554   0.00185   0.00345   0.00000   0.00042   0.00207   0.00268   0.00069   0.00132   0.00119   0.00161   0.00324   0.00560   0.00057   0.00164   0.00209   0.01320   0.00401   5.61864   0.46265   0.90619   0.69193  16.98141  15.19444   0.03912   1.00000  
121  0.1606  18187.374673  x:  0.00668   0.00108   0.01280   0.01876   0.01830   0.01661   0.02578   0.02149   0.03043   0.01589   0.01601   0.02856   0.00069   0.00315   0.00296   0.02563   0.01224   0.00270   0.00467   0.00286   0.00479   0.00888   0.01329   0.00793   0.02746   0.01828   0.01351   0.01691   0.00352   0.00162   0.00245   0.00166   0.00096   0.00473   0.00181   0.00216   0.00912   0.00554   0.00185   0.00345   0.00000   0.00042   0.00207   0.00268   0.00069   0.00132   0.00119   0.00161   0.00324   0.00560   0.00057   0.00164   0.00209   0.01320   0.00401   5.61864   0.46265   0.90619   0.69193  16.98141  15.19444   0.03912   1.00000  
122  0.0006  18187.374673  x:  0.00668   0.00108   0.01280   0.01876   0.01830   0.01661   0.02578   0.02149   0.03043   0.01589   0.01601   0.02856   0.00069   0.00315   0.00296   0.02563   0.01224   0.00270   0.00467   0.00286   0.00479   0.00888   0.01329   0.00793   0.02746   0.01828   0.01351   0.01691   0.00352   0.00162   0.00245   0.00166   0.00096   0.00473   0.00181   0.00216   0.00912   0.00554   0.00185   0.00345   0.00000   0.00042   0.00207   0.00268   0.00069   0.00132   0.00119   0.00161   0.00324   0.00560   0.00057   0.00164   0.00209   0.01320   0.00401   5.61864   0.46265   0.90619   0.69193  16.98142  15.19445   0.03912   1.00000  
123  0.0028  18187.374673  x:  0.00668   0.00108   0.01280   0.01876   0.01830   0.01661   0.02578   0.02149   0.03043   0.01589   0.01601   0.02856   0.00069   0.00315   0.00296   0.02563   0.01224   0.00270   0.00467   0.00286   0.00479   0.00888   0.01329   0.00793   0.02746   0.01828   0.01351   0.01691   0.00352   0.00162   0.00245   0.00166   0.00096   0.00473   0.00181   0.00216   0.00912   0.00554   0.00185   0.00345   0.00000   0.00042   0.00207   0.00268   0.00069   0.00132   0.00119   0.00161   0.00324   0.00560   0.00057   0.00164   0.00209   0.01320   0.00401   5.61864   0.46265   0.90619   0.69193  16.98142  15.19445   0.03912   1.00000  
124  0.0159  18187.374673  x:  0.00668   0.00108   0.01280   0.01876   0.01830   0.01661   0.02578   0.02149   0.03043   0.01589   0.01601   0.02856   0.00069   0.00315   0.00296   0.02563   0.01224   0.00270   0.00467   0.00286   0.00479   0.00888   0.01329   0.00793   0.02746   0.01828   0.01351   0.01691   0.00352   0.00162   0.00245   0.00166   0.00096   0.00473   0.00181   0.00216   0.00912   0.00554   0.00185   0.00345   0.00000   0.00042   0.00207   0.00268   0.00069   0.00132   0.00119   0.00161   0.00324   0.00560   0.00057   0.00164   0.00209   0.01320   0.00401   5.61864   0.46265   0.90619   0.69193  16.98142  15.19445   0.03912   1.00000  
check convergence!
