

TREE # 1

  0  0.0000   4204.055053  x:  0.00734   0.00232   0.00391   0.00921   0.00184   0.00561   0.00893   0.02212   0.00523   0.00213   0.00458   0.00080   0.00147   0.00500   0.00244   0.02351   0.01269   0.00321   0.00173   0.00195   0.00577   0.00525   0.00262   0.00257   0.00186   0.00181   0.00216   0.00617   0.00199   0.00000   0.00041   0.00048   0.00118   0.59592   0.44748   0.57988   0.47127   0.42962   0.51101  
  1 99.0000   4204.051511  x:  0.00734   0.00232   0.00391   0.00921   0.00184   0.00561   0.00893   0.02212   0.00523   0.00213   0.00458   0.00079   0.00147   0.00500   0.00244   0.02351   0.01269   0.00321   0.00173   0.00195   0.00577   0.00525   0.00262   0.00257   0.00186   0.00181   0.00215   0.00617   0.00199   0.00000   0.00041   0.00047   0.00118   0.59592   0.44748   0.57988   0.47127   0.42962   0.51101  
  2 1935.3082   4202.996852  x:  0.00736   0.00215   0.00389   0.00918   0.00183   0.00557   0.00888   0.02211   0.00520   0.00207   0.00452   0.00031   0.00152   0.00493   0.00244   0.02349   0.01270   0.00316   0.00175   0.00192   0.00572   0.00522   0.00262   0.00257   0.00175   0.00193   0.00209   0.00611   0.00196   0.00000   0.00020   0.00000   0.00117   0.59598   0.44749   0.57989   0.47127   0.42956   0.51100  
  3 3537.9609   4202.587734  x:  0.00738   0.00205   0.00388   0.00916   0.00183   0.00555   0.00884   0.02210   0.00519   0.00206   0.00449   0.00000   0.00154   0.00489   0.00244   0.02348   0.01270   0.00314   0.00176   0.00192   0.00569   0.00521   0.00262   0.00257   0.00174   0.00202   0.00207   0.00607   0.00195   0.00000   0.00005   0.00000   0.00117   0.59602   0.44749   0.57989   0.47127   0.42951   0.51099  
  4 20227.8381   4202.538690  x:  0.00739   0.00201   0.00388   0.00915   0.00183   0.00554   0.00883   0.02210   0.00519   0.00205   0.00448   0.00000   0.00154   0.00487   0.00244   0.02348   0.01270   0.00314   0.00176   0.00192   0.00568   0.00521   0.00262   0.00257   0.00175   0.00206   0.00206   0.00606   0.00195   0.00000   0.00000   0.00000   0.00117   0.59604   0.44749   0.57989   0.47127   0.42950   0.51099  
  5 18719.3222   4202.322124  x:  0.00779   0.00153   0.00390   0.00906   0.00169   0.00551   0.00864   0.02202   0.00519   0.00214   0.00448   0.00000   0.00100   0.00480   0.00240   0.02340   0.01274   0.00320   0.00140   0.00184   0.00562   0.00520   0.00256   0.00251   0.00162   0.00243   0.00216   0.00595   0.00192   0.00000   0.00000   0.00000   0.00112   0.59650   0.44752   0.57992   0.47127   0.42899   0.51089  
  6 368.1628   4202.074652  x:  0.00877   0.00136   0.00395   0.00890   0.00136   0.00555   0.00832   0.02184   0.00524   0.00227   0.00462   0.00000   0.00147   0.00485   0.00234   0.02319   0.01282   0.00335   0.00099   0.00159   0.00564   0.00526   0.00245   0.00240   0.00170   0.00253   0.00233   0.00587   0.00176   0.00000   0.00000   0.00000   0.00121   0.59779   0.44760   0.57999   0.47129   0.42755   0.51062  
  7 363.4422   4201.442354  x:  0.01144   0.00148   0.00398   0.00846   0.00115   0.00559   0.00737   0.02125   0.00531   0.00214   0.00483   0.00000   0.00138   0.00487   0.00232   0.02254   0.01304   0.00347   0.00210   0.00118   0.00562   0.00533   0.00231   0.00230   0.00174   0.00228   0.00228   0.00559   0.00130   0.00000   0.00000   0.00000   0.00109   0.60245   0.44791   0.58025   0.47135   0.42239   0.50965  
  8 941.0698   4200.323675  x:  0.01455   0.00173   0.00383   0.00798   0.00230   0.00549   0.00639   0.02034   0.00524   0.00144   0.00468   0.00000   0.00130   0.00464   0.00249   0.02151   0.01332   0.00307   0.00179   0.00230   0.00545   0.00525   0.00261   0.00259   0.00168   0.00148   0.00154   0.00526   0.00192   0.00000   0.00000   0.00000   0.00141   0.61129   0.44848   0.58075   0.47146   0.41259   0.50780  
  9 1752.2074   4198.179801  x:  0.01544   0.00216   0.00362   0.00817   0.00231   0.00527   0.00706   0.01965   0.00497   0.00175   0.00399   0.00000   0.00139   0.00431   0.00254   0.02069   0.01340   0.00235   0.00155   0.00228   0.00528   0.00499   0.00285   0.00278   0.00173   0.00157   0.00144   0.00544   0.00207   0.00000   0.00000   0.00000   0.00033   0.62364   0.44929   0.58145   0.47161   0.39882   0.50521  
 10 2077.0902   4192.891693  x:  0.01721   0.00326   0.00309   0.00887   0.00198   0.00468   0.00930   0.01785   0.00425   0.00273   0.00213   0.00000   0.00119   0.00344   0.00261   0.01852   0.01356   0.00060   0.00140   0.00178   0.00482   0.00425   0.00339   0.00316   0.00166   0.00203   0.00145   0.00604   0.00221   0.00000   0.00000   0.00000   0.00095   0.65935   0.45162   0.58347   0.47206   0.35900   0.49771  
 11 30191.8450   4187.322132  x:  0.01834   0.00385   0.00259   0.00962   0.00183   0.00395   0.01171   0.01599   0.00349   0.00299   0.00064   0.00000   0.00109   0.00239   0.00270   0.01625   0.01369   0.00202   0.00133   0.00147   0.00421   0.00347   0.00388   0.00350   0.00161   0.00219   0.00098   0.00647   0.00226   0.00000   0.00000   0.00000   0.00124   0.70107   0.45435   0.58584   0.47258   0.31244   0.48894  
 12 42475.3523   4177.596222  x:  0.01946   0.00414   0.00195   0.01085   0.00166   0.00273   0.01573   0.01303   0.00238   0.00285   0.00234   0.00000   0.00101   0.00083   0.00283   0.01263   0.01388   0.00294   0.00131   0.00110   0.00311   0.00234   0.00457   0.00400   0.00158   0.00245   0.00017   0.00696   0.00219   0.00000   0.00000   0.00000   0.00154   0.77423   0.45913   0.58998   0.47349   0.23074   0.47357  
 13 87035.2241   4168.078117  x:  0.02026   0.00344   0.00141   0.01209   0.00181   0.00129   0.02023   0.00952   0.00139   0.00108   0.00340   0.00000   0.00109   0.00060   0.00303   0.00836   0.01415   0.00360   0.00149   0.00106   0.00163   0.00134   0.00532   0.00457   0.00157   0.00190   0.00219   0.00692   0.00178   0.00000   0.00000   0.00000   0.00168   0.86959   0.46536   0.59539   0.47469   0.12420   0.45352  
 14 158043.7683   4158.427505  x:  0.02063   0.00265   0.00150   0.01283   0.00184   0.00132   0.02311   0.00759   0.00159   0.00014   0.00364   0.00000   0.00116   0.00189   0.00311   0.00610   0.01432   0.00379   0.00166   0.00106   0.00136   0.00157   0.00571   0.00485   0.00162   0.00181   0.00197   0.00680   0.00147   0.00000   0.00000   0.00000   0.00174   0.93367   0.46955   0.59902   0.47549   0.05257   0.44005  
 15 172345.2834   4155.123622  x:  0.02067   0.00207   0.00157   0.01298   0.00200   0.00139   0.02395   0.00702   0.00172   0.00054   0.00370   0.00000   0.00123   0.00198   0.00317   0.00551   0.01440   0.00384   0.00180   0.00120   0.00135   0.00171   0.00582   0.00495   0.00162   0.00135   0.00198   0.00653   0.00126   0.00000   0.00000   0.00000   0.00176   0.95895   0.47120   0.60045   0.47581   0.02430   0.43473  
 16 171237.8214   4154.069749  x:  0.02078   0.00204   0.00164   0.01301   0.00200   0.00158   0.02418   0.00709   0.00179   0.00032   0.00369   0.00000   0.00124   0.00161   0.00315   0.00574   0.01442   0.00383   0.00181   0.00120   0.00165   0.00177   0.00581   0.00493   0.00162   0.00135   0.00207   0.00651   0.00128   0.00000   0.00000   0.00000   0.00175   0.96655   0.47170   0.60088   0.47591   0.01585   0.43314  
 17 31159.2658   4153.906578  x:  0.02087   0.00214   0.00161   0.01299   0.00198   0.00142   0.02415   0.00732   0.00174   0.00033   0.00368   0.00000   0.00123   0.00169   0.00313   0.00605   0.01442   0.00383   0.00180   0.00118   0.00138   0.00172   0.00576   0.00489   0.00162   0.00139   0.00204   0.00652   0.00135   0.00000   0.00000   0.00000   0.00175   0.96794   0.47179   0.60095   0.47593   0.01452   0.43284  
 18 1822.1305   4153.862624  x:  0.02085   0.00217   0.00151   0.01294   0.00199   0.00138   0.02407   0.00747   0.00163   0.00034   0.00369   0.00000   0.00122   0.00177   0.00313   0.00602   0.01441   0.00383   0.00179   0.00118   0.00148   0.00161   0.00572   0.00486   0.00162   0.00142   0.00202   0.00651   0.00134   0.00000   0.00000   0.00000   0.00175   0.96853   0.47182   0.60099   0.47594   0.01435   0.43271  
 19 342.6796   4153.662351  x:  0.02065   0.00241   0.00136   0.01274   0.00202   0.00158   0.02370   0.00803   0.00165   0.00033   0.00367   0.00000   0.00120   0.00171   0.00311   0.00557   0.01436   0.00382   0.00172   0.00117   0.00133   0.00164   0.00548   0.00468   0.00161   0.00158   0.00203   0.00653   0.00133   0.00000   0.00000   0.00000   0.00175   0.97182   0.47204   0.60116   0.47600   0.01411   0.43200  
 20 647.3107   4153.365432  x:  0.02036   0.00271   0.00164   0.01249   0.00205   0.00122   0.02320   0.00837   0.00178   0.00033   0.00363   0.00000   0.00116   0.00164   0.00311   0.00519   0.01430   0.00379   0.00163   0.00116   0.00144   0.00176   0.00518   0.00448   0.00159   0.00178   0.00201   0.00661   0.00134   0.00000   0.00000   0.00000   0.00174   0.97680   0.47236   0.60142   0.47609   0.01396   0.43093  
 21 2512.5734   4151.018176  x:  0.01823   0.00422   0.00275   0.01092   0.00210   0.00168   0.01975   0.00729   0.00121   0.00037   0.00350   0.00000   0.00099   0.00168   0.00317   0.00523   0.01378   0.00368   0.00119   0.00106   0.00131   0.00112   0.00336   0.00333   0.00148   0.00284   0.00192   0.00749   0.00152   0.00000   0.00000   0.00000   0.00169   1.01739   0.47500   0.60354   0.47683   0.01393   0.42215  
 22 4130.6025   4148.048903  x:  0.01595   0.00572   0.00156   0.00938   0.00193   0.00146   0.01605   0.00579   0.00147   0.00041   0.00346   0.00000   0.00081   0.00163   0.00322   0.00572   0.01319   0.00362   0.00075   0.00100   0.00148   0.00180   0.00175   0.00239   0.00138   0.00397   0.00195   0.00866   0.00170   0.00000   0.00000   0.00000   0.00166   1.06694   0.47822   0.60614   0.47774   0.01416   0.41144  
 23 24219.7523   4143.853872  x:  0.01392   0.00647   0.00127   0.00861   0.00073   0.00148   0.01222   0.00588   0.00293   0.00046   0.00357   0.00000   0.00067   0.00174   0.00301   0.00620   0.01262   0.00371   0.00050   0.00116   0.00161   0.00084   0.00338   0.00299   0.00131   0.00461   0.00204   0.01045   0.00160   0.00000   0.00000   0.00000   0.00168   1.13882   0.48288   0.60990   0.47905   0.01516   0.39590  
 24 13966.6178   4139.828434  x:  0.01260   0.00672   0.00146   0.00836   0.00010   0.00160   0.00965   0.00633   0.00238   0.00050   0.00367   0.00000   0.00060   0.00182   0.00278   0.00654   0.01224   0.00378   0.00036   0.00104   0.00171   0.00148   0.00485   0.00361   0.00127   0.00489   0.00213   0.01191   0.00148   0.00000   0.00000   0.00000   0.00170   1.19655   0.48663   0.61293   0.48010   0.01610   0.38341  
 25 61693.3162   4137.042935  x:  0.01160   0.00687   0.00158   0.00829   0.00048   0.00169   0.00771   0.00675   0.00216   0.00054   0.00376   0.00000   0.00057   0.00190   0.00249   0.00690   0.01192   0.00385   0.00012   0.00038   0.00180   0.00185   0.00600   0.00402   0.00124   0.00513   0.00222   0.01325   0.00106   0.00000   0.00000   0.00000   0.00171   1.24587   0.48983   0.61551   0.48100   0.01695   0.37274  
 26 183837.8555   4126.642805  x:  0.00987   0.00487   0.00196   0.00950   0.00083   0.00186   0.00498   0.00890   0.00209   0.00056   0.00381   0.00000   0.00085   0.00199   0.00044   0.00777   0.01089   0.00378   0.00063   0.00107   0.00195   0.00217   0.00589   0.00226   0.00128   0.00430   0.00231   0.01913   0.00071   0.00000   0.00000   0.00000   0.00164   1.41458   0.50078   0.62434   0.48409   0.02044   0.33623  
 27 44459.4096   4119.260525  x:  0.00850   0.00268   0.00238   0.01068   0.00107   0.00206   0.00302   0.01136   0.00224   0.00060   0.00394   0.00000   0.00111   0.00214   0.00292   0.00868   0.01008   0.00378   0.00111   0.00112   0.00214   0.00237   0.00524   0.00064   0.00134   0.00332   0.00245   0.02452   0.00089   0.00000   0.00000   0.00000   0.00159   1.58087   0.51158   0.63305   0.48714   0.02399   0.30022  
 28 141877.1088   4112.747450  x:  0.00755   0.00087   0.00290   0.01020   0.00118   0.00231   0.00290   0.01380   0.00264   0.00065   0.00416   0.00000   0.00130   0.00234   0.00401   0.00948   0.00991   0.00388   0.00150   0.00070   0.00235   0.00229   0.00160   0.00415   0.00137   0.00240   0.00263   0.02770   0.00156   0.00000   0.00000   0.00000   0.00159   1.72974   0.52124   0.64084   0.48989   0.02733   0.26795  
 29 57629.5648   4107.269621  x:  0.00736   0.00123   0.00323   0.00769   0.00128   0.00246   0.00555   0.01491   0.00276   0.00067   0.00438   0.00000   0.00126   0.00246   0.00440   0.01026   0.01103   0.00408   0.00137   0.00163   0.00246   0.00237   0.00089   0.00414   0.00133   0.00260   0.00276   0.02558   0.00026   0.00000   0.00000   0.00000   0.00167   1.81406   0.52670   0.64524   0.49147   0.02942   0.24960  
 30 19301.9350   4101.905434  x:  0.00691   0.00131   0.00359   0.00381   0.00130   0.00272   0.00944   0.01635   0.00316   0.00075   0.00473   0.00000   0.00126   0.00271   0.00416   0.01101   0.01286   0.00437   0.00154   0.00086   0.00272   0.00242   0.00050   0.00315   0.00124   0.00223   0.00301   0.02126   0.00197   0.00000   0.00000   0.00000   0.00178   1.93315   0.53442   0.65146   0.49370   0.03239   0.22363  
 31 74509.4764   4101.503466  x:  0.00693   0.00147   0.00361   0.00447   0.00128   0.00274   0.00947   0.01640   0.00321   0.00075   0.00475   0.00000   0.00124   0.00272   0.00412   0.01106   0.01279   0.00439   0.00151   0.00087   0.00274   0.00239   0.00030   0.00311   0.00123   0.00229   0.00302   0.02038   0.00203   0.00000   0.00000   0.00000   0.00178   1.93968   0.53484   0.65180   0.49384   0.03256   0.22216  
 32 3763.9359   4101.241948  x:  0.00714   0.00153   0.00364   0.00442   0.00129   0.00275   0.00980   0.01643   0.00322   0.00075   0.00476   0.00000   0.00123   0.00273   0.00414   0.01109   0.01040   0.00440   0.00152   0.00087   0.00274   0.00240   0.00031   0.00311   0.00123   0.00227   0.00303   0.01959   0.00206   0.00000   0.00000   0.00000   0.00179   1.94402   0.53512   0.65196   0.49408   0.03268   0.22084  
 33 414.3382   4094.486978  x:  0.00699   0.00181   0.00371   0.00509   0.00129   0.00280   0.01016   0.01659   0.00331   0.00078   0.00487   0.00000   0.00120   0.00282   0.00415   0.01129   0.01051   0.00449   0.00153   0.00081   0.00281   0.00243   0.00040   0.00310   0.00124   0.00250   0.00310   0.01757   0.00217   0.00000   0.00000   0.00000   0.00182   1.98311   0.53482   0.62220   0.56547   0.03293   0.03931  
 34 32.7879   4088.280562  x:  0.00662   0.00323   0.00399   0.00861   0.00130   0.00313   0.01208   0.01704   0.00370   0.00092   0.00535   0.00000   0.00101   0.00323   0.00418   0.01215   0.01115   0.00491   0.00160   0.00058   0.00311   0.00257   0.00086   0.00304   0.00130   0.00361   0.00342   0.00756   0.00274   0.00000   0.00000   0.00000   0.00198   2.13077   0.53299   0.49276   0.87444   0.03390   0.10574  
 35 15.6334   4086.659142  x:  0.00664   0.00368   0.00408   0.00930   0.00129   0.00323   0.01230   0.01731   0.00379   0.00095   0.00539   0.00000   0.00096   0.00325   0.00417   0.01256   0.01138   0.00495   0.00156   0.00071   0.00321   0.00261   0.00096   0.00304   0.00135   0.00398   0.00346   0.00432   0.00288   0.00000   0.00000   0.00000   0.00199   2.15482   0.58637   0.73858   0.90432   0.03523   0.11235  
 36  7.6907   4082.511752  x:  0.00790   0.00080   0.00411   0.01022   0.00133   0.00333   0.01338   0.01835   0.00377   0.00093   0.00530   0.00000   0.00109   0.00337   0.00396   0.01299   0.01192   0.00469   0.00118   0.00198   0.00329   0.00275   0.00100   0.00236   0.00199   0.00175   0.00338   0.00738   0.00310   0.00000   0.00000   0.00000   0.00182   2.27032   0.62061   0.96964   1.47631   0.03356   0.09547  
 37  2.0312   4080.053848  x:  0.00758   0.00041   0.00411   0.00967   0.00133   0.00341   0.01267   0.01888   0.00384   0.00093   0.00515   0.00000   0.00117   0.00342   0.00381   0.01353   0.01251   0.00444   0.00104   0.00241   0.00340   0.00283   0.00098   0.00222   0.00202   0.00065   0.00329   0.00469   0.00295   0.00000   0.00000   0.00000   0.00169   2.36652   0.88315   0.83291   1.57161   0.03242   0.05518  
 38  1.9043   4078.403867  x:  0.00756   0.00115   0.00413   0.00883   0.00136   0.00354   0.01144   0.01930   0.00396   0.00096   0.00511   0.00000   0.00115   0.00351   0.00380   0.01423   0.01317   0.00432   0.00099   0.00274   0.00356   0.00297   0.00096   0.00245   0.00243   0.00079   0.00328   0.00358   0.00277   0.00000   0.00000   0.00000   0.00163   2.46138   0.82242   0.80837   1.63921   0.03176   0.02743  
 39  1.4543   4072.955058  x:  0.00574   0.00222   0.00391   0.00684   0.00137   0.00410   0.00724   0.02119   0.00473   0.00109   0.00464   0.00000   0.00125   0.00387   0.00357   0.01740   0.01572   0.00342   0.00150   0.00126   0.00427   0.00349   0.00105   0.00276   0.00320   0.00048   0.00296   0.00655   0.00151   0.00000   0.00000   0.00000   0.00122   2.83942   0.98523   1.25200   2.19585   0.02785   0.06335  
 40  1.0415   4072.808180  x:  0.00564   0.00228   0.00389   0.00674   0.00137   0.00414   0.00702   0.02129   0.00477   0.00109   0.00461   0.00000   0.00125   0.00389   0.00355   0.01757   0.01585   0.00337   0.00153   0.00118   0.00431   0.00351   0.00105   0.00278   0.00324   0.00047   0.00294   0.00671   0.00144   0.00000   0.00057   0.00000   0.00120   2.85969   0.99395   1.27579   2.22570   0.02765   0.06527  
 41 48856.5333   4071.130141  x:  0.00570   0.00188   0.00390   0.00703   0.00136   0.00429   0.00697   0.02191   0.00496   0.00113   0.00451   0.00000   0.00132   0.00398   0.00343   0.01844   0.01581   0.00316   0.00157   0.00101   0.00449   0.00364   0.00112   0.00259   0.00320   0.00076   0.00286   0.00574   0.00133   0.00000   0.00000   0.00000   0.00112   2.97375   0.71827   1.27473   2.09860   0.02781   0.06184  
 42  1.4622   4069.692559  x:  0.00737   0.00112   0.00394   0.00845   0.00139   0.00455   0.00767   0.02291   0.00526   0.00119   0.00440   0.00000   0.00138   0.00412   0.00329   0.01995   0.01560   0.00291   0.00157   0.00110   0.00480   0.00390   0.00133   0.00232   0.00344   0.00226   0.00273   0.00433   0.00143   0.00000   0.00000   0.00000   0.00104   3.13927   0.58803   1.17279   1.77435   0.02880   0.05444  
 43  3.6767   4068.338854  x:  0.00855   0.00153   0.00382   0.01031   0.00135   0.00491   0.00761   0.02449   0.00562   0.00125   0.00397   0.00000   0.00130   0.00428   0.00293   0.02229   0.01500   0.00224   0.00160   0.00087   0.00524   0.00431   0.00171   0.00204   0.00321   0.00168   0.00231   0.00535   0.00129   0.00000   0.00000   0.00000   0.00085   3.41025   0.78988   1.21852   1.68620   0.02835   0.05127  
 44  0.5145   4067.373250  x:  0.00756   0.00147   0.00365   0.00959   0.00136   0.00505   0.00607   0.02508   0.00560   0.00125   0.00351   0.00000   0.00138   0.00432   0.00264   0.02365   0.01361   0.00169   0.00135   0.00177   0.00541   0.00462   0.00180   0.00218   0.00252   0.00145   0.00183   0.00467   0.00097   0.00000   0.00000   0.00000   0.00074   3.62746   0.75514   1.23644   1.84341   0.02664   0.05338  
 45  0.5029   4066.692038  x:  0.00666   0.00109   0.00355   0.00947   0.00133   0.00509   0.00711   0.02526   0.00552   0.00125   0.00347   0.00000   0.00122   0.00438   0.00246   0.02426   0.01221   0.00188   0.00140   0.00149   0.00544   0.00478   0.00188   0.00208   0.00204   0.00107   0.00155   0.00517   0.00099   0.00000   0.00000   0.00000   0.00102   3.76278   0.61563   1.27893   1.92259   0.02647   0.04445  
 46  0.2324   4066.299133  x:  0.00709   0.00130   0.00352   0.00911   0.00130   0.00511   0.00793   0.02513   0.00536   0.00125   0.00353   0.00000   0.00110   0.00439   0.00236   0.02463   0.01210   0.00226   0.00138   0.00142   0.00541   0.00489   0.00194   0.00219   0.00224   0.00091   0.00136   0.00428   0.00115   0.00000   0.00000   0.00000   0.00128   3.86421   0.63324   1.22575   1.91450   0.02724   0.06084  
 47  0.1160   4065.945419  x:  0.00661   0.00105   0.00342   0.00845   0.00123   0.00509   0.00811   0.02459   0.00517   0.00125   0.00348   0.00000   0.00126   0.00433   0.00222   0.02506   0.01285   0.00248   0.00142   0.00105   0.00533   0.00501   0.00199   0.00235   0.00251   0.00143   0.00106   0.00438   0.00111   0.00000   0.00000   0.00000   0.00144   4.00175   0.68472   1.21330   2.01744   0.02745   0.05726  
 48  0.1604   4065.728976  x:  0.00754   0.00112   0.00339   0.00827   0.00118   0.00509   0.00794   0.02425   0.00499   0.00123   0.00341   0.00000   0.00125   0.00420   0.00214   0.02543   0.01360   0.00255   0.00134   0.00115   0.00526   0.00511   0.00208   0.00254   0.00253   0.00121   0.00086   0.00524   0.00115   0.00000   0.00000   0.00000   0.00147   4.12373   0.66344   1.22002   2.08457   0.02766   0.05391  
 49  0.1554   4065.427631  x:  0.00664   0.00126   0.00349   0.00874   0.00105   0.00501   0.00782   0.02300   0.00468   0.00116   0.00348   0.00000   0.00125   0.00377   0.00209   0.02528   0.01353   0.00262   0.00109   0.00154   0.00500   0.00511   0.00224   0.00255   0.00219   0.00112   0.00101   0.00534   0.00136   0.00000   0.00000   0.00000   0.00134   4.27369   0.73335   1.18596   2.13682   0.02790   0.05191  
 50  0.0735   4065.136018  x:  0.00724   0.00119   0.00354   0.00840   0.00089   0.00495   0.00735   0.02170   0.00449   0.00111   0.00348   0.00000   0.00112   0.00336   0.00207   0.02529   0.01315   0.00250   0.00108   0.00109   0.00475   0.00509   0.00235   0.00248   0.00208   0.00102   0.00114   0.00480   0.00122   0.00000   0.00000   0.00000   0.00113   4.49024   0.70463   1.22361   2.30108   0.02752   0.05112  
 51  0.1875   4065.002793  x:  0.00716   0.00114   0.00360   0.00878   0.00087   0.00499   0.00768   0.02143   0.00457   0.00115   0.00359   0.00000   0.00113   0.00336   0.00225   0.02549   0.01294   0.00248   0.00107   0.00111   0.00472   0.00515   0.00246   0.00245   0.00263   0.00128   0.00124   0.00481   0.00126   0.00000   0.00000   0.00000   0.00108   4.65180   0.66328   1.24222   2.29638   0.02803   0.05389  
 52  0.1096   4064.867131  x:  0.00701   0.00122   0.00354   0.00900   0.00085   0.00501   0.00785   0.02144   0.00479   0.00122   0.00361   0.00000   0.00141   0.00357   0.00247   0.02580   0.01297   0.00231   0.00110   0.00109   0.00472   0.00523   0.00263   0.00233   0.00243   0.00115   0.00114   0.00489   0.00113   0.00000   0.00000   0.00000   0.00110   4.92105   0.68183   1.36092   2.44546   0.02815   0.05715  
 53  0.1197   4064.768695  x:  0.00716   0.00116   0.00353   0.00864   0.00087   0.00493   0.00769   0.02124   0.00488   0.00127   0.00373   0.00000   0.00112   0.00371   0.00267   0.02539   0.01334   0.00236   0.00110   0.00129   0.00462   0.00519   0.00267   0.00231   0.00231   0.00116   0.00120   0.00495   0.00110   0.00000   0.00000   0.00000   0.00117   5.10599   0.65472   1.43271   2.55007   0.02849   0.05531  
 54  0.1062   4064.683068  x:  0.00722   0.00113   0.00346   0.00842   0.00086   0.00473   0.00787   0.02106   0.00498   0.00128   0.00375   0.00000   0.00121   0.00382   0.00265   0.02427   0.01305   0.00238   0.00115   0.00107   0.00451   0.00496   0.00266   0.00217   0.00233   0.00121   0.00119   0.00476   0.00120   0.00000   0.00000   0.00000   0.00125   5.25079   0.63958   1.50051   2.58263   0.02877   0.05462  
 55  0.0455   4064.608593  x:  0.00707   0.00123   0.00344   0.00864   0.00092   0.00460   0.00765   0.02157   0.00502   0.00126   0.00361   0.00000   0.00119   0.00387   0.00249   0.02333   0.01296   0.00232   0.00113   0.00125   0.00457   0.00477   0.00264   0.00231   0.00243   0.00115   0.00113   0.00493   0.00133   0.00000   0.00000   0.00000   0.00126   5.33217   0.62487   1.50679   2.44631   0.02895   0.05496  
 56  0.0629   4064.568534  x:  0.00718   0.00119   0.00350   0.00870   0.00094   0.00463   0.00748   0.02192   0.00494   0.00122   0.00351   0.00000   0.00117   0.00374   0.00236   0.02326   0.01318   0.00229   0.00117   0.00114   0.00467   0.00475   0.00264   0.00244   0.00238   0.00119   0.00112   0.00482   0.00124   0.00000   0.00000   0.00000   0.00118   5.43057   0.59038   1.48297   2.31961   0.02899   0.05601  
 57  0.0680   4064.549270  x:  0.00718   0.00117   0.00354   0.00868   0.00096   0.00466   0.00769   0.02200   0.00486   0.00120   0.00355   0.00000   0.00119   0.00367   0.00235   0.02325   0.01321   0.00237   0.00117   0.00117   0.00470   0.00476   0.00266   0.00244   0.00236   0.00120   0.00118   0.00485   0.00119   0.00000   0.00000   0.00000   0.00117   5.53421   0.60941   1.47647   2.28399   0.02906   0.05595  
 58  0.0594   4064.543022  x:  0.00714   0.00116   0.00353   0.00860   0.00097   0.00468   0.00778   0.02207   0.00485   0.00120   0.00357   0.00000   0.00120   0.00368   0.00236   0.02319   0.01312   0.00240   0.00118   0.00120   0.00472   0.00476   0.00265   0.00238   0.00237   0.00117   0.00119   0.00489   0.00117   0.00000   0.00000   0.00000   0.00118   5.58356   0.58808   1.48125   2.25977   0.02908   0.05634  
 59  0.0442   4064.537837  x:  0.00716   0.00120   0.00349   0.00856   0.00100   0.00470   0.00772   0.02214   0.00478   0.00118   0.00355   0.00000   0.00118   0.00368   0.00235   0.02313   0.01306   0.00239   0.00119   0.00118   0.00476   0.00474   0.00258   0.00232   0.00239   0.00117   0.00118   0.00489   0.00116   0.00000   0.00000   0.00000   0.00117   5.57803   0.58641   1.47235   2.20226   0.02892   0.05604  
 60  0.0147   4064.532944  x:  0.00717   0.00120   0.00346   0.00861   0.00100   0.00475   0.00770   0.02196   0.00471   0.00118   0.00356   0.00000   0.00121   0.00367   0.00242   0.02326   0.01315   0.00239   0.00119   0.00120   0.00474   0.00476   0.00252   0.00232   0.00236   0.00120   0.00117   0.00487   0.00118   0.00000   0.00000   0.00000   0.00117   5.57586   0.57877   1.46432   2.17141   0.02897   0.05584  
 61  0.0129   4064.528987  x:  0.00711   0.00118   0.00347   0.00868   0.00100   0.00477   0.00772   0.02188   0.00471   0.00118   0.00358   0.00000   0.00117   0.00370   0.00244   0.02328   0.01315   0.00238   0.00119   0.00117   0.00473   0.00474   0.00248   0.00235   0.00239   0.00118   0.00116   0.00488   0.00120   0.00000   0.00000   0.00000   0.00119   5.62297   0.57440   1.47578   2.14805   0.02914   0.05586  
 62  0.0187   4064.525988  x:  0.00716   0.00117   0.00350   0.00865   0.00100   0.00479   0.00768   0.02189   0.00476   0.00118   0.00358   0.00000   0.00121   0.00371   0.00241   0.02330   0.01310   0.00237   0.00117   0.00119   0.00473   0.00471   0.00242   0.00236   0.00237   0.00117   0.00117   0.00485   0.00119   0.00000   0.00000   0.00000   0.00118   5.64741   0.57050   1.48544   2.13679   0.02919   0.05658  
 63  0.0122   4064.525018  x:  0.00716   0.00117   0.00350   0.00862   0.00099   0.00480   0.00769   0.02187   0.00478   0.00118   0.00359   0.00000   0.00119   0.00370   0.00239   0.02338   0.01312   0.00238   0.00116   0.00118   0.00472   0.00472   0.00239   0.00235   0.00237   0.00118   0.00118   0.00489   0.00119   0.00000   0.00000   0.00000   0.00118   5.63211   0.57210   1.48695   2.14869   0.02916   0.05649  
 64  0.0098   4064.524547  x:  0.00714   0.00118   0.00349   0.00865   0.00099   0.00477   0.00774   0.02189   0.00479   0.00118   0.00358   0.00000   0.00119   0.00369   0.00238   0.02336   0.01311   0.00238   0.00116   0.00118   0.00471   0.00472   0.00238   0.00236   0.00236   0.00118   0.00117   0.00488   0.00119   0.00000   0.00000   0.00000   0.00118   5.63871   0.57185   1.48939   2.15109   0.02915   0.05635  
 65  0.0023   4064.524304  x:  0.00716   0.00119   0.00348   0.00864   0.00099   0.00476   0.00774   0.02189   0.00480   0.00119   0.00357   0.00000   0.00119   0.00369   0.00239   0.02337   0.01313   0.00238   0.00116   0.00118   0.00471   0.00473   0.00237   0.00237   0.00237   0.00118   0.00118   0.00487   0.00118   0.00000   0.00000   0.00000   0.00118   5.64448   0.57222   1.49372   2.16592   0.02912   0.05620  
 66  0.0077   4064.524149  x:  0.00715   0.00118   0.00349   0.00865   0.00099   0.00475   0.00772   0.02189   0.00479   0.00119   0.00357   0.00000   0.00119   0.00369   0.00239   0.02338   0.01312   0.00238   0.00116   0.00119   0.00471   0.00473   0.00237   0.00236   0.00238   0.00118   0.00117   0.00487   0.00118   0.00000   0.00000   0.00000   0.00118   5.64328   0.57410   1.49250   2.16985   0.02913   0.05627  
 67  0.0013   4064.524117  x:  0.00715   0.00118   0.00349   0.00866   0.00099   0.00474   0.00772   0.02190   0.00479   0.00119   0.00357   0.00000   0.00119   0.00368   0.00239   0.02337   0.01312   0.00238   0.00116   0.00118   0.00471   0.00474   0.00237   0.00236   0.00237   0.00118   0.00117   0.00488   0.00118   0.00000   0.00000   0.00000   0.00118   5.64482   0.57378   1.49275   2.17241   0.02913   0.05632  
 68  0.0022   4064.524107  x:  0.00715   0.00118   0.00350   0.00866   0.00099   0.00474   0.00772   0.02190   0.00479   0.00119   0.00357   0.00000   0.00119   0.00369   0.00239   0.02337   0.01312   0.00238   0.00116   0.00118   0.00471   0.00474   0.00236   0.00236   0.00237   0.00118   0.00118   0.00488   0.00118   0.00000   0.00000   0.00000   0.00118   5.64545   0.57408   1.49229   2.17375   0.02913   0.05633  
 69  0.0007   4064.524100  x:  0.00715   0.00118   0.00350   0.00865   0.00099   0.00474   0.00772   0.02190   0.00479   0.00119   0.00357   0.00000   0.00119   0.00369   0.00239   0.02337   0.01312   0.00238   0.00116   0.00118   0.00471   0.00474   0.00236   0.00236   0.00237   0.00118   0.00118   0.00488   0.00118   0.00000   0.00000   0.00000   0.00118   5.64580   0.57428   1.49137   2.17358   0.02912   0.05631  
 70  0.0005   4064.524088  x:  0.00715   0.00118   0.00349   0.00865   0.00099   0.00474   0.00772   0.02190   0.00479   0.00119   0.00357   0.00000   0.00119   0.00369   0.00239   0.02337   0.01313   0.00238   0.00116   0.00118   0.00471   0.00474   0.00236   0.00236   0.00237   0.00118   0.00117   0.00488   0.00118   0.00000   0.00000   0.00000   0.00118   5.64608   0.57435   1.49039   2.17293   0.02912   0.05627  
 71  0.0003   4064.524088  x:  0.00715   0.00118   0.00349   0.00865   0.00099   0.00474   0.00772   0.02190   0.00479   0.00119   0.00357   0.00000   0.00119   0.00369   0.00239   0.02337   0.01313   0.00238   0.00116   0.00118   0.00471   0.00474   0.00236   0.00236   0.00237   0.00118   0.00117   0.00488   0.00118   0.00000   0.00000   0.00000   0.00118   5.64593   0.57434   1.49055   2.17308   0.02912   0.05628  
 72  0.0005   4064.524087  x:  0.00715   0.00118   0.00349   0.00865   0.00099   0.00474   0.00772   0.02190   0.00479   0.00119   0.00357   0.00000   0.00119   0.00369   0.00239   0.02337   0.01312   0.00238   0.00116   0.00118   0.00471   0.00474   0.00236   0.00236   0.00237   0.00118   0.00117   0.00488   0.00118   0.00000   0.00000   0.00000   0.00118   5.64572   0.57435   1.49063   2.17320   0.02912   0.05629  
 73  0.0004   4064.524087  x:  0.00715   0.00118   0.00349   0.00866   0.00099   0.00474   0.00772   0.02190   0.00479   0.00119   0.00357   0.00000   0.00119   0.00369   0.00239   0.02337   0.01312   0.00238   0.00116   0.00118   0.00471   0.00474   0.00236   0.00236   0.00237   0.00118   0.00117   0.00488   0.00118   0.00000   0.00000   0.00000   0.00118   5.64538   0.57437   1.49067   2.17334   0.02913   0.05631  
 74  0.0003   4064.524082  x:  0.00715   0.00118   0.00349   0.00866   0.00098   0.00474   0.00772   0.02190   0.00479   0.00119   0.00357   0.00000   0.00119   0.00369   0.00239   0.02336   0.01312   0.00238   0.00116   0.00118   0.00471   0.00474   0.00236   0.00236   0.00237   0.00118   0.00117   0.00488   0.00118   0.00000   0.00000   0.00000   0.00118   5.64479   0.57444   1.49062   2.17351   0.02913   0.05631  