

TREE # 1

  0  0.0000   4212.824510  x:  0.00653   0.00221   0.00361   0.00878   0.00180   0.00472   0.00877   0.02184   0.00444   0.00142   0.00370   0.00012   0.00085   0.00423   0.00236   0.02325   0.01266   0.00227   0.00139   0.00126   0.00485   0.00478   0.00235   0.00256   0.00187   0.00131   0.00139   0.00532   0.00101   0.00000   0.00014   0.00043   0.00102   0.49151   0.52195   0.49819   0.58318   0.42867   0.42146  
  1 99.0000   4212.821815  x:  0.00653   0.00221   0.00361   0.00878   0.00180   0.00472   0.00877   0.02184   0.00444   0.00142   0.00370   0.00012   0.00085   0.00423   0.00236   0.02325   0.01266   0.00227   0.00139   0.00126   0.00485   0.00478   0.00235   0.00256   0.00187   0.00131   0.00139   0.00532   0.00101   0.00000   0.00014   0.00043   0.00102   0.49151   0.52195   0.49819   0.58318   0.42867   0.42146  
  2 1688.1693   4212.566455  x:  0.00654   0.00216   0.00361   0.00878   0.00177   0.00472   0.00876   0.02184   0.00445   0.00141   0.00369   0.00000   0.00083   0.00422   0.00237   0.02325   0.01266   0.00228   0.00138   0.00125   0.00485   0.00478   0.00235   0.00255   0.00188   0.00132   0.00138   0.00531   0.00101   0.00000   0.00009   0.00032   0.00102   0.49153   0.52195   0.49819   0.58318   0.42865   0.42146  
  3 9087.9444   4212.318448  x:  0.00656   0.00208   0.00360   0.00877   0.00173   0.00472   0.00873   0.02183   0.00446   0.00140   0.00369   0.00000   0.00083   0.00420   0.00237   0.02324   0.01266   0.00228   0.00137   0.00125   0.00484   0.00478   0.00235   0.00254   0.00189   0.00135   0.00137   0.00530   0.00100   0.00000   0.00000   0.00013   0.00102   0.49156   0.52195   0.49819   0.58318   0.42862   0.42146  
  4 38940.4500   4212.187187  x:  0.00658   0.00203   0.00360   0.00877   0.00173   0.00473   0.00872   0.02183   0.00446   0.00140   0.00369   0.00000   0.00082   0.00419   0.00237   0.02324   0.01267   0.00228   0.00137   0.00125   0.00484   0.00478   0.00235   0.00254   0.00190   0.00138   0.00137   0.00529   0.00102   0.00000   0.00000   0.00000   0.00103   0.49158   0.52195   0.49819   0.58318   0.42859   0.42146  
  5 21262.7547   4211.938205  x:  0.00711   0.00130   0.00361   0.00870   0.00199   0.00473   0.00849   0.02178   0.00444   0.00142   0.00370   0.00000   0.00088   0.00419   0.00236   0.02318   0.01272   0.00226   0.00138   0.00124   0.00484   0.00478   0.00235   0.00259   0.00194   0.00105   0.00138   0.00526   0.00078   0.00000   0.00000   0.00000   0.00085   0.49225   0.52195   0.49825   0.58317   0.42788   0.42146  
  6 407.0309   4210.909190  x:  0.00908   0.00158   0.00357   0.00822   0.00134   0.00476   0.00687   0.02139   0.00461   0.00135   0.00362   0.00000   0.00128   0.00372   0.00237   0.02273   0.01312   0.00235   0.00141   0.00154   0.00475   0.00475   0.00236   0.00243   0.00132   0.00121   0.00143   0.00485   0.00113   0.00000   0.00000   0.00000   0.00047   0.49706   0.52201   0.49868   0.58314   0.42272   0.42143  
  7 474.0042   4210.384657  x:  0.00997   0.00181   0.00355   0.00796   0.00101   0.00477   0.00604   0.02118   0.00470   0.00139   0.00357   0.00000   0.00150   0.00347   0.00237   0.02247   0.01333   0.00238   0.00147   0.00162   0.00471   0.00473   0.00236   0.00235   0.00124   0.00141   0.00150   0.00464   0.00069   0.00000   0.00000   0.00000   0.00094   0.49992   0.52204   0.49893   0.58312   0.41964   0.42142  
  8 4553.6231   4209.662919  x:  0.01026   0.00213   0.00352   0.00773   0.00107   0.00480   0.00543   0.02090   0.00484   0.00153   0.00349   0.00000   0.00180   0.00325   0.00237   0.02214   0.01358   0.00235   0.00152   0.00136   0.00465   0.00471   0.00236   0.00230   0.00237   0.00205   0.00152   0.00447   0.00042   0.00000   0.00000   0.00000   0.00067   0.50450   0.52209   0.49934   0.58309   0.41471   0.42140  
  9 2170.0445   4202.599924  x:  0.00600   0.00089   0.00334   0.00689   0.00088   0.00492   0.00517   0.01926   0.00587   0.00266   0.00302   0.00000   0.00275   0.00227   0.00237   0.02014   0.01489   0.00197   0.00220   0.00019   0.00433   0.00457   0.00233   0.00224   0.00190   0.00256   0.00206   0.00385   0.00062   0.00000   0.00000   0.00000   0.00063   0.53752   0.52247   0.50228   0.58288   0.37905   0.42125  
 10 2882.5125   4200.015630  x:  0.00390   0.00026   0.00326   0.00652   0.00084   0.00497   0.00512   0.01848   0.00635   0.00311   0.00281   0.00000   0.00320   0.00188   0.00237   0.01918   0.01550   0.00182   0.00244   0.00068   0.00419   0.00451   0.00231   0.00222   0.00187   0.00281   0.00224   0.00358   0.00071   0.00000   0.00000   0.00000   0.00063   0.55380   0.52266   0.50373   0.58278   0.36147   0.42118  
 11 99116.4999   4192.204360  x:  0.00305   0.00003   0.00329   0.00641   0.00102   0.00500   0.00620   0.01726   0.00707   0.00190   0.00306   0.00000   0.00356   0.00328   0.00236   0.01766   0.01648   0.00262   0.00110   0.00053   0.00411   0.00446   0.00236   0.00225   0.00127   0.00359   0.00090   0.00353   0.00022   0.00000   0.00000   0.00000   0.00053   0.59157   0.52309   0.50709   0.58254   0.32050   0.42101  
 12 10740.8360   4186.613652  x:  0.00288   0.00013   0.00325   0.00608   0.00160   0.00505   0.00676   0.01620   0.00786   0.00132   0.00302   0.00000   0.00358   0.00317   0.00235   0.01635   0.01740   0.00275   0.00041   0.00054   0.00391   0.00438   0.00236   0.00243   0.00098   0.00378   0.00022   0.00309   0.00005   0.00000   0.00000   0.00000   0.00054   0.62178   0.52344   0.50978   0.58235   0.28776   0.42088  
 13 86424.2946   4175.872220  x:  0.00292   0.00018   0.00325   0.00579   0.00169   0.00509   0.00758   0.01464   0.00901   0.00054   0.00320   0.00000   0.00353   0.00388   0.00235   0.01440   0.01876   0.00339   0.00018   0.00056   0.00373   0.00428   0.00239   0.00257   0.00101   0.00375   0.00103   0.00268   0.00000   0.00000   0.00000   0.00000   0.00056   0.67278   0.52403   0.51432   0.58202   0.23242   0.42065  
 14 149731.5160   4154.389502  x:  0.00297   0.00028   0.00329   0.00520   0.00173   0.00517   0.00858   0.01164   0.01121   0.00000   0.00369   0.00000   0.00335   0.00576   0.00234   0.01066   0.02141   0.00489   0.00029   0.00063   0.00337   0.00411   0.00247   0.00283   0.00112   0.00356   0.00173   0.00181   0.00003   0.00000   0.00000   0.00000   0.00060   0.77066   0.52516   0.52304   0.58140   0.12622   0.42022  
 15 1522283.0295   4142.723355  x:  0.00312   0.00034   0.00332   0.00485   0.00162   0.00522   0.00949   0.00965   0.01268   0.00009   0.00400   0.00000   0.00324   0.00696   0.00234   0.00818   0.02317   0.00589   0.00000   0.00069   0.00314   0.00399   0.00252   0.00296   0.00120   0.00343   0.00227   0.00130   0.00005   0.00000   0.00000   0.00000   0.00062   0.83649   0.52591   0.52890   0.58098   0.05479   0.41992  
 16 4339403.9330   4139.181603  x:  0.00326   0.00036   0.00332   0.00474   0.00151   0.00523   0.01004   0.00891   0.01324   0.00012   0.00409   0.00000   0.00320   0.00733   0.00234   0.00726   0.02382   0.00626   0.00009   0.00071   0.00306   0.00395   0.00255   0.00298   0.00125   0.00338   0.00238   0.00115   0.00005   0.00000   0.00000   0.00000   0.00062   0.86184   0.52621   0.53116   0.58082   0.02728   0.41981  
 17 2441291.2009   4137.699964  x:  0.00323   0.00036   0.00332   0.00480   0.00149   0.00523   0.00986   0.00894   0.01336   0.00010   0.00406   0.00000   0.00319   0.00726   0.00235   0.00742   0.02402   0.00619   0.00006   0.00071   0.00313   0.00397   0.00253   0.00297   0.00125   0.00337   0.00234   0.00181   0.00005   0.00000   0.00000   0.00000   0.00062   0.87114   0.52631   0.53199   0.58076   0.01722   0.41977  
 18 33577.4956   4137.272245  x:  0.00319   0.00035   0.00335   0.00501   0.00151   0.00521   0.00981   0.00933   0.01322   0.00010   0.00404   0.00000   0.00320   0.00725   0.00237   0.00800   0.02395   0.00604   0.00005   0.00071   0.00327   0.00404   0.00251   0.00293   0.00124   0.00338   0.00232   0.00135   0.00005   0.00000   0.00000   0.00000   0.00062   0.87397   0.52635   0.53224   0.58075   0.01442   0.41976  
 19 3252.7543   4136.620141  x:  0.00322   0.00034   0.00328   0.00476   0.00130   0.00513   0.00976   0.01062   0.01198   0.00009   0.00409   0.00000   0.00318   0.00739   0.00243   0.00724   0.02297   0.00534   0.00005   0.00071   0.00224   0.00408   0.00264   0.00287   0.00126   0.00338   0.00225   0.00131   0.00005   0.00000   0.00000   0.00000   0.00060   0.88243   0.52645   0.53296   0.58073   0.01394   0.41972  
 20 277.3470   4134.895954  x:  0.00329   0.00033   0.00316   0.00410   0.00076   0.00503   0.00966   0.01159   0.00892   0.00008   0.00410   0.00000   0.00311   0.00743   0.00235   0.00588   0.02037   0.00399   0.00005   0.00069   0.00391   0.00388   0.00274   0.00271   0.00132   0.00336   0.00206   0.00123   0.00004   0.00000   0.00000   0.00000   0.00054   0.90779   0.52675   0.53511   0.58068   0.01376   0.41960  
 21 2747.5308   4129.347352  x:  0.00340   0.00031   0.00307   0.00404   0.00025   0.00509   0.00946   0.00966   0.00328   0.00008   0.00391   0.00000   0.00297   0.00706   0.00207   0.00718   0.01459   0.00359   0.00005   0.00067   0.00325   0.00326   0.00271   0.00183   0.00140   0.00328   0.00192   0.00125   0.00004   0.00000   0.00000   0.00000   0.00049   0.97501   0.52754   0.54081   0.58054   0.01469   0.41929  
 22 6730.1244   4125.767640  x:  0.00343   0.00032   0.00302   0.00482   0.00070   0.00503   0.00922   0.01081   0.00310   0.00009   0.00363   0.00000   0.00291   0.00647   0.00231   0.00728   0.01111   0.00517   0.00005   0.00067   0.00354   0.00380   0.00293   0.00055   0.00136   0.00321   0.00204   0.00137   0.00004   0.00000   0.00000   0.00000   0.00052   1.02119   0.52809   0.54473   0.58045   0.01583   0.41908  
 23 10406.4990   4120.936057  x:  0.00353   0.00034   0.00302   0.00610   0.00071   0.00494   0.00904   0.01290   0.00346   0.00011   0.00327   0.00000   0.00284   0.00563   0.00265   0.00771   0.00588   0.00760   0.00005   0.00068   0.00399   0.00473   0.00321   0.00179   0.00138   0.00314   0.00219   0.00157   0.00005   0.00000   0.00000   0.00000   0.00052   1.09550   0.52897   0.55103   0.58031   0.01784   0.41874  
 24 60720.5679   4109.391880  x:  0.00412   0.00041   0.00402   0.00568   0.00000   0.00461   0.01057   0.01847   0.00549   0.00017   0.00492   0.00000   0.00268   0.00695   0.00166   0.01022   0.00869   0.00730   0.00009   0.00078   0.00490   0.00493   0.00216   0.00155   0.00156   0.00296   0.00258   0.00211   0.00006   0.00000   0.00000   0.00000   0.00051   1.23902   0.53068   0.56318   0.58007   0.02296   0.41808  
 25 11422.7339   4106.684541  x:  0.00412   0.00044   0.00320   0.00428   0.00021   0.00444   0.01127   0.02146   0.00432   0.00019   0.00444   0.00000   0.00261   0.00663   0.00199   0.01143   0.01108   0.01007   0.00011   0.00079   0.00544   0.00323   0.00303   0.00192   0.00161   0.00289   0.00287   0.00233   0.00007   0.00000   0.00000   0.00000   0.00054   1.28823   0.53127   0.56735   0.58001   0.02469   0.41786  
 26 12918.5435   4106.071179  x:  0.00414   0.00045   0.00281   0.00550   0.00018   0.00455   0.01120   0.02179   0.00347   0.00019   0.00363   0.00000   0.00258   0.00655   0.00277   0.01114   0.01237   0.01051   0.00011   0.00079   0.00556   0.00364   0.00321   0.00210   0.00162   0.00287   0.00289   0.00236   0.00007   0.00000   0.00000   0.00000   0.00054   1.29780   0.53139   0.56816   0.58002   0.02506   0.41781  
 27 2358.9882   4106.039050  x:  0.00413   0.00045   0.00297   0.00560   0.00018   0.00458   0.01118   0.02184   0.00336   0.00019   0.00344   0.00000   0.00258   0.00652   0.00243   0.01109   0.01247   0.01062   0.00011   0.00079   0.00556   0.00373   0.00320   0.00212   0.00162   0.00287   0.00289   0.00236   0.00007   0.00000   0.00000   0.00000   0.00054   1.29828   0.53140   0.56820   0.58004   0.02507   0.41781  
 28 184.7661   4106.019514  x:  0.00413   0.00045   0.00276   0.00563   0.00019   0.00469   0.01118   0.02188   0.00334   0.00019   0.00347   0.00000   0.00258   0.00652   0.00234   0.01107   0.01247   0.01065   0.00011   0.00079   0.00556   0.00372   0.00292   0.00212   0.00162   0.00287   0.00289   0.00236   0.00007   0.00000   0.00000   0.00000   0.00054   1.29858   0.53147   0.56820   0.58027   0.02508   0.41779  
 29 12.2127   4105.813515  x:  0.00415   0.00044   0.00336   0.00562   0.00020   0.00517   0.01114   0.02197   0.00324   0.00019   0.00357   0.00000   0.00257   0.00649   0.00270   0.01104   0.01246   0.01059   0.00011   0.00079   0.00556   0.00364   0.00218   0.00213   0.00161   0.00287   0.00289   0.00237   0.00007   0.00000   0.00000   0.00000   0.00055   1.30170   0.53220   0.56816   0.58286   0.02514   0.41760  
 30 106.9470   4100.283913  x:  0.00514   0.00043   0.00375   0.00696   0.00032   0.01070   0.00993   0.02161   0.00443   0.00020   0.00598   0.00000   0.00242   0.00876   0.00232   0.01194   0.01244   0.00291   0.00013   0.00088   0.00556   0.00539   0.00412   0.00202   0.00152   0.00278   0.00277   0.00251   0.00007   0.00000   0.00000   0.00000   0.00061   1.38571   0.55218   0.56696   0.65291   0.02696   0.41237  
 31 1188.6791   4098.916386  x:  0.00540   0.00043   0.00370   0.00727   0.00035   0.00863   0.00965   0.02146   0.00491   0.00020   0.00520   0.00000   0.00238   0.00960   0.00240   0.01208   0.01231   0.00118   0.00013   0.00091   0.00550   0.00518   0.00337   0.00197   0.00149   0.00276   0.00276   0.00253   0.00007   0.00000   0.00000   0.00000   0.00063   1.40333   0.55638   0.56671   0.66761   0.02734   0.41127  
 32 3697.5025   4098.436289  x:  0.00537   0.00042   0.00382   0.00720   0.00040   0.00647   0.00957   0.02133   0.00432   0.00020   0.00683   0.00000   0.00237   0.00902   0.00230   0.01211   0.01263   0.00120   0.00013   0.00090   0.00552   0.00672   0.00290   0.00205   0.00149   0.00276   0.00272   0.00254   0.00007   0.00000   0.00000   0.00000   0.00063   1.41106   0.55823   0.56659   0.67414   0.02749   0.41078  
 33 990.1628   4098.428134  x:  0.00536   0.00042   0.00386   0.00742   0.00040   0.00639   0.00954   0.02135   0.00431   0.00020   0.00702   0.00000   0.00237   0.00894   0.00223   0.01205   0.01264   0.00120   0.00013   0.00090   0.00552   0.00649   0.00292   0.00205   0.00148   0.00276   0.00272   0.00254   0.00007   0.00000   0.00000   0.00000   0.00063   1.41120   0.55827   0.56658   0.67430   0.02750   0.41077  
 34 44.7650   4094.729620  x:  0.00877   0.00033   0.00371   0.00780   0.00042   0.00418   0.01359   0.02026   0.00577   0.00018   0.00506   0.00000   0.00187   0.00555   0.00235   0.01200   0.01278   0.00201   0.00011   0.00101   0.00525   0.00602   0.00209   0.00201   0.00174   0.00219   0.00238   0.00250   0.00006   0.00000   0.00000   0.00000   0.00076   1.49766   0.62985   0.47790   1.09910   0.02570   0.38144  
 35  6.3340   4091.264406  x:  0.00940   0.00031   0.00362   0.00793   0.00042   0.00309   0.01122   0.02054   0.00646   0.00018   0.00391   0.00000   0.00054   0.00519   0.00242   0.01251   0.01308   0.00246   0.00011   0.00104   0.00522   0.00566   0.00163   0.00203   0.00185   0.00091   0.00225   0.00258   0.00006   0.00000   0.00000   0.00000   0.00080   1.55086   0.70484   0.82432   1.44804   0.02643   0.34044  
 36 10.3838   4088.044808  x:  0.00758   0.00040   0.00353   0.00783   0.00039   0.00404   0.00655   0.02203   0.00591   0.00023   0.00349   0.00000   0.00038   0.00763   0.00239   0.01384   0.01346   0.00279   0.00014   0.00104   0.00537   0.00487   0.00200   0.00215   0.00199   0.00035   0.00266   0.00293   0.00008   0.00000   0.00000   0.00000   0.00089   1.68460   1.03106   0.78934   1.78776   0.02668   0.26717  
 37  2.0017   4082.804262  x:  0.00811   0.00042   0.00347   0.00796   0.00032   0.00680   0.00800   0.02512   0.00469   0.00029   0.00329   0.00000   0.00230   0.00550   0.00226   0.01698   0.01421   0.00302   0.00019   0.00114   0.00563   0.00356   0.00316   0.00237   0.00255   0.00117   0.00279   0.00369   0.00009   0.00000   0.00000   0.00000   0.00125   1.95068   1.63559   1.23542   2.48254   0.02805   0.11126  
 38 15.0280   4079.655286  x:  0.00805   0.00047   0.00348   0.00806   0.00033   0.00867   0.00741   0.02848   0.00323   0.00038   0.00408   0.00000   0.00307   0.00294   0.00214   0.02101   0.01498   0.00300   0.00025   0.00123   0.00587   0.00358   0.00408   0.00262   0.00306   0.00128   0.00302   0.00466   0.00011   0.00000   0.00000   0.00000   0.00154   2.33397   1.23389   1.41238   2.94363   0.02964   1.89260  
 39  4.3206   4078.377033  x:  0.00697   0.00055   0.00345   0.00819   0.00036   0.00757   0.00558   0.02897   0.00364   0.00041   0.00346   0.00000   0.00327   0.00516   0.00219   0.02184   0.01490   0.00313   0.00026   0.00125   0.00586   0.00383   0.00364   0.00263   0.00309   0.00157   0.00334   0.00488   0.00012   0.00000   0.00000   0.00000   0.00153   2.42033   0.91500   1.36236   3.04859   0.02972   2.00454  
 40  2.3019   4075.030767  x:  0.00770   0.00056   0.00361   0.00883   0.00049   0.00529   0.00780   0.02831   0.00573   0.00045   0.00314   0.00000   0.00272   0.00337   0.00233   0.02391   0.01468   0.00263   0.00029   0.00132   0.00542   0.00616   0.00256   0.00258   0.00318   0.00123   0.00327   0.00530   0.00013   0.00000   0.00000   0.00000   0.00146   2.67424   0.56706   1.14539   2.45659   0.03047   1.85846  
 41  1.4863   4074.054902  x:  0.00775   0.00057   0.00366   0.00914   0.00053   0.00389   0.00822   0.02781   0.00653   0.00046   0.00298   0.00000   0.00260   0.00337   0.00241   0.02456   0.01448   0.00250   0.00030   0.00134   0.00521   0.00682   0.00199   0.00254   0.00317   0.00140   0.00326   0.00543   0.00014   0.00000   0.00000   0.00000   0.00141   2.75986   0.82138   1.10137   2.28147   0.03063   1.89402  
 42  2.9903   4071.668877  x:  0.00801   0.00061   0.00370   0.00969   0.00058   0.00378   0.00811   0.02493   0.00536   0.00051   0.00565   0.00000   0.00088   0.00309   0.00251   0.02582   0.01270   0.00186   0.00034   0.00139   0.00436   0.00585   0.00235   0.00246   0.00284   0.00176   0.00301   0.00572   0.00015   0.00000   0.00000   0.00000   0.00119   3.05570   0.78766   0.93717   2.14780   0.02810   1.56538  
 43  0.4246   4069.998680  x:  0.00849   0.00066   0.00340   0.00943   0.00057   0.00578   0.00887   0.02233   0.00470   0.00057   0.00355   0.00000   0.00071   0.00411   0.00244   0.02702   0.01136   0.00203   0.00039   0.00145   0.00379   0.00414   0.00247   0.00234   0.00260   0.00143   0.00270   0.00595   0.00017   0.00000   0.00000   0.00000   0.00123   3.35250   0.82437   1.03434   2.35939   0.02593   1.56823  
 44  0.3190   4068.730766  x:  0.00771   0.00070   0.00337   0.00939   0.00062   0.00504   0.00696   0.02106   0.00429   0.00063   0.00313   0.00000   0.00172   0.00374   0.00242   0.02837   0.01176   0.00253   0.00045   0.00145   0.00396   0.00427   0.00225   0.00240   0.00248   0.00068   0.00222   0.00621   0.00018   0.00000   0.00000   0.00000   0.00137   3.66536   0.80831   1.16331   2.51416   0.02621   1.45745  
 45  0.3476   4067.444618  x:  0.00646   0.00078   0.00359   0.00941   0.00074   0.00454   0.00613   0.02031   0.00457   0.00074   0.00381   0.00000   0.00108   0.00341   0.00233   0.03011   0.01347   0.00287   0.00053   0.00141   0.00470   0.00586   0.00222   0.00252   0.00221   0.00126   0.00155   0.00648   0.00020   0.00000   0.00000   0.00000   0.00119   4.14623   0.79892   1.18627   2.42725   0.02860   1.06292  
 46  0.3903   4066.622617  x:  0.00679   0.00084   0.00364   0.00940   0.00080   0.00408   0.00882   0.02022   0.00461   0.00082   0.00362   0.00000   0.00084   0.00414   0.00236   0.03059   0.01412   0.00265   0.00061   0.00140   0.00523   0.00518   0.00239   0.00248   0.00221   0.00104   0.00097   0.00644   0.00022   0.00000   0.00000   0.00000   0.00116   4.51443   0.73359   1.21905   2.29067   0.03067   0.62712  
 47  0.4331   4066.037233  x:  0.00706   0.00086   0.00357   0.00924   0.00081   0.00512   0.00866   0.02078   0.00484   0.00085   0.00354   0.00000   0.00110   0.00368   0.00238   0.02958   0.01398   0.00251   0.00065   0.00135   0.00537   0.00431   0.00238   0.00240   0.00224   0.00096   0.00081   0.00615   0.00023   0.00000   0.00000   0.00000   0.00118   4.63940   0.69037   1.28697   2.30601   0.03133   0.25871  
 48  0.3020   4065.656029  x:  0.00702   0.00089   0.00343   0.00887   0.00080   0.00538   0.00821   0.02193   0.00489   0.00085   0.00346   0.00000   0.00154   0.00396   0.00241   0.02801   0.01327   0.00236   0.00065   0.00130   0.00514   0.00403   0.00236   0.00232   0.00230   0.00120   0.00139   0.00582   0.00024   0.00000   0.00000   0.00000   0.00121   4.57862   0.66206   1.33703   2.42840   0.03081   0.40099  
 49  0.2063   4065.270095  x:  0.00717   0.00094   0.00336   0.00832   0.00085   0.00511   0.00756   0.02190   0.00480   0.00090   0.00354   0.00000   0.00158   0.00386   0.00241   0.02666   0.01277   0.00225   0.00068   0.00124   0.00488   0.00472   0.00237   0.00225   0.00232   0.00134   0.00146   0.00547   0.00025   0.00000   0.00000   0.00000   0.00120   4.73654   0.63361   1.37862   2.40649   0.03046   0.19708  
 50  0.2806   4064.927164  x:  0.00758   0.00098   0.00345   0.00821   0.00092   0.00484   0.00679   0.02148   0.00509   0.00095   0.00354   0.00000   0.00157   0.00345   0.00241   0.02530   0.01246   0.00229   0.00073   0.00119   0.00446   0.00537   0.00243   0.00221   0.00244   0.00149   0.00130   0.00513   0.00027   0.00000   0.00000   0.00000   0.00120   4.96214   0.64624   1.43495   2.31211   0.02998   0.39376  
 51  0.3201   4064.459705  x:  0.00700   0.00113   0.00365   0.00869   0.00102   0.00396   0.00778   0.02168   0.00501   0.00110   0.00389   0.00000   0.00135   0.00387   0.00240   0.02365   0.01301   0.00239   0.00086   0.00110   0.00447   0.00468   0.00228   0.00224   0.00238   0.00151   0.00117   0.00472   0.00031   0.00000   0.00000   0.00000   0.00116   5.50467   0.57809   1.51050   2.22705   0.03064   0.38214  
 52  0.3502   4064.313163  x:  0.00702   0.00118   0.00358   0.00860   0.00106   0.00486   0.00823   0.02190   0.00488   0.00115   0.00357   0.00000   0.00118   0.00370   0.00237   0.02312   0.01336   0.00241   0.00090   0.00108   0.00460   0.00478   0.00238   0.00229   0.00234   0.00140   0.00114   0.00459   0.00033   0.00000   0.00000   0.00000   0.00115   5.72039   0.57576   1.55400   2.22203   0.03096   0.37504  
 53  0.2310   4064.260892  x:  0.00717   0.00122   0.00346   0.00860   0.00108   0.00477   0.00779   0.02195   0.00461   0.00119   0.00348   0.00000   0.00115   0.00363   0.00239   0.02319   0.01328   0.00239   0.00094   0.00111   0.00467   0.00462   0.00235   0.00233   0.00232   0.00123   0.00113   0.00464   0.00034   0.00000   0.00000   0.00000   0.00119   5.87846   0.54015   1.56363   2.20483   0.03103   0.36876  
 54  0.1120   4064.239510  x:  0.00717   0.00124   0.00345   0.00866   0.00109   0.00476   0.00768   0.02197   0.00469   0.00121   0.00363   0.00000   0.00119   0.00372   0.00239   0.02330   0.01322   0.00240   0.00095   0.00113   0.00471   0.00476   0.00236   0.00234   0.00235   0.00111   0.00118   0.00471   0.00035   0.00000   0.00000   0.00000   0.00120   5.96194   0.55346   1.57637   2.19918   0.03110   0.37039  
 55  0.0814   4064.231750  x:  0.00712   0.00126   0.00349   0.00867   0.00110   0.00470   0.00768   0.02204   0.00486   0.00123   0.00350   0.00000   0.00118   0.00370   0.00240   0.02334   0.01314   0.00239   0.00097   0.00115   0.00473   0.00477   0.00236   0.00234   0.00237   0.00115   0.00122   0.00476   0.00036   0.00000   0.00000   0.00000   0.00118   6.01774   0.55112   1.57841   2.18943   0.03119   0.37300  
 56  0.0393   4064.225270  x:  0.00712   0.00127   0.00352   0.00861   0.00111   0.00474   0.00773   0.02208   0.00482   0.00125   0.00361   0.00000   0.00118   0.00372   0.00239   0.02336   0.01304   0.00237   0.00098   0.00118   0.00473   0.00474   0.00239   0.00235   0.00239   0.00119   0.00125   0.00483   0.00037   0.00000   0.00000   0.00000   0.00117   6.07562   0.54387   1.58391   2.20140   0.03120   0.38090  
 57  0.0272   4064.217059  x:  0.00723   0.00128   0.00349   0.00854   0.00110   0.00476   0.00776   0.02198   0.00472   0.00126   0.00356   0.00000   0.00120   0.00365   0.00239   0.02345   0.01307   0.00237   0.00100   0.00122   0.00472   0.00471   0.00237   0.00237   0.00238   0.00122   0.00120   0.00496   0.00037   0.00000   0.00000   0.00000   0.00117   6.10926   0.55089   1.58297   2.19956   0.03122   0.38560  
 58  0.0113   4064.196972  x:  0.00717   0.00127   0.00344   0.00855   0.00106   0.00477   0.00780   0.02182   0.00484   0.00128   0.00360   0.00000   0.00132   0.00362   0.00240   0.02301   0.01329   0.00243   0.00101   0.00127   0.00465   0.00475   0.00230   0.00239   0.00234   0.00122   0.00117   0.00508   0.00038   0.00000   0.00000   0.00000   0.00118   6.05839   0.54472   1.57315   2.20938   0.03122   0.37477  
 59  0.0110   4064.158715  x:  0.00701   0.00124   0.00351   0.00864   0.00096   0.00462   0.00778   0.02174   0.00483   0.00129   0.00357   0.00000   0.00121   0.00372   0.00239   0.02253   0.01336   0.00241   0.00103   0.00132   0.00466   0.00475   0.00249   0.00238   0.00230   0.00117   0.00121   0.00526   0.00041   0.00000   0.00000   0.00000   0.00118   5.90434   0.57031   1.52404   2.20495   0.03127   0.34923  
 60  0.0404   4064.124982  x:  0.00717   0.00121   0.00352   0.00865   0.00088   0.00477   0.00765   0.02203   0.00479   0.00131   0.00356   0.00000   0.00109   0.00375   0.00235   0.02256   0.01305   0.00232   0.00106   0.00134   0.00473   0.00476   0.00230   0.00234   0.00240   0.00115   0.00121   0.00536   0.00043   0.00000   0.00000   0.00000   0.00118   5.80563   0.56927   1.48076   2.16362   0.03151   0.36206  
 61  0.0457   4064.065792  x:  0.00710   0.00119   0.00345   0.00860   0.00077   0.00485   0.00768   0.02241   0.00476   0.00138   0.00354   0.00000   0.00129   0.00363   0.00247   0.02273   0.01278   0.00240   0.00113   0.00124   0.00483   0.00479   0.00239   0.00228   0.00248   0.00118   0.00111   0.00521   0.00048   0.00000   0.00000   0.00000   0.00119   5.74856   0.57210   1.49324   2.19217   0.03175   0.41173  
 62  0.0167   4064.003804  x:  0.00703   0.00122   0.00350   0.00890   0.00070   0.00467   0.00781   0.02216   0.00486   0.00148   0.00361   0.00000   0.00116   0.00366   0.00236   0.02323   0.01291   0.00247   0.00123   0.00110   0.00477   0.00477   0.00237   0.00229   0.00234   0.00115   0.00113   0.00491   0.00054   0.00000   0.00000   0.00000   0.00116   5.82033   0.57449   1.50229   2.16454   0.03144   0.41726  
 63  0.0291   4063.982044  x:  0.00725   0.00121   0.00350   0.00879   0.00065   0.00471   0.00773   0.02193   0.00479   0.00152   0.00356   0.00000   0.00120   0.00376   0.00237   0.02332   0.01309   0.00238   0.00127   0.00113   0.00466   0.00481   0.00236   0.00233   0.00232   0.00118   0.00120   0.00493   0.00057   0.00000   0.00000   0.00000   0.00117   5.79226   0.56915   1.49503   2.18058   0.03103   0.39005  
 64  0.0232   4063.972947  x:  0.00723   0.00122   0.00352   0.00878   0.00067   0.00479   0.00768   0.02190   0.00483   0.00153   0.00361   0.00000   0.00121   0.00362   0.00240   0.02351   0.01321   0.00235   0.00128   0.00113   0.00468   0.00474   0.00236   0.00236   0.00239   0.00119   0.00121   0.00485   0.00058   0.00000   0.00000   0.00000   0.00117   5.81322   0.56850   1.51096   2.19071   0.03088   0.36327  
 65  0.0173   4063.958688  x:  0.00703   0.00120   0.00349   0.00868   0.00068   0.00474   0.00778   0.02190   0.00480   0.00154   0.00355   0.00000   0.00119   0.00373   0.00236   0.02368   0.01327   0.00236   0.00129   0.00117   0.00479   0.00482   0.00236   0.00238   0.00248   0.00119   0.00118   0.00477   0.00059   0.00000   0.00000   0.00000   0.00119   5.74345   0.57370   1.51744   2.20608   0.03082   0.34101  
 66  0.0200   4063.926394  x:  0.00717   0.00118   0.00349   0.00865   0.00075   0.00461   0.00771   0.02191   0.00486   0.00156   0.00361   0.00000   0.00115   0.00370   0.00237   0.02326   0.01288   0.00242   0.00133   0.00132   0.00478   0.00470   0.00235   0.00238   0.00244   0.00118   0.00115   0.00467   0.00064   0.00000   0.00000   0.00000   0.00121   5.64997   0.56874   1.52928   2.17185   0.03070   0.35602  
 67  0.0232   4063.905899  x:  0.00712   0.00119   0.00350   0.00864   0.00083   0.00477   0.00779   0.02193   0.00479   0.00159   0.00356   0.00000   0.00119   0.00367   0.00241   0.02358   0.01307   0.00240   0.00137   0.00138   0.00474   0.00479   0.00235   0.00243   0.00230   0.00117   0.00120   0.00467   0.00067   0.00000   0.00000   0.00000   0.00119   5.66152   0.55943   1.55040   2.19095   0.03071   0.38249  
 68  0.0177   4063.883854  x:  0.00707   0.00115   0.00353   0.00885   0.00090   0.00478   0.00762   0.02209   0.00481   0.00160   0.00357   0.00000   0.00118   0.00369   0.00237   0.02353   0.01325   0.00232   0.00139   0.00135   0.00465   0.00474   0.00239   0.00238   0.00235   0.00119   0.00117   0.00473   0.00071   0.00000   0.00000   0.00000   0.00116   5.51274   0.57685   1.52368   2.15574   0.03105   0.39512  
 69  0.0404   4063.860311  x:  0.00713   0.00118   0.00347   0.00879   0.00102   0.00469   0.00768   0.02208   0.00473   0.00162   0.00354   0.00000   0.00119   0.00371   0.00238   0.02337   0.01314   0.00230   0.00142   0.00121   0.00459   0.00478   0.00237   0.00230   0.00242   0.00116   0.00117   0.00484   0.00073   0.00000   0.00000   0.00000   0.00114   5.62820   0.56291   1.51164   2.11288   0.03116   0.39154  
 70  0.0415   4063.848355  x:  0.00713   0.00115   0.00348   0.00867   0.00106   0.00473   0.00778   0.02195   0.00476   0.00162   0.00358   0.00000   0.00119   0.00367   0.00241   0.02336   0.01314   0.00239   0.00143   0.00119   0.00466   0.00474   0.00236   0.00229   0.00239   0.00117   0.00118   0.00494   0.00076   0.00000   0.00000   0.00000   0.00117   5.52112   0.56634   1.48365   2.11622   0.03090   0.36291  
 71  0.0582   4063.845028  x:  0.00719   0.00115   0.00351   0.00861   0.00108   0.00475   0.00770   0.02196   0.00479   0.00163   0.00357   0.00000   0.00119   0.00371   0.00238   0.02340   0.01312   0.00240   0.00144   0.00116   0.00474   0.00474   0.00238   0.00232   0.00236   0.00119   0.00119   0.00492   0.00077   0.00000   0.00000   0.00000   0.00118   5.53429   0.57398   1.48042   2.12178   0.03082   0.36582  
 72  0.0077   4063.839905  x:  0.00713   0.00115   0.00350   0.00859   0.00109   0.00473   0.00770   0.02194   0.00480   0.00161   0.00358   0.00000   0.00118   0.00367   0.00239   0.02327   0.01313   0.00234   0.00142   0.00116   0.00478   0.00475   0.00236   0.00239   0.00235   0.00117   0.00118   0.00492   0.00077   0.00000   0.00000   0.00000   0.00121   5.51932   0.58204   1.45689   2.15068   0.03078   0.38571  
 73  0.0095   4063.833161  x:  0.00718   0.00115   0.00348   0.00863   0.00110   0.00474   0.00779   0.02184   0.00482   0.00159   0.00358   0.00000   0.00120   0.00372   0.00241   0.02329   0.01312   0.00236   0.00141   0.00116   0.00467   0.00471   0.00237   0.00245   0.00242   0.00120   0.00118   0.00483   0.00078   0.00000   0.00000   0.00000   0.00119   5.52640   0.58827   1.44584   2.20058   0.03070   0.37626  
 74  0.0112   4063.823149  x:  0.00719   0.00115   0.00348   0.00868   0.00111   0.00474   0.00770   0.02204   0.00477   0.00156   0.00355   0.00000   0.00119   0.00366   0.00238   0.02341   0.01302   0.00244   0.00139   0.00119   0.00467   0.00477   0.00238   0.00247   0.00240   0.00116   0.00119   0.00483   0.00080   0.00000   0.00000   0.00000   0.00115   5.50999   0.60857   1.41223   2.24511   0.03094   0.36355  
 75  0.0168   4063.801627  x:  0.00719   0.00117   0.00355   0.00867   0.00110   0.00475   0.00775   0.02231   0.00476   0.00150   0.00361   0.00000   0.00125   0.00370   0.00241   0.02325   0.01310   0.00238   0.00136   0.00120   0.00473   0.00477   0.00232   0.00231   0.00228   0.00119   0.00113   0.00472   0.00084   0.00000   0.00000   0.00000   0.00115   5.59252   0.61989   1.42081   2.28830   0.03097   0.34732  
 76  0.0145   4063.771399  x:  0.00715   0.00117   0.00350   0.00863   0.00107   0.00471   0.00778   0.02201   0.00484   0.00139   0.00356   0.00000   0.00119   0.00368   0.00239   0.02346   0.01315   0.00227   0.00130   0.00127   0.00473   0.00475   0.00242   0.00218   0.00234   0.00118   0.00114   0.00478   0.00091   0.00000   0.00000   0.00000   0.00119   5.56268   0.62211   1.39498   2.37827   0.03023   0.35164  
 77  0.0264   4063.738461  x:  0.00718   0.00121   0.00342   0.00867   0.00105   0.00479   0.00764   0.02190   0.00482   0.00131   0.00359   0.00000   0.00119   0.00366   0.00237   0.02353   0.01329   0.00249   0.00127   0.00126   0.00472   0.00476   0.00235   0.00216   0.00242   0.00117   0.00120   0.00470   0.00099   0.00000   0.00000   0.00000   0.00123   5.64338   0.60974   1.46466   2.38557   0.03002   0.40498  
 78  0.0312   4063.704002  x:  0.00723   0.00121   0.00355   0.00864   0.00103   0.00468   0.00776   0.02203   0.00473   0.00119   0.00356   0.00000   0.00117   0.00368   0.00244   0.02309   0.01341   0.00242   0.00121   0.00118   0.00474   0.00470   0.00235   0.00226   0.00243   0.00118   0.00122   0.00491   0.00108   0.00000   0.00000   0.00000   0.00123   5.59783   0.61144   1.46217   2.31331   0.03087   0.40518  
 79  0.0249   4063.684280  x:  0.00717   0.00122   0.00352   0.00861   0.00098   0.00470   0.00774   0.02189   0.00479   0.00117   0.00356   0.00000   0.00119   0.00368   0.00237   0.02340   0.01313   0.00236   0.00121   0.00119   0.00471   0.00474   0.00236   0.00233   0.00239   0.00117   0.00119   0.00488   0.00115   0.00000   0.00000   0.00000   0.00119   5.63201   0.58278   1.51383   2.24949   0.03112   0.36874  
 80  0.0454   4063.682779  x:  0.00716   0.00122   0.00349   0.00865   0.00099   0.00474   0.00772   0.02194   0.00480   0.00116   0.00358   0.00000   0.00119   0.00369   0.00239   0.02335   0.01311   0.00238   0.00121   0.00117   0.00471   0.00475   0.00236   0.00235   0.00237   0.00118   0.00117   0.00488   0.00116   0.00000   0.00000   0.00000   0.00118   5.64240   0.58003   1.50846   2.23380   0.03109   0.37310  
 81  0.0132   4063.682147  x:  0.00716   0.00122   0.00349   0.00866   0.00099   0.00474   0.00772   0.02200   0.00479   0.00116   0.00357   0.00000   0.00118   0.00369   0.00239   0.02334   0.01313   0.00237   0.00121   0.00119   0.00472   0.00475   0.00237   0.00236   0.00237   0.00118   0.00117   0.00489   0.00117   0.00000   0.00000   0.00000   0.00118   5.63472   0.57718   1.49798   2.20376   0.03087   0.37034  
 82  0.0110   4063.681923  x:  0.00715   0.00122   0.00349   0.00867   0.00099   0.00473   0.00773   0.02201   0.00479   0.00116   0.00357   0.00000   0.00119   0.00369   0.00239   0.02336   0.01312   0.00238   0.00121   0.00118   0.00471   0.00475   0.00236   0.00235   0.00238   0.00118   0.00117   0.00488   0.00117   0.00000   0.00000   0.00000   0.00118   5.63331   0.57649   1.49065   2.18427   0.03081   0.37168  
 83  0.0104   4063.681794  x:  0.00716   0.00122   0.00350   0.00865   0.00099   0.00474   0.00772   0.02197   0.00479   0.00116   0.00357   0.00000   0.00119   0.00369   0.00239   0.02336   0.01312   0.00238   0.00121   0.00119   0.00471   0.00475   0.00237   0.00235   0.00237   0.00118   0.00117   0.00488   0.00116   0.00000   0.00000   0.00000   0.00118   5.63628   0.57463   1.48870   2.17225   0.03089   0.37243  
 84  0.0041   4063.681724  x:  0.00715   0.00122   0.00349   0.00865   0.00099   0.00474   0.00772   0.02198   0.00479   0.00116   0.00357   0.00000   0.00119   0.00369   0.00239   0.02336   0.01312   0.00238   0.00121   0.00118   0.00471   0.00475   0.00237   0.00235   0.00237   0.00118   0.00117   0.00488   0.00116   0.00000   0.00000   0.00000   0.00118   5.63394   0.57388   1.48308   2.15852   0.03093   0.37229  
 85  0.0066   4063.681678  x:  0.00715   0.00121   0.00349   0.00865   0.00099   0.00473   0.00772   0.02197   0.00479   0.00116   0.00357   0.00000   0.00119   0.00369   0.00239   0.02337   0.01312   0.00238   0.00121   0.00119   0.00472   0.00475   0.00237   0.00235   0.00237   0.00118   0.00117   0.00488   0.00117   0.00000   0.00000   0.00000   0.00118   5.63555   0.57448   1.48479   2.16462   0.03092   0.37237  
 86  0.0015   4063.681516  x:  0.00716   0.00121   0.00349   0.00867   0.00098   0.00473   0.00773   0.02194   0.00479   0.00116   0.00358   0.00000   0.00119   0.00368   0.00239   0.02336   0.01312   0.00238   0.00121   0.00119   0.00473   0.00475   0.00237   0.00235   0.00237   0.00118   0.00118   0.00487   0.00118   0.00000   0.00000   0.00000   0.00118   5.63883   0.57508   1.48393   2.16680   0.03095   0.37305  
 87  0.0011   4063.680858  x:  0.00714   0.00118   0.00351   0.00867   0.00098   0.00475   0.00772   0.02194   0.00478   0.00117   0.00356   0.00000   0.00120   0.00369   0.00238   0.02332   0.01311   0.00237   0.00120   0.00118   0.00472   0.00476   0.00237   0.00235   0.00238   0.00118   0.00118   0.00487   0.00118   0.00000   0.00000   0.00000   0.00118   5.64716   0.57293   1.48177   2.15445   0.03096   0.37273  
 88  0.0025   4063.680517  x:  0.00715   0.00117   0.00350   0.00866   0.00099   0.00474   0.00772   0.02198   0.00479   0.00117   0.00357   0.00000   0.00119   0.00369   0.00239   0.02335   0.01312   0.00238   0.00119   0.00119   0.00471   0.00475   0.00237   0.00235   0.00237   0.00118   0.00118   0.00488   0.00117   0.00000   0.00000   0.00000   0.00118   5.65288   0.57393   1.49185   2.17517   0.03091   0.37196  
 89  0.0114   4063.680492  x:  0.00715   0.00117   0.00349   0.00866   0.00099   0.00473   0.00773   0.02198   0.00479   0.00117   0.00357   0.00000   0.00119   0.00369   0.00239   0.02336   0.01312   0.00238   0.00119   0.00118   0.00471   0.00475   0.00237   0.00235   0.00237   0.00118   0.00118   0.00488   0.00117   0.00000   0.00000   0.00000   0.00118   5.65377   0.57354   1.49126   2.17105   0.03092   0.37219  
 90  0.0030   4063.680477  x:  0.00715   0.00117   0.00349   0.00865   0.00098   0.00473   0.00773   0.02198   0.00479   0.00117   0.00357   0.00000   0.00119   0.00369   0.00239   0.02336   0.01312   0.00238   0.00119   0.00118   0.00471   0.00475   0.00237   0.00235   0.00237   0.00118   0.00118   0.00488   0.00118   0.00000   0.00000   0.00000   0.00118   5.65398   0.57403   1.49092   2.17360   0.03092   0.37265  
 91  0.0008   4063.680466  x:  0.00715   0.00117   0.00350   0.00865   0.00099   0.00474   0.00772   0.02198   0.00479   0.00117   0.00357   0.00000   0.00119   0.00369   0.00239   0.02336   0.01312   0.00238   0.00119   0.00118   0.00471   0.00475   0.00237   0.00235   0.00237   0.00118   0.00118   0.00488   0.00118   0.00000   0.00000   0.00000   0.00118   5.65258   0.57362   1.49101   2.17146   0.03092   0.37207  
 92  0.0007   4063.680334  x:  0.00715   0.00117   0.00350   0.00865   0.00099   0.00474   0.00772   0.02198   0.00479   0.00118   0.00357   0.00000   0.00119   0.00369   0.00239   0.02335   0.01313   0.00238   0.00119   0.00118   0.00471   0.00475   0.00237   0.00235   0.00237   0.00118   0.00117   0.00488   0.00118   0.00000   0.00000   0.00000   0.00118   5.64947   0.57326   1.49076   2.17029   0.03091   0.37142  
 93  0.0004   4063.680084  x:  0.00715   0.00118   0.00351   0.00865   0.00099   0.00474   0.00772   0.02198   0.00479   0.00119   0.00357   0.00000   0.00119   0.00369   0.00239   0.02335   0.01313   0.00238   0.00117   0.00118   0.00471   0.00475   0.00237   0.00235   0.00237   0.00118   0.00117   0.00488   0.00118   0.00000   0.00000   0.00000   0.00117   5.64469   0.57339   1.49008   2.17015   0.03090   0.37161  
 94  0.0031   4063.680024  x:  0.00715   0.00118   0.00349   0.00865   0.00099   0.00473   0.00772   0.02198   0.00479   0.00119   0.00357   0.00000   0.00119   0.00369   0.00239   0.02336   0.01312   0.00238   0.00116   0.00118   0.00471   0.00475   0.00237   0.00235   0.00237   0.00118   0.00118   0.00488   0.00118   0.00000   0.00000   0.00000   0.00118   5.64720   0.57404   1.48974   2.17091   0.03091   0.37265  
 95  0.0018   4063.680024  x:  0.00715   0.00118   0.00349   0.00865   0.00099   0.00473   0.00772   0.02198   0.00479   0.00119   0.00357   0.00000   0.00119   0.00369   0.00239   0.02336   0.01312   0.00238   0.00116   0.00118   0.00471   0.00475   0.00237   0.00235   0.00237   0.00118   0.00117   0.00488   0.00118   0.00000   0.00000   0.00000   0.00118   5.64726   0.57403   1.48967   2.17079   0.03092   0.37248  
 96  0.0002   4063.680024  x:  0.00715   0.00118   0.00349   0.00865   0.00099   0.00473   0.00772   0.02198   0.00479   0.00119   0.00357   0.00000   0.00119   0.00369   0.00239   0.02336   0.01312   0.00238   0.00116   0.00118   0.00471   0.00475   0.00237   0.00235   0.00237   0.00118   0.00117   0.00488   0.00118   0.00000   0.00000   0.00000   0.00118   5.64726   0.57403   1.48967   2.17079   0.03092   0.37248  
 97  0.0002   4063.680024  x:  0.00715   0.00118   0.00349   0.00865   0.00099   0.00473   0.00772   0.02198   0.00479   0.00119   0.00357   0.00000   0.00119   0.00369   0.00239   0.02336   0.01312   0.00238   0.00116   0.00118   0.00471   0.00475   0.00237   0.00235   0.00237   0.00118   0.00117   0.00488   0.00118   0.00000   0.00000   0.00000   0.00118   5.64726   0.57403   1.48967   2.17079   0.03092   0.37248  
check convergence!
