

TREE # 1

  0  0.0000   5396.632180  x:  0.02057   0.00309   0.01810   0.02138   0.01769   0.02543   0.01290   0.01878   0.02995   0.01137   0.00000   0.01727   0.01834   0.02647   0.00886   0.03052   0.04208   0.01565   0.01774   0.00967   0.02330   0.02652   0.02410   0.00992   0.02756   0.01926   0.01201   0.03486   0.01891   0.02873   0.00238   0.03224   0.01500   0.03812   0.02371   0.01362   0.01809   0.03133   0.03410   0.03045   0.02314   0.02527   0.01667   0.02482   0.03732   0.02653   0.01526   0.06710   0.02927   1.24168   0.56920   0.84789   0.94116   1.00155   0.14683   0.27280   1.79839  
  1 99.0000   5396.624892  x:  0.02057   0.00309   0.01810   0.02138   0.01769   0.02543   0.01290   0.01878   0.02995   0.01137   0.00000   0.01727   0.01834   0.02647   0.00886   0.03052   0.04208   0.01565   0.01774   0.00967   0.02330   0.02652   0.02410   0.00992   0.02756   0.01926   0.01201   0.03486   0.01891   0.02873   0.00238   0.03223   0.01500   0.03812   0.02371   0.01362   0.01809   0.03133   0.03410   0.03045   0.02314   0.02527   0.01667   0.02482   0.03731   0.02653   0.01526   0.06710   0.02927   1.24168   0.56920   0.84789   0.94116   1.00155   0.14683   0.27280   1.79839  
  2 2435.0546   5370.776970  x:  0.02172   0.00000   0.01706   0.02106   0.01591   0.02370   0.01194   0.01763   0.02732   0.00859   0.00000   0.01430   0.01536   0.02395   0.00712   0.02902   0.04295   0.01379   0.01621   0.00695   0.02048   0.02462   0.02347   0.00947   0.02726   0.01729   0.01044   0.03330   0.01719   0.02726   0.00066   0.03106   0.01375   0.03704   0.02081   0.01171   0.01601   0.03071   0.03433   0.02893   0.02314   0.02534   0.01663   0.02330   0.03562   0.02444   0.01492   0.06710   0.02862   1.24196   0.56929   0.84796   0.94104   1.00180   0.14666   0.27063   1.79835  
  3 25464.8199   5344.916888  x:  0.01744   0.00000   0.01811   0.02149   0.01555   0.02359   0.01548   0.02008   0.02335   0.00677   0.00000   0.00915   0.00934   0.01976   0.00736   0.02688   0.04213   0.01168   0.01606   0.00000   0.01545   0.02191   0.02335   0.01047   0.02788   0.01404   0.01123   0.03202   0.01635   0.02682   0.00076   0.03035   0.01514   0.03680   0.01528   0.01139   0.01238   0.02987   0.03388   0.02752   0.02314   0.02494   0.01579   0.02271   0.03320   0.01959   0.01608   0.06649   0.02742   1.24257   0.56926   0.84821   0.94063   1.00262   0.14596   0.26934   1.79820  
  4 2828.8317   5326.012197  x:  0.02651   0.00000   0.01924   0.02162   0.01943   0.02553   0.01515   0.02229   0.01813   0.00997   0.00000   0.00293   0.00000   0.01345   0.01035   0.02383   0.03911   0.01097   0.01898   0.00000   0.00751   0.01901   0.02425   0.00956   0.02676   0.00981   0.01528   0.03167   0.01629   0.02766   0.00069   0.03159   0.01616   0.03811   0.00544   0.01471   0.00746   0.02891   0.03360   0.02710   0.02262   0.02390   0.01581   0.02414   0.03067   0.00737   0.01706   0.06443   0.02665   1.24410   0.56904   0.84896   0.93943   1.00501   0.14383   0.27128   1.79777  
  5 1683.9961   5321.035815  x:  0.02945   0.00000   0.01966   0.02168   0.02074   0.02618   0.01518   0.02317   0.01602   0.01095   0.00000   0.00051   0.00049   0.01098   0.01138   0.02260   0.03801   0.01057   0.02001   0.00000   0.00437   0.01781   0.02456   0.00928   0.02638   0.00811   0.01673   0.03144   0.01619   0.02790   0.00068   0.03198   0.01654   0.03854   0.00160   0.01584   0.00549   0.02851   0.03349   0.02685   0.02243   0.02351   0.01577   0.02459   0.02961   0.00265   0.01745   0.06367   0.02630   1.24470   0.56896   0.84925   0.93898   1.00592   0.14302   0.27188   1.79760  
  6 5771.7726   5318.994569  x:  0.03045   0.00000   0.01981   0.02168   0.02120   0.02639   0.01521   0.02354   0.01493   0.01125   0.00000   0.00149   0.00063   0.00976   0.01177   0.02196   0.03756   0.01030   0.02041   0.00000   0.00292   0.01719   0.02467   0.00918   0.02622   0.00728   0.01732   0.03126   0.01604   0.02794   0.00067   0.03210   0.01666   0.03871   0.00000   0.01627   0.00454   0.02829   0.03347   0.02668   0.02235   0.02333   0.01574   0.02472   0.02904   0.00024   0.01764   0.06331   0.02611   1.24500   0.56892   0.84939   0.93874   1.00638   0.14261   0.27210   1.79752  
  7 3523.3331   5318.773697  x:  0.03051   0.00000   0.01981   0.02168   0.02123   0.02641   0.01521   0.02357   0.01483   0.01127   0.00000   0.00152   0.00064   0.00965   0.01179   0.02189   0.03753   0.01028   0.02043   0.00000   0.00283   0.01713   0.02468   0.00917   0.02621   0.00721   0.01737   0.03124   0.01602   0.02794   0.00067   0.03210   0.01666   0.03873   0.00009   0.01630   0.00447   0.02827   0.03347   0.02666   0.02235   0.02332   0.01574   0.02473   0.02899   0.00000   0.01766   0.06328   0.02609   1.24504   0.56891   0.84941   0.93872   1.00643   0.14257   0.27212   1.79751  
  8 1703.4710   5316.394062  x:  0.02982   0.00000   0.01890   0.02069   0.02174   0.02653   0.01305   0.02381   0.00903   0.01216   0.00000   0.00178   0.00075   0.00526   0.01270   0.01737   0.03642   0.00894   0.02203   0.00000   0.00864   0.01494   0.02526   0.00881   0.02511   0.00545   0.01994   0.02957   0.01365   0.02717   0.00072   0.03268   0.01480   0.03987   0.00025   0.01838   0.00389   0.02671   0.03463   0.02577   0.02208   0.02259   0.01595   0.02489   0.02605   0.00000   0.01847   0.06098   0.02516   1.24797   0.56859   0.85080   0.93650   1.01084   0.13864   0.27504   1.79670  
  9 438.3548   5313.934510  x:  0.02777   0.00000   0.01712   0.01948   0.02134   0.02605   0.01049   0.02363   0.00630   0.01245   0.00000   0.00167   0.00064   0.01031   0.01337   0.01138   0.03596   0.00757   0.02331   0.00000   0.00762   0.01084   0.02529   0.00909   0.02390   0.00667   0.02301   0.02705   0.00955   0.02580   0.00083   0.03322   0.01158   0.04104   0.00019   0.02064   0.00483   0.02433   0.03618   0.02410   0.02181   0.02195   0.01598   0.02446   0.02180   0.00000   0.01879   0.05790   0.02409   1.25375   0.56798   0.85355   0.93212   1.01948   0.13095   0.28076   1.79510  
 10 397.5732   5310.158955  x:  0.02560   0.00000   0.01443   0.01858   0.01885   0.02423   0.00952   0.02251   0.01469   0.01050   0.00000   0.00137   0.00056   0.00689   0.01298   0.00884   0.03703   0.00665   0.02358   0.00000   0.00616   0.00806   0.02444   0.00982   0.02208   0.00663   0.02651   0.02359   0.00398   0.02449   0.00101   0.03323   0.00757   0.04170   0.00009   0.02254   0.00425   0.02091   0.03773   0.02102   0.02167   0.02181   0.01565   0.02258   0.01675   0.00000   0.01817   0.05423   0.02312   1.26652   0.56674   0.85961   0.92246   1.03842   0.11409   0.29308   1.79157  
 11 540.0380   5298.673465  x:  0.02548   0.00000   0.01161   0.01839   0.01117   0.01890   0.01097   0.01870   0.01103   0.00000   0.00000   0.00096   0.00042   0.00627   0.00880   0.01421   0.04024   0.00580   0.02011   0.00000   0.00414   0.01056   0.02143   0.01127   0.01859   0.00508   0.03053   0.01814   0.00440   0.02592   0.00107   0.03070   0.00702   0.04045   0.00013   0.02239   0.00264   0.01591   0.03924   0.01472   0.02180   0.02253   0.01457   0.01677   0.01267   0.00000   0.01655   0.04972   0.02170   1.30053   0.56364   0.87573   0.89678   1.08856   0.06950   0.32421   1.78221  
 12 1082.7605   5294.837481  x:  0.02472   0.00000   0.01022   0.01835   0.00629   0.01542   0.01215   0.01635   0.00862   0.00166   0.00000   0.00069   0.00034   0.00565   0.00551   0.01700   0.04245   0.00490   0.01720   0.00000   0.00272   0.01167   0.01953   0.01210   0.01699   0.00402   0.03148   0.01536   0.00447   0.02616   0.00110   0.02870   0.00671   0.03905   0.00015   0.02094   0.00173   0.01361   0.03989   0.01120   0.02187   0.02307   0.01396   0.01323   0.01103   0.00000   0.01561   0.04796   0.02089   1.31875   0.56204   0.88433   0.88306   1.11532   0.04572   0.33988   1.77721  
 13 7148.7431   5287.993185  x:  0.02479   0.00000   0.01208   0.01847   0.00622   0.01243   0.01304   0.01520   0.00653   0.00144   0.00000   0.00048   0.00031   0.00340   0.00058   0.01486   0.04433   0.00349   0.01216   0.00000   0.00126   0.00894   0.01783   0.01320   0.01647   0.00363   0.02936   0.01558   0.00235   0.02405   0.00122   0.02529   0.00779   0.03550   0.00019   0.01590   0.00446   0.01443   0.03961   0.01089   0.02152   0.02334   0.01364   0.01211   0.01372   0.00000   0.01592   0.04822   0.01995   1.34096   0.56028   0.89477   0.86637   1.14765   0.01707   0.35618   1.77116  
 14 2511.9014   5282.151834  x:  0.02545   0.00000   0.01346   0.01857   0.00611   0.00929   0.01414   0.01418   0.00543   0.00126   0.00000   0.00040   0.00031   0.00310   0.00421   0.01194   0.04674   0.00252   0.00601   0.00000   0.00193   0.00538   0.01600   0.01411   0.01627   0.00254   0.02465   0.01583   0.00131   0.02094   0.00131   0.02087   0.00865   0.03047   0.00038   0.00805   0.00261   0.01568   0.03872   0.01077   0.02109   0.02362   0.01334   0.01112   0.01545   0.00000   0.01610   0.04944   0.01878   1.36545   0.55849   0.90622   0.84805   1.18306  -0.01427   0.37153   1.76453  
 15 5147.1098   5279.465679  x:  0.02538   0.00000   0.01335   0.01839   0.00629   0.00927   0.01429   0.01427   0.00552   0.00120   0.00000   0.00035   0.00029   0.00312   0.00330   0.00957   0.04740   0.00343   0.00626   0.00000   0.00227   0.00494   0.01572   0.01418   0.01634   0.00273   0.02153   0.01569   0.00322   0.01948   0.00131   0.01937   0.00849   0.02838   0.00044   0.00465   0.00061   0.01610   0.03817   0.01095   0.02092   0.02353   0.01332   0.01136   0.01476   0.00000   0.01626   0.05010   0.01825   1.37512   0.55788   0.91070   0.84086   1.19687  -0.02645   0.37573   1.76193  
 16 3158.0769   5277.655339  x:  0.02551   0.00000   0.01280   0.01826   0.00606   0.00971   0.01470   0.01464   0.00541   0.00121   0.00000   0.00032   0.00026   0.00272   0.00378   0.00807   0.04787   0.00372   0.00729   0.00000   0.00202   0.00538   0.01563   0.01403   0.01648   0.00215   0.01799   0.01522   0.00469   0.01821   0.00130   0.01815   0.00841   0.02653   0.00050   0.00214   0.00200   0.01631   0.03746   0.01091   0.02084   0.02339   0.01328   0.01151   0.01314   0.00000   0.01635   0.05083   0.01775   1.38342   0.55743   0.91452   0.83472   1.20864  -0.03679   0.37792   1.75972  
 17 4034.5798   5272.892317  x:  0.02582   0.00000   0.01179   0.01810   0.00585   0.01108   0.01561   0.01565   0.00496   0.00129   0.00000   0.00027   0.00023   0.00260   0.00387   0.00661   0.04893   0.00186   0.00872   0.00000   0.00212   0.00708   0.01580   0.01327   0.01741   0.00250   0.00668   0.01464   0.00478   0.01462   0.00136   0.01563   0.00881   0.02210   0.00058   0.00475   0.00202   0.01754   0.03512   0.01161   0.02078   0.02300   0.01328   0.01204   0.01030   0.00000   0.01670   0.05365   0.01692   1.40333   0.55656   0.92357   0.82008   1.23647  -0.06118   0.37931   1.75447  
 18 2965.7756   5271.431768  x:  0.02556   0.00000   0.01149   0.01799   0.00594   0.01136   0.01542   0.01610   0.00457   0.00135   0.00000   0.00025   0.00021   0.00272   0.00369   0.00744   0.04894   0.00421   0.00876   0.00000   0.00222   0.00644   0.01614   0.01270   0.01784   0.00193   0.00354   0.01440   0.00377   0.01401   0.00139   0.01595   0.00885   0.02159   0.00060   0.00520   0.00209   0.01755   0.03436   0.01147   0.02086   0.02271   0.01335   0.01210   0.00993   0.00000   0.01700   0.05449   0.01683   1.41071   0.55635   0.92688   0.81470   1.24662  -0.07002   0.37747   1.75256  
 19 2048.6459   5263.319856  x:  0.02511   0.00000   0.01008   0.01755   0.00625   0.01243   0.01302   0.01802   0.00472   0.00154   0.00000   0.00034   0.00022   0.00301   0.00285   0.01176   0.04852   0.00224   0.00882   0.00000   0.00355   0.00427   0.01814   0.00907   0.02061   0.00496   0.00082   0.01403   0.00305   0.01438   0.00138   0.01943   0.00889   0.02106   0.00080   0.00266   0.00197   0.01726   0.03066   0.01061   0.02154   0.02116   0.01391   0.01229   0.01015   0.00000   0.01827   0.05912   0.01718   1.44581   0.55588   0.94239   0.78933   1.29408  -0.11115   0.35925   1.74355  
 20 2234.3575   5246.726547  x:  0.02400   0.00000   0.00682   0.01662   0.00557   0.01430   0.00797   0.02077   0.00556   0.00179   0.00000   0.00054   0.00024   0.00495   0.00076   0.01763   0.05009   0.00227   0.00763   0.00000   0.00640   0.00404   0.02143   0.00098   0.02781   0.00665   0.00390   0.01418   0.00175   0.01070   0.00139   0.02217   0.00862   0.01520   0.00125   0.00101   0.00217   0.01951   0.02166   0.01107   0.02292   0.01851   0.01523   0.01267   0.01011   0.00000   0.02011   0.07266   0.01763   1.52553   0.55499   0.97756   0.73179   1.40162  -0.20430   0.31539   1.72313  
 21 18579.4160   5228.258961  x:  0.02249   0.00000   0.00675   0.01554   0.00462   0.01269   0.00114   0.02008   0.00721   0.00202   0.00000   0.00066   0.00026   0.00519   0.00051   0.01874   0.05306   0.00329   0.00474   0.00000   0.00822   0.00278   0.02295   0.00231   0.03490   0.00757   0.00430   0.01499   0.00740   0.01156   0.00121   0.02404   0.00599   0.01302   0.00153   0.00406   0.00412   0.02108   0.01711   0.01126   0.02426   0.01686   0.01662   0.01177   0.01274   0.00000   0.02036   0.08496   0.01849   1.60819   0.55423   1.01397   0.67217   1.51302  -0.30072   0.26708   1.70196  
 22 17415.3319   5214.000690  x:  0.02338   0.00000   0.00705   0.01475   0.00474   0.01145   0.00309   0.01828   0.00790   0.00203   0.00000   0.00083   0.00030   0.00599   0.00000   0.01818   0.05498   0.00398   0.00409   0.00000   0.00997   0.00330   0.02340   0.00244   0.03789   0.00837   0.00438   0.01545   0.00855   0.01178   0.00114   0.02501   0.00398   0.01359   0.00169   0.00485   0.00484   0.02166   0.01682   0.01160   0.02492   0.01638   0.01756   0.01124   0.01442   0.00000   0.01977   0.09084   0.01920   1.65306   0.55387   1.03371   0.63980   1.57348  -0.35302   0.23996   1.69047  
 23 30336.9874   5156.589005  x:  0.02152   0.00000   0.01374   0.01274   0.00516   0.00535   0.00061   0.00364   0.01070   0.00266   0.00000   0.00128   0.00027   0.00879   0.00111   0.01549   0.06909   0.00783   0.01192   0.00000   0.01551   0.01538   0.02210   0.00038   0.05143   0.01433   0.00363   0.01951   0.00655   0.00969   0.00095   0.02570   0.00620   0.02330   0.00209   0.00464   0.00578   0.02607   0.02646   0.01641   0.02859   0.01807   0.02128   0.00749   0.02753   0.00000   0.01356   0.12158   0.02385   1.90865   0.55178   1.14616   0.45539   1.91814  -0.65123   0.08437   1.62490  
 24 50551.9994   5144.042392  x:  0.02389   0.00000   0.01167   0.01283   0.00269   0.00834   0.00040   0.00558   0.01127   0.00287   0.00000   0.00158   0.00033   0.00984   0.00045   0.01577   0.07527   0.00932   0.01378   0.00000   0.01856   0.01654   0.02007   0.00607   0.05228   0.01732   0.00426   0.02016   0.00433   0.00908   0.00092   0.02363   0.00947   0.02452   0.00236   0.00386   0.00599   0.02756   0.03139   0.01769   0.02907   0.02042   0.02214   0.00744   0.03171   0.00000   0.01056   0.12908   0.02523   1.98281   0.55118   1.17873   0.40198   2.01828  -0.73784   0.03801   1.60581  
 25 25266.4855   5139.485123  x:  0.02372   0.00000   0.00942   0.01339   0.00231   0.00911   0.00110   0.00561   0.01158   0.00297   0.00000   0.00166   0.00034   0.00947   0.00069   0.01551   0.07887   0.01039   0.01428   0.00000   0.01932   0.01415   0.01818   0.00335   0.05039   0.01939   0.00444   0.02019   0.00564   0.01075   0.00083   0.02143   0.01144   0.02338   0.00245   0.00522   0.00681   0.02826   0.03405   0.01796   0.02867   0.02226   0.02202   0.00791   0.03383   0.00000   0.00979   0.13047   0.02550   2.00710   0.55100   1.18933   0.38467   2.05112  -0.76619   0.02243   1.59951  
 26 8009.6447   5138.376552  x:  0.02344   0.00000   0.00963   0.01394   0.00408   0.00949   0.00072   0.00682   0.01188   0.00306   0.00000   0.00169   0.00035   0.00991   0.00034   0.01575   0.08002   0.01027   0.01310   0.00000   0.01959   0.01495   0.01730   0.00235   0.04894   0.01891   0.00425   0.02004   0.00581   0.01186   0.00080   0.02035   0.01077   0.02313   0.00249   0.00525   0.00686   0.02819   0.03505   0.01775   0.02818   0.02293   0.02152   0.00829   0.03359   0.00000   0.01000   0.13005   0.02546   2.01308   0.55102   1.19186   0.38058   2.05909  -0.77300   0.01841   1.59795  
 27 1866.7567   5138.004405  x:  0.02326   0.00000   0.01066   0.01430   0.00300   0.01032   0.00062   0.00647   0.01187   0.00303   0.00000   0.00167   0.00035   0.00990   0.00039   0.01592   0.08017   0.01032   0.01252   0.00000   0.01944   0.01540   0.01729   0.00210   0.04712   0.01902   0.00416   0.02060   0.00581   0.01194   0.00080   0.02038   0.00979   0.02288   0.00248   0.00515   0.00685   0.02848   0.03490   0.01825   0.02736   0.02301   0.02089   0.00921   0.03359   0.00000   0.01118   0.12905   0.02524   2.01539   0.55123   1.19266   0.37936   2.06178  -0.77511   0.01697   1.59734  
 28 344.8211   5137.792009  x:  0.02287   0.00000   0.01062   0.01414   0.00362   0.01006   0.00068   0.00570   0.01173   0.00307   0.00000   0.00166   0.00035   0.00976   0.00050   0.01648   0.08027   0.01039   0.01241   0.00000   0.01928   0.01563   0.01758   0.00275   0.04499   0.01944   0.00423   0.02102   0.00597   0.01123   0.00080   0.02069   0.00962   0.02242   0.00246   0.00506   0.00688   0.02894   0.03401   0.01876   0.02650   0.02292   0.02021   0.00917   0.03335   0.00000   0.01145   0.12787   0.02503   2.01722   0.55164   1.19310   0.37877   2.06347  -0.77623   0.01599   1.59688  
 29 223.1398   5137.632104  x:  0.02273   0.00000   0.01077   0.01379   0.00337   0.00903   0.00067   0.00632   0.01177   0.00307   0.00000   0.00165   0.00035   0.00975   0.00053   0.01640   0.08016   0.01047   0.01229   0.00000   0.01923   0.01596   0.01795   0.00271   0.04307   0.01960   0.00416   0.02154   0.00616   0.01078   0.00080   0.02105   0.00971   0.02251   0.00244   0.00506   0.00692   0.02959   0.03309   0.01943   0.02582   0.02266   0.01974   0.00874   0.03331   0.00000   0.01100   0.12675   0.02489   2.01896   0.55218   1.19342   0.37838   2.06479  -0.77694   0.01531   1.59645  
 30 256.8583   5137.548856  x:  0.02254   0.00000   0.01062   0.01367   0.00328   0.00954   0.00064   0.00602   0.01193   0.00307   0.00000   0.00165   0.00035   0.00989   0.00044   0.01599   0.07990   0.01036   0.01189   0.00000   0.01927   0.01614   0.01811   0.00263   0.04209   0.01919   0.00404   0.02155   0.00613   0.01115   0.00080   0.02119   0.01010   0.02281   0.00243   0.00501   0.00688   0.03027   0.03222   0.01969   0.02578   0.02229   0.01974   0.00828   0.03337   0.00000   0.01034   0.12606   0.02483   2.02056   0.55289   1.19359   0.37825   2.06560  -0.77711   0.01508   1.59609  
 31 109.2775   5137.371195  x:  0.02224   0.00000   0.00982   0.01387   0.00326   0.00911   0.00062   0.00598   0.01212   0.00307   0.00000   0.00164   0.00034   0.01008   0.00052   0.01559   0.07946   0.01020   0.01215   0.00000   0.01912   0.01678   0.01781   0.00285   0.04062   0.01861   0.00391   0.02036   0.00596   0.01143   0.00079   0.02092   0.01014   0.02323   0.00243   0.00494   0.00674   0.03213   0.03083   0.01914   0.02679   0.02145   0.02078   0.00890   0.03463   0.00000   0.01094   0.12454   0.02511   2.02628   0.55584   1.19394   0.37825   2.06775  -0.77685   0.01496   1.59487  
 32 90.9407   5137.103857  x:  0.02209   0.00000   0.01110   0.01394   0.00339   0.00979   0.00067   0.00632   0.01226   0.00306   0.00000   0.00164   0.00033   0.01025   0.00067   0.01600   0.07900   0.01002   0.01292   0.00000   0.01916   0.01654   0.01745   0.00272   0.03956   0.01834   0.00394   0.01953   0.00630   0.01058   0.00079   0.02071   0.00942   0.02257   0.00247   0.00505   0.00675   0.03398   0.03041   0.01796   0.02797   0.02087   0.02191   0.00779   0.03573   0.00000   0.01069   0.12233   0.02541   2.03664   0.56134   1.19448   0.37843   2.07131  -0.77597   0.01505   1.59269  
 33 202.0262   5135.648288  x:  0.02167   0.00000   0.01107   0.01327   0.00330   0.00914   0.00068   0.00595   0.01304   0.00308   0.00000   0.00166   0.00031   0.01156   0.00000   0.01806   0.07580   0.00855   0.01409   0.00000   0.01948   0.01544   0.01817   0.00282   0.03973   0.01506   0.00371   0.02256   0.00664   0.01098   0.00073   0.02061   0.00948   0.01946   0.00252   0.00495   0.00648   0.03850   0.03236   0.01745   0.02948   0.02076   0.02224   0.00934   0.03530   0.00000   0.00991   0.11373   0.02477   2.08757   0.58866   1.19687   0.37977   2.08817  -0.77087   0.01636   1.58201  
 34 399.7494   5133.280941  x:  0.02161   0.00000   0.00805   0.01392   0.00371   0.01054   0.00066   0.00679   0.01297   0.00317   0.00000   0.00162   0.00033   0.01085   0.00044   0.01862   0.07250   0.00909   0.01087   0.00000   0.01849   0.01690   0.01873   0.00189   0.04232   0.01626   0.00341   0.02403   0.00788   0.00962   0.00063   0.01986   0.00971   0.02030   0.00230   0.00488   0.00666   0.04329   0.03353   0.02032   0.02834   0.02206   0.01999   0.00694   0.03458   0.00000   0.01338   0.10093   0.02409   2.18734   0.64210   1.20145   0.38292   2.12100  -0.76055   0.01965   1.56103  
 35 1466.6137   5130.935635  x:  0.02226   0.00000   0.01090   0.01571   0.00387   0.01024   0.00074   0.00668   0.01250   0.00339   0.00000   0.00169   0.00039   0.00981   0.00064   0.01893   0.07157   0.01051   0.00841   0.00000   0.01843   0.01731   0.01804   0.00171   0.04367   0.01977   0.00365   0.02019   0.00778   0.01013   0.00052   0.01846   0.01168   0.02088   0.00220   0.00470   0.00703   0.04485   0.02994   0.02216   0.02508   0.02365   0.01671   0.01091   0.03139   0.00000   0.01110   0.09162   0.02363   2.28934   0.69649   1.20597   0.38682   2.15454  -0.74982   0.02289   1.53946  
 36 2522.1749   5129.916793  x:  0.02219   0.00000   0.01206   0.01433   0.00409   0.01019   0.00081   0.00700   0.01228   0.00337   0.00000   0.00170   0.00038   0.00988   0.00081   0.01806   0.07318   0.01062   0.01048   0.00000   0.01838   0.01750   0.01652   0.00235   0.04052   0.01969   0.00372   0.02208   0.00600   0.01375   0.00046   0.01858   0.01188   0.01999   0.00219   0.00450   0.00673   0.04236   0.02703   0.02232   0.02282   0.02387   0.01687   0.00977   0.03102   0.00000   0.01287   0.09332   0.02446   2.33455   0.72006   1.20769   0.38982   2.16957  -0.74492   0.02482   1.52962  
 37 811.2018   5128.833400  x:  0.02084   0.00000   0.01151   0.01499   0.00454   0.01141   0.00084   0.00745   0.01217   0.00331   0.00000   0.00162   0.00035   0.01003   0.00101   0.01742   0.07455   0.00974   0.01019   0.00000   0.01765   0.01744   0.01694   0.00214   0.03373   0.01770   0.00361   0.02485   0.00681   0.01211   0.00042   0.02090   0.01195   0.02173   0.00208   0.00485   0.00664   0.03682   0.02668   0.02152   0.02213   0.02294   0.01833   0.01166   0.03232   0.00000   0.01224   0.09862   0.02505   2.38159   0.74389   1.20914   0.39441   2.18550  -0.73969   0.02724   1.51904  
 38 842.3588   5128.520871  x:  0.02113   0.00000   0.01201   0.01617   0.00454   0.01105   0.00088   0.00734   0.01282   0.00335   0.00000   0.00166   0.00036   0.01059   0.00073   0.01737   0.07287   0.00942   0.01034   0.00000   0.01794   0.01693   0.01884   0.00237   0.03117   0.01687   0.00363   0.02332   0.00699   0.01236   0.00040   0.02057   0.01279   0.02129   0.00205   0.00494   0.00665   0.03504   0.02782   0.02276   0.02286   0.02190   0.01763   0.01093   0.03255   0.00000   0.01323   0.10092   0.02412   2.39528   0.75011   1.20919   0.39731   2.19044  -0.73803   0.02758   1.51558  
 39 282.6604   5128.239185  x:  0.02067   0.00000   0.01163   0.01443   0.00458   0.01138   0.00085   0.00748   0.01265   0.00335   0.00000   0.00161   0.00034   0.01031   0.00106   0.01788   0.06930   0.00945   0.01043   0.00000   0.01738   0.01715   0.01866   0.00238   0.02996   0.01705   0.00366   0.02222   0.00682   0.01283   0.00039   0.01959   0.01149   0.02091   0.00195   0.00484   0.00655   0.03405   0.02862   0.02419   0.02343   0.02143   0.01653   0.01116   0.03368   0.00000   0.01233   0.10285   0.02357   2.40741   0.75453   1.20869   0.40210   2.19532  -0.73640   0.02775   1.51193  
 40 183.7685   5127.523336  x:  0.02113   0.00000   0.01132   0.01634   0.00443   0.01096   0.00084   0.00720   0.01299   0.00329   0.00000   0.00165   0.00035   0.01062   0.00092   0.01794   0.06035   0.00920   0.01084   0.00000   0.01758   0.01658   0.01499   0.00246   0.02945   0.01644   0.00361   0.02300   0.00693   0.01222   0.00037   0.01878   0.01110   0.02171   0.00189   0.00489   0.00655   0.03260   0.02760   0.02416   0.02356   0.02300   0.01587   0.01059   0.03326   0.00000   0.01206   0.10511   0.02377   2.43679   0.76338   1.20650   0.41763   2.20806  -0.73219   0.02726   1.50202  
 41 260.3208   5125.927101  x:  0.02229   0.00000   0.01227   0.01349   0.00435   0.01105   0.00085   0.00715   0.01344   0.00322   0.00000   0.00166   0.00038   0.01050   0.00123   0.01655   0.05105   0.00914   0.00923   0.00000   0.01658   0.01775   0.01935   0.00241   0.03147   0.01590   0.00355   0.02308   0.00683   0.01249   0.00031   0.01970   0.01303   0.02209   0.00180   0.00490   0.00637   0.03243   0.02753   0.02013   0.02260   0.02612   0.01856   0.01106   0.03174   0.00000   0.01308   0.10702   0.02557   2.50492   0.78191   1.20037   0.45739   2.23864  -0.72208   0.02587   1.47778  
 42 534.9478   5124.326917  x:  0.02305   0.00000   0.01147   0.01722   0.00465   0.01136   0.00083   0.00776   0.01241   0.00316   0.00000   0.00159   0.00036   0.01019   0.00186   0.01666   0.05004   0.00828   0.01115   0.00000   0.01515   0.01790   0.02177   0.00265   0.03684   0.01392   0.00354   0.02378   0.00584   0.01436   0.00024   0.02382   0.01017   0.02264   0.00148   0.00451   0.00568   0.03426   0.02739   0.02172   0.02260   0.02128   0.01775   0.01108   0.03191   0.00000   0.01115   0.10787   0.02455   2.57538   0.80012   1.19359   0.49976   2.27050  -0.71108   0.02501   1.45205  
 43 905.0487   5123.765357  x:  0.02401   0.00000   0.01222   0.01500   0.00469   0.01168   0.00087   0.00779   0.01278   0.00323   0.00000   0.00163   0.00037   0.01080   0.00150   0.01765   0.05123   0.00737   0.01153   0.00000   0.01533   0.01668   0.02016   0.00249   0.03880   0.01197   0.00351   0.02360   0.00658   0.01353   0.00021   0.02467   0.01083   0.02481   0.00133   0.00455   0.00562   0.03420   0.02689   0.02348   0.02424   0.01834   0.01671   0.01157   0.03098   0.00000   0.01228   0.10752   0.02352   2.59936   0.80600   1.19115   0.51432   2.28126  -0.70693   0.02454   1.44306  
 44 706.2043   5123.708137  x:  0.02391   0.00000   0.01233   0.01505   0.00471   0.01165   0.00087   0.00780   0.01263   0.00326   0.00000   0.00162   0.00037   0.01077   0.00149   0.01792   0.05162   0.00727   0.01157   0.00000   0.01523   0.01644   0.02042   0.00251   0.03885   0.01183   0.00351   0.02368   0.00660   0.01359   0.00021   0.02449   0.01050   0.02497   0.00127   0.00447   0.00559   0.03360   0.02642   0.02495   0.02552   0.01915   0.01750   0.01160   0.03064   0.00000   0.01221   0.10707   0.02406   2.60198   0.80614   1.19070   0.51585   2.28219  -0.70569   0.02450   1.44171  
 45 55.1710   5123.343708  x:  0.02422   0.00000   0.01207   0.01518   0.00458   0.01180   0.00087   0.00778   0.01284   0.00326   0.00000   0.00166   0.00038   0.01099   0.00150   0.01676   0.05237   0.00730   0.01160   0.00000   0.01539   0.01731   0.02070   0.00238   0.03956   0.01143   0.00326   0.02402   0.00649   0.01307   0.00023   0.02372   0.01139   0.02305   0.00134   0.00455   0.00559   0.02935   0.02564   0.02466   0.02631   0.01776   0.01596   0.01164   0.03294   0.00000   0.01205   0.10401   0.02693   2.62037   0.80049   1.18533   0.52502   2.28478  -0.68570   0.02372   1.42721  
 46 28.3028   5121.063844  x:  0.02479   0.00000   0.01176   0.01506   0.00459   0.01192   0.00084   0.00785   0.01348   0.00332   0.00000   0.00181   0.00042   0.01161   0.00144   0.01616   0.05789   0.00764   0.01197   0.00000   0.01596   0.01915   0.01950   0.00246   0.03980   0.01154   0.00299   0.02386   0.00641   0.01252   0.00027   0.02242   0.01278   0.02115   0.00146   0.00475   0.00575   0.02452   0.02565   0.02457   0.02350   0.01921   0.02124   0.01138   0.03766   0.00000   0.01154   0.09873   0.01830   2.73271   0.76398   1.15199   0.57968   2.29915  -0.55979   0.02106   1.33695  
 47 432.9201   5115.919679  x:  0.02484   0.00000   0.01139   0.01515   0.00414   0.01192   0.00082   0.00751   0.01307   0.00338   0.00000   0.00205   0.00049   0.01207   0.00052   0.01812   0.07258   0.00767   0.01253   0.00000   0.01720   0.01663   0.01802   0.00311   0.03467   0.01203   0.00340   0.02241   0.00729   0.01229   0.00038   0.01934   0.01258   0.02416   0.00147   0.00486   0.00602   0.03519   0.03355   0.02467   0.01862   0.02126   0.02125   0.01145   0.03502   0.00000   0.01156   0.09916   0.02778   3.01589   0.67157   1.06801   0.71525   2.33483  -0.24055   0.01738   1.10842  
 48 2429.2506   5115.320337  x:  0.02535   0.00000   0.01153   0.01523   0.00420   0.01180   0.00080   0.00761   0.01264   0.00338   0.00000   0.00209   0.00052   0.01146   0.00076   0.01696   0.07475   0.00863   0.01189   0.00000   0.01721   0.01744   0.01783   0.00324   0.03330   0.01408   0.00353   0.02406   0.00676   0.01288   0.00039   0.02040   0.01276   0.02399   0.00155   0.00491   0.00615   0.03700   0.03377   0.02231   0.02383   0.02285   0.01777   0.01155   0.03396   0.00000   0.01158   0.09991   0.02638   3.04711   0.66148   1.05888   0.72891   2.33866  -0.20441   0.01692   1.08249  
 49 878.5612   5114.895127  x:  0.02586   0.00000   0.01121   0.01517   0.00423   0.01212   0.00082   0.00764   0.01281   0.00332   0.00000   0.00213   0.00051   0.01214   0.00057   0.01730   0.07526   0.00780   0.01359   0.00000   0.01743   0.01636   0.01998   0.00315   0.03374   0.01216   0.00348   0.02397   0.00694   0.01242   0.00041   0.01872   0.01144   0.02609   0.00153   0.00500   0.00601   0.03700   0.03215   0.02121   0.02344   0.02568   0.01503   0.01145   0.03578   0.00000   0.01149   0.10032   0.02566   3.06377   0.65723   1.05548   0.72251   2.33978  -0.17503   0.01664   1.06067  
 50 61.9354   5112.785926  x:  0.02672   0.00000   0.01109   0.01484   0.00419   0.01215   0.00082   0.00770   0.01280   0.00328   0.00000   0.00216   0.00054   0.01234   0.00056   0.01679   0.07453   0.00721   0.01372   0.00000   0.01706   0.01634   0.01943   0.00310   0.03397   0.01063   0.00336   0.02265   0.00706   0.01224   0.00047   0.02102   0.01130   0.02563   0.00144   0.00502   0.00580   0.03633   0.03248   0.02161   0.02329   0.02696   0.01469   0.01140   0.03613   0.00000   0.01153   0.10111   0.02593   3.10812   0.64630   1.04687   0.70122   2.34244  -0.09360   0.01541   1.00000  
 51 687.1133   5106.660075  x:  0.03184   0.00000   0.01106   0.01562   0.00402   0.01170   0.00082   0.00733   0.01144   0.00302   0.00000   0.00239   0.00073   0.01107   0.00100   0.01748   0.06876   0.00719   0.01270   0.00000   0.01437   0.01518   0.02151   0.00322   0.03447   0.01080   0.00356   0.02680   0.00651   0.01298   0.00078   0.01404   0.00965   0.02931   0.00092   0.00473   0.00537   0.03046   0.03346   0.01943   0.02475   0.01846   0.01993   0.01148   0.03078   0.00000   0.01066   0.10521   0.02566   3.36217   0.58387   0.99758   0.57802   2.35775   0.37422   0.00760   1.00000  
 52 5564.3524   5087.500133  x:  0.03725   0.00000   0.01030   0.01581   0.00426   0.01087   0.00097   0.00717   0.00785   0.00192   0.00000   0.00391   0.00168   0.01047   0.00107   0.01939   0.05538   0.00539   0.00797   0.00000   0.00775   0.01614   0.02248   0.00240   0.02930   0.00553   0.00294   0.02843   0.00737   0.01476   0.00284   0.01203   0.00539   0.02947   0.00037   0.00395   0.00405   0.02740   0.02893   0.01743   0.02357   0.01121   0.02132   0.01233   0.02007   0.00000   0.01072   0.09933   0.02464   2.52043   1.07775   0.56527   0.56927   4.12717   1.37423   0.01662   1.00000  
 53  7.5815   5082.211840  x:  0.03823   0.00000   0.00960   0.01572   0.00403   0.01055   0.00108   0.00721   0.00603   0.00151   0.00000   0.00443   0.00204   0.00964   0.00074   0.01904   0.06267   0.00506   0.00646   0.00000   0.00577   0.01563   0.02135   0.00249   0.02552   0.00461   0.00297   0.02726   0.00726   0.01496   0.00314   0.01282   0.00474   0.02920   0.00066   0.00378   0.00364   0.02822   0.03118   0.01477   0.02332   0.01362   0.02003   0.01255   0.01588   0.00000   0.01111   0.09248   0.02564   2.16498   1.43557   1.13398   0.78738   4.50220   1.79655   0.01373   1.00000  
 54 14.1829   5070.782852  x:  0.03716   0.00000   0.00904   0.01480   0.00368   0.00993   0.00131   0.00745   0.00456   0.00091   0.00000   0.00490   0.00231   0.00820   0.00000   0.01565   0.06911   0.00455   0.00530   0.00000   0.00359   0.01435   0.01862   0.00263   0.02702   0.00333   0.00303   0.02152   0.00692   0.01372   0.00253   0.01718   0.00421   0.02900   0.00087   0.00366   0.00307   0.02284   0.03481   0.01245   0.02302   0.02139   0.01751   0.01173   0.01483   0.00000   0.01216   0.08850   0.02609   1.91488   1.96243   0.79510   0.82759   4.54396   2.11291   0.00574   1.00000  
 55  3.8716   5066.681359  x:  0.03612   0.00000   0.00947   0.01516   0.00426   0.01042   0.00151   0.00823   0.00497   0.00096   0.00000   0.00499   0.00238   0.00791   0.00000   0.01528   0.06082   0.00350   0.00501   0.00000   0.00167   0.01382   0.01854   0.00258   0.02563   0.00092   0.00282   0.02135   0.00698   0.01411   0.00282   0.01883   0.00446   0.02823   0.00060   0.00344   0.00254   0.02266   0.03389   0.01427   0.02296   0.02191   0.01680   0.01247   0.01463   0.00000   0.01311   0.07470   0.02465   1.91846   1.75613   0.80559   0.76952   4.60122   2.15961   0.00832   1.00000  
 56  3.9938   5066.651170  x:  0.03611   0.00000   0.00947   0.01516   0.00427   0.01042   0.00152   0.00823   0.00497   0.00096   0.00000   0.00499   0.00238   0.00790   0.00000   0.01528   0.06079   0.00350   0.00501   0.00000   0.00167   0.01382   0.01854   0.00258   0.02563   0.00093   0.00282   0.02135   0.00697   0.01412   0.00282   0.01884   0.00446   0.02823   0.00059   0.00344   0.00254   0.02266   0.03389   0.01428   0.02296   0.02191   0.01679   0.01247   0.01463   0.00000   0.01311   0.07464   0.02465   1.91839   1.75560   0.80556   0.76934   4.60166   2.16009   0.00833   1.00000  
 57  4.6588   5066.651170  x:  0.03611   0.00000   0.00947   0.01516   0.00427   0.01042   0.00152   0.00823   0.00497   0.00096   0.00000   0.00499   0.00238   0.00790   0.00000   0.01528   0.06079   0.00350   0.00501   0.00000   0.00167   0.01382   0.01854   0.00258   0.02563   0.00093   0.00282   0.02135   0.00697   0.01412   0.00282   0.01884   0.00446   0.02823   0.00059   0.00344   0.00254   0.02266   0.03389   0.01428   0.02296   0.02191   0.01679   0.01247   0.01463   0.00000   0.01311   0.07464   0.02465   1.91839   1.75560   0.80556   0.76934   4.60166   2.16009   0.00833   1.00000  
 58  1.5303   5060.021205  x:  0.03584   0.00000   0.00978   0.01531   0.00459   0.01077   0.00806   0.00954   0.00550   0.00240   0.00000   0.00326   0.00129   0.00711   0.00174   0.01494   0.06074   0.00334   0.00570   0.00000   0.00190   0.01321   0.01826   0.00387   0.02568   0.00570   0.00342   0.02083   0.00673   0.01435   0.00368   0.01872   0.00536   0.02816   0.00136   0.00385   0.00223   0.02248   0.03405   0.01428   0.02289   0.02193   0.01659   0.01250   0.01459   0.00000   0.01319   0.07427   0.02423   1.91838   1.75559   0.80553   0.76935   4.60163   2.16011   0.00857   1.00000  
 59 2498.7468   5058.242444  x:  0.03542   0.00000   0.01016   0.01554   0.00489   0.01090   0.00864   0.01031   0.00583   0.00121   0.00000   0.00096   0.00139   0.00591   0.00143   0.01415   0.06062   0.00323   0.00648   0.00000   0.00188   0.01223   0.01785   0.00464   0.02557   0.00505   0.00386   0.02004   0.00629   0.01467   0.00430   0.01861   0.00620   0.02802   0.00100   0.00415   0.00199   0.02221   0.03432   0.01417   0.02267   0.02196   0.01630   0.01243   0.01463   0.00000   0.01337   0.07365   0.02360   1.91837   1.75557   0.80549   0.76938   4.60159   2.16017   0.00910   1.00000  
 60 732.0192   5057.006262  x:  0.03448   0.00000   0.01077   0.01600   0.00529   0.01109   0.00929   0.01164   0.00629   0.00158   0.00000   0.00207   0.00126   0.00391   0.00112   0.01252   0.06034   0.00320   0.00758   0.00000   0.00197   0.01017   0.01698   0.00593   0.02520   0.00351   0.00457   0.01838   0.00525   0.01529   0.00513   0.01847   0.00748   0.02767   0.00104   0.00454   0.00185   0.02162   0.03494   0.01394   0.02216   0.02202   0.01569   0.01230   0.01471   0.00000   0.01372   0.07222   0.02224   1.91835   1.75553   0.80540   0.76943   4.60148   2.16028   0.01006   1.00000  
 61 690.6700   5056.497994  x:  0.03356   0.00000   0.01086   0.01629   0.00519   0.01110   0.00907   0.01191   0.00599   0.00224   0.00000   0.00170   0.00170   0.00478   0.00198   0.01144   0.06004   0.00352   0.00765   0.00000   0.00211   0.00859   0.01632   0.00644   0.02452   0.00311   0.00456   0.01713   0.00437   0.01594   0.00494   0.01846   0.00755   0.02718   0.00159   0.00437   0.00231   0.02106   0.03557   0.01371   0.02167   0.02207   0.01526   0.01223   0.01478   0.00000   0.01393   0.07075   0.02108   1.91832   1.75547   0.80529   0.76949   4.60138   2.16039   0.01051   1.00000  
 62 398.3841   5056.258678  x:  0.03297   0.00000   0.01079   0.01642   0.00511   0.01108   0.00888   0.01186   0.00579   0.00192   0.00000   0.00179   0.00103   0.00511   0.00206   0.01089   0.05982   0.00352   0.00747   0.00000   0.00221   0.00797   0.01599   0.00662   0.02400   0.00343   0.00438   0.01658   0.00396   0.01640   0.00468   0.01849   0.00738   0.02683   0.00136   0.00424   0.00227   0.02071   0.03596   0.01356   0.02137   0.02210   0.01506   0.01221   0.01481   0.00000   0.01400   0.06973   0.02043   1.91830   1.75543   0.80521   0.76953   4.60131   2.16047   0.01060   1.00000  
 63 428.3491   5056.120246  x:  0.03244   0.00000   0.01067   0.01648   0.00508   0.01105   0.00885   0.01174   0.00570   0.00160   0.00000   0.00199   0.00146   0.00510   0.00189   0.01055   0.05960   0.00339   0.00726   0.00000   0.00228   0.00775   0.01577   0.00672   0.02350   0.00389   0.00422   0.01629   0.00373   0.01680   0.00447   0.01853   0.00717   0.02652   0.00111   0.00420   0.00208   0.02041   0.03630   0.01344   0.02114   0.02213   0.01494   0.01219   0.01483   0.00000   0.01402   0.06875   0.01995   1.91827   1.75539   0.80513   0.76957   4.60124   2.16054   0.01052   1.00000  
 64 417.0229   5055.956724  x:  0.03157   0.00000   0.01042   0.01648   0.00518   0.01098   0.00870   0.01142   0.00584   0.00200   0.00000   0.00173   0.00141   0.00463   0.00148   0.01042   0.05916   0.00317   0.00692   0.00000   0.00225   0.00813   0.01559   0.00675   0.02257   0.00405   0.00425   0.01628   0.00361   0.01742   0.00432   0.01863   0.00684   0.02610   0.00149   0.00434   0.00189   0.01997   0.03685   0.01336   0.02082   0.02217   0.01486   0.01218   0.01482   0.00000   0.01397   0.06694   0.01938   1.91823   1.75531   0.80497   0.76966   4.60112   2.16068   0.01005   1.00000  
 65 251.5567   5055.821644  x:  0.03070   0.00000   0.01025   0.01642   0.00536   0.01094   0.00888   0.01123   0.00602   0.00182   0.00000   0.00182   0.00139   0.00449   0.00198   0.01076   0.05865   0.00339   0.00701   0.00000   0.00203   0.00872   0.01556   0.00688   0.02162   0.00376   0.00443   0.01658   0.00360   0.01786   0.00449   0.01867   0.00682   0.02576   0.00126   0.00445   0.00223   0.01957   0.03738   0.01331   0.02060   0.02221   0.01487   0.01215   0.01479   0.00000   0.01385   0.06483   0.01908   1.91817   1.75520   0.80476   0.76977   4.60096   2.16086   0.00936   1.00000  
 66 241.2012   5055.766146  x:  0.03036   0.00000   0.01032   0.01636   0.00532   0.01092   0.00904   0.01129   0.00590   0.00174   0.00000   0.00188   0.00138   0.00490   0.00174   0.01098   0.05830   0.00340   0.00724   0.00000   0.00224   0.00885   0.01569   0.00717   0.02127   0.00357   0.00436   0.01682   0.00353   0.01773   0.00462   0.01860   0.00710   0.02575   0.00138   0.00436   0.00199   0.01947   0.03755   0.01334   0.02058   0.02219   0.01496   0.01213   0.01476   0.00000   0.01378   0.06358   0.01923   1.91812   1.75511   0.80459   0.76986   4.60084   2.16101   0.00904   1.00000  
 67 131.2079   5055.739772  x:  0.03027   0.00000   0.01040   0.01631   0.00524   0.01088   0.00899   0.01133   0.00579   0.00189   0.00000   0.00183   0.00138   0.00492   0.00162   0.01110   0.05807   0.00330   0.00724   0.00000   0.00201   0.00871   0.01581   0.00742   0.02117   0.00362   0.00427   0.01694   0.00351   0.01748   0.00457   0.01853   0.00723   0.02582   0.00122   0.00430   0.00207   0.01950   0.03758   0.01335   0.02062   0.02216   0.01504   0.01214   0.01477   0.00000   0.01375   0.06279   0.01948   1.91808   1.75504   0.80445   0.76994   4.60073   2.16113   0.00898   1.00000  
 68 103.2701   5055.721535  x:  0.03029   0.00000   0.01045   0.01626   0.00519   0.01084   0.00887   0.01135   0.00578   0.00180   0.00000   0.00185   0.00139   0.00475   0.00173   0.01116   0.05785   0.00330   0.00714   0.00000   0.00212   0.00856   0.01591   0.00763   0.02113   0.00372   0.00424   0.01698   0.00357   0.01721   0.00447   0.01848   0.00725   0.02592   0.00137   0.00432   0.00215   0.01959   0.03755   0.01337   0.02067   0.02210   0.01511   0.01217   0.01479   0.00000   0.01375   0.06212   0.01974   1.91803   1.75495   0.80428   0.77003   4.60061   2.16127   0.00901   1.00000  
 69 95.6898   5055.714304  x:  0.03038   0.00000   0.01043   0.01626   0.00522   0.01083   0.00885   0.01134   0.00585   0.00186   0.00000   0.00182   0.00139   0.00474   0.00179   0.01112   0.05772   0.00338   0.00708   0.00000   0.00220   0.00852   0.01592   0.00767   0.02111   0.00371   0.00430   0.01694   0.00370   0.01710   0.00447   0.01848   0.00718   0.02597   0.00127   0.00435   0.00204   0.01966   0.03748   0.01336   0.02071   0.02206   0.01513   0.01219   0.01481   0.00000   0.01377   0.06181   0.01984   1.91799   1.75489   0.80416   0.77009   4.60051   2.16138   0.00909   1.00000  
 70 54.0246   5055.708295  x:  0.03054   0.00000   0.01039   0.01626   0.00526   0.01085   0.00890   0.01133   0.00590   0.00181   0.00000   0.00185   0.00138   0.00481   0.00176   0.01101   0.05759   0.00338   0.00707   0.00000   0.00209   0.00853   0.01590   0.00764   0.02109   0.00368   0.00432   0.01685   0.00385   0.01703   0.00451   0.01849   0.00706   0.02602   0.00133   0.00437   0.00204   0.01976   0.03738   0.01336   0.02074   0.02202   0.01512   0.01222   0.01483   0.00000   0.01380   0.06153   0.01990   1.91793   1.75479   0.80398   0.77019   4.60038   2.16153   0.00918   1.00000  
 71 47.4399   5055.704568  x:  0.03067   0.00000   0.01037   0.01628   0.00525   0.01086   0.00895   0.01132   0.00587   0.00182   0.00000   0.00184   0.00138   0.00481   0.00174   0.01094   0.05748   0.00331   0.00712   0.00000   0.00216   0.00860   0.01587   0.00758   0.02109   0.00366   0.00429   0.01679   0.00389   0.01700   0.00453   0.01851   0.00701   0.02606   0.00129   0.00433   0.00213   0.01983   0.03728   0.01336   0.02077   0.02199   0.01510   0.01221   0.01483   0.00000   0.01382   0.06137   0.01988   1.91788   1.75469   0.80380   0.77029   4.60024   2.16168   0.00922   1.00000  
 72 38.8210   5055.699081  x:  0.03090   0.00000   0.01038   0.01631   0.00518   0.01087   0.00893   0.01132   0.00578   0.00183   0.00000   0.00183   0.00138   0.00474   0.00182   0.01092   0.05731   0.00333   0.00719   0.00000   0.00211   0.00870   0.01580   0.00746   0.02112   0.00367   0.00425   0.01674   0.00381   0.01698   0.00451   0.01853   0.00705   0.02611   0.00131   0.00428   0.00203   0.01991   0.03711   0.01339   0.02081   0.02197   0.01504   0.01215   0.01483   0.00000   0.01383   0.06120   0.01976   1.91775   1.75447   0.80339   0.77050   4.59994   2.16203   0.00919   1.00000  
 73 37.4999   5055.689779  x:  0.03120   0.00000   0.01045   0.01635   0.00519   0.01085   0.00889   0.01136   0.00588   0.00183   0.00000   0.00184   0.00139   0.00479   0.00172   0.01097   0.05703   0.00344   0.00713   0.00000   0.00213   0.00869   0.01574   0.00734   0.02127   0.00375   0.00434   0.01677   0.00365   0.01705   0.00447   0.01855   0.00716   0.02615   0.00130   0.00435   0.00211   0.01998   0.03686   0.01343   0.02086   0.02197   0.01496   0.01209   0.01483   0.00000   0.01382   0.06103   0.01954   1.91748   1.75401   0.80251   0.77096   4.59930   2.16276   0.00903   1.00000  
 74 55.9660   5055.674827  x:  0.03143   0.00000   0.01049   0.01632   0.00527   0.01081   0.00891   0.01141   0.00592   0.00182   0.00000   0.00184   0.00138   0.00483   0.00182   0.01109   0.05667   0.00319   0.00702   0.00000   0.00215   0.00849   0.01574   0.00727   0.02155   0.00368   0.00431   0.01690   0.00365   0.01731   0.00453   0.01855   0.00716   0.02610   0.00130   0.00435   0.00206   0.01996   0.03660   0.01344   0.02087   0.02198   0.01490   0.01213   0.01484   0.00000   0.01378   0.06094   0.01938   1.91701   1.75317   0.80095   0.77179   4.59817   2.16406   0.00882   1.00000  
 75 92.8826   5055.643346  x:  0.03152   0.00000   0.01040   0.01620   0.00522   0.01077   0.00903   0.01141   0.00575   0.00184   0.00000   0.00182   0.00139   0.00469   0.00170   0.01116   0.05609   0.00350   0.00706   0.00000   0.00218   0.00826   0.01585   0.00722   0.02203   0.00360   0.00414   0.01708   0.00371   0.01768   0.00461   0.01851   0.00695   0.02590   0.00132   0.00422   0.00211   0.01982   0.03633   0.01339   0.02084   0.02204   0.01491   0.01227   0.01485   0.00000   0.01373   0.06095   0.01937   1.91592   1.75128   0.79742   0.77366   4.59558   2.16701   0.00863   1.00000  
 76 187.9104   5055.526673  x:  0.03105   0.00000   0.01019   0.01591   0.00498   0.01087   0.00898   0.01126   0.00586   0.00181   0.00000   0.00185   0.00139   0.00477   0.00178   0.01096   0.05454   0.00331   0.00761   0.00000   0.00213   0.00849   0.01619   0.00686   0.02308   0.00370   0.00471   0.01708   0.00326   0.01789   0.00438   0.01831   0.00678   0.02541   0.00135   0.00444   0.00211   0.01926   0.03606   0.01327   0.02069   0.02222   0.01514   0.01246   0.01487   0.00000   0.01373   0.06134   0.01995   1.91181   1.74409   0.78402   0.78073   4.58578   2.17823   0.00862   1.00000  
 77 393.1935   5055.360328  x:  0.03027   0.00000   0.01056   0.01607   0.00567   0.01108   0.00892   0.01131   0.00607   0.00185   0.00000   0.00184   0.00139   0.00481   0.00191   0.01070   0.05326   0.00341   0.00713   0.00000   0.00212   0.00895   0.01628   0.00608   0.02352   0.00379   0.00401   0.01672   0.00335   0.01766   0.00456   0.01834   0.00753   0.02534   0.00135   0.00434   0.00212   0.01893   0.03633   0.01334   0.02062   0.02238   0.01539   0.01227   0.01484   0.00000   0.01386   0.06202   0.02056   1.90593   1.73380   0.76490   0.79081   4.57178   2.19424   0.00842   1.00000  
 78 905.7123   5055.181504  x:  0.02981   0.00000   0.01069   0.01669   0.00495   0.01092   0.00897   0.01155   0.00559   0.00181   0.00000   0.00185   0.00140   0.00483   0.00185   0.01084   0.05324   0.00339   0.00670   0.00000   0.00214   0.00888   0.01591   0.00601   0.02326   0.00376   0.00457   0.01668   0.00439   0.01727   0.00472   0.01870   0.00779   0.02592   0.00131   0.00435   0.00212   0.01937   0.03718   0.01358   0.02068   0.02236   0.01540   0.01209   0.01490   0.00000   0.01403   0.06273   0.02039   1.89950   1.72253   0.74404   0.80178   4.55652   2.21172   0.00753   1.00000  
 79 975.2991   5054.990955  x:  0.02999   0.00000   0.01044   0.01707   0.00524   0.01079   0.00893   0.01156   0.00613   0.00186   0.00000   0.00184   0.00140   0.00485   0.00179   0.01122   0.05433   0.00339   0.00747   0.00000   0.00218   0.00860   0.01558   0.00676   0.02266   0.00374   0.00415   0.01698   0.00449   0.01648   0.00436   0.01902   0.00709   0.02665   0.00127   0.00439   0.00207   0.02024   0.03821   0.01373   0.02081   0.02218   0.01524   0.01229   0.01505   0.00000   0.01408   0.06332   0.01982   1.89264   1.71047   0.72181   0.81344   4.54025   2.23037   0.00635   1.00000  
 80 1340.3025   5054.912870  x:  0.03058   0.00000   0.01037   0.01669   0.00569   0.01108   0.00890   0.01145   0.00571   0.00182   0.00000   0.00186   0.00140   0.00485   0.00176   0.01122   0.05559   0.00341   0.00714   0.00000   0.00216   0.00874   0.01586   0.00732   0.02217   0.00373   0.00447   0.01716   0.00396   0.01659   0.00465   0.01880   0.00692   0.02678   0.00128   0.00427   0.00207   0.02051   0.03840   0.01367   0.02094   0.02210   0.01515   0.01239   0.01504   0.00000   0.01393   0.06329   0.01972   1.88982   1.70547   0.71273   0.81818   4.53357   2.23804   0.00627   1.00000  
 81 580.6764   5054.862364  x:  0.03116   0.00000   0.01048   0.01631   0.00520   0.01120   0.00889   0.01155   0.00600   0.00184   0.00000   0.00187   0.00140   0.00490   0.00180   0.01112   0.05687   0.00341   0.00702   0.00000   0.00216   0.00889   0.01621   0.00761   0.02169   0.00367   0.00421   0.01723   0.00387   0.01723   0.00463   0.01861   0.00710   0.02671   0.00128   0.00439   0.00208   0.02052   0.03827   0.01364   0.02106   0.02209   0.01515   0.01236   0.01499   0.00000   0.01383   0.06310   0.01989   1.88800   1.70219   0.70692   0.82119   4.52926   2.24301   0.00640   1.00000  
 82 430.4658   5054.850462  x:  0.03133   0.00000   0.01062   0.01637   0.00535   0.01106   0.00881   0.01155   0.00594   0.00186   0.00000   0.00187   0.00140   0.00490   0.00179   0.01112   0.05737   0.00341   0.00721   0.00000   0.00216   0.00887   0.01623   0.00759   0.02159   0.00376   0.00430   0.01718   0.00401   0.01749   0.00449   0.01865   0.00721   0.02659   0.00129   0.00433   0.00209   0.02038   0.03809   0.01368   0.02109   0.02214   0.01522   0.01235   0.01503   0.00000   0.01393   0.06297   0.02008   1.88755   1.70136   0.70555   0.82187   4.52822   2.24422   0.00634   1.00000  
 83 123.9957   5054.844652  x:  0.03135   0.00000   0.01057   0.01654   0.00532   0.01096   0.00888   0.01151   0.00593   0.00185   0.00000   0.00187   0.00140   0.00489   0.00177   0.01119   0.05776   0.00341   0.00716   0.00000   0.00216   0.00882   0.01613   0.00749   0.02163   0.00371   0.00428   0.01711   0.00389   0.01742   0.00456   0.01875   0.00719   0.02643   0.00129   0.00439   0.00210   0.02020   0.03785   0.01373   0.02109   0.02221   0.01531   0.01239   0.01507   0.00000   0.01403   0.06284   0.02024   1.88732   1.70088   0.70494   0.82215   4.52771   2.24483   0.00625   1.00000  
 84 45.7403   5054.843018  x:  0.03129   0.00000   0.01052   0.01657   0.00531   0.01105   0.00887   0.01152   0.00597   0.00185   0.00000   0.00187   0.00140   0.00489   0.00177   0.01118   0.05793   0.00341   0.00715   0.00000   0.00216   0.00883   0.01608   0.00746   0.02176   0.00372   0.00430   0.01713   0.00394   0.01735   0.00455   0.01877   0.00721   0.02640   0.00130   0.00430   0.00210   0.02014   0.03773   0.01371   0.02106   0.02224   0.01531   0.01238   0.01506   0.00000   0.01400   0.06276   0.02020   1.88724   1.70066   0.70482   0.82217   4.52755   2.24503   0.00624   1.00000  
 85 16.1426   5054.841961  x:  0.03121   0.00000   0.01053   0.01656   0.00533   0.01109   0.00886   0.01154   0.00593   0.00185   0.00000   0.00187   0.00140   0.00490   0.00177   0.01117   0.05806   0.00341   0.00717   0.00000   0.00216   0.00884   0.01607   0.00742   0.02187   0.00373   0.00428   0.01715   0.00398   0.01730   0.00454   0.01876   0.00721   0.02640   0.00130   0.00438   0.00210   0.02012   0.03765   0.01369   0.02103   0.02225   0.01529   0.01237   0.01504   0.00000   0.01396   0.06270   0.02014   1.88718   1.70047   0.70477   0.82214   4.52745   2.24519   0.00624   1.00000  
 86 18.6526   5054.840888  x:  0.03112   0.00000   0.01059   0.01650   0.00533   0.01099   0.00887   0.01155   0.00595   0.00185   0.00000   0.00187   0.00140   0.00489   0.00177   0.01116   0.05817   0.00340   0.00717   0.00000   0.00216   0.00885   0.01612   0.00732   0.02197   0.00372   0.00429   0.01715   0.00398   0.01727   0.00456   0.01872   0.00717   0.02644   0.00130   0.00435   0.00210   0.02015   0.03762   0.01369   0.02102   0.02225   0.01526   0.01237   0.01504   0.00000   0.01396   0.06264   0.02009   1.88710   1.70017   0.70480   0.82204   4.52733   2.24539   0.00624   1.00000  
 87 11.1511   5054.838345  x:  0.03102   0.00000   0.01049   0.01645   0.00534   0.01104   0.00891   0.01150   0.00595   0.00185   0.00000   0.00187   0.00140   0.00488   0.00176   0.01116   0.05829   0.00340   0.00718   0.00000   0.00216   0.00879   0.01619   0.00714   0.02215   0.00371   0.00430   0.01708   0.00394   0.01737   0.00453   0.01869   0.00722   0.02656   0.00129   0.00435   0.00210   0.02029   0.03770   0.01374   0.02106   0.02221   0.01526   0.01239   0.01511   0.00000   0.01405   0.06255   0.02011   1.88686   1.69920   0.70502   0.82160   4.52702   2.24595   0.00617   1.00000  
 88 13.6322   5054.828830  x:  0.03102   0.00000   0.01062   0.01667   0.00531   0.01113   0.00881   0.01148   0.00598   0.00186   0.00000   0.00187   0.00140   0.00490   0.00178   0.01120   0.05844   0.00341   0.00723   0.00000   0.00216   0.00886   0.01606   0.00706   0.02260   0.00381   0.00429   0.01710   0.00383   0.01763   0.00472   0.01878   0.00713   0.02664   0.00129   0.00435   0.00209   0.02049   0.03807   0.01375   0.02113   0.02211   0.01530   0.01237   0.01507   0.00000   0.01403   0.06238   0.02027   1.88590   1.69516   0.70608   0.81968   4.52581   2.24824   0.00619   1.00000  
 89 40.0421   5054.810790  x:  0.03118   0.00000   0.01064   0.01685   0.00537   0.01108   0.00900   0.01164   0.00593   0.00183   0.00000   0.00187   0.00140   0.00490   0.00176   0.01121   0.05856   0.00341   0.00711   0.00000   0.00216   0.00895   0.01592   0.00691   0.02297   0.00364   0.00430   0.01725   0.00372   0.01775   0.00437   0.01889   0.00711   0.02659   0.00128   0.00436   0.00208   0.02056   0.03854   0.01372   0.02120   0.02205   0.01534   0.01236   0.01499   0.00000   0.01390   0.06226   0.02039   1.88410   1.68759   0.70811   0.81604   4.52356   2.25250   0.00626   1.00000  
 90 200.2404   5054.721068  x:  0.03209   0.00000   0.01010   0.01662   0.00539   0.01065   0.00881   0.01194   0.00593   0.00186   0.00000   0.00186   0.00141   0.00490   0.00180   0.01111   0.05875   0.00342   0.00731   0.00000   0.00218   0.00877   0.01603   0.00626   0.02324   0.00386   0.00432   0.01765   0.00392   0.01734   0.00471   0.01907   0.00755   0.02613   0.00133   0.00443   0.00209   0.02013   0.03973   0.01358   0.02125   0.02219   0.01540   0.01255   0.01510   0.00000   0.01382   0.06224   0.02024   1.87502   1.64917   0.71849   0.79756   4.51222   2.27407   0.00591   1.00000  
 91 443.9442   5054.594450  x:  0.03271   0.00000   0.01103   0.01636   0.00521   0.01133   0.00897   0.01141   0.00600   0.00184   0.00000   0.00187   0.00141   0.00488   0.00178   0.01110   0.05879   0.00342   0.00731   0.00000   0.00217   0.00879   0.01647   0.00651   0.02328   0.00372   0.00439   0.01721   0.00427   0.01684   0.00457   0.01897   0.00741   0.02584   0.00134   0.00447   0.00210   0.01964   0.04013   0.01362   0.02117   0.02250   0.01543   0.01268   0.01545   0.00000   0.01428   0.06259   0.02001   1.86206   1.59420   0.73334   0.77111   4.49609   2.30485   0.00444   1.00000  
 92 1341.5674   5054.487213  x:  0.03206   0.00000   0.01051   0.01659   0.00537   0.01101   0.00886   0.01164   0.00602   0.00185   0.00000   0.00188   0.00142   0.00493   0.00180   0.01124   0.05863   0.00343   0.00725   0.00000   0.00215   0.00903   0.01637   0.00747   0.02267   0.00371   0.00436   0.01677   0.00418   0.01728   0.00459   0.01862   0.00724   0.02657   0.00132   0.00440   0.00212   0.02002   0.03881   0.01383   0.02105   0.02257   0.01541   0.01219   0.01507   0.00000   0.01416   0.06320   0.02037   1.85120   1.54792   0.74574   0.74889   4.48263   2.33064   0.00351   1.00000  
 93 1008.0136   5054.463698  x:  0.03168   0.00000   0.01066   0.01672   0.00537   0.01122   0.00886   0.01170   0.00600   0.00186   0.00000   0.00187   0.00142   0.00490   0.00181   0.01111   0.05856   0.00344   0.00732   0.00000   0.00217   0.00885   0.01626   0.00730   0.02215   0.00373   0.00440   0.01720   0.00401   0.01743   0.00461   0.01877   0.00720   0.02677   0.00132   0.00440   0.00213   0.02031   0.03827   0.01381   0.02113   0.02248   0.01544   0.01254   0.01518   0.00000   0.01408   0.06337   0.02050   1.84884   1.53769   0.74841   0.74402   4.47975   2.33625   0.00349   1.00000  
 94 453.7638   5054.461853  x:  0.03160   0.00000   0.01065   0.01667   0.00537   0.01117   0.00886   0.01163   0.00600   0.00185   0.00000   0.00188   0.00142   0.00491   0.00182   0.01108   0.05855   0.00344   0.00731   0.00000   0.00217   0.00887   0.01630   0.00739   0.02217   0.00372   0.00439   0.01724   0.00401   0.01743   0.00461   0.01897   0.00726   0.02666   0.00132   0.00440   0.00213   0.02042   0.03820   0.01379   0.02125   0.02240   0.01546   0.01251   0.01523   0.00000   0.01412   0.06338   0.02045   1.84869   1.53677   0.74853   0.74365   4.47963   2.33661   0.00352   1.00000  
 95 24.6760   5054.459261  x:  0.03154   0.00000   0.01065   0.01667   0.00538   0.01121   0.00882   0.01181   0.00599   0.00185   0.00000   0.00187   0.00142   0.00491   0.00181   0.01115   0.05855   0.00344   0.00731   0.00000   0.00217   0.00889   0.01634   0.00737   0.02214   0.00374   0.00440   0.01714   0.00402   0.01741   0.00460   0.01893   0.00723   0.02640   0.00133   0.00439   0.00213   0.02053   0.03817   0.01382   0.02141   0.02222   0.01545   0.01254   0.01523   0.00000   0.01411   0.06340   0.02043   1.84858   1.53514   0.74843   0.74318   4.47981   2.33687   0.00348   1.00000  
 96 13.4429   5054.445859  x:  0.03150   0.00000   0.01064   0.01677   0.00538   0.01121   0.00889   0.01149   0.00603   0.00186   0.00000   0.00187   0.00142   0.00488   0.00181   0.01105   0.05856   0.00343   0.00735   0.00000   0.00218   0.00870   0.01624   0.00726   0.02208   0.00371   0.00443   0.01723   0.00407   0.01733   0.00461   0.01855   0.00729   0.02606   0.00134   0.00440   0.00213   0.02060   0.03815   0.01384   0.02166   0.02180   0.01530   0.01232   0.01504   0.00000   0.01397   0.06343   0.02051   1.84818   1.52619   0.74751   0.74085   4.48127   2.33785   0.00338   1.00000  
 97 44.3213   5054.298673  x:  0.03150   0.00000   0.01058   0.01681   0.00530   0.01069   0.00878   0.01136   0.00601   0.00185   0.00000   0.00187   0.00141   0.00494   0.00195   0.01043   0.05850   0.00343   0.00714   0.00000   0.00214   0.00928   0.01553   0.00773   0.02244   0.00370   0.00429   0.01734   0.00416   0.01733   0.00457   0.01788   0.00781   0.02624   0.00134   0.00441   0.00213   0.02000   0.03811   0.01344   0.02171   0.02030   0.01467   0.01346   0.01544   0.00000   0.01428   0.06347   0.02068   1.84406   1.42726   0.73677   0.71540   4.49813   2.34788   0.00301   1.00000  
 98 298.1150   5053.783085  x:  0.03157   0.00000   0.01066   0.01635   0.00534   0.01108   0.00885   0.01151   0.00601   0.00180   0.00000   0.00181   0.00141   0.00487   0.00173   0.01143   0.05813   0.00343   0.00730   0.00000   0.00216   0.00878   0.01586   0.00722   0.02229   0.00370   0.00440   0.01699   0.00405   0.01734   0.00460   0.01895   0.00742   0.02705   0.00128   0.00441   0.00211   0.01887   0.03809   0.01341   0.02107   0.01918   0.01503   0.01269   0.01501   0.00000   0.01416   0.06323   0.02047   1.83095   1.10981   0.70213   0.63383   4.55239   2.37993   0.00412   1.00000  
 99 3109.7533   5053.681666  x:  0.03155   0.00000   0.01059   0.01672   0.00536   0.01102   0.00879   0.01166   0.00601   0.00179   0.00000   0.00180   0.00140   0.00487   0.00187   0.01063   0.05805   0.00343   0.00726   0.00000   0.00214   0.00889   0.01609   0.00736   0.02240   0.00368   0.00438   0.01725   0.00405   0.01731   0.00460   0.01856   0.00742   0.02650   0.00127   0.00438   0.00209   0.01977   0.03817   0.01377   0.02122   0.02089   0.01542   0.01266   0.01521   0.00000   0.01405   0.06315   0.02038   1.82816   1.04123   0.69463   0.61621   4.56415   2.38684   0.00393   1.00000  
100 1770.2205   5053.674774  x:  0.03151   0.00000   0.01060   0.01667   0.00535   0.01098   0.00880   0.01153   0.00602   0.00180   0.00000   0.00180   0.00140   0.00488   0.00182   0.01091   0.05804   0.00343   0.00726   0.00000   0.00215   0.00890   0.01593   0.00736   0.02238   0.00368   0.00438   0.01717   0.00408   0.01732   0.00460   0.01846   0.00751   0.02638   0.00129   0.00438   0.00209   0.01997   0.03817   0.01361   0.02125   0.02122   0.01518   0.01277   0.01524   0.00000   0.01409   0.06313   0.02041   1.82800   1.03656   0.69412   0.61501   4.56495   2.38733   0.00411   1.00000  
101 160.3450   5053.674559  x:  0.03151   0.00000   0.01060   0.01664   0.00535   0.01099   0.00880   0.01155   0.00602   0.00180   0.00000   0.00180   0.00140   0.00488   0.00183   0.01089   0.05804   0.00343   0.00727   0.00000   0.00215   0.00889   0.01592   0.00735   0.02238   0.00368   0.00438   0.01718   0.00408   0.01731   0.00460   0.01850   0.00749   0.02638   0.00129   0.00438   0.00209   0.01996   0.03818   0.01361   0.02128   0.02125   0.01510   0.01277   0.01520   0.00000   0.01410   0.06313   0.02044   1.82804   1.03642   0.69410   0.61497   4.56498   2.38737   0.00408   1.00000  
102  4.9136   5053.674267  x:  0.03149   0.00000   0.01060   0.01667   0.00535   0.01099   0.00880   0.01155   0.00602   0.00180   0.00000   0.00180   0.00140   0.00488   0.00183   0.01089   0.05803   0.00343   0.00727   0.00000   0.00215   0.00890   0.01594   0.00736   0.02238   0.00368   0.00438   0.01717   0.00408   0.01732   0.00460   0.01849   0.00748   0.02642   0.00128   0.00438   0.00209   0.01990   0.03818   0.01363   0.02141   0.02128   0.01507   0.01278   0.01522   0.00000   0.01408   0.06313   0.02042   1.82834   1.03631   0.69406   0.61489   4.56506   2.38754   0.00410   1.00000  
103  1.6228   5053.669894  x:  0.03148   0.00000   0.01060   0.01662   0.00536   0.01103   0.00878   0.01165   0.00602   0.00180   0.00000   0.00180   0.00140   0.00488   0.00183   0.01089   0.05804   0.00343   0.00726   0.00000   0.00215   0.00890   0.01584   0.00735   0.02239   0.00369   0.00437   0.01729   0.00407   0.01732   0.00460   0.01840   0.00740   0.02646   0.00129   0.00439   0.00209   0.01985   0.03818   0.01345   0.02155   0.02131   0.01516   0.01259   0.01527   0.00000   0.01433   0.06315   0.02041   1.83377   1.03481   0.69337   0.61361   4.56629   2.39047   0.00407   1.00000  
104  7.8100   5053.629080  x:  0.03155   0.00000   0.01063   0.01651   0.00535   0.01101   0.00878   0.01157   0.00602   0.00178   0.00000   0.00178   0.00140   0.00488   0.00182   0.01088   0.05807   0.00343   0.00728   0.00000   0.00215   0.00890   0.01579   0.00735   0.02246   0.00367   0.00438   0.01716   0.00410   0.01731   0.00460   0.01851   0.00749   0.02644   0.00126   0.00439   0.00209   0.01996   0.03821   0.01375   0.02134   0.02129   0.01522   0.01279   0.01519   0.00000   0.01408   0.06329   0.02047   1.88550   1.02074   0.68685   0.60150   4.57801   2.41837   0.00374   1.00000  
105 216.3090   5053.627767  x:  0.03156   0.00000   0.01062   0.01666   0.00536   0.01101   0.00878   0.01158   0.00602   0.00178   0.00000   0.00178   0.00140   0.00488   0.00182   0.01088   0.05808   0.00343   0.00728   0.00000   0.00215   0.00890   0.01595   0.00735   0.02246   0.00367   0.00438   0.01717   0.00410   0.01731   0.00460   0.01853   0.00750   0.02644   0.00127   0.00439   0.00209   0.01997   0.03821   0.01363   0.02130   0.02128   0.01513   0.01278   0.01521   0.00000   0.01409   0.06330   0.02047   1.88712   1.02030   0.68665   0.60112   4.57839   2.41926   0.00373   1.00000  
106 66.2721   5053.627718  x:  0.03155   0.00000   0.01062   0.01666   0.00536   0.01101   0.00878   0.01158   0.00602   0.00178   0.00000   0.00178   0.00140   0.00488   0.00182   0.01089   0.05808   0.00343   0.00728   0.00000   0.00215   0.00891   0.01595   0.00735   0.02246   0.00367   0.00438   0.01718   0.00410   0.01731   0.00460   0.01852   0.00750   0.02643   0.00127   0.00439   0.00209   0.01997   0.03821   0.01366   0.02129   0.02127   0.01511   0.01277   0.01522   0.00000   0.01410   0.06330   0.02047   1.88714   1.02031   0.68664   0.60112   4.57844   2.41931   0.00374   1.00000  
107  0.9452   5053.583000  x:  0.03152   0.00000   0.01064   0.01643   0.00537   0.01104   0.00875   0.01172   0.00602   0.00173   0.00000   0.00172   0.00139   0.00484   0.00178   0.01090   0.05814   0.00342   0.00730   0.00000   0.00216   0.00882   0.01576   0.00734   0.02231   0.00362   0.00439   0.01705   0.00407   0.01730   0.00462   0.01865   0.00739   0.02643   0.00126   0.00440   0.00208   0.02006   0.03816   0.01350   0.02114   0.02150   0.01493   0.01217   0.01632   0.00000   0.01337   0.06326   0.02073   1.88869   1.03795   0.68657   0.60780   4.64292   2.47218   0.00383   1.00000  
108  2.4274   5053.330060  x:  0.03126   0.00000   0.01064   0.01660   0.00542   0.01113   0.00844   0.01175   0.00603   0.00150   0.00000   0.00140   0.00135   0.00473   0.00157   0.01124   0.05847   0.00337   0.00739   0.00000   0.00216   0.00865   0.01619   0.00769   0.02154   0.00345   0.00440   0.01709   0.00406   0.01719   0.00468   0.01883   0.00736   0.02652   0.00113   0.00439   0.00203   0.02052   0.03776   0.01370   0.02106   0.02292   0.01551   0.01231   0.01489   0.00000   0.01389   0.06285   0.01998   1.89746   1.13848   0.68615   0.64586   5.01031   2.77347   0.00570   1.00000  
109 2212.7471   5053.286454  x:  0.03130   0.00000   0.01064   0.01659   0.00542   0.01114   0.00827   0.01174   0.00602   0.00151   0.00000   0.00140   0.00136   0.00479   0.00155   0.01133   0.05879   0.00337   0.00735   0.00000   0.00216   0.00873   0.01620   0.00778   0.02142   0.00342   0.00434   0.01717   0.00412   0.01714   0.00466   0.01881   0.00732   0.02663   0.00111   0.00438   0.00204   0.02043   0.03766   0.01378   0.02103   0.02261   0.01544   0.01230   0.01496   0.00000   0.01393   0.06294   0.02001   1.90550   1.10643   0.71693   0.68813   5.16307   2.92990   0.00577   1.00000  
110  0.4985   5053.093632  x:  0.03156   0.00000   0.01064   0.01655   0.00540   0.01119   0.00756   0.01171   0.00598   0.00153   0.00000   0.00146   0.00144   0.00500   0.00151   0.01155   0.05881   0.00338   0.00728   0.00000   0.00216   0.00894   0.01630   0.00747   0.02180   0.00330   0.00424   0.01746   0.00441   0.01689   0.00457   0.01882   0.00716   0.02681   0.00108   0.00435   0.00207   0.02014   0.03777   0.01408   0.02088   0.02203   0.01530   0.01220   0.01524   0.00000   0.01404   0.06327   0.02021   1.88037   1.04337   0.67964   0.60754   5.88668   3.66870   0.00590   1.00000  
111  3.3876   5053.018649  x:  0.03138   0.00000   0.01059   0.01662   0.00535   0.01108   0.00743   0.01161   0.00596   0.00153   0.00000   0.00150   0.00138   0.00488   0.00152   0.01110   0.05841   0.00337   0.00722   0.00000   0.00210   0.00888   0.01609   0.00728   0.02214   0.00306   0.00426   0.01719   0.00438   0.01693   0.00452   0.01858   0.00735   0.02642   0.00111   0.00433   0.00203   0.02040   0.03798   0.01373   0.02120   0.02223   0.01532   0.01257   0.01498   0.00000   0.01397   0.06308   0.02023   1.88700   1.10169   0.69203   0.64069   6.38456   4.18471   0.00524   1.00000  
112  0.4552   5052.965166  x:  0.03130   0.00000   0.01062   0.01657   0.00541   0.01117   0.00739   0.01168   0.00601   0.00161   0.00000   0.00153   0.00143   0.00480   0.00149   0.01135   0.05828   0.00343   0.00728   0.00000   0.00219   0.00870   0.01619   0.00713   0.02199   0.00329   0.00431   0.01720   0.00425   0.01707   0.00460   0.01888   0.00728   0.02660   0.00119   0.00437   0.00212   0.02024   0.03762   0.01380   0.02095   0.02220   0.01543   0.01219   0.01503   0.00000   0.01395   0.06303   0.02004   1.89029   1.08763   0.68831   0.63211   7.32646   5.10122   0.00585   1.00000  
113  0.3674   5052.932155  x:  0.03146   0.00000   0.01064   0.01656   0.00538   0.01111   0.00787   0.01168   0.00600   0.00150   0.00000   0.00150   0.00141   0.00487   0.00155   0.01121   0.05854   0.00338   0.00729   0.00000   0.00214   0.00887   0.01612   0.00743   0.02197   0.00317   0.00430   0.01717   0.00439   0.01690   0.00457   0.01872   0.00735   0.02657   0.00111   0.00438   0.00205   0.02029   0.03798   0.01365   0.02112   0.02221   0.01543   0.01249   0.01507   0.00000   0.01389   0.06310   0.02022   1.88554   1.07990   0.68765   0.62842   8.06586   5.85975   0.00550   1.00000  
114  0.5012   5052.923225  x:  0.03142   0.00000   0.01062   0.01662   0.00539   0.01112   0.00789   0.01167   0.00600   0.00160   0.00000   0.00150   0.00140   0.00489   0.00157   0.01122   0.05855   0.00339   0.00728   0.00000   0.00214   0.00886   0.01615   0.00747   0.02193   0.00336   0.00430   0.01725   0.00441   0.01691   0.00459   0.01865   0.00734   0.02652   0.00115   0.00436   0.00205   0.02038   0.03791   0.01383   0.02108   0.02227   0.01535   0.01244   0.01507   0.00000   0.01401   0.06311   0.02020   1.88724   1.09368   0.69018   0.63643   8.64125   6.43646   0.00556   1.00000  
115  0.5093   5052.918648  x:  0.03135   0.00000   0.01062   0.01659   0.00539   0.01113   0.00795   0.01168   0.00600   0.00155   0.00000   0.00149   0.00138   0.00483   0.00155   0.01125   0.05846   0.00339   0.00730   0.00000   0.00214   0.00877   0.01614   0.00743   0.02187   0.00335   0.00433   0.01717   0.00435   0.01696   0.00460   0.01875   0.00733   0.02659   0.00115   0.00437   0.00205   0.02030   0.03781   0.01375   0.02103   0.02219   0.01540   0.01236   0.01503   0.00000   0.01396   0.06304   0.02013   1.88749   1.08550   0.68840   0.63167   9.22625   7.01598   0.00561   1.00000  
116  0.4436   5052.915061  x:  0.03145   0.00000   0.01063   0.01660   0.00539   0.01112   0.00791   0.01169   0.00600   0.00157   0.00000   0.00151   0.00140   0.00487   0.00157   0.01124   0.05851   0.00339   0.00729   0.00000   0.00215   0.00886   0.01615   0.00743   0.02197   0.00326   0.00430   0.01725   0.00438   0.01692   0.00459   0.01870   0.00734   0.02654   0.00113   0.00437   0.00207   0.02032   0.03793   0.01380   0.02107   0.02223   0.01536   0.01243   0.01512   0.00000   0.01398   0.06312   0.02019   1.88715   1.08854   0.68900   0.63249  10.18551   7.97761   0.00562   1.00000  
117  0.4580   5052.913580  x:  0.03140   0.00000   0.01062   0.01659   0.00539   0.01112   0.00782   0.01167   0.00600   0.00156   0.00000   0.00149   0.00139   0.00486   0.00155   0.01123   0.05850   0.00338   0.00728   0.00000   0.00214   0.00883   0.01614   0.00741   0.02193   0.00332   0.00430   0.01720   0.00438   0.01693   0.00458   0.01871   0.00733   0.02655   0.00114   0.00436   0.00205   0.02033   0.03788   0.01375   0.02108   0.02222   0.01539   0.01242   0.01503   0.00000   0.01395   0.06308   0.02018   1.88711   1.08740   0.68900   0.63331  10.90499   8.69735   0.00555   1.00000  
118  0.5642   5052.913050  x:  0.03139   0.00000   0.01063   0.01660   0.00539   0.01113   0.00785   0.01168   0.00600   0.00156   0.00000   0.00150   0.00140   0.00486   0.00155   0.01124   0.05848   0.00339   0.00729   0.00000   0.00214   0.00881   0.01615   0.00741   0.02193   0.00328   0.00431   0.01721   0.00437   0.01695   0.00459   0.01872   0.00733   0.02656   0.00114   0.00437   0.00206   0.02032   0.03785   0.01379   0.02105   0.02223   0.01538   0.01239   0.01506   0.00000   0.01398   0.06308   0.02016   1.88730   1.08833   0.68907   0.63298  11.61640   9.40726   0.00561   1.00000  
119  0.4683   5052.912705  x:  0.03142   0.00000   0.01062   0.01659   0.00539   0.01112   0.00785   0.01167   0.00600   0.00156   0.00000   0.00150   0.00139   0.00486   0.00155   0.01123   0.05850   0.00338   0.00728   0.00000   0.00214   0.00884   0.01614   0.00742   0.02194   0.00331   0.00430   0.01721   0.00438   0.01693   0.00458   0.01871   0.00733   0.02655   0.00113   0.00437   0.00205   0.02032   0.03790   0.01376   0.02107   0.02222   0.01538   0.01243   0.01506   0.00000   0.01396   0.06309   0.02018   1.88715   1.08754   0.68885   0.63278  12.60971  10.40171   0.00558   1.00000  
120  0.5251   5052.912587  x:  0.03139   0.00000   0.01062   0.01660   0.00539   0.01112   0.00786   0.01168   0.00600   0.00156   0.00000   0.00150   0.00140   0.00486   0.00155   0.01124   0.05849   0.00339   0.00729   0.00000   0.00214   0.00882   0.01615   0.00742   0.02193   0.00330   0.00431   0.01721   0.00437   0.01694   0.00459   0.01871   0.00733   0.02655   0.00114   0.00437   0.00206   0.02033   0.03787   0.01378   0.02106   0.02222   0.01538   0.01240   0.01505   0.00000   0.01397   0.06308   0.02017   1.88721   1.08793   0.68906   0.63312  13.28266  11.07435   0.00559   1.00000  
121  0.4824   5052.912526  x:  0.03140   0.00000   0.01062   0.01659   0.00539   0.01112   0.00786   0.01167   0.00600   0.00156   0.00000   0.00150   0.00140   0.00486   0.00155   0.01124   0.05850   0.00339   0.00728   0.00000   0.00214   0.00883   0.01615   0.00742   0.02193   0.00330   0.00430   0.01721   0.00437   0.01694   0.00459   0.01871   0.00733   0.02656   0.00113   0.00437   0.00206   0.02032   0.03788   0.01377   0.02107   0.02222   0.01538   0.01241   0.01506   0.00000   0.01396   0.06309   0.02017   1.88722   1.08787   0.68892   0.63275  14.46864  12.26015   0.00559   1.00000  
122  0.5164   5052.912505  x:  0.03140   0.00000   0.01063   0.01660   0.00539   0.01112   0.00785   0.01168   0.00600   0.00156   0.00000   0.00150   0.00140   0.00486   0.00155   0.01124   0.05849   0.00339   0.00729   0.00000   0.00214   0.00883   0.01615   0.00742   0.02193   0.00330   0.00431   0.01721   0.00437   0.01694   0.00459   0.01871   0.00733   0.02655   0.00114   0.00437   0.00206   0.02032   0.03788   0.01377   0.02106   0.02222   0.01538   0.01241   0.01506   0.00000   0.01397   0.06308   0.02017   1.88719   1.08781   0.68897   0.63305  15.06408  12.85583   0.00559   1.00000  
123  0.4910   5052.912495  x:  0.03140   0.00000   0.01062   0.01660   0.00539   0.01112   0.00786   0.01167   0.00600   0.00156   0.00000   0.00150   0.00140   0.00486   0.00155   0.01124   0.05849   0.00339   0.00729   0.00000   0.00214   0.00882   0.01615   0.00742   0.02193   0.00330   0.00431   0.01721   0.00437   0.01694   0.00459   0.01871   0.00733   0.02656   0.00114   0.00437   0.00206   0.02033   0.03787   0.01377   0.02106   0.02222   0.01538   0.01241   0.01506   0.00000   0.01397   0.06308   0.02017   1.88722   1.08793   0.68905   0.63291  16.20413  13.99573   0.00559   1.00000  
124  0.5079   5052.912491  x:  0.03140   0.00000   0.01063   0.01660   0.00539   0.01112   0.00786   0.01168   0.00600   0.00156   0.00000   0.00150   0.00140   0.00486   0.00155   0.01124   0.05849   0.00339   0.00729   0.00000   0.00214   0.00883   0.01615   0.00742   0.02193   0.00330   0.00431   0.01721   0.00437   0.01694   0.00459   0.01871   0.00733   0.02655   0.00114   0.00437   0.00206   0.02032   0.03788   0.01377   0.02106   0.02222   0.01538   0.01241   0.01506   0.00000   0.01397   0.06308   0.02017   1.88720   1.08785   0.68896   0.63298  16.85268  14.64434   0.00559   1.00000  
125  0.5733   5052.912489  x:  0.03140   0.00000   0.01063   0.01660   0.00539   0.01112   0.00786   0.01168   0.00600   0.00156   0.00000   0.00150   0.00140   0.00486   0.00155   0.01124   0.05850   0.00339   0.00729   0.00000   0.00214   0.00883   0.01615   0.00742   0.02193   0.00330   0.00431   0.01721   0.00437   0.01694   0.00459   0.01871   0.00733   0.02655   0.00114   0.00437   0.00206   0.02032   0.03788   0.01377   0.02106   0.02222   0.01538   0.01241   0.01506   0.00000   0.01397   0.06308   0.02017   1.88719   1.08781   0.68900   0.63297  18.17378  15.96550   0.00559   1.00000  
126  0.6405   5052.912489  x:  0.03140   0.00000   0.01062   0.01660   0.00539   0.01112   0.00786   0.01168   0.00600   0.00156   0.00000   0.00150   0.00140   0.00486   0.00155   0.01124   0.05849   0.00339   0.00729   0.00000   0.00214   0.00882   0.01615   0.00742   0.02193   0.00330   0.00431   0.01721   0.00437   0.01694   0.00459   0.01871   0.00733   0.02655   0.00114   0.00437   0.00206   0.02032   0.03787   0.01377   0.02106   0.02222   0.01538   0.01241   0.01506   0.00000   0.01397   0.06308   0.02017   1.88720   1.08786   0.68900   0.63297  18.92672  16.71840   0.00559   1.00000  
127  0.9451   5052.912489  x:  0.03140   0.00000   0.01062   0.01660   0.00539   0.01112   0.00786   0.01168   0.00600   0.00156   0.00000   0.00150   0.00140   0.00486   0.00155   0.01124   0.05849   0.00339   0.00729   0.00000   0.00214   0.00882   0.01615   0.00742   0.02193   0.00330   0.00431   0.01721   0.00437   0.01694   0.00459   0.01871   0.00733   0.02655   0.00114   0.00437   0.00206   0.02032   0.03787   0.01377   0.02106   0.02222   0.01538   0.01241   0.01506   0.00000   0.01397   0.06308   0.02017   1.88721   1.08787   0.68898   0.63297  20.26288  18.05453   0.00559   1.00000  
128  1.6071   5052.912489  x:  0.03140   0.00000   0.01062   0.01660   0.00539   0.01112   0.00786   0.01168   0.00600   0.00156   0.00000   0.00150   0.00140   0.00486   0.00155   0.01124   0.05849   0.00339   0.00729   0.00000   0.00214   0.00882   0.01615   0.00742   0.02193   0.00330   0.00431   0.01721   0.00437   0.01694   0.00459   0.01871   0.00733   0.02655   0.00114   0.00437   0.00206   0.02032   0.03787   0.01377   0.02106   0.02222   0.01538   0.01241   0.01506   0.00000   0.01397   0.06308   0.02017   1.88720   1.08786   0.68898   0.63297  19.78893  17.58059   0.00559   1.00000  
129  1.8878   5052.912488  x:  0.03140   0.00000   0.01062   0.01660   0.00539   0.01112   0.00786   0.01168   0.00600   0.00156   0.00000   0.00150   0.00140   0.00486   0.00155   0.01124   0.05849   0.00339   0.00729   0.00000   0.00214   0.00882   0.01615   0.00742   0.02193   0.00330   0.00431   0.01721   0.00437   0.01694   0.00459   0.01871   0.00733   0.02655   0.00114   0.00437   0.00206   0.02032   0.03787   0.01377   0.02106   0.02222   0.01538   0.01241   0.01506   0.00000   0.01397   0.06308   0.02017   1.88719   1.08785   0.68900   0.63297  18.75183  16.54350   0.00559   1.00000  
130 28.0817   5052.912488  x:  0.03140   0.00000   0.01062   0.01660   0.00539   0.01112   0.00786   0.01168   0.00600   0.00156   0.00000   0.00150   0.00140   0.00486   0.00155   0.01124   0.05849   0.00339   0.00729   0.00000   0.00214   0.00882   0.01615   0.00742   0.02193   0.00330   0.00431   0.01721   0.00437   0.01694   0.00459   0.01871   0.00733   0.02655   0.00114   0.00437   0.00206   0.02032   0.03787   0.01377   0.02106   0.02222   0.01538   0.01241   0.01506   0.00000   0.01397   0.06308   0.02017   1.88719   1.08786   0.68900   0.63298  18.49256  16.28422   0.00559   1.00000  
131 26.2629   5052.912488  x:  0.03140   0.00000   0.01062   0.01660   0.00539   0.01112   0.00786   0.01168   0.00600   0.00156   0.00000   0.00150   0.00140   0.00486   0.00155   0.01124   0.05849   0.00339   0.00729   0.00000   0.00214   0.00882   0.01615   0.00742   0.02193   0.00330   0.00431   0.01721   0.00437   0.01694   0.00459   0.01871   0.00733   0.02655   0.00114   0.00437   0.00206   0.02032   0.03787   0.01377   0.02106   0.02222   0.01538   0.01241   0.01506   0.00000   0.01397   0.06308   0.02017   1.88719   1.08786   0.68900   0.63298  18.47636  16.26802   0.00559   1.00000  
132 27.8079   5052.912488  x:  0.03140   0.00000   0.01062   0.01660   0.00539   0.01112   0.00786   0.01168   0.00600   0.00156   0.00000   0.00150   0.00140   0.00486   0.00155   0.01124   0.05849   0.00339   0.00729   0.00000   0.00214   0.00882   0.01615   0.00742   0.02193   0.00330   0.00431   0.01721   0.00437   0.01694   0.00459   0.01871   0.00733   0.02655   0.00114   0.00437   0.00206   0.02032   0.03787   0.01377   0.02106   0.02222   0.01538   0.01241   0.01506   0.00000   0.01397   0.06308   0.02017   1.88719   1.08785   0.68899   0.63296  18.46269  16.25435   0.00559   1.00000  
133 19.3292   5052.912488  x:  0.03140   0.00000   0.01062   0.01660   0.00539   0.01112   0.00786   0.01168   0.00600   0.00156   0.00000   0.00150   0.00140   0.00486   0.00155   0.01124   0.05849   0.00339   0.00729   0.00000   0.00214   0.00882   0.01615   0.00742   0.02193   0.00330   0.00431   0.01721   0.00437   0.01694   0.00459   0.01871   0.00733   0.02655   0.00114   0.00437   0.00206   0.02032   0.03787   0.01377   0.02106   0.02222   0.01538   0.01241   0.01506   0.00000   0.01397   0.06308   0.02017   1.88719   1.08785   0.68899   0.63296  18.46263  16.25429   0.00559   1.00000  
134 25.3835   5052.912488  x:  0.03140   0.00000   0.01062   0.01660   0.00539   0.01112   0.00786   0.01168   0.00600   0.00156   0.00000   0.00150   0.00140   0.00486   0.00155   0.01124   0.05849   0.00339   0.00729   0.00000   0.00214   0.00882   0.01615   0.00742   0.02193   0.00330   0.00431   0.01721   0.00437   0.01694   0.00459   0.01871   0.00733   0.02655   0.00114   0.00437   0.00206   0.02032   0.03787   0.01377   0.02106   0.02222   0.01538   0.01241   0.01506   0.00000   0.01397   0.06308   0.02017   1.88720   1.08782   0.68899   0.63295  18.45452  16.24618   0.00559   1.00000  
135 11.5014   5052.912488  x:  0.03140   0.00000   0.01062   0.01660   0.00539   0.01112   0.00786   0.01168   0.00600   0.00156   0.00000   0.00150   0.00140   0.00486   0.00155   0.01124   0.05849   0.00339   0.00729   0.00000   0.00214   0.00882   0.01615   0.00742   0.02193   0.00330   0.00431   0.01721   0.00437   0.01694   0.00459   0.01871   0.00733   0.02655   0.00114   0.00437   0.00206   0.02032   0.03787   0.01377   0.02106   0.02222   0.01538   0.01241   0.01506   0.00000   0.01397   0.06308   0.02017   1.88721   1.08780   0.68899   0.63295  18.45143  16.24310   0.00559   1.00000  
136  4.3690   5052.912488  x:  0.03140   0.00000   0.01062   0.01660   0.00539   0.01112   0.00786   0.01168   0.00600   0.00156   0.00000   0.00150   0.00140   0.00486   0.00155   0.01124   0.05849   0.00339   0.00729   0.00000   0.00214   0.00882   0.01615   0.00742   0.02193   0.00330   0.00431   0.01721   0.00437   0.01694   0.00459   0.01871   0.00733   0.02655   0.00114   0.00437   0.00206   0.02032   0.03787   0.01377   0.02106   0.02222   0.01538   0.01241   0.01506   0.00000   0.01397   0.06308   0.02017   1.88721   1.08780   0.68899   0.63294  18.44957  16.24124   0.00559   1.00000  
137 58.9755   5052.912488  x:  0.03140   0.00000   0.01062   0.01660   0.00539   0.01112   0.00786   0.01168   0.00600   0.00156   0.00000   0.00150   0.00140   0.00486   0.00155   0.01124   0.05849   0.00339   0.00729   0.00000   0.00214   0.00882   0.01615   0.00742   0.02193   0.00330   0.00431   0.01721   0.00437   0.01694   0.00459   0.01871   0.00733   0.02655   0.00114   0.00437   0.00206   0.02032   0.03787   0.01377   0.02106   0.02222   0.01538   0.01241   0.01506   0.00000   0.01397   0.06308   0.02017   1.88723   1.08775   0.68897   0.63294  18.43862  16.23028   0.00559   1.00000  
138  2.0981   5052.912488  x:  0.03140   0.00000   0.01062   0.01660   0.00539   0.01112   0.00786   0.01168   0.00600   0.00156   0.00000   0.00150   0.00140   0.00486   0.00155   0.01124   0.05849   0.00339   0.00729   0.00000   0.00214   0.00882   0.01615   0.00742   0.02193   0.00330   0.00431   0.01721   0.00437   0.01694   0.00459   0.01871   0.00733   0.02655   0.00114   0.00437   0.00206   0.02032   0.03787   0.01377   0.02106   0.02222   0.01538   0.01241   0.01506   0.00000   0.01397   0.06308   0.02017   1.88723   1.08775   0.68897   0.63294  18.43861  16.23028   0.00559   1.00000  
139  6.1280   5052.912488  x:  0.03140   0.00000   0.01062   0.01660   0.00539   0.01112   0.00786   0.01168   0.00600   0.00156   0.00000   0.00150   0.00140   0.00486   0.00155   0.01124   0.05849   0.00339   0.00729   0.00000   0.00214   0.00882   0.01615   0.00742   0.02193   0.00330   0.00431   0.01721   0.00437   0.01694   0.00459   0.01871   0.00733   0.02655   0.00114   0.00437   0.00206   0.02032   0.03787   0.01377   0.02106   0.02222   0.01538   0.01241   0.01506   0.00000   0.01397   0.06308   0.02017   1.88730   1.08774   0.68890   0.63288  18.41273  16.20440   0.00559   1.00000  
140  1.1481   5052.912488  x:  0.03140   0.00000   0.01062   0.01660   0.00539   0.01112   0.00786   0.01168   0.00600   0.00156   0.00000   0.00150   0.00140   0.00486   0.00155   0.01124   0.05849   0.00339   0.00729   0.00000   0.00214   0.00882   0.01615   0.00742   0.02193   0.00330   0.00431   0.01721   0.00437   0.01694   0.00459   0.01871   0.00733   0.02655   0.00114   0.00437   0.00206   0.02032   0.03787   0.01377   0.02106   0.02222   0.01538   0.01241   0.01506   0.00000   0.01397   0.06308   0.02017   1.88731   1.08774   0.68890   0.63288  18.41263  16.20430   0.00559   1.00000  
141  2.0352   5052.912488  x:  0.03140   0.00000   0.01062   0.01660   0.00539   0.01112   0.00786   0.01168   0.00600   0.00156   0.00000   0.00150   0.00140   0.00486   0.00155   0.01124   0.05849   0.00339   0.00729   0.00000   0.00214   0.00882   0.01615   0.00742   0.02193   0.00330   0.00431   0.01721   0.00437   0.01694   0.00459   0.01871   0.00733   0.02655   0.00114   0.00437   0.00206   0.02032   0.03787   0.01377   0.02106   0.02222   0.01538   0.01241   0.01506   0.00000   0.01397   0.06308   0.02017   1.88743   1.08763   0.68893   0.63293  18.37423  16.16591   0.00559   1.00000  
142  0.7674   5052.912488  x:  0.03140   0.00000   0.01062   0.01660   0.00539   0.01112   0.00786   0.01168   0.00600   0.00156   0.00000   0.00150   0.00140   0.00486   0.00155   0.01124   0.05849   0.00339   0.00729   0.00000   0.00214   0.00882   0.01615   0.00742   0.02193   0.00330   0.00431   0.01721   0.00437   0.01694   0.00459   0.01871   0.00733   0.02655   0.00114   0.00437   0.00206   0.02032   0.03787   0.01377   0.02106   0.02222   0.01538   0.01241   0.01506   0.00000   0.01397   0.06308   0.02017   1.88743   1.08763   0.68893   0.63293  18.37423  16.16591   0.00559   1.00000  
143  0.0019   5052.912488  x:  0.03140   0.00000   0.01062   0.01660   0.00539   0.01112   0.00786   0.01168   0.00600   0.00156   0.00000   0.00150   0.00140   0.00486   0.00155   0.01124   0.05849   0.00339   0.00729   0.00000   0.00214   0.00882   0.01615   0.00742   0.02193   0.00330   0.00431   0.01721   0.00437   0.01694   0.00459   0.01871   0.00733   0.02655   0.00114   0.00437   0.00206   0.02032   0.03787   0.01377   0.02106   0.02222   0.01538   0.01241   0.01506   0.00000   0.01397   0.06308   0.02017   1.88743   1.08763   0.68893   0.63293  18.37423  16.16591   0.00559   1.00000  
144  0.0176   5052.912488  x:  0.03140   0.00000   0.01062   0.01660   0.00539   0.01112   0.00786   0.01168   0.00600   0.00156   0.00000   0.00150   0.00140   0.00486   0.00155   0.01124   0.05849   0.00339   0.00729   0.00000   0.00214   0.00882   0.01615   0.00742   0.02193   0.00330   0.00431   0.01721   0.00437   0.01694   0.00459   0.01871   0.00733   0.02655   0.00114   0.00437   0.00206   0.02032   0.03787   0.01377   0.02106   0.02222   0.01538   0.01241   0.01506   0.00000   0.01397   0.06308   0.02017   1.88743   1.08763   0.68893   0.63293  18.37423  16.16591   0.00559   1.00000  
check convergence!
