

TREE # 1

  0  0.0000   4226.906515  x:  0.00656   0.00225   0.00380   0.00873   0.00185   0.00458   0.00874   0.02187   0.00451   0.00138   0.00370   0.00022   0.00077   0.00431   0.00234   0.02328   0.01268   0.00237   0.00145   0.00134   0.00487   0.00487   0.00241   0.00244   0.00193   0.00120   0.00150   0.00528   0.00110   0.00000   0.00023   0.00043   0.00101   0.51604   0.42583   0.49231   0.47958   0.56105   0.48787  
  1 99.0000   4226.903766  x:  0.00656   0.00225   0.00380   0.00873   0.00185   0.00458   0.00874   0.02187   0.00451   0.00138   0.00370   0.00022   0.00077   0.00431   0.00234   0.02328   0.01268   0.00237   0.00145   0.00134   0.00487   0.00487   0.00241   0.00244   0.00193   0.00120   0.00150   0.00528   0.00110   0.00000   0.00023   0.00043   0.00101   0.51604   0.42583   0.49231   0.47958   0.56105   0.48787  
  2 1705.3714   4226.441756  x:  0.00657   0.00216   0.00378   0.00873   0.00179   0.00459   0.00871   0.02186   0.00452   0.00136   0.00369   0.00000   0.00074   0.00428   0.00234   0.02327   0.01268   0.00237   0.00142   0.00133   0.00486   0.00486   0.00241   0.00243   0.00196   0.00121   0.00147   0.00527   0.00111   0.00000   0.00015   0.00022   0.00102   0.51608   0.42583   0.49231   0.47958   0.56102   0.48787  
  3 8139.1222   4226.172250  x:  0.00660   0.00207   0.00378   0.00872   0.00175   0.00459   0.00869   0.02186   0.00453   0.00135   0.00368   0.00000   0.00074   0.00426   0.00234   0.02327   0.01269   0.00237   0.00141   0.00132   0.00486   0.00486   0.00240   0.00243   0.00197   0.00126   0.00145   0.00526   0.00111   0.00000   0.00006   0.00000   0.00101   0.51611   0.42583   0.49232   0.47958   0.56099   0.48786  
  4 17980.8317   4226.090894  x:  0.00661   0.00199   0.00377   0.00871   0.00170   0.00460   0.00866   0.02185   0.00453   0.00135   0.00368   0.00000   0.00074   0.00423   0.00235   0.02326   0.01269   0.00237   0.00140   0.00132   0.00486   0.00486   0.00240   0.00243   0.00198   0.00131   0.00144   0.00524   0.00110   0.00000   0.00000   0.00000   0.00099   0.51614   0.42583   0.49232   0.47958   0.56097   0.48786  
  5 8745.8494   4225.833977  x:  0.00688   0.00121   0.00370   0.00862   0.00163   0.00464   0.00838   0.02180   0.00458   0.00140   0.00365   0.00000   0.00073   0.00403   0.00235   0.02319   0.01275   0.00237   0.00147   0.00135   0.00482   0.00482   0.00240   0.00242   0.00192   0.00154   0.00152   0.00513   0.00119   0.00000   0.00000   0.00000   0.00149   0.51658   0.42585   0.49235   0.47958   0.56061   0.48781  
  6 611.5268   4225.489772  x:  0.00798   0.00085   0.00367   0.00836   0.00217   0.00469   0.00748   0.02159   0.00464   0.00132   0.00364   0.00000   0.00074   0.00374   0.00233   0.02294   0.01296   0.00238   0.00149   0.00124   0.00476   0.00477   0.00242   0.00246   0.00204   0.00112   0.00162   0.00490   0.00116   0.00000   0.00000   0.00000   0.00112   0.51851   0.42593   0.49250   0.47959   0.55899   0.48757  
  7 306.5353   4224.982492  x:  0.00959   0.00155   0.00359   0.00796   0.00222   0.00477   0.00607   0.02121   0.00472   0.00124   0.00360   0.00000   0.00073   0.00336   0.00234   0.02247   0.01330   0.00238   0.00132   0.00124   0.00468   0.00469   0.00241   0.00245   0.00218   0.00148   0.00142   0.00459   0.00121   0.00000   0.00000   0.00000   0.00136   0.52234   0.42609   0.49278   0.47960   0.55581   0.48710  
  8 1164.8012   4223.412610  x:  0.01118   0.00163   0.00380   0.00767   0.00085   0.00469   0.00558   0.02038   0.00457   0.00192   0.00369   0.00000   0.00074   0.00445   0.00238   0.02141   0.01386   0.00236   0.00171   0.00178   0.00481   0.00481   0.00235   0.00234   0.00135   0.00086   0.00136   0.00498   0.00094   0.00000   0.00000   0.00000   0.00134   0.53411   0.42657   0.49367   0.47964   0.54597   0.48566  
  9 1072.0520   4215.585827  x:  0.01544   0.00132   0.00470   0.00745   0.00018   0.00415   0.00802   0.01607   0.00373   0.00203   0.00403   0.00000   0.00077   0.00994   0.00246   0.01582   0.01627   0.00231   0.00149   0.00144   0.00558   0.00553   0.00217   0.00203   0.00467   0.00182   0.00101   0.00771   0.00277   0.00000   0.00000   0.00000   0.00112   0.60770   0.42959   0.49921   0.47988   0.48436   0.47663  
 10 6033.8018   4213.551667  x:  0.01577   0.00117   0.00464   0.00741   0.00057   0.00417   0.00840   0.01531   0.00379   0.00194   0.00395   0.00000   0.00077   0.01080   0.00251   0.01483   0.01670   0.00229   0.00101   0.00150   0.00563   0.00557   0.00208   0.00188   0.00465   0.00195   0.00027   0.00807   0.00249   0.00000   0.00000   0.00000   0.00120   0.62359   0.43024   0.50041   0.47994   0.47104   0.47468  
 11 27901.4350   4210.573973  x:  0.01583   0.00111   0.00437   0.00739   0.00072   0.00430   0.00870   0.01454   0.00404   0.00150   0.00375   0.00000   0.00078   0.01144   0.00257   0.01386   0.01716   0.00228   0.00020   0.00140   0.00559   0.00553   0.00199   0.00175   0.00455   0.00204   0.00066   0.00827   0.00187   0.00000   0.00000   0.00000   0.00136   0.64354   0.43107   0.50192   0.48000   0.45430   0.47223  
 12 43250.0267   4204.709702  x:  0.01557   0.00113   0.00363   0.00737   0.00087   0.00464   0.00913   0.01325   0.00470   0.00023   0.00325   0.00000   0.00078   0.01214   0.00267   0.01223   0.01795   0.00226   0.00060   0.00094   0.00538   0.00534   0.00185   0.00159   0.00458   0.00217   0.00096   0.00838   0.00055   0.00000   0.00000   0.00000   0.00167   0.68288   0.43268   0.50489   0.48013   0.42125   0.46739  
 13 86151.3683   4200.034630  x:  0.01499   0.00121   0.00290   0.00739   0.00099   0.00500   0.00931   0.01247   0.00534   0.00086   0.00282   0.00000   0.00078   0.01214   0.00272   0.01128   0.01849   0.00227   0.00080   0.00044   0.00510   0.00507   0.00186   0.00166   0.00483   0.00214   0.00116   0.00816   0.00009   0.00000   0.00000   0.00000   0.00176   0.71634   0.43406   0.50741   0.48024   0.39312   0.46327  
 14 74308.5367   4193.430624  x:  0.01406   0.00131   0.00183   0.00742   0.00115   0.00552   0.00946   0.01144   0.00629   0.00132   0.00218   0.00000   0.00078   0.01209   0.00279   0.01004   0.01923   0.00228   0.00104   0.00005   0.00468   0.00468   0.00185   0.00173   0.00469   0.00207   0.00142   0.00778   0.00040   0.00000   0.00000   0.00000   0.00170   0.76325   0.43599   0.51095   0.48040   0.35367   0.45750  
 15 435589.8303   4186.215202  x:  0.01280   0.00143   0.00044   0.00746   0.00137   0.00622   0.00967   0.01011   0.00755   0.00188   0.00137   0.00000   0.00078   0.01190   0.00287   0.00845   0.02019   0.00229   0.00136   0.00037   0.00412   0.00415   0.00185   0.00186   0.00486   0.00191   0.00177   0.00723   0.00069   0.00000   0.00000   0.00000   0.00161   0.82560   0.43856   0.51566   0.48060   0.30123   0.44982  
 16 1337210.3231   4159.194183  x:  0.00791   0.00163   0.00329   0.00768   0.00192   0.00857   0.00975   0.00659   0.01181   0.00319   0.00019   0.00000   0.00079   0.01003   0.00298   0.00462   0.02327   0.00239   0.00214   0.00089   0.00218   0.00233   0.00215   0.00256   0.00502   0.00153   0.00266   0.00468   0.00131   0.00000   0.00000   0.00000   0.00145   1.04937   0.44779   0.53257   0.48134   0.11289   0.42227  
 17 202249.5416   4150.781756  x:  0.00613   0.00169   0.00401   0.00775   0.00211   0.00943   0.00976   0.00538   0.01337   0.00362   0.00092   0.00000   0.00079   0.00933   0.00302   0.00339   0.02440   0.00242   0.00240   0.00104   0.00153   0.00172   0.00225   0.00280   0.00506   0.00141   0.00296   0.00375   0.00151   0.00000   0.00000   0.00000   0.00140   1.13206   0.45119   0.53881   0.48161   0.04330   0.41208  
 18 1321244.7281   4146.345390  x:  0.00584   0.00170   0.00405   0.00777   0.00215   0.00960   0.00977   0.00540   0.01373   0.00368   0.00085   0.00000   0.00080   0.00920   0.00299   0.00392   0.02480   0.00242   0.00244   0.00106   0.00181   0.00193   0.00228   0.00283   0.00508   0.00138   0.00301   0.00362   0.00154   0.00000   0.00000   0.00000   0.00140   1.16247   0.45245   0.54111   0.48171   0.01770   0.40834  
 19 132494.4755   4146.167165  x:  0.00593   0.00170   0.00402   0.00781   0.00214   0.00950   0.00982   0.00596   0.01360   0.00366   0.00084   0.00000   0.00080   0.00913   0.00295   0.00373   0.02471   0.00242   0.00243   0.00105   0.00156   0.00186   0.00228   0.00281   0.00506   0.00138   0.00300   0.00377   0.00153   0.00000   0.00000   0.00000   0.00140   1.16424   0.45252   0.54124   0.48172   0.01662   0.40812  
 20 1240.9131   4146.031437  x:  0.00595   0.00171   0.00400   0.00789   0.00213   0.00932   0.00986   0.00608   0.01336   0.00365   0.00083   0.00000   0.00080   0.00882   0.00290   0.00352   0.02444   0.00242   0.00242   0.00105   0.00189   0.00167   0.00228   0.00280   0.00498   0.00137   0.00299   0.00389   0.00152   0.00000   0.00000   0.00000   0.00140   1.16610   0.45260   0.54138   0.48174   0.01633   0.40788  
 21 520.8248   4144.409639  x:  0.00636   0.00180   0.00377   0.00882   0.00201   0.00709   0.01061   0.00505   0.01037   0.00349   0.00077   0.00000   0.00080   0.00551   0.00253   0.00324   0.02121   0.00241   0.00232   0.00099   0.00159   0.00186   0.00218   0.00265   0.00417   0.00118   0.00286   0.00503   0.00144   0.00000   0.00000   0.00000   0.00141   1.18769   0.45348   0.54293   0.48192   0.01498   0.40511  
 22 1943.9040   4143.624577  x:  0.00652   0.00181   0.00370   0.00881   0.00198   0.00666   0.01088   0.00494   0.00939   0.00343   0.00075   0.00000   0.00080   0.00525   0.00289   0.00355   0.02013   0.00241   0.00228   0.00097   0.00141   0.00113   0.00219   0.00268   0.00404   0.00116   0.00283   0.00464   0.00142   0.00000   0.00000   0.00000   0.00142   1.19816   0.45391   0.54368   0.48201   0.01501   0.40377  
 23 2785.9861   4140.165433  x:  0.00647   0.00183   0.00356   0.00840   0.00193   0.00568   0.01148   0.00540   0.00606   0.00329   0.00072   0.00000   0.00080   0.00448   0.00451   0.00335   0.01585   0.00244   0.00221   0.00093   0.00151   0.00150   0.00231   0.00295   0.00363   0.00108   0.00276   0.00194   0.00136   0.00000   0.00000   0.00000   0.00144   1.24274   0.45574   0.54688   0.48239   0.01570   0.39807  
 24 13498.3563   4132.575407  x:  0.00447   0.00171   0.00380   0.00651   0.00209   0.00712   0.00947   0.00629   0.00329   0.00344   0.00082   0.00000   0.00081   0.00287   0.00621   0.00389   0.00791   0.00247   0.00235   0.00098   0.00176   0.00180   0.00237   0.00342   0.00368   0.00102   0.00297   0.00441   0.00143   0.00000   0.00000   0.00000   0.00141   1.35133   0.46018   0.55467   0.48331   0.01911   0.38418  
 25 9999.1250   4125.627765  x:  0.00466   0.00185   0.00411   0.00976   0.00206   0.00497   0.01024   0.00743   0.00593   0.00366   0.00093   0.00000   0.00081   0.00086   0.00277   0.00467   0.00644   0.00232   0.00244   0.00106   0.00199   0.00185   0.00213   0.00233   0.00328   0.00083   0.00301   0.00393   0.00153   0.00000   0.00000   0.00000   0.00138   1.44384   0.46397   0.56130   0.48413   0.02309   0.37226  
 26 8529.8142   4124.486222  x:  0.00391   0.00176   0.00406   0.01088   0.00207   0.00389   0.00913   0.00758   0.00560   0.00361   0.00093   0.00000   0.00081   0.00127   0.00141   0.00477   0.00642   0.00243   0.00242   0.00105   0.00199   0.00181   0.00240   0.00274   0.00338   0.00087   0.00301   0.00377   0.00151   0.00000   0.00000   0.00000   0.00138   1.46007   0.46465   0.56247   0.48428   0.02378   0.37013  
 27 6551.9066   4123.839845  x:  0.00330   0.00170   0.00404   0.01227   0.00209   0.00312   0.00833   0.00772   0.00494   0.00358   0.00094   0.00000   0.00081   0.00112   0.00201   0.00483   0.00772   0.00250   0.00242   0.00105   0.00202   0.00185   0.00255   0.00315   0.00339   0.00088   0.00303   0.00398   0.00150   0.00000   0.00000   0.00000   0.00138   1.47025   0.46508   0.56320   0.48440   0.02429   0.36874  
 28 2881.7900   4123.634555  x:  0.00330   0.00169   0.00403   0.01364   0.00208   0.00400   0.00807   0.00776   0.00429   0.00357   0.00094   0.00000   0.00081   0.00110   0.00191   0.00486   0.00797   0.00244   0.00241   0.00104   0.00202   0.00185   0.00238   0.00319   0.00338   0.00088   0.00302   0.00393   0.00150   0.00000   0.00000   0.00000   0.00138   1.47353   0.46524   0.56345   0.48446   0.02444   0.36819  
 29 638.8729   4123.589568  x:  0.00331   0.00169   0.00403   0.01381   0.00208   0.00401   0.00802   0.00776   0.00433   0.00357   0.00094   0.00000   0.00081   0.00114   0.00198   0.00486   0.00789   0.00245   0.00241   0.00104   0.00202   0.00185   0.00240   0.00317   0.00339   0.00088   0.00302   0.00394   0.00150   0.00000   0.00032   0.00000   0.00138   1.47370   0.46525   0.56347   0.48448   0.02445   0.36813  
 30 307.3561   4123.570388  x:  0.00333   0.00168   0.00404   0.01418   0.00208   0.00403   0.00789   0.00776   0.00442   0.00358   0.00094   0.00000   0.00081   0.00121   0.00212   0.00486   0.00772   0.00246   0.00241   0.00105   0.00202   0.00186   0.00243   0.00311   0.00342   0.00089   0.00302   0.00395   0.00150   0.00000   0.00024   0.00000   0.00138   1.47412   0.46529   0.56350   0.48451   0.02445   0.36798  
 31 160.3602   4123.562685  x:  0.00338   0.00169   0.00403   0.01424   0.00206   0.00407   0.00794   0.00776   0.00446   0.00356   0.00094   0.00000   0.00081   0.00120   0.00213   0.00486   0.00770   0.00251   0.00240   0.00104   0.00202   0.00186   0.00255   0.00331   0.00339   0.00089   0.00300   0.00397   0.00150   0.00000   0.00023   0.00000   0.00138   1.47419   0.46539   0.56356   0.48466   0.02446   0.36742  
 32 21.6694   4123.470104  x:  0.00345   0.00169   0.00403   0.01433   0.00205   0.00401   0.00796   0.00778   0.00460   0.00354   0.00094   0.00000   0.00081   0.00122   0.00218   0.00487   0.00761   0.00228   0.00238   0.00104   0.00203   0.00187   0.00204   0.00386   0.00338   0.00089   0.00298   0.00398   0.00149   0.00000   0.00020   0.00000   0.00138   1.47464   0.46664   0.56421   0.48665   0.02446   0.36036  
 33 138.1518   4116.053872  x:  0.00390   0.00172   0.00409   0.01429   0.00211   0.00391   0.00827   0.00796   0.00454   0.00358   0.00097   0.00000   0.00080   0.00130   0.00218   0.00502   0.00806   0.00110   0.00242   0.00106   0.00209   0.00192   0.00242   0.00391   0.00337   0.00090   0.00304   0.00407   0.00152   0.00000   0.00007   0.00000   0.00135   1.49217   0.52280   0.59337   0.57614   0.02465   0.04302  
 34 2007.2960   4115.888280  x:  0.00392   0.00172   0.00410   0.01429   0.00211   0.00390   0.00829   0.00797   0.00454   0.00359   0.00097   0.00000   0.00080   0.00130   0.00218   0.00503   0.00808   0.00136   0.00243   0.00106   0.00209   0.00192   0.00231   0.00391   0.00337   0.00090   0.00305   0.00407   0.00152   0.00000   0.00007   0.00000   0.00135   1.49285   0.52500   0.59451   0.57964   0.02466   0.03062  
 35 36071.3113   4114.684133  x:  0.00414   0.00173   0.00414   0.01425   0.00215   0.00386   0.00843   0.00806   0.00449   0.00362   0.00099   0.00000   0.00080   0.00134   0.00218   0.00511   0.00830   0.00150   0.00245   0.00107   0.00212   0.00194   0.00226   0.00383   0.00337   0.00091   0.00309   0.00411   0.00153   0.00000   0.00000   0.00000   0.00133   1.50080   0.54963   0.60680   0.62205   0.02474   0.03391  
 36  7.8914   4114.684133  x:  0.00414   0.00173   0.00414   0.01425   0.00215   0.00386   0.00843   0.00806   0.00449   0.00362   0.00099   0.00000   0.00080   0.00134   0.00218   0.00511   0.00830   0.00150   0.00245   0.00107   0.00212   0.00194   0.00226   0.00383   0.00337   0.00091   0.00309   0.00411   0.00153   0.00000   0.00000   0.00000   0.00133   1.50080   0.54963   0.60680   0.62205   0.02474   0.03391  
 37  2.8798   4091.137309  x:  0.00625   0.00083   0.00374   0.01309   0.00093   0.00456   0.00817   0.01293   0.00467   0.00167   0.00861   0.00000   0.00222   0.00626   0.00242   0.01514   0.00997   0.00319   0.00094   0.00138   0.00572   0.00614   0.00240   0.00271   0.00250   0.00178   0.00127   0.00463   0.00086   0.00000   0.00001   0.00000   0.00100   1.50087   0.54963   0.60680   0.62206   0.02479   0.03396  
 38 4684.7922   4091.118180  x:  0.00625   0.00083   0.00374   0.01309   0.00093   0.00456   0.00817   0.01293   0.00467   0.00167   0.00861   0.00000   0.00222   0.00626   0.00242   0.01514   0.00997   0.00318   0.00094   0.00138   0.00572   0.00614   0.00240   0.00270   0.00250   0.00177   0.00127   0.00463   0.00086   0.00000   0.00000   0.00000   0.00100   1.50087   0.54963   0.60680   0.62206   0.02479   0.03396  
 39 1574.3977   4089.210660  x:  0.00663   0.00022   0.00363   0.01233   0.00097   0.00467   0.00803   0.01443   0.00472   0.00123   0.00773   0.00000   0.00146   0.00566   0.00240   0.01660   0.01064   0.00280   0.00095   0.00123   0.00553   0.00587   0.00238   0.00247   0.00240   0.00144   0.00121   0.00474   0.00059   0.00000   0.00000   0.00000   0.00100   1.50092   0.54963   0.60680   0.62207   0.02483   0.03400  
 40 3289.8095   4088.724921  x:  0.00675   0.00034   0.00360   0.01205   0.00094   0.00469   0.00799   0.01490   0.00473   0.00121   0.00741   0.00000   0.00129   0.00545   0.00240   0.01707   0.01085   0.00270   0.00081   0.00125   0.00546   0.00578   0.00238   0.00243   0.00239   0.00147   0.00126   0.00476   0.00029   0.00000   0.00000   0.00000   0.00087   1.50095   0.54963   0.60680   0.62208   0.02484   0.03402  
 41 3538.5845   4088.089982  x:  0.00692   0.00038   0.00358   0.01158   0.00082   0.00471   0.00791   0.01558   0.00474   0.00143   0.00684   0.00000   0.00123   0.00511   0.00240   0.01780   0.01115   0.00261   0.00042   0.00140   0.00536   0.00563   0.00238   0.00246   0.00243   0.00177   0.00145   0.00479   0.00044   0.00000   0.00000   0.00000   0.00050   1.50098   0.54963   0.60680   0.62209   0.02486   0.03405  
 42 2639.0182   4087.143934  x:  0.00724   0.00037   0.00359   0.01047   0.00053   0.00470   0.00777   0.01691   0.00474   0.00232   0.00558   0.00000   0.00171   0.00444   0.00243   0.01937   0.01171   0.00264   0.00089   0.00189   0.00519   0.00537   0.00241   0.00269   0.00259   0.00286   0.00196   0.00479   0.00046   0.00000   0.00000   0.00000   0.00067   1.50109   0.54964   0.60680   0.62211   0.02492   0.03412  
 43 2084.4328   4086.996176  x:  0.00725   0.00037   0.00362   0.01022   0.00090   0.00467   0.00775   0.01708   0.00473   0.00244   0.00528   0.00000   0.00189   0.00437   0.00244   0.01966   0.01176   0.00274   0.00074   0.00188   0.00518   0.00535   0.00242   0.00277   0.00262   0.00307   0.00192   0.00476   0.00045   0.00000   0.00000   0.00000   0.00089   1.50112   0.54964   0.60680   0.62212   0.02494   0.03415  
 44 761.8578   4086.890278  x:  0.00712   0.00037   0.00369   0.00985   0.00098   0.00460   0.00775   0.01705   0.00470   0.00238   0.00488   0.00000   0.00211   0.00440   0.00243   0.01988   0.01169   0.00296   0.00082   0.00160   0.00521   0.00536   0.00242   0.00285   0.00262   0.00321   0.00157   0.00470   0.00044   0.00000   0.00000   0.00000   0.00071   1.50120   0.54964   0.60680   0.62213   0.02498   0.03420  
 45 314.7154   4086.851107  x:  0.00703   0.00037   0.00372   0.00965   0.00083   0.00456   0.00776   0.01699   0.00469   0.00232   0.00467   0.00000   0.00216   0.00444   0.00242   0.01996   0.01162   0.00305   0.00073   0.00150   0.00522   0.00538   0.00241   0.00288   0.00262   0.00326   0.00145   0.00466   0.00044   0.00000   0.00000   0.00000   0.00081   1.50125   0.54964   0.60680   0.62214   0.02500   0.03424  
 46 348.3210   4086.803045  x:  0.00681   0.00037   0.00375   0.00917   0.00085   0.00451   0.00780   0.01670   0.00467   0.00209   0.00439   0.00000   0.00205   0.00460   0.00243   0.02014   0.01139   0.00307   0.00075   0.00164   0.00529   0.00545   0.00241   0.00283   0.00258   0.00327   0.00166   0.00462   0.00045   0.00000   0.00000   0.00000   0.00080   1.50144   0.54965   0.60680   0.62218   0.02509   0.03437  
 47 138.1986   4086.767601  x:  0.00678   0.00037   0.00368   0.00879   0.00088   0.00458   0.00782   0.01636   0.00470   0.00232   0.00442   0.00000   0.00191   0.00450   0.00244   0.02027   0.01120   0.00280   0.00076   0.00162   0.00522   0.00539   0.00242   0.00281   0.00264   0.00321   0.00154   0.00468   0.00045   0.00000   0.00000   0.00000   0.00080   1.50181   0.54967   0.60681   0.62226   0.02524   0.03464  
 48 70.3226   4086.702035  x:  0.00696   0.00037   0.00370   0.00860   0.00086   0.00462   0.00781   0.01601   0.00472   0.00232   0.00443   0.00000   0.00206   0.00407   0.00238   0.02026   0.01116   0.00296   0.00075   0.00146   0.00499   0.00511   0.00238   0.00287   0.00254   0.00291   0.00177   0.00472   0.00045   0.00000   0.00000   0.00000   0.00079   1.50287   0.54971   0.60682   0.62248   0.02564   0.03536  
 49 85.3405   4086.591729  x:  0.00713   0.00037   0.00378   0.00877   0.00086   0.00453   0.00776   0.01582   0.00469   0.00222   0.00402   0.00000   0.00201   0.00375   0.00246   0.01987   0.01134   0.00306   0.00074   0.00193   0.00479   0.00482   0.00244   0.00290   0.00265   0.00270   0.00150   0.00464   0.00045   0.00000   0.00000   0.00000   0.00079   1.50494   0.54979   0.60684   0.62292   0.02635   0.03678  
 50 233.2416   4086.430353  x:  0.00706   0.00038   0.00378   0.00915   0.00088   0.00444   0.00770   0.01601   0.00465   0.00232   0.00331   0.00000   0.00173   0.00382   0.00243   0.01901   0.01166   0.00276   0.00078   0.00156   0.00474   0.00472   0.00242   0.00288   0.00275   0.00287   0.00168   0.00456   0.00046   0.00000   0.00000   0.00000   0.00080   1.50797   0.54991   0.60687   0.62355   0.02728   0.03882  
 51 452.5586   4086.382774  x:  0.00668   0.00038   0.00369   0.00891   0.00089   0.00453   0.00773   0.01646   0.00469   0.00227   0.00334   0.00000   0.00182   0.00365   0.00237   0.01842   0.01165   0.00269   0.00078   0.00161   0.00469   0.00473   0.00237   0.00286   0.00252   0.00292   0.00163   0.00465   0.00046   0.00000   0.00000   0.00000   0.00080   1.50907   0.54996   0.60689   0.62378   0.02742   0.03952  
 52 171.5503   4086.368756  x:  0.00664   0.00038   0.00372   0.00874   0.00090   0.00453   0.00775   0.01667   0.00469   0.00228   0.00342   0.00000   0.00177   0.00364   0.00245   0.01819   0.01159   0.00279   0.00078   0.00159   0.00467   0.00471   0.00243   0.00288   0.00270   0.00288   0.00167   0.00465   0.00046   0.00000   0.00000   0.00000   0.00080   1.50953   0.54997   0.60689   0.62388   0.02737   0.03977  
 53 110.4375   4086.355625  x:  0.00686   0.00038   0.00379   0.00858   0.00090   0.00447   0.00776   0.01681   0.00467   0.00234   0.00340   0.00000   0.00178   0.00375   0.00235   0.01802   0.01147   0.00277   0.00078   0.00162   0.00469   0.00468   0.00236   0.00289   0.00268   0.00279   0.00166   0.00460   0.00046   0.00000   0.00000   0.00000   0.00080   1.51023   0.55000   0.60690   0.62402   0.02711   0.04010  
 54 65.8148   4086.329808  x:  0.00709   0.00038   0.00373   0.00854   0.00090   0.00447   0.00776   0.01685   0.00466   0.00232   0.00332   0.00000   0.00183   0.00372   0.00256   0.01791   0.01132   0.00271   0.00078   0.00160   0.00473   0.00474   0.00253   0.00286   0.00252   0.00280   0.00166   0.00459   0.00046   0.00000   0.00000   0.00000   0.00079   1.51199   0.55007   0.60693   0.62438   0.02637   0.04089  
 55 115.2216   4086.233243  x:  0.00712   0.00038   0.00357   0.00868   0.00090   0.00458   0.00774   0.01675   0.00469   0.00213   0.00324   0.00000   0.00173   0.00343   0.00239   0.01794   0.01113   0.00277   0.00079   0.00159   0.00471   0.00481   0.00236   0.00285   0.00272   0.00302   0.00164   0.00470   0.00047   0.00000   0.00000   0.00000   0.00080   1.51872   0.55034   0.60704   0.62577   0.02361   0.04382  
 56 408.8057   4086.172589  x:  0.00674   0.00038   0.00383   0.00874   0.00090   0.00451   0.00772   0.01668   0.00469   0.00229   0.00326   0.00000   0.00175   0.00361   0.00241   0.01808   0.01139   0.00272   0.00078   0.00159   0.00454   0.00453   0.00245   0.00291   0.00263   0.00284   0.00166   0.00464   0.00047   0.00000   0.00000   0.00000   0.00080   1.52320   0.55052   0.60711   0.62669   0.02213   0.04572  
 57 525.4680   4086.112660  x:  0.00663   0.00037   0.00358   0.00860   0.00089   0.00438   0.00776   0.01654   0.00463   0.00249   0.00322   0.00000   0.00185   0.00358   0.00257   0.01805   0.01187   0.00277   0.00077   0.00162   0.00479   0.00473   0.00224   0.00282   0.00268   0.00253   0.00170   0.00451   0.00045   0.00000   0.00000   0.00000   0.00079   1.52815   0.55072   0.60719   0.62771   0.02188   0.04764  
 58 209.2938   4085.915185  x:  0.00682   0.00037   0.00349   0.00822   0.00090   0.00441   0.00788   0.01621   0.00460   0.00248   0.00335   0.00000   0.00174   0.00358   0.00204   0.01791   0.01280   0.00288   0.00077   0.00163   0.00506   0.00508   0.00285   0.00291   0.00264   0.00259   0.00168   0.00453   0.00046   0.00000   0.00000   0.00000   0.00079   1.54502   0.55139   0.60745   0.63120   0.02215   0.05403  
 59 859.9543   4085.283779  x:  0.00745   0.00040   0.00421   0.00769   0.00092   0.00486   0.00807   0.01574   0.00479   0.00178   0.00393   0.00000   0.00166   0.00404   0.00265   0.01793   0.01391   0.00270   0.00080   0.00156   0.00481   0.00515   0.00216   0.00307   0.00252   0.00356   0.00154   0.00497   0.00049   0.00000   0.00000   0.00000   0.00082   1.60032   0.55360   0.60829   0.64264   0.02390   0.07475  
 60 3263.4811   4083.906951  x:  0.00693   0.00038   0.00342   0.00909   0.00086   0.00462   0.00778   0.01665   0.00481   0.00192   0.00431   0.00000   0.00243   0.00478   0.00242   0.01968   0.01148   0.00276   0.00075   0.00155   0.00456   0.00467   0.00242   0.00177   0.00290   0.00345   0.00159   0.00473   0.00046   0.00000   0.00000   0.00000   0.00080   1.71692   0.55824   0.61008   0.66677   0.02843   0.11789  
 61 5181.5336   4083.498789  x:  0.00659   0.00037   0.00330   0.00977   0.00084   0.00449   0.00765   0.01709   0.00473   0.00215   0.00441   0.00000   0.00216   0.00475   0.00248   0.02043   0.01033   0.00283   0.00075   0.00161   0.00490   0.00493   0.00234   0.00298   0.00271   0.00312   0.00162   0.00460   0.00045   0.00000   0.00000   0.00000   0.00080   1.75590   0.55979   0.61068   0.67483   0.02997   0.13215  
 62 9755.2253   4083.450773  x:  0.00651   0.00037   0.00373   0.00989   0.00084   0.00450   0.00765   0.01713   0.00469   0.00234   0.00440   0.00000   0.00202   0.00452   0.00249   0.02051   0.01016   0.00294   0.00076   0.00160   0.00509   0.00516   0.00231   0.00282   0.00260   0.00308   0.00161   0.00461   0.00045   0.00000   0.00000   0.00000   0.00080   1.76017   0.55996   0.61076   0.67571   0.03012   0.13350  
 63 873.4738   4083.394106  x:  0.00648   0.00037   0.00397   0.00992   0.00082   0.00451   0.00784   0.01716   0.00466   0.00218   0.00436   0.00000   0.00235   0.00441   0.00245   0.02053   0.01015   0.00258   0.00073   0.00160   0.00515   0.00533   0.00237   0.00289   0.00286   0.00293   0.00167   0.00465   0.00044   0.00000   0.00000   0.00000   0.00079   1.76593   0.56019   0.61095   0.67686   0.03012   0.13284  
 64 98.0095   4079.604237  x:  0.00682   0.00037   0.00347   0.01006   0.00082   0.00475   0.01577   0.01731   0.00513   0.00294   0.00308   0.00000   0.00176   0.00462   0.00248   0.01995   0.01100   0.00348   0.00076   0.00172   0.00309   0.00593   0.00233   0.00292   0.00254   0.00223   0.00164   0.00556   0.00045   0.00000   0.00000   0.00000   0.00080   2.18372   0.57689   0.62546   0.76046   0.02855   0.07299  
 65 1242.6785   4077.164851  x:  0.00682   0.00041   0.00351   0.00954   0.00087   0.00417   0.01628   0.01710   0.00478   0.00237   0.00343   0.00000   0.00140   0.00362   0.00247   0.01926   0.01157   0.00307   0.00082   0.00155   0.00552   0.00341   0.00234   0.00282   0.00237   0.00303   0.00156   0.00459   0.00050   0.00000   0.00000   0.00000   0.00083   2.42643   0.58658   0.63391   0.80902   0.02763   0.03802  
 66 24705.1143   4075.327003  x:  0.00687   0.00041   0.00363   0.00885   0.00088   0.00422   0.01204   0.01682   0.00453   0.00227   0.00341   0.00000   0.00145   0.00343   0.00244   0.01853   0.01208   0.00284   0.00082   0.00153   0.00455   0.00437   0.00237   0.00283   0.00245   0.00286   0.00158   0.00409   0.00051   0.00000   0.00000   0.00000   0.00083   2.58476   0.59290   0.63944   0.84070   0.02701   0.01509  
 67 14176.9140   4075.254264  x:  0.00688   0.00041   0.00364   0.00884   0.00087   0.00439   0.01170   0.01680   0.00472   0.00235   0.00323   0.00000   0.00152   0.00360   0.00243   0.01846   0.01210   0.00293   0.00081   0.00157   0.00479   0.00427   0.00239   0.00285   0.00249   0.00268   0.00159   0.00471   0.00050   0.00000   0.00000   0.00000   0.00082   2.59240   0.59321   0.63973   0.84222   0.02698   0.01398  
 68 1621.8093   4075.253482  x:  0.00688   0.00041   0.00364   0.00884   0.00087   0.00438   0.01169   0.01680   0.00481   0.00235   0.00323   0.00000   0.00152   0.00359   0.00243   0.01846   0.01210   0.00293   0.00081   0.00157   0.00479   0.00428   0.00239   0.00285   0.00249   0.00268   0.00159   0.00468   0.00050   0.00000   0.00000   0.00000   0.00082   2.59248   0.59321   0.63981   0.84222   0.02698   0.01398  
 69  8.0426   4072.925433  x:  0.00685   0.00044   0.00377   0.00853   0.00082   0.00652   0.00713   0.01697   0.00474   0.00233   0.00293   0.00000   0.00172   0.00390   0.00240   0.01844   0.01233   0.00292   0.00081   0.00160   0.00494   0.00450   0.00246   0.00291   0.00266   0.00184   0.00160   0.00415   0.00054   0.00000   0.00000   0.00000   0.00082   2.84149   0.58654   1.01108   0.79974   0.02960   0.02643  
 70 16.5262   4072.510538  x:  0.00683   0.00045   0.00379   0.00842   0.00083   0.00464   0.00639   0.01699   0.00480   0.00221   0.00318   0.00000   0.00163   0.00367   0.00239   0.01846   0.01237   0.00277   0.00083   0.00155   0.00469   0.00470   0.00245   0.00289   0.00261   0.00197   0.00158   0.00506   0.00055   0.00000   0.00000   0.00000   0.00083   2.87990   0.58549   1.06835   0.79321   0.03000   0.02835  
 71 8687.0658   4071.628494  x:  0.00685   0.00049   0.00380   0.00828   0.00085   0.00477   0.00542   0.01726   0.00481   0.00209   0.00318   0.00000   0.00163   0.00368   0.00239   0.01865   0.01247   0.00272   0.00084   0.00152   0.00470   0.00479   0.00246   0.00287   0.00261   0.00165   0.00154   0.00511   0.00059   0.00000   0.00000   0.00000   0.00084   2.93334   0.43395   1.08302   0.96769   0.02951   0.03166  
 72  4.0967   4069.624887  x:  0.00697   0.00066   0.00376   0.00814   0.00089   0.00496   0.00504   0.01863   0.00483   0.00153   0.00328   0.00000   0.00151   0.00366   0.00236   0.02005   0.01265   0.00253   0.00094   0.00134   0.00490   0.00499   0.00248   0.00278   0.00256   0.00054   0.00135   0.00518   0.00077   0.00000   0.00000   0.00000   0.00091   3.05037   0.75913   0.99316   1.43887   0.02826   0.03911  
 73  2.8558   4067.794764  x:  0.00706   0.00083   0.00363   0.00822   0.00095   0.00445   0.00769   0.02065   0.00482   0.00064   0.00348   0.00000   0.00119   0.00365   0.00234   0.02221   0.01280   0.00232   0.00106   0.00107   0.00516   0.00510   0.00242   0.00259   0.00242   0.00142   0.00102   0.00535   0.00094   0.00000   0.00000   0.00000   0.00102   3.26185   0.82243   1.17509   1.74686   0.02860   0.04364  
 74  1.7711   4066.725518  x:  0.00726   0.00096   0.00346   0.00848   0.00104   0.00466   0.00900   0.02242   0.00482   0.00188   0.00378   0.00000   0.00082   0.00360   0.00238   0.02389   0.01319   0.00214   0.00116   0.00095   0.00523   0.00508   0.00233   0.00228   0.00229   0.00134   0.00098   0.00526   0.00108   0.00000   0.00000   0.00000   0.00116   3.62897   0.69562   1.02516   1.58281   0.02987   0.04879  
 75  0.8363   4066.085991  x:  0.00726   0.00106   0.00349   0.00859   0.00107   0.00491   0.00837   0.02319   0.00475   0.00154   0.00382   0.00000   0.00152   0.00363   0.00237   0.02454   0.01330   0.00224   0.00120   0.00121   0.00500   0.00478   0.00231   0.00223   0.00233   0.00129   0.00119   0.00481   0.00117   0.00000   0.00000   0.00000   0.00122   3.99070   0.59322   0.85836   1.40320   0.03064   0.05242  
 76  0.8007   4065.546335  x:  0.00715   0.00116   0.00344   0.00894   0.00105   0.00440   0.00844   0.02350   0.00467   0.00123   0.00391   0.00000   0.00156   0.00361   0.00239   0.02481   0.01314   0.00242   0.00125   0.00140   0.00463   0.00439   0.00231   0.00223   0.00231   0.00088   0.00137   0.00455   0.00126   0.00000   0.00000   0.00000   0.00129   4.37703   0.52693   1.20580   1.53343   0.03228   0.05192  
 77  0.8744   4065.232237  x:  0.00711   0.00119   0.00343   0.00893   0.00104   0.00469   0.00696   0.02339   0.00468   0.00110   0.00376   0.00000   0.00134   0.00373   0.00240   0.02456   0.01314   0.00250   0.00126   0.00139   0.00444   0.00438   0.00233   0.00226   0.00236   0.00132   0.00136   0.00440   0.00128   0.00000   0.00000   0.00000   0.00131   4.61421   0.60639   1.27628   1.70388   0.03210   0.05396  
 78  0.9106   4064.900182  x:  0.00702   0.00125   0.00349   0.00884   0.00097   0.00478   0.00723   0.02259   0.00481   0.00095   0.00343   0.00000   0.00105   0.00380   0.00240   0.02362   0.01295   0.00246   0.00127   0.00106   0.00476   0.00489   0.00242   0.00240   0.00244   0.00117   0.00104   0.00492   0.00132   0.00000   0.00000   0.00000   0.00129   4.99965   0.55538   1.30625   1.74843   0.03165   0.05903  
 79  0.3364   4064.780797  x:  0.00711   0.00126   0.00353   0.00867   0.00097   0.00471   0.00775   0.02213   0.00485   0.00127   0.00347   0.00000   0.00127   0.00370   0.00240   0.02323   0.01297   0.00233   0.00124   0.00111   0.00485   0.00498   0.00240   0.00241   0.00241   0.00123   0.00111   0.00513   0.00131   0.00000   0.00000   0.00000   0.00127   5.19591   0.58379   1.40150   1.90306   0.03110   0.06125  
 80  0.3357   4064.720576  x:  0.00718   0.00127   0.00351   0.00856   0.00097   0.00478   0.00780   0.02186   0.00482   0.00123   0.00359   0.00000   0.00111   0.00365   0.00239   0.02313   0.01303   0.00232   0.00122   0.00127   0.00474   0.00479   0.00236   0.00238   0.00234   0.00119   0.00126   0.00498   0.00130   0.00000   0.00000   0.00000   0.00125   5.42280   0.55908   1.42892   1.94266   0.03097   0.06201  
 81  0.2423   4064.695069  x:  0.00718   0.00127   0.00351   0.00856   0.00098   0.00475   0.00772   0.02181   0.00477   0.00120   0.00361   0.00000   0.00122   0.00366   0.00238   0.02321   0.01311   0.00238   0.00120   0.00117   0.00465   0.00465   0.00234   0.00236   0.00235   0.00117   0.00117   0.00480   0.00129   0.00000   0.00000   0.00000   0.00120   5.57358   0.55068   1.45982   1.98479   0.03100   0.06181  
 82  0.1616   4064.683162  x:  0.00714   0.00124   0.00350   0.00870   0.00099   0.00470   0.00769   0.02191   0.00478   0.00118   0.00353   0.00000   0.00119   0.00369   0.00240   0.02337   0.01315   0.00242   0.00116   0.00121   0.00473   0.00477   0.00238   0.00235   0.00240   0.00118   0.00116   0.00483   0.00125   0.00000   0.00000   0.00000   0.00116   5.65415   0.56338   1.48330   2.04361   0.03103   0.06107  
 83  0.0569   4064.676720  x:  0.00714   0.00121   0.00349   0.00869   0.00099   0.00475   0.00771   0.02201   0.00480   0.00118   0.00357   0.00000   0.00118   0.00369   0.00239   0.02343   0.01310   0.00235   0.00114   0.00115   0.00473   0.00476   0.00236   0.00236   0.00237   0.00118   0.00121   0.00487   0.00120   0.00000   0.00000   0.00000   0.00114   5.67449   0.56051   1.48650   2.06081   0.03111   0.05943  
 84  0.0169   4064.673442  x:  0.00715   0.00118   0.00350   0.00864   0.00098   0.00475   0.00773   0.02205   0.00480   0.00120   0.00359   0.00000   0.00118   0.00369   0.00239   0.02342   0.01307   0.00236   0.00113   0.00119   0.00471   0.00474   0.00236   0.00236   0.00236   0.00118   0.00116   0.00488   0.00118   0.00000   0.00000   0.00000   0.00115   5.66217   0.55873   1.48363   2.06683   0.03114   0.05802  
 85  0.0125   4064.671614  x:  0.00716   0.00117   0.00351   0.00864   0.00098   0.00472   0.00774   0.02200   0.00479   0.00119   0.00358   0.00000   0.00119   0.00368   0.00239   0.02334   0.01308   0.00241   0.00114   0.00118   0.00470   0.00474   0.00236   0.00235   0.00238   0.00118   0.00118   0.00489   0.00117   0.00000   0.00000   0.00000   0.00117   5.64042   0.56386   1.48043   2.08042   0.03110   0.05689  
 86  0.0160   4064.670768  x:  0.00715   0.00117   0.00350   0.00866   0.00099   0.00473   0.00773   0.02196   0.00479   0.00119   0.00357   0.00000   0.00119   0.00369   0.00239   0.02331   0.01311   0.00237   0.00116   0.00118   0.00471   0.00474   0.00236   0.00236   0.00237   0.00118   0.00117   0.00487   0.00117   0.00000   0.00000   0.00000   0.00118   5.64552   0.56653   1.48087   2.09756   0.03104   0.05632  
 87  0.0116   4064.670432  x:  0.00715   0.00118   0.00350   0.00864   0.00099   0.00474   0.00773   0.02197   0.00479   0.00119   0.00357   0.00000   0.00119   0.00369   0.00239   0.02336   0.01311   0.00238   0.00117   0.00118   0.00472   0.00475   0.00236   0.00236   0.00237   0.00118   0.00117   0.00488   0.00117   0.00000   0.00000   0.00000   0.00119   5.66037   0.56684   1.48271   2.11399   0.03102   0.05622  
 88  0.0125   4064.670203  x:  0.00715   0.00118   0.00351   0.00865   0.00099   0.00473   0.00773   0.02199   0.00479   0.00119   0.00358   0.00000   0.00119   0.00369   0.00239   0.02339   0.01309   0.00238   0.00118   0.00119   0.00471   0.00474   0.00236   0.00236   0.00237   0.00118   0.00118   0.00489   0.00118   0.00000   0.00000   0.00000   0.00119   5.66244   0.57011   1.48524   2.13629   0.03102   0.05618  
 89  0.0084   4064.669912  x:  0.00715   0.00118   0.00350   0.00866   0.00098   0.00474   0.00772   0.02199   0.00479   0.00119   0.00357   0.00000   0.00119   0.00369   0.00239   0.02335   0.01308   0.00238   0.00117   0.00118   0.00471   0.00475   0.00236   0.00236   0.00237   0.00118   0.00118   0.00488   0.00119   0.00000   0.00000   0.00000   0.00118   5.64700   0.57399   1.48653   2.16284   0.03103   0.05609  
 90  0.0102   4064.669847  x:  0.00715   0.00118   0.00350   0.00865   0.00099   0.00473   0.00772   0.02198   0.00479   0.00119   0.00357   0.00000   0.00119   0.00369   0.00239   0.02335   0.01310   0.00238   0.00116   0.00118   0.00471   0.00474   0.00236   0.00236   0.00237   0.00118   0.00117   0.00488   0.00119   0.00000   0.00000   0.00000   0.00118   5.64714   0.57341   1.48728   2.16406   0.03100   0.05612  
 91  0.0009   4064.669841  x:  0.00715   0.00118   0.00350   0.00865   0.00099   0.00474   0.00772   0.02198   0.00479   0.00119   0.00357   0.00000   0.00119   0.00369   0.00239   0.02335   0.01310   0.00238   0.00116   0.00118   0.00471   0.00475   0.00236   0.00236   0.00237   0.00118   0.00117   0.00488   0.00119   0.00000   0.00000   0.00000   0.00118   5.64670   0.57372   1.48802   2.16636   0.03099   0.05614  
 92  0.0020   4064.669837  x:  0.00715   0.00118   0.00350   0.00865   0.00099   0.00474   0.00773   0.02198   0.00479   0.00119   0.00357   0.00000   0.00119   0.00369   0.00239   0.02336   0.01310   0.00238   0.00116   0.00118   0.00471   0.00474   0.00236   0.00236   0.00237   0.00118   0.00117   0.00488   0.00119   0.00000   0.00000   0.00000   0.00118   5.64623   0.57390   1.48912   2.16914   0.03099   0.05617  
 93  0.0021   4064.669832  x:  0.00715   0.00118   0.00350   0.00865   0.00099   0.00473   0.00772   0.02198   0.00479   0.00119   0.00357   0.00000   0.00119   0.00369   0.00239   0.02336   0.01310   0.00238   0.00116   0.00118   0.00471   0.00474   0.00236   0.00236   0.00237   0.00118   0.00117   0.00488   0.00118   0.00000   0.00000   0.00000   0.00118   5.64660   0.57380   1.49034   2.17088   0.03099   0.05623  
 94  0.0008   4064.669831  x:  0.00715   0.00118   0.00350   0.00865   0.00099   0.00473   0.00772   0.02198   0.00479   0.00119   0.00357   0.00000   0.00119   0.00369   0.00239   0.02336   0.01310   0.00238   0.00116   0.00118   0.00471   0.00474   0.00236   0.00236   0.00237   0.00118   0.00117   0.00488   0.00118   0.00000   0.00000   0.00000   0.00118   5.64657   0.57383   1.48984   2.17008   0.03099   0.05621  
 95  0.0009   4064.669830  x:  0.00715   0.00118   0.00350   0.00865   0.00099   0.00474   0.00772   0.02198   0.00479   0.00119   0.00357   0.00000   0.00119   0.00369   0.00239   0.02336   0.01310   0.00238   0.00117   0.00118   0.00471   0.00474   0.00236   0.00236   0.00237   0.00118   0.00117   0.00488   0.00118   0.00000   0.00000   0.00000   0.00118   5.64645   0.57390   1.48948   2.16985   0.03099   0.05622  
 96  0.0001   4064.669830  x:  0.00715   0.00118   0.00350   0.00865   0.00099   0.00474   0.00772   0.02198   0.00479   0.00119   0.00357   0.00000   0.00119   0.00369   0.00239   0.02336   0.01310   0.00238   0.00117   0.00118   0.00471   0.00474   0.00236   0.00236   0.00237   0.00118   0.00117   0.00488   0.00118   0.00000   0.00000   0.00000   0.00118   5.64645   0.57389   1.48957   2.16996   0.03099   0.05622  
 97  0.0003   4064.669830  x:  0.00715   0.00118   0.00350   0.00865   0.00099   0.00473   0.00772   0.02198   0.00479   0.00119   0.00357   0.00000   0.00119   0.00369   0.00239   0.02336   0.01310   0.00238   0.00117   0.00118   0.00471   0.00474   0.00236   0.00236   0.00237   0.00118   0.00117   0.00488   0.00118   0.00000   0.00000   0.00000   0.00118   5.64644   0.57389   1.48960   2.17002   0.03099   0.05622  
 98  0.0002   4064.669830  x:  0.00715   0.00118   0.00350   0.00865   0.00099   0.00473   0.00772   0.02198   0.00479   0.00119   0.00357   0.00000   0.00119   0.00369   0.00239   0.02336   0.01310   0.00238   0.00117   0.00118   0.00471   0.00474   0.00236   0.00236   0.00237   0.00118   0.00117   0.00488   0.00118   0.00000   0.00000   0.00000   0.00118   5.64644   0.57389   1.48961   2.17004   0.03099   0.05622  
 99  0.0002   4064.669830  x:  0.00715   0.00118   0.00350   0.00865   0.00099   0.00473   0.00772   0.02198   0.00479   0.00119   0.00357   0.00000   0.00119   0.00369   0.00239   0.02336   0.01310   0.00238   0.00117   0.00118   0.00471   0.00474   0.00236   0.00236   0.00237   0.00118   0.00117   0.00488   0.00118   0.00000   0.00000   0.00000   0.00118   5.64643   0.57389   1.48962   2.17005   0.03099   0.05622  
100  0.0001   4064.669830  x:  0.00715   0.00118   0.00350   0.00865   0.00099   0.00473   0.00772   0.02198   0.00479   0.00119   0.00357   0.00000   0.00119   0.00369   0.00239   0.02336   0.01310   0.00238   0.00117   0.00118   0.00471   0.00474   0.00236   0.00236   0.00237   0.00118   0.00117   0.00488   0.00118   0.00000   0.00000   0.00000   0.00118   5.64643   0.57389   1.48962   2.17005   0.03099   0.05622  