Supplemental results for CODEML (seqf: /home/leticiamagpali/phd/evol_models/codeml/small_dataset/cml_align/HTT_codon_aligned.phy  treef: /home/leticiamagpali/phd/evol_models/codeml/small_dataset/cml_trees/gene_trees/H3_gene_trees/HTT_codon_H3.tre)

I	J	ij	2Ns_IJ	pMut_IJ	pSub_IJ	2Ns_JI	pMut_JI	pSub_JI

TTC	TTT	CT	0.39137	0.04691	0.05669	-0.39137	0.06938	0.05669	0.05669	0.05669
TTA	TTT	AT	0.87815	0.00385	0.00579	-0.87815	0.00927	0.00579	0.00289	0.00289
TTA	TTC	AC	0.48678	0.00747	0.00943	-0.48678	0.01215	0.00943	0.00472	0.00472
TTG	TTT	GT	0.51048	0.00835	0.01066	-0.51048	0.01391	0.01066	0.00533	0.00533
TTG	TTC	GC	0.11912	0.01619	0.01717	-0.11912	0.01824	0.01717	0.00859	0.00859
TTG	TTA	GA	-0.36767	0.07013	0.05802	0.36767	0.04855	0.05802	0.05802	0.05802
TCT	TTT	CT	0.42281	0.04546	0.05575	-0.42281	0.06938	0.05575	0.02787	0.02787
TCC	TTC	CT	0.57346	0.05127	0.06737	-0.57346	0.09097	0.06737	0.03368	0.03368
TCC	TCT	CT	0.54202	0.05127	0.06641	-0.54202	0.08816	0.06641	0.06641	0.06641
TCA	TTA	CT	0.25510	0.03295	0.03733	-0.25510	0.04253	0.03733	0.01867	0.01867
TCA	TCT	AT	0.71044	0.00579	0.00808	-0.71044	0.01177	0.00808	0.00808	0.00808
TCA	TCC	AC	0.16842	0.01122	0.01219	-0.16842	0.01328	0.01219	0.01219	0.01219
TCG	TTG	CT	1.69423	0.01694	0.03516	-1.69423	0.09220	0.03516	0.01758	0.01758
TCG	TCT	GT	1.78190	0.00297	0.00637	-1.78190	0.01767	0.00637	0.00637	0.00637
TCG	TCC	GC	1.23988	0.00577	0.01007	-1.23988	0.01993	0.01007	0.01007	0.01007
TCG	TCA	GA	1.07146	0.02499	0.04072	-1.07146	0.07295	0.04072	0.04072	0.04072
TAT	TTT	AT	1.28023	0.00258	0.00457	-1.28023	0.00927	0.00457	0.00228	0.00228
TAT	TCT	AC	0.85742	0.00500	0.00744	-0.85742	0.01177	0.00744	0.00372	0.00372
TAC	TTC	AT	0.54275	0.00706	0.00915	-0.54275	0.01215	0.00915	0.00458	0.00458
TAC	TCC	AC	-0.03071	0.01369	0.01348	0.03071	0.01328	0.01348	0.00674	0.00674
TAC	TAT	CT	-0.34611	0.04021	0.03365	0.34611	0.02845	0.03365	0.03365	0.03365
TGT	TTT	GT	1.08768	0.00469	0.00769	-1.08768	0.01391	0.00769	0.00385	0.00385
TGT	TCT	GC	0.66487	0.00909	0.01245	-0.66487	0.01767	0.01245	0.00622	0.00622
TGT	TAT	GA	-0.19255	0.03937	0.03570	0.19255	0.03248	0.03570	0.01785	0.01785
TGC	TTC	GT	1.11691	0.00597	0.00991	-1.11691	0.01824	0.00991	0.00496	0.00496
TGC	TCC	GC	0.54344	0.01158	0.01500	-0.54344	0.01993	0.01500	0.00750	0.00750
TGC	TAC	GA	0.57415	0.05014	0.06590	-0.57415	0.08903	0.06590	0.03295	0.03295
TGC	TGT	CT	0.42060	0.03399	0.04164	-0.42060	0.05177	0.04164	0.04164	0.04164
TGG	TTG	GT	1.36364	0.00473	0.00866	-1.36364	0.01849	0.00866	0.00433	0.00433
TGG	TCG	GC	-0.33059	0.00917	0.00773	0.33059	0.00659	0.00773	0.00387	0.00387
TGG	TGT	GT	0.78644	0.00473	0.00683	-0.78644	0.01038	0.00683	0.00341	0.00341
TGG	TGC	GC	0.36584	0.00917	0.01095	-0.36584	0.01322	0.01095	0.00547	0.00547
CTT	TTT	CT	0.40898	0.04609	0.05616	-0.40898	0.06938	0.05616	0.02808	0.02808
CTC	TTC	CT	0.24994	0.07085	0.08008	-0.24994	0.09097	0.08008	0.04004	0.04004
CTC	CTT	CT	0.23232	0.07085	0.07940	-0.23232	0.08938	0.07940	0.07940	0.07940
CTA	TTA	CT	0.99805	0.01567	0.02478	-0.99805	0.04253	0.02478	0.02478	0.02478
CTA	CTT	AT	1.46722	0.00275	0.00525	-1.46722	0.01194	0.00525	0.00525	0.00525
CTA	CTC	AC	1.23490	0.00534	0.00930	-1.23490	0.01835	0.00930	0.00930	0.00930
CTG	TTG	CT	-0.48302	0.14945	0.11625	0.48302	0.09220	0.11625	0.11625	0.11625
CTG	CTT	GT	-0.38151	0.02624	0.02156	0.38151	0.01792	0.02156	0.02156	0.02156
CTG	CTC	GC	-0.61384	0.05089	0.03686	0.61384	0.02755	0.03686	0.03686	0.03686
CTG	CTA	GA	-1.84874	0.22043	0.07615	1.84874	0.03470	0.07615	0.07615	0.07615
CCT	TCT	CT	0.85297	0.03757	0.05584	-0.85297	0.08816	0.05584	0.02792	0.02792
CCT	CTT	CT	0.86680	0.03757	0.05617	-0.86680	0.08938	0.05617	0.02809	0.02809
CCC	TCC	CT	0.75822	0.04658	0.06645	-0.75822	0.09942	0.06645	0.03322	0.03322
CCC	CTC	CT	1.08175	0.04658	0.07623	-1.08175	0.13740	0.07623	0.03811	0.03811
CCC	CCT	CT	0.44727	0.04658	0.05777	-0.44727	0.07285	0.05777	0.05777	0.05777
CCA	TCA	CT	0.96169	0.02442	0.03802	-0.96169	0.06390	0.03802	0.01901	0.01901
CCA	CTA	CT	0.21873	0.02442	0.02719	-0.21873	0.03040	0.02719	0.01360	0.01360
CCA	CCT	AT	0.81916	0.00429	0.00628	-0.81916	0.00973	0.00628	0.00628	0.00628
CCA	CCC	AC	0.37188	0.00832	0.00996	-0.37188	0.01206	0.00996	0.00996	0.00996
CCG	TCG	CT	0.11179	0.02938	0.03105	-0.11179	0.03285	0.03105	0.01552	0.01552
CCG	CTG	CT	2.28904	0.02938	0.07483	-2.28904	0.28981	0.07483	0.03741	0.03741
CCG	CCT	GT	1.04073	0.00516	0.00830	-1.04073	0.01461	0.00830	0.00830	0.00830
CCG	CCC	GC	0.59345	0.01000	0.01326	-0.59345	0.01811	0.01326	0.01326	0.01326
CCG	CCA	GA	0.22157	0.04333	0.04831	-0.22157	0.05407	0.04831	0.04831	0.04831
CAT	TAT	CT	0.51174	0.01705	0.02179	-0.51174	0.02845	0.02179	0.01089	0.01089
CAT	CTT	AT	1.38299	0.00299	0.00553	-1.38299	0.01194	0.00553	0.00276	0.00276
CAT	CCT	AC	0.51619	0.00581	0.00743	-0.51619	0.00973	0.00743	0.00372	0.00372
CAC	TAC	CT	0.28560	0.05860	0.06737	-0.28560	0.07798	0.06737	0.03369	0.03369
CAC	CTC	AT	0.57841	0.01029	0.01355	-0.57841	0.01835	0.01355	0.00678	0.00678
CAC	CCC	AC	-0.50333	0.01996	0.01535	0.50333	0.01206	0.01535	0.00768	0.00768
CAC	CAT	CT	-0.57225	0.05860	0.04343	0.57225	0.03307	0.04343	0.04343	0.04343
CAA	CTA	AT	0.25329	0.00315	0.00357	-0.25329	0.00406	0.00357	0.00178	0.00178
CAA	CCA	AC	0.03456	0.00611	0.00622	-0.03456	0.00633	0.00622	0.00311	0.00311
CAA	CAT	AT	0.33753	0.00315	0.00371	-0.33753	0.00442	0.00371	0.00186	0.00186
CAA	CAC	AC	0.90978	0.00611	0.00931	-0.90978	0.01518	0.00931	0.00465	0.00465
CAG	CTG	AT	0.70373	0.01915	0.02667	-0.70373	0.03871	0.02667	0.01334	0.01334
CAG	CCG	AC	-1.58531	0.03714	0.01517	1.58531	0.00761	0.01517	0.00759	0.00759
CAG	CAT	GT	-1.06077	0.01915	0.01076	1.06077	0.00663	0.01076	0.00538	0.00538
CAG	CAC	GC	-0.48852	0.03714	0.02880	0.48852	0.02278	0.02880	0.01440	0.01440
CAG	CAA	GA	-1.39830	0.16085	0.07378	1.39830	0.03973	0.07378	0.07378	0.07378
CGT	TGT	CT	1.51375	0.01139	0.02211	-1.51375	0.05177	0.02211	0.01106	0.01106
CGT	CTT	GT	2.19244	0.00200	0.00494	-2.19244	0.01792	0.00494	0.00247	0.00247
CGT	CCT	GC	1.32565	0.00388	0.00700	-1.32565	0.01461	0.00700	0.00350	0.00350
CGT	CAT	GA	0.80946	0.01680	0.02451	-0.80946	0.03775	0.02451	0.01226	0.01226
CGC	TGC	CT	1.06390	0.02275	0.03696	-1.06390	0.06592	0.03696	0.01848	0.01848
CGC	CTC	GT	1.93087	0.00399	0.00902	-1.93087	0.02755	0.00902	0.00451	0.00451
CGC	CCC	GC	0.84912	0.00775	0.01150	-0.84912	0.01811	0.01150	0.00575	0.00575
CGC	CAC	GA	1.35245	0.03355	0.06121	-1.35245	0.12975	0.06121	0.03060	0.03060
CGC	CGT	CT	-0.02925	0.02275	0.02242	0.02925	0.02209	0.02242	0.02242	0.02242
CGA	CTA	GT	1.88158	0.00093	0.00206	-1.88158	0.00609	0.00206	0.00103	0.00103
CGA	CCA	GC	1.66285	0.00180	0.00369	-1.66285	0.00950	0.00369	0.00185	0.00185
CGA	CAA	GA	1.62829	0.00780	0.01580	-1.62829	0.03973	0.01580	0.00790	0.00790
CGA	CGT	AT	1.15636	0.00093	0.00157	-1.15636	0.00295	0.00157	0.00157	0.00157
CGA	CGC	AC	1.18561	0.00180	0.00307	-1.18561	0.00589	0.00307	0.00307	0.00307
CGG	TGG	CT	0.59152	0.02889	0.03828	-0.59152	0.05220	0.03828	0.01914	0.01914
CGG	CTG	GT	2.43817	0.00507	0.01355	-2.43817	0.05810	0.01355	0.00678	0.00678
CGG	CCG	GC	0.14913	0.00984	0.01059	-0.14913	0.01142	0.01059	0.00530	0.00530
CGG	CAG	GA	1.73444	0.04261	0.08975	-1.73444	0.24144	0.08975	0.04488	0.04488
CGG	CGT	GT	-0.13579	0.00507	0.00474	0.13579	0.00443	0.00474	0.00474	0.00474
CGG	CGC	GC	-0.10654	0.00984	0.00932	0.10654	0.00884	0.00932	0.00932	0.00932
CGG	CGA	GA	-1.29215	0.04261	0.02085	1.29215	0.01171	0.02085	0.02085	0.02085
ATT	TTT	AT	0.44754	0.00592	0.00735	-0.44754	0.00927	0.00735	0.00367	0.00367
ATT	CTT	AC	0.03856	0.01149	0.01171	-0.03856	0.01194	0.01171	0.00586	0.00586
ATC	TTC	AT	0.07565	0.01127	0.01170	-0.07565	0.01215	0.01170	0.00585	0.00585
ATC	CTC	AC	-0.17429	0.02185	0.02000	0.17429	0.01835	0.02000	0.01000	0.01000
ATC	ATT	CT	0.01948	0.06415	0.06478	-0.01948	0.06541	0.06478	0.06478	0.06478
ATA	TTA	AT	0.64016	0.00299	0.00405	-0.64016	0.00568	0.00405	0.00203	0.00203
ATA	CTA	AC	-0.35789	0.00581	0.00483	0.35789	0.00406	0.00483	0.00241	0.00241
ATA	ATT	AT	1.07077	0.00299	0.00488	-1.07077	0.00874	0.00488	0.00488	0.00488
ATA	ATC	AC	1.05130	0.00581	0.00938	-1.05130	0.01662	0.00938	0.00938	0.00938
ATG	TTG	AT	0.22698	0.00981	0.01097	-0.22698	0.01231	0.01097	0.00548	0.00548
ATG	CTG	AC	0.71000	0.01903	0.02658	-0.71000	0.03871	0.02658	0.01329	0.01329
ATG	ATT	GT	0.28993	0.00981	0.01131	-0.28993	0.01311	0.01131	0.00565	0.00565
ATG	ATC	GC	0.27045	0.01903	0.02172	-0.27045	0.02494	0.02172	0.01086	0.01086
ATG	ATA	GA	-0.78084	0.08243	0.05439	0.78084	0.03775	0.05439	0.02720	0.02720
ACT	TCT	AT	0.97100	0.00446	0.00697	-0.97100	0.01177	0.00697	0.00348	0.00348
ACT	CCT	AC	0.11803	0.00865	0.00917	-0.11803	0.00973	0.00917	0.00458	0.00458
ACT	ATT	CT	0.94627	0.02539	0.03927	-0.94627	0.06541	0.03927	0.01964	0.01964
ACC	TCC	AT	0.18972	0.01098	0.01206	-0.18972	0.01328	0.01206	0.00603	0.00603
ACC	CCC	AC	-0.56851	0.02130	0.01582	0.56851	0.01206	0.01582	0.00791	0.00791
ACC	ATC	CT	0.68753	0.06255	0.08650	-0.68753	0.12440	0.08650	0.04325	0.04325
ACC	ACT	CT	-0.23926	0.06255	0.05537	0.23926	0.04924	0.05537	0.05537	0.05537
ACA	TCA	AT	0.76402	0.00398	0.00569	-0.76402	0.00853	0.00569	0.00284	0.00284
ACA	CCA	AC	-0.19767	0.00771	0.00697	0.19767	0.00633	0.00697	0.00349	0.00349
ACA	ATA	CT	0.37895	0.02264	0.02720	-0.37895	0.03307	0.02720	0.01360	0.01360
ACA	ACT	AT	0.50346	0.00398	0.00506	-0.50346	0.00658	0.00506	0.00506	0.00506
ACA	ACC	AC	0.74272	0.00771	0.01092	-0.74272	0.01620	0.01092	0.01092	0.01092
ACG	TCG	AT	-0.27782	0.00579	0.00503	0.27782	0.00439	0.00503	0.00251	0.00251
ACG	CCG	AC	-0.38961	0.01123	0.00919	0.38961	0.00761	0.00919	0.00459	0.00459
ACG	ATG	CT	1.18943	0.03299	0.05641	-1.18943	0.10837	0.05641	0.02820	0.02820
ACG	ACT	GT	0.53309	0.00579	0.00747	-0.53309	0.00987	0.00747	0.00747	0.00747
ACG	ACC	GC	0.77235	0.01123	0.01612	-0.77235	0.02432	0.01612	0.01612	0.01612
ACG	ACA	GA	0.02963	0.04865	0.04938	-0.02963	0.05012	0.04938	0.04938	0.04938
AAT	TAT	AT	0.12079	0.00337	0.00357	-0.12079	0.00380	0.00357	0.00179	0.00179
AAT	CAT	AC	-0.39095	0.00653	0.00534	0.39095	0.00442	0.00534	0.00267	0.00267
AAT	ATT	AT	0.95347	0.00337	0.00522	-0.95347	0.00874	0.00522	0.00261	0.00261
AAT	ACT	AC	0.00721	0.00653	0.00655	-0.00721	0.00658	0.00655	0.00328	0.00328
AAC	TAC	AT	0.48986	0.00638	0.00807	-0.48986	0.01042	0.00807	0.00404	0.00404
AAC	CAC	AC	0.20426	0.01237	0.01368	-0.20426	0.01518	0.01368	0.00684	0.00684
AAC	ATC	AT	0.95696	0.00638	0.00991	-0.95696	0.01662	0.00991	0.00496	0.00496
AAC	ACC	AC	0.26943	0.01237	0.01412	-0.26943	0.01620	0.01412	0.00706	0.00706
AAC	AAT	CT	0.02296	0.03634	0.03676	-0.02296	0.03718	0.03676	0.03676	0.03676
AAA	CAA	AC	-0.90254	0.01146	0.00706	0.90254	0.00465	0.00706	0.00353	0.00353
AAA	ATA	AT	-0.29136	0.00591	0.00509	0.29136	0.00442	0.00509	0.00255	0.00255
AAA	ACA	AC	-0.67031	0.01146	0.00805	0.67031	0.00586	0.00805	0.00402	0.00402
AAA	AAT	AT	-0.17406	0.00591	0.00541	0.17406	0.00497	0.00541	0.00271	0.00271
AAA	AAC	AC	-0.19702	0.01146	0.01037	0.19702	0.00941	0.01037	0.00518	0.00518
AAG	CAG	AC	0.48766	0.01734	0.02192	-0.48766	0.02825	0.02192	0.01096	0.01096
AAG	ATG	AT	0.48138	0.00894	0.01127	-0.48138	0.01447	0.01127	0.00563	0.00563
AAG	ACG	AC	-0.70804	0.01734	0.01192	0.70804	0.00854	0.01192	0.00596	0.00596
AAG	AAT	GT	-0.18216	0.00894	0.00815	0.18216	0.00745	0.00815	0.00408	0.00408
AAG	AAC	GC	-0.20512	0.01734	0.01563	0.20512	0.01413	0.01563	0.00781	0.00781
AAG	AAA	GA	-0.00810	0.07512	0.07482	0.00810	0.07452	0.07482	0.07482	0.07482
AGT	TGT	AT	0.34895	0.00488	0.00578	-0.34895	0.00691	0.00578	0.00289	0.00289
AGT	CGT	AC	-1.16480	0.00946	0.00500	1.16480	0.00295	0.00500	0.00250	0.00250
AGT	ATT	GT	0.98909	0.00488	0.00768	-0.98909	0.01311	0.00768	0.00384	0.00384
AGT	ACT	GC	0.04282	0.00946	0.00966	-0.04282	0.00987	0.00966	0.00483	0.00483
AGT	AAT	GA	0.03562	0.04097	0.04170	-0.03562	0.04245	0.04170	0.02085	0.02085
AGC	TGC	AT	-0.38197	0.01290	0.01059	0.38197	0.00880	0.01059	0.00530	0.00530
AGC	CGC	AC	-1.44587	0.02502	0.01114	1.44587	0.00589	0.01114	0.00557	0.00557
AGC	ATC	GT	0.65929	0.01290	0.01762	-0.65929	0.02494	0.01762	0.00881	0.00881
AGC	ACC	GC	-0.02824	0.02502	0.02466	0.02824	0.02432	0.02466	0.01233	0.01233
AGC	AAC	GA	-0.29767	0.10835	0.09302	0.29767	0.08045	0.09302	0.04651	0.04651
AGC	AGT	CT	-0.31033	0.07346	0.06265	0.31033	0.05386	0.06265	0.06265	0.06265
AGA	CGA	AC	-1.97840	0.00990	0.00314	1.97840	0.00137	0.00314	0.00314	0.00314
AGA	ATA	GT	0.26107	0.00511	0.00580	-0.26107	0.00663	0.00580	0.00290	0.00290
AGA	ACA	GC	-0.11788	0.00990	0.00933	0.11788	0.00880	0.00933	0.00467	0.00467
AGA	AAA	GA	0.55243	0.04289	0.05582	-0.55243	0.07452	0.05582	0.02791	0.02791
AGA	AGT	AT	0.34275	0.00511	0.00603	-0.34275	0.00719	0.00603	0.00302	0.00302
AGA	AGC	AC	0.65308	0.00990	0.01349	-0.65308	0.01903	0.01349	0.00674	0.00674
AGG	TGG	AT	-0.04010	0.00726	0.00711	0.04010	0.00697	0.00711	0.00356	0.00356
AGG	CGG	AC	-0.63162	0.01407	0.01009	0.63162	0.00748	0.01009	0.01009	0.01009
AGG	ATG	GT	1.09655	0.00726	0.01195	-1.09655	0.02173	0.01195	0.00597	0.00597
AGG	ACG	GC	-0.09288	0.01407	0.01343	0.09288	0.01283	0.01343	0.00672	0.00672
AGG	AAG	GA	0.61516	0.06096	0.08161	-0.61516	0.11277	0.08161	0.04081	0.04081
AGG	AGT	GT	0.39739	0.00726	0.00879	-0.39739	0.01080	0.00879	0.00440	0.00440
AGG	AGC	GC	0.70771	0.01407	0.01964	-0.70771	0.02856	0.01964	0.00982	0.00982
AGG	AGA	GA	0.05463	0.06096	0.06264	-0.05463	0.06438	0.06264	0.06264	0.06264
GTT	TTT	GT	0.98945	0.00517	0.00815	-0.98945	0.01391	0.00815	0.00407	0.00407
GTT	CTT	GC	0.58047	0.01003	0.01322	-0.58047	0.01792	0.01322	0.00661	0.00661
GTT	ATT	GA	0.54192	0.04344	0.05627	-0.54192	0.07468	0.05627	0.02813	0.02813
GTC	TTC	GT	0.48415	0.01124	0.01418	-0.48415	0.01824	0.01418	0.00709	0.00709
GTC	CTC	GC	0.23421	0.02180	0.02445	-0.23421	0.02755	0.02445	0.01222	0.01222
GTC	ATC	GA	0.40850	0.09440	0.11499	-0.40850	0.14203	0.11499	0.05749	0.05749
GTC	GTT	CT	-0.11394	0.06400	0.06043	0.11394	0.05711	0.06043	0.06043	0.06043
GTA	TTA	GT	1.51721	0.00187	0.00363	-1.51721	0.00853	0.00363	0.00182	0.00182
GTA	CTA	GC	0.51916	0.00363	0.00465	-0.51916	0.00609	0.00465	0.00232	0.00232
GTA	ATA	GA	0.87705	0.01571	0.02359	-0.87705	0.03775	0.02359	0.01179	0.01179
GTA	GTT	AT	1.40591	0.00187	0.00348	-1.40591	0.00763	0.00348	0.00348	0.00348
GTA	GTC	AC	1.51985	0.00363	0.00705	-1.51985	0.01658	0.00705	0.00705	0.00705
GTG	TTG	GT	0.01756	0.01816	0.01832	-0.01756	0.01849	0.01832	0.00916	0.00916
GTG	CTG	GC	0.50058	0.03522	0.04477	-0.50058	0.05810	0.04477	0.02239	0.02239
GTG	ATG	GA	-0.20943	0.15255	0.13714	0.20943	0.12373	0.13714	0.06857	0.06857
GTG	GTT	GT	-0.46141	0.01816	0.01429	0.46141	0.01145	0.01429	0.01429	0.01429
GTG	GTC	GC	-0.34747	0.03522	0.02946	0.34747	0.02488	0.02946	0.02946	0.02946
GTG	GTA	GA	-1.86732	0.15255	0.05207	1.86732	0.02358	0.05207	0.05207	0.05207
GCT	TCT	GT	0.64802	0.00925	0.01256	-0.64802	0.01767	0.01256	0.00628	0.00628
GCT	CCT	GC	-0.20494	0.01793	0.01615	0.20494	0.01461	0.01615	0.00808	0.00808
GCT	ACT	GA	-0.32297	0.07765	0.06578	0.32297	0.05622	0.06578	0.03289	0.03289
GCT	GTT	CT	0.08138	0.05265	0.05482	-0.08138	0.05711	0.05482	0.02741	0.02741
GCC	TCC	GT	0.28570	0.01498	0.01722	-0.28570	0.01993	0.01722	0.00861	0.00861
GCC	CCC	GC	-0.47253	0.02905	0.02272	0.47253	0.01811	0.02272	0.01136	0.01136
GCC	ACC	GA	0.09598	0.12581	0.13194	-0.09598	0.13848	0.13194	0.06597	0.06597
GCC	GTC	CT	0.37501	0.08530	0.10229	-0.37501	0.12411	0.10229	0.05115	0.05115
GCC	GCT	CT	0.17969	0.08530	0.09319	-0.17969	0.10209	0.09319	0.09319	0.09319
GCA	TCA	GT	0.56107	0.00731	0.00955	-0.56107	0.01281	0.00955	0.00478	0.00478
GCA	CCA	GC	-0.40062	0.01418	0.01152	0.40062	0.00950	0.01152	0.00576	0.00576
GCA	ACA	GA	-0.20295	0.06139	0.05538	0.20295	0.05012	0.05538	0.02769	0.02769
GCA	GTA	CT	-0.70105	0.04163	0.02873	0.70105	0.02065	0.02873	0.01436	0.01436
GCA	GCT	AT	0.62348	0.00731	0.00982	-0.62348	0.01364	0.00982	0.00982	0.00982
GCA	GCC	AC	0.44379	0.01418	0.01755	-0.44379	0.02209	0.01755	0.01755	0.01755
GCG	TCG	GT	0.33860	0.00469	0.00553	-0.33860	0.00659	0.00553	0.00277	0.00277
GCG	CCG	GC	0.22681	0.00910	0.01017	-0.22681	0.01142	0.01017	0.00509	0.00509
GCG	ACG	GA	0.61642	0.03943	0.05282	-0.61642	0.07303	0.05282	0.02641	0.02641
GCG	GTG	CT	2.01528	0.02673	0.06216	-2.01528	0.20057	0.06216	0.03108	0.03108
GCG	GCT	GT	1.47248	0.00469	0.00897	-1.47248	0.02047	0.00897	0.00897	0.00897
GCG	GCC	GC	1.29279	0.00910	0.01622	-1.29279	0.03316	0.01622	0.01622	0.01622
GCG	GCA	GA	0.84900	0.03943	0.05851	-0.84900	0.09216	0.05851	0.05851	0.05851
GAT	TAT	GT	-0.23828	0.00724	0.00641	0.23828	0.00570	0.00641	0.00320	0.00320
GAT	CAT	GC	-0.75002	0.01404	0.00942	0.75002	0.00663	0.00942	0.00471	0.00471
GAT	AAT	GA	-0.35907	0.06079	0.05053	0.35907	0.04245	0.05053	0.02526	0.02526
GAT	GTT	AT	0.05249	0.00724	0.00743	-0.05249	0.00763	0.00743	0.00371	0.00371
GAT	GCT	AC	-0.02889	0.01404	0.01383	0.02889	0.01364	0.01383	0.00692	0.00692
GAC	TAC	GT	0.06660	0.01463	0.01512	-0.06660	0.01563	0.01512	0.00756	0.00756
GAC	CAC	GC	-0.21900	0.02836	0.02537	0.21900	0.02278	0.02537	0.01269	0.01269
GAC	AAC	GA	-0.42325	0.12284	0.09868	0.42325	0.08045	0.09868	0.04934	0.04934
GAC	GTC	AT	0.12521	0.01463	0.01556	-0.12521	0.01658	0.01556	0.00778	0.00778
GAC	GCC	AC	-0.24980	0.02836	0.02497	0.24980	0.02209	0.02497	0.01248	0.01248
GAC	GAT	CT	-0.04122	0.08329	0.08158	0.04122	0.07993	0.08158	0.08158	0.08158
GAA	CAA	GC	-0.91210	0.01737	0.01064	0.91210	0.00698	0.01064	0.00532	0.00532
GAA	AAA	GA	-0.00956	0.07523	0.07487	0.00956	0.07452	0.07487	0.03744	0.03744
GAA	GTA	AT	-1.17797	0.00896	0.00469	1.17797	0.00276	0.00469	0.00235	0.00235
GAA	GCA	AC	-0.47693	0.01737	0.01356	0.47693	0.01078	0.01356	0.00678	0.00678
GAA	GAT	AT	0.17545	0.00896	0.00977	-0.17545	0.01068	0.00977	0.00488	0.00488
GAA	GAC	AC	0.21667	0.01737	0.01932	-0.21667	0.02157	0.01932	0.00966	0.00966
GAG	CAG	GC	0.21208	0.03430	0.03806	-0.21208	0.04240	0.03806	0.01903	0.01903
GAG	AAG	GA	-0.27558	0.14855	0.12902	0.27558	0.11277	0.12902	0.06451	0.06451
GAG	GTG	AT	0.41523	0.01769	0.02161	-0.41523	0.02679	0.02161	0.01081	0.01081
GAG	GCG	AC	-1.60004	0.03430	0.01388	1.60004	0.00692	0.01388	0.00694	0.00694
GAG	GAT	GT	-0.09867	0.01769	0.01683	0.09867	0.01602	0.01683	0.00841	0.00841
GAG	GAC	GC	-0.05745	0.03430	0.03332	0.05745	0.03238	0.03332	0.01666	0.01666
GAG	GAA	GA	-0.27412	0.14855	0.12911	0.27412	0.11293	0.12911	0.12911	0.12911
GGT	TGT	GT	1.41402	0.00252	0.00472	-1.41402	0.01038	0.00472	0.00236	0.00236
GGT	CGT	GC	-0.09973	0.00489	0.00465	0.09973	0.00443	0.00465	0.00233	0.00233
GGT	AGT	GA	1.06506	0.02120	0.03445	-1.06506	0.06149	0.03445	0.01723	0.01723
GGT	GTT	GT	1.51224	0.00252	0.00490	-1.51224	0.01145	0.00490	0.00245	0.00245
GGT	GCT	GC	1.43086	0.00489	0.00920	-1.43086	0.02047	0.00920	0.00460	0.00460
GGT	GAT	GA	1.45975	0.02120	0.04031	-1.45975	0.09125	0.04031	0.02015	0.02015
GGC	TGC	GT	0.55361	0.00760	0.00989	-0.55361	0.01322	0.00989	0.00495	0.00495
GGC	CGC	GC	-0.51028	0.01473	0.01129	0.51028	0.00884	0.01129	0.00565	0.00565
GGC	AGC	GA	0.93559	0.06381	0.09825	-0.93559	0.16264	0.09825	0.04912	0.04912
GGC	GTC	GT	1.18638	0.00760	0.01298	-1.18638	0.02488	0.01298	0.00649	0.00649
GGC	GCC	GC	0.81136	0.01473	0.02151	-0.81136	0.03316	0.02151	0.01075	0.01075
GGC	GAC	GA	1.06117	0.06381	0.10355	-1.06117	0.18440	0.10355	0.05177	0.05177
GGC	GGT	CT	-0.43980	0.04326	0.03445	0.43980	0.02787	0.03445	0.03445	0.03445
GGA	CGA	GC	-1.50744	0.00928	0.00398	1.50744	0.00206	0.00398	0.00199	0.00199
GGA	AGA	GA	0.47097	0.04020	0.05040	-0.47097	0.06438	0.05040	0.02520	0.02520
GGA	GTA	GT	-0.14501	0.00479	0.00445	0.14501	0.00414	0.00445	0.00222	0.00222
GGA	GCA	GC	0.55603	0.00928	0.01210	-0.55603	0.01618	0.01210	0.00605	0.00605
GGA	GAA	GA	1.03296	0.04020	0.06447	-1.03296	0.11293	0.06447	0.03224	0.03224
GGA	GGT	AT	-0.25134	0.00479	0.00421	0.25134	0.00372	0.00421	0.00421	0.00421
GGA	GGC	AC	0.18846	0.00928	0.01018	-0.18846	0.01121	0.01018	0.01018	0.01018
GGG	TGG	GT	0.43121	0.00680	0.00837	-0.43121	0.01047	0.00837	0.00419	0.00419
GGG	CGG	GC	-0.16031	0.01319	0.01216	0.16031	0.01123	0.01216	0.00608	0.00608
GGG	AGG	GA	0.47131	0.05711	0.07162	-0.47131	0.09150	0.07162	0.03581	0.03581
GGG	GTG	GT	1.77729	0.00680	0.01454	-1.77729	0.04021	0.01454	0.00727	0.00727
GGG	GCG	GC	-0.23799	0.01319	0.01168	0.23799	0.01039	0.01168	0.00584	0.00584
GGG	GAG	GA	1.36206	0.05711	0.10457	-1.36206	0.22298	0.10457	0.05229	0.05229
GGG	GGT	GT	-0.19636	0.00680	0.00615	0.19636	0.00559	0.00615	0.00615	0.00615
GGG	GGC	GC	0.24344	0.01319	0.01486	-0.24344	0.01682	0.01486	0.01486	0.01486
GGG	GGA	GA	0.05498	0.05711	0.05870	-0.05498	0.06034	0.05870	0.05870	0.05870


Histograms
2Ns	FMut	FSub(CodonUsage)	FSubw(after w)

-2.32206	0.02110	0.00597	0.00460
-2.08986	0.01385	0.00475	0.00382
-1.85765	0.02817	0.01083	0.01534
-1.62545	0.03290	0.01427	0.01136
-1.39324	0.05094	0.02632	0.02696
-1.16103	0.04968	0.03038	0.02750
-0.92883	0.05618	0.03806	0.03440
-0.69662	0.06419	0.04967	0.04372
-0.46441	0.14452	0.12652	0.12606
-0.23221	0.12294	0.12097	0.12351
0.00000	0.12976	0.14453	0.16549
0.23221	0.09638	0.12097	0.12351
0.46441	0.09091	0.12652	0.12606
0.69662	0.03223	0.04967	0.04372
0.92883	0.02230	0.03806	0.03440
1.16103	0.01654	0.03038	0.02750
1.39324	0.01281	0.02632	0.02696
1.62545	0.00625	0.01427	0.01136
1.85765	0.00443	0.01083	0.01534
2.08986	0.00183	0.00475	0.00382
2.32206	0.00209	0.00597	0.00460

Proportion of advantageous (S > 0) mutations:
 0.34894

Proportions of good & bad mutations (|S| > 2.0000) among mutations:
0.00383  0.03435

mean |Ns| = 0.68040	mean Ns+ = 0.49910	mean Ns- = -0.77757

