

TREE # 1

  0  0.0000   2462.023707  x:  0.00884   0.00512   0.02151   0.00823   0.02064   0.02935   0.00930   0.01178   0.03770   0.01240   0.00862   0.01529   0.00346   0.00169   0.00534   0.01504   0.01483   0.00631   0.00867   0.00222   0.00573   0.00759   0.01386   0.00083   0.07403   0.02959   0.00551   0.02674   0.00000   0.01405   0.00893   0.00646   0.01190   0.00750   0.00179   0.01037   0.01674   0.01051   0.00713   0.00654   0.00479   0.00110   0.01156   0.01011   0.00622   0.00071   0.00790   0.01321   0.00945   0.01222   0.00382   0.00446   0.00215   0.01297   0.00403   1.08560   0.81764   0.72787   0.93651   1.10569   0.03883   0.26990   1.68904  
  1 99.0000   2462.018251  x:  0.00884   0.00512   0.02151   0.00823   0.02064   0.02935   0.00930   0.01178   0.03770   0.01240   0.00862   0.01529   0.00346   0.00169   0.00534   0.01504   0.01483   0.00631   0.00867   0.00222   0.00573   0.00759   0.01386   0.00083   0.07403   0.02959   0.00551   0.02674   0.00000   0.01405   0.00893   0.00645   0.01190   0.00750   0.00179   0.01037   0.01674   0.01051   0.00713   0.00654   0.00479   0.00110   0.01156   0.01011   0.00622   0.00071   0.00790   0.01321   0.00945   0.01222   0.00382   0.00446   0.00214   0.01297   0.00403   1.08560   0.81764   0.72787   0.93651   1.10569   0.03883   0.26990   1.68904  
  2 1551.2250   2458.265679  x:  0.00872   0.00497   0.02127   0.00803   0.02059   0.02931   0.00929   0.01181   0.03765   0.01240   0.00844   0.01524   0.00298   0.00097   0.00496   0.01483   0.01478   0.00633   0.00838   0.00151   0.00568   0.00735   0.01373   0.00052   0.07404   0.02951   0.00488   0.02676   0.00000   0.01384   0.00873   0.00647   0.01118   0.00702   0.00107   0.01036   0.01659   0.01035   0.00643   0.00649   0.00409   0.00039   0.01120   0.01003   0.00611   0.00000   0.00787   0.01307   0.00912   0.01213   0.00399   0.00375   0.00145   0.01255   0.00418   1.08570   0.81764   0.72788   0.93651   1.10571   0.03882   0.26978   1.68903  
  3 10475.3406   2456.473904  x:  0.00866   0.00499   0.02116   0.00802   0.02056   0.02930   0.00930   0.01185   0.03762   0.01239   0.00839   0.01525   0.00275   0.00058   0.00479   0.01476   0.01476   0.00633   0.00829   0.00111   0.00570   0.00730   0.01370   0.00038   0.07404   0.02949   0.00453   0.02676   0.00000   0.01377   0.00868   0.00649   0.01078   0.00676   0.00068   0.01033   0.01654   0.01031   0.00604   0.00648   0.00370   0.00000   0.01105   0.01001   0.00611   0.00000   0.00788   0.01304   0.00899   0.01210   0.00396   0.00336   0.00107   0.01235   0.00417   1.08575   0.81764   0.72789   0.93650   1.10572   0.03881   0.26974   1.68903  
  4 29049.7927   2454.084150  x:  0.00858   0.00500   0.02101   0.00801   0.02053   0.02928   0.00931   0.01190   0.03759   0.01238   0.00833   0.01525   0.00243   0.00000   0.00455   0.01467   0.01473   0.00633   0.00817   0.00053   0.00572   0.00723   0.01366   0.00019   0.07404   0.02947   0.00403   0.02675   0.00000   0.01368   0.00860   0.00651   0.01019   0.00637   0.00010   0.01031   0.01647   0.01026   0.00548   0.00647   0.00313   0.00000   0.01084   0.00999   0.00611   0.00000   0.00788   0.01299   0.00883   0.01207   0.00394   0.00279   0.00051   0.01209   0.00416   1.08582   0.81764   0.72790   0.93650   1.10574   0.03879   0.26969   1.68903  
  5 1904087.4628   2453.756237  x:  0.00857   0.00501   0.02100   0.00799   0.02053   0.02928   0.00932   0.01190   0.03759   0.01238   0.00832   0.01525   0.00239   0.00000   0.00453   0.01466   0.01473   0.00634   0.00816   0.00044   0.00571   0.00721   0.01365   0.00017   0.07403   0.02947   0.00396   0.02676   0.00000   0.01366   0.00859   0.00652   0.01010   0.00631   0.00000   0.01030   0.01646   0.01024   0.00539   0.00646   0.00304   0.00000   0.01082   0.00998   0.00609   0.00000   0.00788   0.01298   0.00882   0.01206   0.00391   0.00270   0.00042   0.01206   0.00418   1.08583   0.81764   0.72790   0.93650   1.10574   0.03879   0.26968   1.68903  
  6 20618.0931   2452.401199  x:  0.00848   0.00507   0.02094   0.00797   0.02052   0.02928   0.00934   0.01192   0.03758   0.01239   0.00824   0.01525   0.00223   0.00000   0.00444   0.01459   0.01471   0.00634   0.00806   0.00002   0.00576   0.00711   0.01360   0.00006   0.07404   0.02947   0.00361   0.02679   0.00000   0.01357   0.00851   0.00657   0.00967   0.00602   0.00000   0.01025   0.01641   0.01017   0.00497   0.00644   0.00262   0.00000   0.01076   0.00995   0.00607   0.00000   0.00791   0.01291   0.00873   0.01203   0.00394   0.00227   0.00000   0.01199   0.00413   1.08589   0.81764   0.72791   0.93649   1.10576   0.03878   0.26964   1.68903  
  7 16003.5107   2452.362050  x:  0.00848   0.00507   0.02094   0.00798   0.02052   0.02928   0.00934   0.01192   0.03758   0.01238   0.00823   0.01525   0.00223   0.00000   0.00443   0.01458   0.01471   0.00634   0.00806   0.00000   0.00576   0.00710   0.01360   0.00006   0.07404   0.02947   0.00360   0.02679   0.00000   0.01357   0.00851   0.00657   0.00966   0.00601   0.00000   0.01025   0.01641   0.01017   0.00495   0.00644   0.00261   0.00000   0.01075   0.00995   0.00607   0.00000   0.00791   0.01291   0.00873   0.01203   0.00394   0.00226   0.00000   0.01198   0.00413   1.08589   0.81764   0.72791   0.93649   1.10576   0.03878   0.26963   1.68903  
  8 19468.3243   2451.883517  x:  0.00848   0.00510   0.02089   0.00796   0.02051   0.02927   0.00935   0.01194   0.03757   0.01238   0.00823   0.01525   0.00215   0.00000   0.00436   0.01456   0.01470   0.00636   0.00803   0.00000   0.00575   0.00711   0.01360   0.00000   0.07404   0.02945   0.00345   0.02678   0.00000   0.01355   0.00850   0.00656   0.00947   0.00589   0.00000   0.01026   0.01639   0.01018   0.00477   0.00645   0.00242   0.00000   0.01068   0.00995   0.00608   0.00000   0.00790   0.01291   0.00867   0.01203   0.00395   0.00207   0.00000   0.01191   0.00413   1.08591   0.81764   0.72791   0.93649   1.10576   0.03877   0.26960   1.68903  
  9 13207.6144   2446.987911  x:  0.00787   0.00490   0.02036   0.00783   0.02038   0.02918   0.00941   0.01203   0.03743   0.01246   0.00830   0.01530   0.00126   0.00000   0.00356   0.01447   0.01465   0.00619   0.00799   0.00000   0.00543   0.00715   0.01367   0.00000   0.07409   0.02938   0.00188   0.02666   0.00000   0.01353   0.00863   0.00671   0.00745   0.00453   0.00000   0.01006   0.01631   0.01019   0.00277   0.00633   0.00045   0.00000   0.00985   0.00992   0.00557   0.00000   0.00783   0.01295   0.00832   0.01198   0.00383   0.00000   0.00000   0.01086   0.00382   1.08617   0.81765   0.72793   0.93648   1.10581   0.03874   0.26918   1.68901  
 10 9937.1777   2446.110531  x:  0.00784   0.00494   0.02026   0.00793   0.02039   0.02920   0.00943   0.01206   0.03740   0.01247   0.00828   0.01533   0.00105   0.00000   0.00338   0.01449   0.01466   0.00619   0.00803   0.00000   0.00546   0.00710   0.01369   0.00000   0.07409   0.02938   0.00154   0.02666   0.00000   0.01354   0.00864   0.00677   0.00701   0.00423   0.00000   0.01002   0.01632   0.01015   0.00232   0.00628   0.00000   0.00000   0.00972   0.00989   0.00547   0.00000   0.00786   0.01293   0.00835   0.01195   0.00385   0.00000   0.00000   0.01063   0.00395   1.08623   0.81765   0.72794   0.93648   1.10581   0.03873   0.26907   1.68901  
 11 5519.1733   2443.008277  x:  0.00794   0.00491   0.01991   0.00772   0.02050   0.02940   0.00949   0.01227   0.03731   0.01246   0.00804   0.01550   0.00015   0.00000   0.00269   0.01459   0.01469   0.00633   0.00816   0.00000   0.00562   0.00676   0.01372   0.00000   0.07400   0.02940   0.00000   0.02670   0.00000   0.01357   0.00848   0.00677   0.00495   0.00283   0.00000   0.01016   0.01637   0.00988   0.00025   0.00617   0.00000   0.00000   0.00945   0.00977   0.00552   0.00000   0.00789   0.01275   0.00862   0.01179   0.00381   0.00000   0.00000   0.00991   0.00371   1.08649   0.81765   0.72796   0.93646   1.10585   0.03870   0.26855   1.68900  
 12 5292.6150   2442.718138  x:  0.00789   0.00492   0.01989   0.00772   0.02050   0.02942   0.00949   0.01229   0.03730   0.01246   0.00802   0.01551   0.00006   0.00000   0.00264   0.01458   0.01468   0.00632   0.00815   0.00000   0.00560   0.00674   0.01372   0.00000   0.07399   0.02940   0.00000   0.02671   0.00000   0.01357   0.00845   0.00676   0.00471   0.00267   0.00000   0.01017   0.01636   0.00987   0.00000   0.00618   0.00000   0.00000   0.00944   0.00976   0.00554   0.00000   0.00788   0.01274   0.00863   0.01178   0.00381   0.00000   0.00000   0.00988   0.00372   1.08652   0.81765   0.72797   0.93646   1.10586   0.03870   0.26849   1.68900  
 13 6502.7773   2442.564474  x:  0.00789   0.00492   0.01988   0.00772   0.02050   0.02943   0.00950   0.01230   0.03730   0.01246   0.00802   0.01552   0.00000   0.00000   0.00261   0.01457   0.01468   0.00633   0.00813   0.00000   0.00560   0.00674   0.01371   0.00000   0.07398   0.02939   0.00000   0.02671   0.00000   0.01356   0.00844   0.00677   0.00451   0.00254   0.00000   0.01016   0.01635   0.00987   0.00000   0.00618   0.00000   0.00000   0.00944   0.00976   0.00553   0.00000   0.00788   0.01274   0.00861   0.01179   0.00381   0.00000   0.00000   0.00987   0.00371   1.08655   0.81765   0.72797   0.93646   1.10586   0.03869   0.26844   1.68900  
 14 8450.5818   2439.993498  x:  0.00785   0.00508   0.01974   0.00753   0.02041   0.02946   0.00960   0.01237   0.03732   0.01251   0.00802   0.01566   0.00000   0.00000   0.00210   0.01433   0.01465   0.00606   0.00789   0.00000   0.00577   0.00667   0.01360   0.00000   0.07392   0.02916   0.00000   0.02660   0.00000   0.01337   0.00853   0.00685   0.00078   0.00000   0.00000   0.01034   0.01621   0.00979   0.00000   0.00595   0.00000   0.00000   0.00917   0.00971   0.00526   0.00000   0.00799   0.01273   0.00809   0.01169   0.00377   0.00000   0.00000   0.00986   0.00369   1.08700   0.81766   0.72801   0.93644   1.10594   0.03862   0.26762   1.68898  
 15 11313.5293   2439.609184  x:  0.00780   0.00509   0.01973   0.00754   0.02038   0.02941   0.00961   0.01235   0.03733   0.01251   0.00801   0.01560   0.00000   0.00000   0.00207   0.01431   0.01466   0.00612   0.00789   0.00000   0.00577   0.00662   0.01359   0.00000   0.07394   0.02909   0.00000   0.02657   0.00000   0.01334   0.00858   0.00683   0.00000   0.00000   0.00000   0.01036   0.01621   0.00975   0.00000   0.00591   0.00000   0.00000   0.00906   0.00969   0.00527   0.00000   0.00799   0.01272   0.00800   0.01166   0.00375   0.00000   0.00000   0.00986   0.00369   1.08709   0.81766   0.72802   0.93643   1.10596   0.03861   0.26746   1.68898  
 16 4848.7812   2437.347520  x:  0.01033   0.00609   0.01865   0.00587   0.02038   0.02540   0.01024   0.01256   0.03705   0.01207   0.00630   0.01177   0.00000   0.00000   0.00244   0.01416   0.01460   0.00391   0.00839   0.00000   0.00404   0.00511   0.01363   0.00000   0.07624   0.02672   0.00000   0.02635   0.00000   0.01159   0.00897   0.00714   0.00000   0.00000   0.00000   0.00591   0.01618   0.00863   0.00000   0.00821   0.00000   0.00000   0.00407   0.00926   0.00568   0.00000   0.00720   0.01145   0.00747   0.01140   0.00340   0.00000   0.00000   0.00773   0.00365   1.09203   0.81773   0.72852   0.93615   1.10718   0.03751   0.26068   1.68886  
 17 343.6443   2435.262988  x:  0.00989   0.00607   0.01635   0.00604   0.02057   0.02080   0.01032   0.01316   0.03619   0.01216   0.00506   0.01048   0.00000   0.00000   0.00396   0.01394   0.01388   0.00427   0.00772   0.00000   0.00397   0.00541   0.01360   0.00000   0.07975   0.02505   0.00000   0.02773   0.00000   0.00950   0.00719   0.00964   0.00000   0.00000   0.00000   0.00879   0.01566   0.00889   0.00000   0.01163   0.00000   0.00000   0.00268   0.00948   0.00400   0.00000   0.00755   0.01008   0.00861   0.01223   0.00327   0.00000   0.00000   0.00242   0.00346   1.09801   0.81781   0.72916   0.93579   1.10881   0.03602   0.25367   1.68873  
 18 312.4468   2433.187677  x:  0.00862   0.00585   0.01000   0.00644   0.02082   0.01756   0.01126   0.01311   0.03379   0.01288   0.00576   0.01348   0.00000   0.00000   0.00000   0.01408   0.01355   0.00417   0.00752   0.00000   0.00402   0.00403   0.01392   0.00000   0.08459   0.02379   0.00000   0.02789   0.00000   0.01072   0.00543   0.00858   0.00000   0.00000   0.00000   0.00813   0.01536   0.00789   0.00000   0.01236   0.00000   0.00000   0.00466   0.00883   0.00407   0.00000   0.00669   0.00991   0.00887   0.01134   0.00324   0.00000   0.00000   0.00159   0.00348   1.10586   0.81791   0.72999   0.93532   1.11097   0.03405   0.24457   1.68858  
 19 267.9349   2432.425202  x:  0.00793   0.00561   0.00658   0.00679   0.02132   0.01852   0.01190   0.01443   0.03219   0.01293   0.00544   0.01504   0.00000   0.00000   0.00000   0.01421   0.01328   0.00429   0.00717   0.00000   0.00386   0.00403   0.01403   0.00000   0.08696   0.02373   0.00000   0.02815   0.00000   0.01141   0.00414   0.00833   0.00000   0.00000   0.00000   0.00834   0.01511   0.00763   0.00000   0.01257   0.00000   0.00000   0.00271   0.00859   0.00374   0.00000   0.00662   0.00973   0.00959   0.01101   0.00327   0.00000   0.00000   0.00295   0.00346   1.11079   0.81796   0.73051   0.93503   1.11229   0.03286   0.23859   1.68848  
 20 511.8562   2431.019740  x:  0.00771   0.00539   0.00657   0.00690   0.02214   0.02417   0.01284   0.01665   0.03008   0.01278   0.00486   0.01672   0.00000   0.00000   0.00000   0.01373   0.01320   0.00423   0.00591   0.00000   0.00334   0.00420   0.01360   0.00000   0.08955   0.02449   0.00000   0.02787   0.00000   0.01254   0.00437   0.00713   0.00000   0.00000   0.00000   0.00766   0.01449   0.00722   0.00000   0.01072   0.00000   0.00000   0.00165   0.00821   0.00382   0.00000   0.00666   0.00994   0.00912   0.01015   0.00335   0.00000   0.00000   0.00108   0.00348   1.11926   0.81806   0.73140   0.93454   1.11450   0.03088   0.22792   1.68830  
 21 438.9300   2428.957900  x:  0.00667   0.00538   0.00509   0.00708   0.02310   0.02809   0.01342   0.02213   0.02462   0.01163   0.00291   0.01386   0.00000   0.00000   0.00000   0.01345   0.01245   0.00391   0.00613   0.00000   0.00161   0.00341   0.01443   0.00000   0.09568   0.02489   0.00000   0.02657   0.00000   0.01197   0.00610   0.00870   0.00000   0.00000   0.00000   0.00842   0.01379   0.00735   0.00000   0.00946   0.00000   0.00000   0.00498   0.00797   0.00318   0.00000   0.00542   0.00857   0.00793   0.01022   0.00350   0.00000   0.00000   0.00114   0.00345   1.14232   0.81830   0.73376   0.93322   1.12025   0.02576   0.19702   1.68779  
 22 542.1574   2426.672124  x:  0.00547   0.00544   0.00716   0.00700   0.02386   0.02955   0.01378   0.02475   0.02190   0.01266   0.00549   0.01224   0.00000   0.00000   0.00000   0.01332   0.01193   0.00375   0.00604   0.00000   0.00307   0.00267   0.01476   0.00000   0.10057   0.02577   0.00000   0.02653   0.00000   0.01117   0.00370   0.00768   0.00000   0.00000   0.00000   0.00843   0.01336   0.00718   0.00000   0.00923   0.00000   0.00000   0.00553   0.00800   0.00141   0.00000   0.00250   0.00764   0.00825   0.01067   0.00361   0.00000   0.00000   0.00123   0.00336   1.16580   0.81854   0.73617   0.93190   1.12605   0.02060   0.16512   1.68725  
 23 1466.4024   2424.094877  x:  0.00470   0.00548   0.00898   0.00702   0.02446   0.02979   0.01402   0.02540   0.02107   0.01483   0.00756   0.01183   0.00000   0.00000   0.00000   0.01312   0.01172   0.00364   0.00567   0.00000   0.00129   0.00253   0.01470   0.00000   0.10503   0.02696   0.00000   0.02714   0.00000   0.01020   0.00105   0.00681   0.00000   0.00000   0.00000   0.00863   0.01305   0.00665   0.00000   0.00852   0.00000   0.00000   0.00575   0.00798   0.00139   0.00000   0.00471   0.00723   0.00894   0.01090   0.00374   0.00000   0.00000   0.00136   0.00332   1.19086   0.81880   0.73873   0.93048   1.13223   0.01512   0.13088   1.68667  
 24 3187.0538   2421.534885  x:  0.00422   0.00539   0.00958   0.00717   0.02521   0.02988   0.01432   0.02466   0.02216   0.01748   0.00806   0.01277   0.00000   0.00000   0.00000   0.01242   0.01140   0.00363   0.00371   0.00000   0.00032   0.00262   0.01363   0.00000   0.10852   0.02854   0.00000   0.02941   0.00000   0.00867   0.00266   0.00594   0.00000   0.00000   0.00000   0.00882   0.01235   0.00594   0.00000   0.00891   0.00000   0.00000   0.00561   0.00803   0.00146   0.00000   0.00469   0.00659   0.01070   0.01128   0.00389   0.00000   0.00000   0.00161   0.00329   1.21562   0.81906   0.74126   0.92909   1.13832   0.00973   0.09686   1.68609  
 25 3984.2631   2419.016310  x:  0.00358   0.00517   0.00907   0.00727   0.02564   0.03048   0.01553   0.02227   0.02398   0.02046   0.00577   0.01203   0.00000   0.00000   0.00000   0.01174   0.01110   0.00342   0.00218   0.00000   0.00085   0.00434   0.01258   0.00000   0.11179   0.03057   0.00000   0.03151   0.00000   0.00751   0.00326   0.00302   0.00000   0.00000   0.00000   0.00868   0.01170   0.00619   0.00000   0.00933   0.00000   0.00000   0.00612   0.00830   0.00053   0.00000   0.00517   0.00681   0.01212   0.01188   0.00399   0.00000   0.00000   0.00164   0.00323   1.24321   0.81935   0.74408   0.92755   1.14510   0.00374   0.05902   1.68543  
 26 6890.9811   2417.292246  x:  0.00374   0.00481   0.00846   0.00748   0.02556   0.03155   0.01693   0.01878   0.02568   0.02357   0.00373   0.01174   0.00000   0.00000   0.00000   0.01093   0.01092   0.00319   0.00259   0.00000   0.00088   0.00563   0.01161   0.00000   0.11349   0.03257   0.00000   0.03321   0.00000   0.00661   0.00243   0.00399   0.00000   0.00000   0.00000   0.00883   0.01113   0.00724   0.00000   0.00826   0.00000   0.00000   0.00615   0.00858   0.00152   0.00000   0.00338   0.00762   0.01232   0.01226   0.00409   0.00000   0.00000   0.00157   0.00323   1.26418   0.81956   0.74623   0.92638   1.15024  -0.00079   0.03057   1.68493  
 27 4121.6810   2416.283910  x:  0.00448   0.00488   0.00810   0.00751   0.02473   0.03287   0.01663   0.01664   0.02737   0.02189   0.00332   0.01242   0.00000   0.00000   0.00000   0.00991   0.01097   0.00324   0.00426   0.00000   0.00071   0.00343   0.01068   0.00000   0.11170   0.03307   0.00000   0.03428   0.00000   0.00810   0.00208   0.00493   0.00000   0.00000   0.00000   0.00912   0.01111   0.00858   0.00000   0.01003   0.00000   0.00000   0.00591   0.00910   0.00080   0.00000   0.00327   0.00828   0.01041   0.01280   0.00410   0.00000   0.00000   0.00150   0.00318   1.27488   0.81966   0.74731   0.92581   1.15269  -0.00291   0.01719   1.68465  
 28 633.8389   2415.638095  x:  0.00553   0.00479   0.00722   0.00755   0.02378   0.03372   0.01671   0.01437   0.02655   0.02041   0.00464   0.01158   0.00000   0.00000   0.00000   0.01092   0.01081   0.00313   0.00226   0.00000   0.00071   0.00339   0.01142   0.00000   0.10774   0.03382   0.00000   0.03418   0.00000   0.00894   0.00194   0.00612   0.00000   0.00000   0.00000   0.00931   0.01190   0.00830   0.00000   0.01033   0.00000   0.00000   0.00588   0.00882   0.00083   0.00000   0.00335   0.00670   0.00934   0.01271   0.00406   0.00000   0.00000   0.00143   0.00315   1.28215   0.81971   0.74805   0.92545   1.15409  -0.00406   0.01112   1.68443  
 29 265.8321   2414.864289  x:  0.00671   0.00457   0.00725   0.00768   0.02266   0.03327   0.01617   0.01399   0.02360   0.01909   0.00493   0.01298   0.00000   0.00000   0.00000   0.01100   0.00976   0.00317   0.00352   0.00000   0.00071   0.00500   0.01142   0.00000   0.10009   0.03436   0.00000   0.03400   0.00000   0.00624   0.00201   0.00613   0.00000   0.00000   0.00000   0.00901   0.01095   0.00610   0.00000   0.01040   0.00000   0.00000   0.00575   0.00796   0.00068   0.00000   0.00345   0.00594   0.00788   0.01230   0.00401   0.00000   0.00000   0.00147   0.00311   1.29270   0.81978   0.74913   0.92494   1.15578  -0.00538   0.00632   1.68409  
 30 261.5670   2413.995577  x:  0.00773   0.00429   0.00799   0.00788   0.02209   0.03087   0.01520   0.01610   0.02032   0.01962   0.00386   0.01374   0.00000   0.00000   0.00000   0.01044   0.00955   0.00321   0.00198   0.00000   0.00071   0.00373   0.01115   0.00000   0.09081   0.03470   0.00000   0.03342   0.00000   0.00569   0.00204   0.00633   0.00000   0.00000   0.00000   0.00871   0.00981   0.00637   0.00000   0.00924   0.00000   0.00000   0.00530   0.00763   0.00065   0.00000   0.00344   0.00847   0.00797   0.01199   0.00396   0.00000   0.00000   0.00162   0.00309   1.30637   0.81988   0.75054   0.92428   1.15783  -0.00693   0.00274   1.68365  
 31 387.1928   2413.133634  x:  0.00827   0.00402   0.00766   0.00815   0.02235   0.02907   0.01409   0.01969   0.02018   0.02170   0.00401   0.01344   0.00000   0.00000   0.00000   0.00817   0.00972   0.00307   0.00230   0.00000   0.00081   0.00327   0.00937   0.00000   0.08193   0.03435   0.00000   0.03330   0.00000   0.00693   0.00227   0.00588   0.00000   0.00000   0.00000   0.00837   0.00885   0.00743   0.00000   0.00746   0.00000   0.00000   0.00519   0.00806   0.00081   0.00000   0.00372   0.00574   0.00762   0.01195   0.00394   0.00000   0.00000   0.00156   0.00310   1.32203   0.82000   0.75218   0.92350   1.16006  -0.00861   0.00069   1.68315  
 32 432.6876   2412.394816  x:  0.00832   0.00400   0.00655   0.00842   0.02337   0.02886   0.01240   0.02336   0.02392   0.02172   0.00441   0.01315   0.00000   0.00000   0.00000   0.00833   0.01032   0.00288   0.00197   0.00000   0.00072   0.00355   0.00866   0.00000   0.07581   0.03247   0.00000   0.03337   0.00000   0.00624   0.00179   0.00617   0.00000   0.00000   0.00000   0.00825   0.01091   0.00570   0.00000   0.00672   0.00000   0.00000   0.00561   0.00808   0.00069   0.00000   0.00310   0.00633   0.00657   0.01134   0.00393   0.00000   0.00000   0.00132   0.00312   1.33900   0.82013   0.75397   0.92265   1.16237  -0.01034   0.00012   1.68261  
 33 357.7165   2411.376811  x:  0.00755   0.00321   0.00685   0.00896   0.02454   0.03013   0.01311   0.02365   0.02597   0.02155   0.00468   0.01384   0.00000   0.00000   0.00000   0.01014   0.00875   0.00255   0.00207   0.00000   0.00088   0.00154   0.01015   0.00000   0.07249   0.02908   0.00000   0.03509   0.00000   0.00517   0.00216   0.00603   0.00000   0.00000   0.00000   0.00848   0.00971   0.00549   0.00000   0.00867   0.00000   0.00000   0.00573   0.00722   0.00085   0.00000   0.00354   0.00608   0.00560   0.01087   0.00388   0.00000   0.00000   0.00136   0.00316   1.36493   0.82035   0.75672   0.92132   1.16586  -0.01294   0.00034   1.68181  
 34 360.4973   2410.339949  x:  0.00651   0.00297   0.00852   0.00932   0.02555   0.03014   0.01207   0.02246   0.02608   0.01903   0.00338   0.01544   0.00000   0.00000   0.00000   0.00995   0.00961   0.00226   0.00161   0.00000   0.00089   0.00231   0.01026   0.00000   0.07116   0.02442   0.00000   0.03787   0.00000   0.00731   0.00188   0.00681   0.00000   0.00000   0.00000   0.00874   0.00845   0.00384   0.00000   0.01077   0.00000   0.00000   0.00561   0.00575   0.00088   0.00000   0.00318   0.00545   0.00530   0.00895   0.00375   0.00000   0.00000   0.00161   0.00318   1.39584   0.82061   0.75999   0.91973   1.16992  -0.01595   0.00075   1.68085  
 35 883.9604   2409.296544  x:  0.00571   0.00329   0.00859   0.00952   0.02601   0.03122   0.00976   0.01952   0.02428   0.01544   0.00374   0.01633   0.00000   0.00000   0.00000   0.00794   0.01154   0.00192   0.00148   0.00000   0.00094   0.00175   0.00807   0.00000   0.07165   0.02120   0.00000   0.04103   0.00000   0.00547   0.00205   0.00632   0.00000   0.00000   0.00000   0.00879   0.01029   0.00492   0.00000   0.01104   0.00000   0.00000   0.00546   0.00624   0.00096   0.00000   0.00339   0.00514   0.00651   0.00756   0.00360   0.00000   0.00000   0.00167   0.00321   1.42759   0.82088   0.76334   0.91811   1.17386  -0.01881   0.00276   1.67986  
 36 808.5721   2408.859509  x:  0.00582   0.00343   0.00832   0.00958   0.02555   0.03154   0.00895   0.01878   0.02392   0.01440   0.00419   0.01583   0.00000   0.00000   0.00000   0.00706   0.01102   0.00182   0.00151   0.00000   0.00100   0.00146   0.00712   0.00000   0.07310   0.02178   0.00000   0.04295   0.00000   0.00582   0.00219   0.00628   0.00000   0.00000   0.00000   0.00882   0.00994   0.00335   0.00000   0.01027   0.00000   0.00000   0.00543   0.00711   0.00105   0.00000   0.00356   0.00578   0.00639   0.00959   0.00355   0.00000   0.00000   0.00167   0.00322   1.44167   0.82099   0.76483   0.91740   1.17537  -0.01982   0.00507   1.67940  
 37 395.8258   2407.801623  x:  0.00693   0.00367   0.00869   0.00965   0.02372   0.03066   0.00690   0.01940   0.02555   0.01171   0.00384   0.01662   0.00000   0.00000   0.00000   0.00774   0.00977   0.00198   0.00119   0.00000   0.00097   0.00156   0.00719   0.00000   0.07828   0.02460   0.00000   0.04826   0.00000   0.00553   0.00201   0.00599   0.00000   0.00000   0.00000   0.00820   0.00901   0.00465   0.00000   0.00671   0.00000   0.00000   0.00525   0.00615   0.00102   0.00000   0.00332   0.00528   0.00389   0.01066   0.00347   0.00000   0.00000   0.00174   0.00316   1.47696   0.82125   0.76852   0.91566   1.17866  -0.02184   0.01328   1.67821  
 38 529.0473   2407.074412  x:  0.00800   0.00258   0.00890   0.01000   0.02192   0.03074   0.00949   0.02057   0.02616   0.01202   0.00455   0.01622   0.00000   0.00000   0.00000   0.00632   0.01064   0.00201   0.00123   0.00000   0.00104   0.00171   0.00719   0.00000   0.08175   0.02558   0.00000   0.05157   0.00000   0.00525   0.00222   0.00652   0.00000   0.00000   0.00000   0.00811   0.00922   0.00453   0.00000   0.00670   0.00000   0.00000   0.00551   0.00650   0.00102   0.00000   0.00359   0.00580   0.00219   0.00900   0.00347   0.00000   0.00000   0.00186   0.00310   1.50213   0.82142   0.77115   0.91444   1.18086  -0.02311   0.01953   1.67736  
 39 668.5667   2406.411560  x:  0.00920   0.00307   0.00835   0.00990   0.01804   0.03276   0.00810   0.02028   0.02723   0.01461   0.00501   0.01570   0.00000   0.00000   0.00000   0.00613   0.01014   0.00206   0.00117   0.00000   0.00107   0.00191   0.00649   0.00000   0.08390   0.02238   0.00000   0.04986   0.00000   0.00496   0.00223   0.00734   0.00000   0.00000   0.00000   0.00810   0.00724   0.00458   0.00000   0.00727   0.00000   0.00000   0.00580   0.00700   0.00096   0.00000   0.00362   0.00618   0.00302   0.00767   0.00342   0.00000   0.00000   0.00186   0.00301   1.52814   0.82159   0.77384   0.91322   1.18297  -0.02423   0.02557   1.67646  
 40 328.1944   2405.915825  x:  0.00984   0.00309   0.00891   0.00990   0.01680   0.03369   0.00784   0.01960   0.02698   0.01733   0.00376   0.01708   0.00000   0.00000   0.00000   0.00609   0.01004   0.00223   0.00094   0.00000   0.00110   0.00181   0.00653   0.00000   0.08467   0.01963   0.00000   0.04770   0.00000   0.00490   0.00219   0.00780   0.00000   0.00000   0.00000   0.00799   0.00897   0.00461   0.00000   0.00804   0.00000   0.00000   0.00567   0.00713   0.00093   0.00000   0.00351   0.00540   0.00239   0.00974   0.00341   0.00000   0.00000   0.00196   0.00294   1.54958   0.82172   0.77606   0.91223   1.18473  -0.02517   0.02987   1.67571  
 41 513.9080   2404.801232  x:  0.01008   0.00249   0.00820   0.00995   0.02302   0.03404   0.00920   0.01653   0.02750   0.01721   0.00434   0.01675   0.00000   0.00000   0.00000   0.00513   0.01086   0.00228   0.00095   0.00000   0.00108   0.00214   0.00571   0.00000   0.08165   0.01726   0.00000   0.04310   0.00000   0.00446   0.00211   0.00861   0.00000   0.00000   0.00000   0.00810   0.00722   0.00551   0.00000   0.00805   0.00000   0.00000   0.00558   0.00477   0.00084   0.00000   0.00350   0.00591   0.00259   0.01247   0.00340   0.00000   0.00000   0.00194   0.00287   1.60239   0.82203   0.78154   0.90981   1.18914  -0.02748   0.03784   1.67383  
 42 346.4178   2403.481281  x:  0.01002   0.00250   0.00799   0.00985   0.02845   0.03342   0.00916   0.01292   0.02716   0.01695   0.00356   0.01713   0.00000   0.00000   0.00000   0.00609   0.00977   0.00241   0.00089   0.00000   0.00103   0.00245   0.00625   0.00000   0.07632   0.01753   0.00000   0.03921   0.00000   0.00474   0.00188   0.00898   0.00000   0.00000   0.00000   0.00823   0.00600   0.00568   0.00000   0.00853   0.00000   0.00000   0.00514   0.01041   0.00078   0.00000   0.00319   0.00577   0.00154   0.01137   0.00341   0.00000   0.00000   0.00195   0.00282   1.67386   0.82246   0.78897   0.90655   1.19531  -0.03081   0.04672   1.67128  
 43 1190.6178   2401.978272  x:  0.00974   0.00265   0.00793   0.00980   0.02697   0.03270   0.00995   0.01073   0.02727   0.01569   0.00320   0.01687   0.00000   0.00000   0.00000   0.00405   0.00598   0.00244   0.00098   0.00000   0.00100   0.00267   0.00716   0.00000   0.07039   0.01945   0.00000   0.03690   0.00000   0.00566   0.00177   0.00897   0.00000   0.00000   0.00000   0.00851   0.00771   0.00595   0.00000   0.00920   0.00000   0.00000   0.00483   0.01011   0.00080   0.00000   0.00302   0.00615   0.00258   0.01039   0.00343   0.00000   0.00000   0.00192   0.00281   1.74538   0.82290   0.79642   0.90329   1.20166  -0.03429   0.05376   1.66872  
 44 1454.2448   2398.956475  x:  0.00915   0.00333   0.00704   0.00976   0.01917   0.03180   0.01142   0.00766   0.02595   0.01476   0.00296   0.01595   0.00000   0.00000   0.00000   0.00729   0.00850   0.00236   0.00177   0.00000   0.00099   0.00264   0.00492   0.00000   0.05731   0.02490   0.00000   0.03480   0.00000   0.00670   0.00179   0.00827   0.00000   0.00000   0.00000   0.00931   0.00843   0.00656   0.00000   0.01208   0.00000   0.00000   0.00435   0.00774   0.00091   0.00000   0.00285   0.00678   0.00261   0.01155   0.00354   0.00000   0.00000   0.00174   0.00283   1.90232   0.82386   0.81280   0.89616   1.21578  -0.04209   0.06744   1.66307  
 45 3486.5766   2398.409997  x:  0.00926   0.00372   0.00666   0.00969   0.01773   0.03204   0.01076   0.00727   0.02610   0.01464   0.00303   0.01593   0.00000   0.00000   0.00000   0.00620   0.01069   0.00241   0.00191   0.00000   0.00098   0.00257   0.00807   0.00000   0.05523   0.02531   0.00000   0.03491   0.00000   0.00639   0.00179   0.00792   0.00000   0.00000   0.00000   0.00931   0.00789   0.00654   0.00000   0.01216   0.00000   0.00000   0.00428   0.00778   0.00092   0.00000   0.00280   0.00684   0.00282   0.01245   0.00356   0.00000   0.00000   0.00166   0.00281   1.93338   0.82405   0.81605   0.89477   1.21861  -0.04363   0.06955   1.66192  
 46 1367.9555   2394.770754  x:  0.01053   0.00417   0.00720   0.00954   0.01918   0.03160   0.00969   0.01076   0.02459   0.01317   0.00583   0.01494   0.00000   0.00000   0.00000   0.00924   0.00920   0.00277   0.00335   0.00000   0.00113   0.00408   0.01019   0.00000   0.05774   0.01376   0.00000   0.03771   0.00000   0.00853   0.00279   0.00775   0.00000   0.00000   0.00000   0.00874   0.01056   0.00761   0.00000   0.00868   0.00000   0.00000   0.00438   0.00881   0.00115   0.00000   0.00404   0.00943   0.00295   0.01355   0.00339   0.00000   0.00000   0.00177   0.00251   2.11879   0.82513   0.83551   0.88695   1.23630  -0.05304   0.06883   1.65448  
 47 476.8805   2391.927985  x:  0.01136   0.00402   0.00898   0.00975   0.01970   0.02957   0.00996   0.01356   0.02752   0.00972   0.00625   0.01815   0.00000   0.00000   0.00000   0.00937   0.01127   0.00322   0.00306   0.00000   0.00129   0.00403   0.01014   0.00000   0.06547   0.01819   0.00000   0.02256   0.00000   0.00842   0.00301   0.00926   0.00000   0.00000   0.00000   0.00891   0.01085   0.00710   0.00000   0.01177   0.00000   0.00000   0.00404   0.00993   0.00130   0.00000   0.00452   0.00894   0.00435   0.01335   0.00330   0.00000   0.00000   0.00211   0.00249   2.25496   0.82587   0.84978   0.88135   1.24953  -0.06001   0.06805   1.64887  
 48 1118.7079   2391.769129  x:  0.01149   0.00449   0.00883   0.00963   0.02070   0.02989   0.00843   0.01352   0.02708   0.01099   0.00647   0.01783   0.00000   0.00000   0.00000   0.00914   0.01116   0.00323   0.00322   0.00000   0.00133   0.00406   0.01025   0.00000   0.06607   0.01944   0.00000   0.02208   0.00000   0.00866   0.00315   0.00931   0.00000   0.00000   0.00000   0.00907   0.01127   0.00706   0.00000   0.01311   0.00000   0.00000   0.00405   0.00902   0.00135   0.00000   0.00466   0.00928   0.00361   0.01271   0.00330   0.00000   0.00000   0.00212   0.00250   2.26292   0.82588   0.85058   0.88107   1.25033  -0.06039   0.06812   1.64850  
 49 228.8692   2390.758435  x:  0.01558   0.00369   0.00978   0.00951   0.02521   0.02974   0.00935   0.01230   0.02727   0.01315   0.00472   0.01691   0.00000   0.00000   0.00000   0.01040   0.01262   0.00329   0.00347   0.00000   0.00136   0.00332   0.01083   0.00000   0.07145   0.02001   0.00000   0.02451   0.00000   0.00853   0.00322   0.00788   0.00000   0.00000   0.00000   0.00893   0.01246   0.00610   0.00000   0.00851   0.00000   0.00000   0.00390   0.00969   0.00131   0.00000   0.00446   0.00868   0.00544   0.01088   0.00394   0.00000   0.00000   0.00251   0.00320   2.31594   0.81772   0.84625   0.89431   1.26138  -0.05406   0.07844   1.63492  
 50  5.5519   2390.297537  x:  0.01441   0.00586   0.01010   0.00886   0.02626   0.03003   0.01044   0.01288   0.02776   0.01302   0.00491   0.01773   0.00000   0.00000   0.00000   0.01010   0.01297   0.00456   0.00328   0.00000   0.00148   0.00312   0.01045   0.00000   0.07075   0.02152   0.00000   0.02782   0.00000   0.00826   0.00339   0.00949   0.00000   0.00000   0.00000   0.00853   0.01238   0.00575   0.00000   0.00842   0.00000   0.00000   0.00409   0.00953   0.00132   0.00000   0.00472   0.00841   0.00548   0.01046   0.00305   0.00000   0.00000   0.00249   0.00302   2.34797   0.80907   0.83945   0.91390   1.29029  -0.05558   0.08173   1.61253  
 51  3.7156   2388.142586  x:  0.01630   0.00825   0.00971   0.01120   0.02291   0.02935   0.01109   0.01272   0.02860   0.01143   0.00445   0.01440   0.00000   0.00000   0.00000   0.00926   0.01239   0.00470   0.00322   0.00000   0.00132   0.00265   0.01011   0.00000   0.07374   0.01922   0.00000   0.02607   0.00000   0.00786   0.00319   0.00359   0.00000   0.00000   0.00000   0.01091   0.01183   0.00520   0.00000   0.00777   0.00000   0.00000   0.00392   0.00757   0.00167   0.00000   0.00435   0.00855   0.00400   0.00894   0.00228   0.00000   0.00000   0.00255   0.00312   2.41033   0.76447   0.78718   1.04591   1.47457  -0.02671   0.08673   1.43338  
 52  3.6436   2386.040131  x:  0.01363   0.00762   0.00926   0.01430   0.02085   0.02643   0.01092   0.01208   0.02919   0.01219   0.00403   0.01244   0.00000   0.00000   0.00000   0.00934   0.01212   0.00473   0.00331   0.00000   0.00142   0.00264   0.01021   0.00000   0.07662   0.01999   0.00000   0.02606   0.00000   0.00762   0.00355   0.00580   0.00000   0.00000   0.00000   0.01189   0.01170   0.00511   0.00000   0.00218   0.00000   0.00000   0.00306   0.00704   0.00155   0.00000   0.00487   0.00839   0.00383   0.00884   0.00234   0.00000   0.00000   0.00235   0.00192   2.50707   0.81209   0.83403   1.10998   1.61383   0.07748   0.08527   1.22452  
 53  5.3752   2384.095853  x:  0.01153   0.00600   0.00883   0.01505   0.01889   0.02463   0.00950   0.01208   0.02976   0.01119   0.00420   0.01023   0.00000   0.00000   0.00000   0.00879   0.01229   0.00681   0.00329   0.00000   0.00151   0.00264   0.00972   0.00000   0.07707   0.02041   0.00000   0.02808   0.00000   0.00730   0.00379   0.00562   0.00000   0.00000   0.00000   0.01284   0.01155   0.00482   0.00000   0.00334   0.00000   0.00000   0.00270   0.00666   0.00173   0.00000   0.00522   0.00848   0.00354   0.00819   0.00372   0.00000   0.00000   0.00215   0.00355   2.62123   0.88623   0.91766   1.14887   1.66297   0.28236   0.06535   1.00000  
 54  8.4518   2383.326825  x:  0.01115   0.00527   0.00893   0.01594   0.01852   0.02471   0.00942   0.01242   0.03072   0.01195   0.00417   0.01060   0.00000   0.00000   0.00000   0.00899   0.01248   0.00664   0.00335   0.00000   0.00158   0.00293   0.00987   0.00000   0.07778   0.02137   0.00000   0.02885   0.00000   0.00730   0.00396   0.00568   0.00000   0.00000   0.00000   0.01328   0.01174   0.00516   0.00000   0.00369   0.00000   0.00000   0.00270   0.00703   0.00182   0.00000   0.00547   0.00864   0.00373   0.00877   0.00167   0.00000   0.00000   0.00220   0.00367   2.71197   0.88549   0.93185   1.17027   1.58558   0.50491   0.03971   1.00000  
 55  3.8323   2382.739066  x:  0.01128   0.00660   0.00936   0.01614   0.01797   0.02524   0.01022   0.01298   0.03231   0.01238   0.00420   0.01169   0.00000   0.00000   0.00000   0.00889   0.01257   0.00619   0.00330   0.00000   0.00167   0.00305   0.00987   0.00000   0.07854   0.02188   0.00000   0.02932   0.00000   0.00723   0.00413   0.00510   0.00000   0.00000   0.00000   0.01360   0.01176   0.00537   0.00000   0.00407   0.00000   0.00000   0.00281   0.00687   0.00200   0.00000   0.00568   0.00875   0.00343   0.00899   0.00313   0.00000   0.00000   0.00239   0.00268   2.81188   0.87562   0.95136   1.16880   1.53308   0.71865   0.01709   1.00000  
 56  3.8020   2381.177087  x:  0.00977   0.00745   0.00996   0.01268   0.01494   0.02658   0.01131   0.01299   0.03510   0.01336   0.00476   0.01415   0.00000   0.00000   0.00000   0.00836   0.01231   0.00549   0.00313   0.00000   0.00182   0.00308   0.00956   0.00000   0.08074   0.02244   0.00000   0.02875   0.00000   0.00713   0.00437   0.00343   0.00000   0.00000   0.00000   0.01401   0.01130   0.00582   0.00000   0.00315   0.00000   0.00000   0.00304   0.00631   0.00238   0.00000   0.00601   0.00889   0.00241   0.00917   0.00276   0.00000   0.00000   0.00274   0.00350   3.06735   0.93448   1.10316   1.00425   1.80861   0.92095   0.01529   1.00000  
 57  2.3364   2380.213815  x:  0.00681   0.00550   0.00960   0.01287   0.01419   0.02646   0.01078   0.01277   0.03609   0.01416   0.00513   0.01428   0.00000   0.00000   0.00000   0.00828   0.01246   0.00573   0.00309   0.00000   0.00195   0.00335   0.00938   0.00000   0.08275   0.02387   0.00000   0.02930   0.00000   0.00705   0.00459   0.00418   0.00000   0.00000   0.00000   0.01306   0.01122   0.00626   0.00000   0.00462   0.00000   0.00000   0.00306   0.00690   0.00253   0.00000   0.00638   0.00892   0.00247   0.00974   0.00311   0.00000   0.00000   0.00277   0.00259   3.27904   0.79826   1.01695   1.05919   2.03909   1.01182   0.02142   1.00000  
 58  3.4236   2379.579355  x:  0.00723   0.00479   0.00938   0.01412   0.01650   0.02681   0.01055   0.01257   0.03673   0.01412   0.00491   0.01305   0.00000   0.00000   0.00000   0.00832   0.01299   0.00614   0.00307   0.00000   0.00205   0.00311   0.00925   0.00000   0.08203   0.02399   0.00000   0.02901   0.00000   0.00700   0.00464   0.00389   0.00000   0.00000   0.00000   0.01221   0.01146   0.00603   0.00000   0.00569   0.00000   0.00000   0.00315   0.00729   0.00268   0.00000   0.00645   0.00872   0.00283   0.00886   0.00291   0.00000   0.00000   0.00294   0.00136   3.44592   0.91675   0.96379   0.97944   2.15407   1.14467   0.02134   1.00000  
 59  1.3686   2378.577176  x:  0.00742   0.00389   0.00958   0.01192   0.01965   0.02770   0.01027   0.01253   0.03812   0.01388   0.00472   0.01224   0.00000   0.00000   0.00000   0.00825   0.01353   0.00663   0.00296   0.00000   0.00226   0.00263   0.00903   0.00000   0.07887   0.02314   0.00000   0.02635   0.00000   0.00700   0.00479   0.00456   0.00000   0.00000   0.00000   0.01184   0.01166   0.00563   0.00000   0.00449   0.00000   0.00000   0.00326   0.00764   0.00289   0.00000   0.00666   0.00839   0.00303   0.00738   0.00296   0.00000   0.00000   0.00324   0.00275   3.79403   0.96254   0.78527   0.95430   2.31483   1.42572   0.01199   1.00000  
 60  3.8205   2378.072787  x:  0.00829   0.00424   0.00961   0.01223   0.02137   0.02765   0.01054   0.01276   0.03850   0.01380   0.00432   0.01103   0.00000   0.00000   0.00000   0.00825   0.01375   0.00644   0.00297   0.00000   0.00239   0.00237   0.00902   0.00000   0.07790   0.02254   0.00000   0.02578   0.00000   0.00691   0.00480   0.00485   0.00000   0.00000   0.00000   0.01198   0.01169   0.00545   0.00000   0.00467   0.00000   0.00000   0.00309   0.00763   0.00299   0.00000   0.00656   0.00808   0.00304   0.00711   0.00268   0.00000   0.00000   0.00340   0.00290   3.98276   0.76009   1.03907   0.93285   2.43007   1.60767   0.00908   1.00000  
 61  1.6500   2377.441231  x:  0.00898   0.00558   0.00969   0.01348   0.02096   0.02672   0.01143   0.01360   0.03821   0.01357   0.00428   0.01081   0.00000   0.00000   0.00000   0.00825   0.01344   0.00505   0.00309   0.00000   0.00258   0.00258   0.00918   0.00000   0.07908   0.02194   0.00000   0.02753   0.00000   0.00675   0.00473   0.00521   0.00000   0.00000   0.00000   0.01298   0.01122   0.00590   0.00000   0.00520   0.00000   0.00000   0.00259   0.00738   0.00317   0.00000   0.00611   0.00787   0.00261   0.00948   0.00250   0.00000   0.00000   0.00345   0.00314   4.36743   0.92856   1.06829   1.13996   2.68952   1.89509   0.01156   1.00000  
 62  0.8899   2376.980123  x:  0.00919   0.00439   0.00955   0.01455   0.01938   0.02751   0.01035   0.01218   0.03671   0.01246   0.00495   0.01247   0.00000   0.00000   0.00000   0.00816   0.01330   0.00564   0.00305   0.00000   0.00274   0.00252   0.00890   0.00000   0.07813   0.02077   0.00000   0.02969   0.00000   0.00693   0.00454   0.00411   0.00000   0.00000   0.00000   0.01245   0.01098   0.00569   0.00000   0.00412   0.00000   0.00000   0.00296   0.00724   0.00345   0.00000   0.00561   0.00811   0.00262   0.00967   0.00267   0.00000   0.00000   0.00332   0.00297   4.71696   0.86207   1.06669   1.13001   2.92907   2.19006   0.00565   1.00000  
 63  0.6788   2376.786497  x:  0.00873   0.00492   0.00942   0.01433   0.01794   0.02728   0.01071   0.01226   0.03532   0.01256   0.00474   0.01254   0.00000   0.00000   0.00000   0.00827   0.01282   0.00530   0.00279   0.00000   0.00285   0.00232   0.00889   0.00000   0.07739   0.02028   0.00000   0.02844   0.00000   0.00707   0.00427   0.00507   0.00000   0.00000   0.00000   0.01250   0.01082   0.00544   0.00000   0.00453   0.00000   0.00000   0.00310   0.00668   0.00347   0.00000   0.00539   0.00816   0.00251   0.00856   0.00268   0.00000   0.00000   0.00313   0.00281   4.95271   0.82963   0.98989   1.00102   3.14515   2.37013   0.00849   1.00000  
 64  0.4456   2376.731408  x:  0.00862   0.00472   0.00926   0.01408   0.01834   0.02710   0.01075   0.01259   0.03455   0.01289   0.00465   0.01206   0.00000   0.00000   0.00000   0.00835   0.01279   0.00520   0.00266   0.00000   0.00286   0.00255   0.00890   0.00000   0.07677   0.02093   0.00000   0.02827   0.00000   0.00688   0.00414   0.00475   0.00000   0.00000   0.00000   0.01243   0.01087   0.00546   0.00000   0.00438   0.00000   0.00000   0.00320   0.00728   0.00348   0.00000   0.00542   0.00816   0.00287   0.00873   0.00278   0.00000   0.00000   0.00301   0.00284   5.06272   0.82671   0.99968   0.99606   3.25226   2.46559   0.00848   1.00000  
 65  0.2451   2376.702183  x:  0.00855   0.00486   0.00934   0.01371   0.01898   0.02748   0.01040   0.01214   0.03415   0.01293   0.00456   0.01214   0.00000   0.00000   0.00000   0.00813   0.01274   0.00528   0.00278   0.00000   0.00287   0.00253   0.00890   0.00000   0.07756   0.02082   0.00000   0.02771   0.00000   0.00703   0.00396   0.00475   0.00000   0.00000   0.00000   0.01238   0.01093   0.00551   0.00000   0.00438   0.00000   0.00000   0.00315   0.00735   0.00342   0.00000   0.00545   0.00822   0.00271   0.00861   0.00274   0.00000   0.00000   0.00295   0.00278   5.15335   0.84555   1.03538   1.04431   3.33635   2.57852   0.00437   1.00000  
 66  0.1662   2376.686107  x:  0.00875   0.00481   0.00938   0.01391   0.01893   0.02740   0.01029   0.01251   0.03412   0.01304   0.00462   0.01207   0.00000   0.00000   0.00000   0.00809   0.01268   0.00537   0.00287   0.00000   0.00284   0.00248   0.00899   0.00000   0.07768   0.02133   0.00000   0.02803   0.00000   0.00720   0.00377   0.00484   0.00000   0.00000   0.00000   0.01250   0.01097   0.00556   0.00000   0.00445   0.00000   0.00000   0.00303   0.00716   0.00325   0.00000   0.00544   0.00819   0.00272   0.00871   0.00272   0.00000   0.00000   0.00291   0.00276   5.20811   0.82771   1.02353   1.01221   3.40601   2.67204   0.00199   1.00000  
 67  0.0894   2376.671642  x:  0.00880   0.00495   0.00943   0.01399   0.01877   0.02761   0.01041   0.01235   0.03442   0.01295   0.00472   0.01220   0.00000   0.00000   0.00000   0.00811   0.01258   0.00545   0.00284   0.00000   0.00280   0.00255   0.00901   0.00000   0.07766   0.02132   0.00000   0.02794   0.00000   0.00708   0.00368   0.00493   0.00000   0.00000   0.00000   0.01256   0.01101   0.00552   0.00000   0.00448   0.00000   0.00000   0.00309   0.00714   0.00305   0.00000   0.00555   0.00816   0.00280   0.00876   0.00272   0.00000   0.00000   0.00288   0.00276   5.21826   0.83538   1.03011   1.02032   3.46859   2.73952   0.00000   1.00000  
 68  0.0660   2376.663149  x:  0.00879   0.00495   0.00939   0.01386   0.01855   0.02743   0.01052   0.01237   0.03475   0.01289   0.00464   0.01212   0.00000   0.00000   0.00000   0.00809   0.01256   0.00545   0.00280   0.00000   0.00273   0.00255   0.00901   0.00000   0.07722   0.02117   0.00000   0.02789   0.00000   0.00708   0.00363   0.00485   0.00000   0.00000   0.00000   0.01250   0.01101   0.00553   0.00000   0.00442   0.00000   0.00000   0.00308   0.00717   0.00278   0.00000   0.00560   0.00821   0.00277   0.00870   0.00273   0.00000   0.00000   0.00290   0.00274   5.21525   0.84062   1.03647   1.03973   3.54556   2.81716   0.00000   1.00000  
 69  0.0898   2376.660671  x:  0.00876   0.00489   0.00936   0.01387   0.01865   0.02734   0.01051   0.01232   0.03472   0.01289   0.00464   0.01216   0.00000   0.00000   0.00000   0.00810   0.01260   0.00542   0.00280   0.00000   0.00272   0.00255   0.00900   0.00000   0.07729   0.02110   0.00000   0.02797   0.00000   0.00709   0.00368   0.00485   0.00000   0.00000   0.00000   0.01249   0.01101   0.00555   0.00000   0.00443   0.00000   0.00000   0.00307   0.00721   0.00273   0.00000   0.00556   0.00823   0.00275   0.00870   0.00274   0.00000   0.00000   0.00291   0.00276   5.20434   0.83778   1.03277   1.03293   3.56592   2.82486   0.00000   1.00000  
 70  0.0430   2376.659937  x:  0.00874   0.00486   0.00934   0.01387   0.01871   0.02730   0.01050   0.01230   0.03471   0.01289   0.00464   0.01218   0.00000   0.00000   0.00000   0.00811   0.01262   0.00541   0.00279   0.00000   0.00272   0.00255   0.00899   0.00000   0.07733   0.02107   0.00000   0.02800   0.00000   0.00710   0.00370   0.00485   0.00000   0.00000   0.00000   0.01248   0.01101   0.00556   0.00000   0.00444   0.00000   0.00000   0.00306   0.00723   0.00271   0.00000   0.00554   0.00824   0.00274   0.00870   0.00275   0.00000   0.00000   0.00292   0.00277   5.19865   0.83628   1.03081   1.02932   3.57671   2.82907   0.00216   1.00000  
 71  4.2920   2376.657492  x:  0.00868   0.00485   0.00931   0.01393   0.01881   0.02753   0.01047   0.01227   0.03454   0.01294   0.00469   0.01213   0.00000   0.00000   0.00000   0.00815   0.01267   0.00538   0.00278   0.00000   0.00272   0.00257   0.00898   0.00000   0.07754   0.02109   0.00000   0.02797   0.00000   0.00702   0.00378   0.00484   0.00000   0.00000   0.00000   0.01247   0.01100   0.00549   0.00000   0.00443   0.00000   0.00000   0.00313   0.00720   0.00267   0.00000   0.00548   0.00820   0.00274   0.00871   0.00272   0.00000   0.00000   0.00293   0.00279   5.21131   0.83560   1.02721   1.01887   3.62775   2.89474   0.00000   1.00000  
 72  0.0473   2376.656346  x:  0.00874   0.00486   0.00937   0.01389   0.01878   0.02744   0.01045   0.01237   0.03445   0.01296   0.00464   0.01220   0.00000   0.00000   0.00000   0.00814   0.01272   0.00537   0.00278   0.00000   0.00273   0.00254   0.00895   0.00000   0.07747   0.02110   0.00000   0.02796   0.00000   0.00704   0.00383   0.00479   0.00000   0.00000   0.00000   0.01246   0.01097   0.00549   0.00000   0.00443   0.00000   0.00000   0.00310   0.00720   0.00267   0.00000   0.00544   0.00820   0.00275   0.00869   0.00273   0.00000   0.00000   0.00295   0.00278   5.21323   0.83699   1.02881   1.02695   3.66066   2.92983   0.00000   1.00000  
 73  0.0336   2376.655546  x:  0.00874   0.00486   0.00938   0.01389   0.01875   0.02737   0.01044   0.01236   0.03443   0.01293   0.00462   0.01214   0.00000   0.00000   0.00000   0.00814   0.01272   0.00537   0.00278   0.00000   0.00273   0.00254   0.00894   0.00000   0.07742   0.02110   0.00000   0.02801   0.00000   0.00706   0.00387   0.00478   0.00000   0.00000   0.00000   0.01246   0.01095   0.00552   0.00000   0.00444   0.00000   0.00000   0.00308   0.00719   0.00266   0.00000   0.00545   0.00823   0.00273   0.00870   0.00274   0.00000   0.00000   0.00295   0.00277   5.20829   0.83571   1.02683   1.02597   3.70649   2.96895   0.00000   1.00000  
 74  0.0407   2376.655318  x:  0.00874   0.00486   0.00938   0.01388   0.01874   0.02734   0.01044   0.01236   0.03442   0.01292   0.00461   0.01211   0.00000   0.00000   0.00000   0.00814   0.01272   0.00537   0.00278   0.00000   0.00273   0.00254   0.00894   0.00000   0.07741   0.02110   0.00000   0.02804   0.00000   0.00707   0.00388   0.00477   0.00000   0.00000   0.00000   0.01245   0.01094   0.00554   0.00000   0.00444   0.00000   0.00000   0.00307   0.00719   0.00266   0.00000   0.00546   0.00824   0.00272   0.00870   0.00275   0.00000   0.00000   0.00295   0.00277   5.20613   0.83515   1.02597   1.02553   3.72691   2.98646   0.00112   1.00000  
 75  9.5482   2376.652829  x:  0.00869   0.00486   0.00940   0.01391   0.01874   0.02733   0.01046   0.01231   0.03445   0.01290   0.00464   0.01214   0.00000   0.00000   0.00000   0.00814   0.01268   0.00543   0.00279   0.00000   0.00274   0.00255   0.00895   0.00000   0.07743   0.02110   0.00000   0.02805   0.00000   0.00706   0.00390   0.00481   0.00000   0.00000   0.00000   0.01249   0.01093   0.00557   0.00000   0.00446   0.00000   0.00000   0.00305   0.00721   0.00264   0.00000   0.00550   0.00824   0.00273   0.00873   0.00275   0.00000   0.00000   0.00295   0.00278   5.21013   0.83662   1.02820   1.02091   3.84910   3.11676   0.00000   1.00000  
 76  0.1115   2376.647923  x:  0.00870   0.00488   0.00938   0.01387   0.01873   0.02752   0.01050   0.01229   0.03447   0.01292   0.00470   0.01214   0.00000   0.00000   0.00000   0.00820   0.01258   0.00548   0.00282   0.00000   0.00279   0.00258   0.00900   0.00000   0.07751   0.02116   0.00000   0.02807   0.00000   0.00700   0.00397   0.00483   0.00000   0.00000   0.00000   0.01249   0.01093   0.00558   0.00000   0.00449   0.00000   0.00000   0.00311   0.00721   0.00268   0.00000   0.00557   0.00822   0.00274   0.00873   0.00275   0.00000   0.00000   0.00294   0.00276   5.21491   0.83740   1.03763   1.02753   4.34786   3.62895   0.00000   1.00000  
 77  0.4036   2376.644416  x:  0.00872   0.00487   0.00936   0.01385   0.01872   0.02751   0.01051   0.01232   0.03445   0.01294   0.00470   0.01217   0.00000   0.00000   0.00000   0.00819   0.01256   0.00550   0.00284   0.00000   0.00281   0.00257   0.00901   0.00000   0.07748   0.02114   0.00000   0.02806   0.00000   0.00699   0.00400   0.00483   0.00000   0.00000   0.00000   0.01247   0.01092   0.00557   0.00000   0.00449   0.00000   0.00000   0.00311   0.00722   0.00269   0.00000   0.00557   0.00821   0.00275   0.00870   0.00275   0.00000   0.00000   0.00293   0.00276   5.20347   0.83805   1.04034   1.03291   4.70517   3.97007   0.00000   1.00000  
 78  0.7565   2376.643744  x:  0.00873   0.00486   0.00935   0.01384   0.01872   0.02751   0.01052   0.01234   0.03444   0.01294   0.00470   0.01219   0.00000   0.00000   0.00000   0.00819   0.01256   0.00551   0.00285   0.00000   0.00282   0.00256   0.00902   0.00000   0.07747   0.02112   0.00000   0.02806   0.00000   0.00698   0.00402   0.00482   0.00000   0.00000   0.00000   0.01247   0.01091   0.00557   0.00000   0.00450   0.00000   0.00000   0.00311   0.00723   0.00269   0.00000   0.00557   0.00820   0.00275   0.00869   0.00275   0.00000   0.00000   0.00293   0.00276   5.19761   0.83837   1.04171   1.03563   4.88960   4.14622   0.00236   1.00000  
 79 61.1310   2376.638538  x:  0.00876   0.00493   0.00933   0.01394   0.01875   0.02739   0.01051   0.01234   0.03446   0.01293   0.00464   0.01215   0.00000   0.00000   0.00000   0.00807   0.01269   0.00541   0.00279   0.00000   0.00282   0.00252   0.00897   0.00000   0.07748   0.02103   0.00000   0.02792   0.00000   0.00706   0.00384   0.00478   0.00000   0.00000   0.00000   0.01250   0.01097   0.00550   0.00000   0.00439   0.00000   0.00000   0.00308   0.00723   0.00269   0.00000   0.00549   0.00821   0.00276   0.00871   0.00272   0.00000   0.00000   0.00292   0.00276   5.19624   0.83077   1.02414   1.01743   5.28951   4.54647   0.00231   1.00000  
 80  0.2648   2376.636362  x:  0.00873   0.00483   0.00935   0.01390   0.01875   0.02745   0.01045   0.01235   0.03454   0.01292   0.00465   0.01214   0.00000   0.00000   0.00000   0.00813   0.01268   0.00535   0.00278   0.00000   0.00283   0.00255   0.00899   0.00000   0.07745   0.02116   0.00000   0.02798   0.00000   0.00710   0.00377   0.00483   0.00000   0.00000   0.00000   0.01247   0.01102   0.00550   0.00000   0.00441   0.00000   0.00000   0.00310   0.00716   0.00271   0.00000   0.00547   0.00824   0.00274   0.00869   0.00271   0.00000   0.00000   0.00293   0.00277   5.17976   0.84123   1.02836   1.02898   5.69572   4.95665   0.00158   1.00000  
 81  0.3373   2376.635195  x:  0.00871   0.00485   0.00939   0.01390   0.01878   0.02744   0.01045   0.01231   0.03455   0.01293   0.00465   0.01216   0.00000   0.00000   0.00000   0.00814   0.01268   0.00538   0.00280   0.00000   0.00284   0.00257   0.00896   0.00000   0.07747   0.02109   0.00000   0.02795   0.00000   0.00706   0.00377   0.00486   0.00000   0.00000   0.00000   0.01247   0.01099   0.00552   0.00000   0.00446   0.00000   0.00000   0.00309   0.00722   0.00272   0.00000   0.00548   0.00821   0.00274   0.00873   0.00275   0.00000   0.00000   0.00294   0.00277   5.16900   0.83585   1.02551   1.02369   6.19084   5.45664   0.00087   1.00000  
 82  0.3799   2376.634539  x:  0.00872   0.00487   0.00937   0.01389   0.01875   0.02743   0.01047   0.01233   0.03447   0.01294   0.00466   0.01213   0.00000   0.00000   0.00000   0.00816   0.01269   0.00541   0.00278   0.00000   0.00285   0.00253   0.00895   0.00000   0.07743   0.02110   0.00000   0.02796   0.00000   0.00710   0.00377   0.00482   0.00000   0.00000   0.00000   0.01247   0.01096   0.00553   0.00000   0.00445   0.00000   0.00000   0.00309   0.00722   0.00270   0.00000   0.00547   0.00821   0.00275   0.00868   0.00274   0.00000   0.00000   0.00294   0.00278   5.17477   0.83819   1.02797   1.02443   6.69844   5.96672   0.00056   1.00000  
 83  0.3686   2376.634128  x:  0.00874   0.00487   0.00936   0.01388   0.01875   0.02742   0.01044   0.01235   0.03447   0.01292   0.00462   0.01216   0.00000   0.00000   0.00000   0.00816   0.01268   0.00539   0.00279   0.00000   0.00285   0.00256   0.00897   0.00000   0.07744   0.02113   0.00000   0.02799   0.00000   0.00705   0.00378   0.00482   0.00000   0.00000   0.00000   0.01247   0.01097   0.00551   0.00000   0.00443   0.00000   0.00000   0.00310   0.00719   0.00269   0.00000   0.00549   0.00821   0.00273   0.00868   0.00273   0.00000   0.00000   0.00294   0.00278   5.18079   0.83609   1.02867   1.02488   7.21251   6.48076   0.00051   1.00000  
 84  0.3726   2376.633745  x:  0.00873   0.00485   0.00935   0.01390   0.01876   0.02744   0.01047   0.01233   0.03451   0.01294   0.00466   0.01216   0.00000   0.00000   0.00000   0.00815   0.01271   0.00539   0.00279   0.00000   0.00285   0.00255   0.00898   0.00000   0.07747   0.02109   0.00000   0.02793   0.00000   0.00709   0.00379   0.00485   0.00000   0.00000   0.00000   0.01248   0.01097   0.00553   0.00000   0.00443   0.00000   0.00000   0.00310   0.00720   0.00271   0.00000   0.00549   0.00822   0.00275   0.00873   0.00273   0.00000   0.00000   0.00294   0.00278   5.18185   0.83682   1.02993   1.02739   7.84192   7.11049   0.00042   1.00000  
 85  0.3868   2376.633274  x:  0.00872   0.00486   0.00936   0.01393   0.01875   0.02742   0.01047   0.01234   0.03456   0.01293   0.00464   0.01214   0.00000   0.00000   0.00000   0.00812   0.01270   0.00540   0.00280   0.00000   0.00282   0.00254   0.00897   0.00000   0.07744   0.02109   0.00000   0.02799   0.00000   0.00705   0.00380   0.00482   0.00000   0.00000   0.00000   0.01248   0.01099   0.00551   0.00000   0.00444   0.00000   0.00000   0.00309   0.00722   0.00271   0.00000   0.00549   0.00822   0.00274   0.00868   0.00274   0.00000   0.00000   0.00294   0.00277   5.18452   0.83912   1.02773   1.02348   8.95984   8.22839   0.00058   1.00000  
 86  0.4693   2376.632907  x:  0.00873   0.00487   0.00937   0.01388   0.01878   0.02743   0.01048   0.01232   0.03454   0.01292   0.00466   0.01215   0.00000   0.00000   0.00000   0.00814   0.01267   0.00538   0.00279   0.00000   0.00279   0.00255   0.00898   0.00000   0.07748   0.02113   0.00000   0.02799   0.00000   0.00707   0.00380   0.00482   0.00000   0.00000   0.00000   0.01247   0.01099   0.00551   0.00000   0.00445   0.00000   0.00000   0.00309   0.00719   0.00271   0.00000   0.00548   0.00823   0.00275   0.00869   0.00274   0.00000   0.00000   0.00293   0.00277   5.18678   0.83645   1.02690   1.02427  10.01200   9.27969   0.00069   1.00000  
 87  0.7440   2376.632734  x:  0.00872   0.00486   0.00937   0.01389   0.01876   0.02745   0.01046   0.01234   0.03452   0.01293   0.00464   0.01215   0.00000   0.00000   0.00000   0.00813   0.01268   0.00539   0.00279   0.00000   0.00276   0.00255   0.00897   0.00000   0.07745   0.02110   0.00000   0.02796   0.00000   0.00708   0.00380   0.00483   0.00000   0.00000   0.00000   0.01247   0.01098   0.00552   0.00000   0.00444   0.00000   0.00000   0.00310   0.00720   0.00272   0.00000   0.00548   0.00822   0.00275   0.00872   0.00274   0.00000   0.00000   0.00293   0.00277   5.18529   0.83719   1.02774   1.02514  10.77889  10.04709   0.00051   1.00000  
 88  0.7363   2376.632697  x:  0.00873   0.00487   0.00937   0.01390   0.01876   0.02743   0.01046   0.01234   0.03451   0.01293   0.00465   0.01215   0.00000   0.00000   0.00000   0.00814   0.01268   0.00539   0.00279   0.00000   0.00275   0.00255   0.00897   0.00000   0.07744   0.02111   0.00000   0.02797   0.00000   0.00707   0.00380   0.00483   0.00000   0.00000   0.00000   0.01248   0.01098   0.00552   0.00000   0.00444   0.00000   0.00000   0.00309   0.00721   0.00272   0.00000   0.00548   0.00822   0.00275   0.00870   0.00273   0.00000   0.00000   0.00293   0.00278   5.18440   0.83735   1.02821   1.02530  11.10508  10.37322   0.00055   1.00000  
 89  0.3844   2376.632692  x:  0.00873   0.00487   0.00936   0.01390   0.01875   0.02744   0.01046   0.01233   0.03451   0.01293   0.00465   0.01215   0.00000   0.00000   0.00000   0.00814   0.01268   0.00539   0.00279   0.00000   0.00275   0.00255   0.00897   0.00000   0.07746   0.02111   0.00000   0.02797   0.00000   0.00707   0.00380   0.00483   0.00000   0.00000   0.00000   0.01248   0.01098   0.00552   0.00000   0.00444   0.00000   0.00000   0.00310   0.00720   0.00272   0.00000   0.00548   0.00822   0.00275   0.00870   0.00273   0.00000   0.00000   0.00294   0.00278   5.18464   0.83715   1.02824   1.02507  11.19178  10.45984   0.00059   1.00000  
 90  0.0993   2376.632691  x:  0.00873   0.00486   0.00936   0.01390   0.01876   0.02743   0.01046   0.01233   0.03451   0.01293   0.00465   0.01215   0.00000   0.00000   0.00000   0.00814   0.01269   0.00539   0.00279   0.00000   0.00275   0.00255   0.00897   0.00000   0.07745   0.02111   0.00000   0.02797   0.00000   0.00707   0.00380   0.00483   0.00000   0.00000   0.00000   0.01248   0.01098   0.00552   0.00000   0.00444   0.00000   0.00000   0.00310   0.00720   0.00272   0.00000   0.00548   0.00822   0.00274   0.00870   0.00273   0.00000   0.00000   0.00294   0.00278   5.18490   0.83712   1.02829   1.02514  11.23332  10.50130   0.00059   1.00000  
 91  0.0349   2376.632691  x:  0.00873   0.00486   0.00936   0.01390   0.01875   0.02743   0.01046   0.01233   0.03451   0.01293   0.00465   0.01215   0.00000   0.00000   0.00000   0.00814   0.01269   0.00539   0.00279   0.00000   0.00275   0.00255   0.00897   0.00000   0.07745   0.02111   0.00000   0.02797   0.00000   0.00707   0.00380   0.00483   0.00000   0.00000   0.00000   0.01248   0.01098   0.00552   0.00000   0.00444   0.00000   0.00000   0.00310   0.00720   0.00272   0.00000   0.00548   0.00822   0.00274   0.00870   0.00273   0.00000   0.00000   0.00294   0.00278   5.18495   0.83718   1.02821   1.02515  11.30545  10.57339   0.00060   1.00000  
 92  0.0461   2376.632689  x:  0.00873   0.00487   0.00937   0.01390   0.01875   0.02743   0.01046   0.01233   0.03451   0.01293   0.00465   0.01215   0.00000   0.00000   0.00000   0.00814   0.01269   0.00539   0.00279   0.00000   0.00275   0.00255   0.00897   0.00000   0.07746   0.02111   0.00000   0.02797   0.00000   0.00707   0.00380   0.00483   0.00000   0.00000   0.00000   0.01248   0.01098   0.00552   0.00000   0.00444   0.00000   0.00000   0.00310   0.00721   0.00272   0.00000   0.00548   0.00822   0.00275   0.00870   0.00273   0.00000   0.00000   0.00294   0.00277   5.18502   0.83731   1.02803   1.02514  11.70666  10.97450   0.00062   1.00000  
 93  0.1609   2376.632683  x:  0.00873   0.00486   0.00936   0.01390   0.01876   0.02744   0.01046   0.01233   0.03451   0.01293   0.00465   0.01215   0.00000   0.00000   0.00000   0.00814   0.01268   0.00539   0.00279   0.00000   0.00275   0.00255   0.00897   0.00000   0.07745   0.02111   0.00000   0.02797   0.00000   0.00707   0.00380   0.00483   0.00000   0.00000   0.00000   0.01248   0.01098   0.00552   0.00000   0.00444   0.00000   0.00000   0.00310   0.00720   0.00272   0.00000   0.00548   0.00822   0.00275   0.00870   0.00273   0.00000   0.00000   0.00294   0.00278   5.18485   0.83708   1.02824   1.02499  13.05743  12.32540   0.00060   1.00000  
 94  0.2879   2376.632681  x:  0.00873   0.00486   0.00936   0.01390   0.01875   0.02743   0.01046   0.01233   0.03451   0.01293   0.00465   0.01215   0.00000   0.00000   0.00000   0.00814   0.01269   0.00539   0.00279   0.00000   0.00275   0.00255   0.00897   0.00000   0.07745   0.02111   0.00000   0.02797   0.00000   0.00707   0.00380   0.00483   0.00000   0.00000   0.00000   0.01248   0.01098   0.00552   0.00000   0.00444   0.00000   0.00000   0.00310   0.00720   0.00272   0.00000   0.00548   0.00822   0.00274   0.00870   0.00273   0.00000   0.00000   0.00294   0.00278   5.18471   0.83717   1.02824   1.02514  13.39700  12.66494   0.00060   1.00000  
 95  0.3037   2376.632681  x:  0.00873   0.00486   0.00936   0.01390   0.01875   0.02743   0.01046   0.01233   0.03451   0.01293   0.00465   0.01215   0.00000   0.00000   0.00000   0.00814   0.01269   0.00539   0.00279   0.00000   0.00275   0.00255   0.00897   0.00000   0.07745   0.02111   0.00000   0.02797   0.00000   0.00707   0.00380   0.00483   0.00000   0.00000   0.00000   0.01248   0.01098   0.00552   0.00000   0.00444   0.00000   0.00000   0.00310   0.00720   0.00272   0.00000   0.00548   0.00822   0.00275   0.00870   0.00274   0.00000   0.00000   0.00294   0.00278   5.18466   0.83719   1.02824   1.02517  14.19865  13.46662   0.00059   1.00000  
 96  0.5233   2376.632680  x:  0.00873   0.00486   0.00936   0.01390   0.01876   0.02744   0.01046   0.01233   0.03451   0.01293   0.00465   0.01215   0.00000   0.00000   0.00000   0.00814   0.01269   0.00539   0.00279   0.00000   0.00275   0.00255   0.00897   0.00000   0.07745   0.02111   0.00000   0.02797   0.00000   0.00707   0.00380   0.00483   0.00000   0.00000   0.00000   0.01248   0.01098   0.00552   0.00000   0.00444   0.00000   0.00000   0.00310   0.00720   0.00272   0.00000   0.00548   0.00822   0.00274   0.00870   0.00273   0.00000   0.00000   0.00294   0.00278   5.18476   0.83712   1.02820   1.02508  15.21831  14.48628   0.00060   1.00000  
 97  0.4489   2376.632680  x:  0.00873   0.00486   0.00936   0.01390   0.01876   0.02743   0.01046   0.01233   0.03451   0.01293   0.00465   0.01215   0.00000   0.00000   0.00000   0.00814   0.01269   0.00539   0.00279   0.00000   0.00275   0.00255   0.00897   0.00000   0.07745   0.02111   0.00000   0.02797   0.00000   0.00707   0.00380   0.00483   0.00000   0.00000   0.00000   0.01248   0.01098   0.00552   0.00000   0.00444   0.00000   0.00000   0.00310   0.00720   0.00272   0.00000   0.00548   0.00822   0.00275   0.00870   0.00273   0.00000   0.00000   0.00294   0.00278   5.18476   0.83715   1.02822   1.02511  15.26521  14.53317   0.00060   1.00000  
 98  0.0829   2376.632680  x:  0.00873   0.00486   0.00936   0.01390   0.01876   0.02743   0.01046   0.01233   0.03451   0.01293   0.00465   0.01215   0.00000   0.00000   0.00000   0.00814   0.01269   0.00539   0.00279   0.00000   0.00275   0.00255   0.00897   0.00000   0.07745   0.02111   0.00000   0.02797   0.00000   0.00707   0.00380   0.00483   0.00000   0.00000   0.00000   0.01248   0.01098   0.00552   0.00000   0.00444   0.00000   0.00000   0.00310   0.00720   0.00272   0.00000   0.00548   0.00822   0.00275   0.00870   0.00273   0.00000   0.00000   0.00294   0.00278   5.18475   0.83716   1.02822   1.02512  15.39746  14.66542   0.00060   1.00000  
 99  0.3995   2376.632680  x:  0.00873   0.00486   0.00936   0.01390   0.01876   0.02743   0.01046   0.01233   0.03451   0.01293   0.00465   0.01215   0.00000   0.00000   0.00000   0.00814   0.01269   0.00539   0.00279   0.00000   0.00275   0.00255   0.00897   0.00000   0.07745   0.02111   0.00000   0.02797   0.00000   0.00707   0.00380   0.00483   0.00000   0.00000   0.00000   0.01248   0.01098   0.00552   0.00000   0.00444   0.00000   0.00000   0.00310   0.00720   0.00272   0.00000   0.00548   0.00822   0.00275   0.00870   0.00273   0.00000   0.00000   0.00294   0.00278   5.18475   0.83717   1.02822   1.02513  15.70996  14.97792   0.00060   1.00000  
100  0.6196   2376.632680  x:  0.00873   0.00486   0.00936   0.01390   0.01875   0.02743   0.01046   0.01233   0.03451   0.01293   0.00465   0.01215   0.00000   0.00000   0.00000   0.00814   0.01269   0.00539   0.00279   0.00000   0.00275   0.00255   0.00897   0.00000   0.07745   0.02111   0.00000   0.02797   0.00000   0.00707   0.00380   0.00483   0.00000   0.00000   0.00000   0.01248   0.01098   0.00552   0.00000   0.00444   0.00000   0.00000   0.00310   0.00720   0.00272   0.00000   0.00548   0.00822   0.00275   0.00870   0.00273   0.00000   0.00000   0.00294   0.00278   5.18473   0.83717   1.02823   1.02514  16.43589  15.70385   0.00060   1.00000  
101  0.5332   2376.632680  x:  0.00873   0.00486   0.00936   0.01390   0.01876   0.02744   0.01046   0.01233   0.03451   0.01293   0.00465   0.01215   0.00000   0.00000   0.00000   0.00814   0.01269   0.00539   0.00279   0.00000   0.00275   0.00255   0.00897   0.00000   0.07745   0.02111   0.00000   0.02797   0.00000   0.00707   0.00380   0.00483   0.00000   0.00000   0.00000   0.01248   0.01098   0.00552   0.00000   0.00444   0.00000   0.00000   0.00310   0.00720   0.00272   0.00000   0.00548   0.00822   0.00274   0.00870   0.00273   0.00000   0.00000   0.00294   0.00278   5.18476   0.83714   1.02822   1.02510  16.56265  15.83062   0.00059   1.00000  
102  0.0224   2376.632680  x:  0.00873   0.00486   0.00936   0.01390   0.01876   0.02744   0.01046   0.01233   0.03451   0.01293   0.00465   0.01215   0.00000   0.00000   0.00000   0.00814   0.01269   0.00539   0.00279   0.00000   0.00275   0.00255   0.00897   0.00000   0.07745   0.02111   0.00000   0.02797   0.00000   0.00707   0.00380   0.00483   0.00000   0.00000   0.00000   0.01248   0.01098   0.00552   0.00000   0.00444   0.00000   0.00000   0.00310   0.00720   0.00272   0.00000   0.00548   0.00822   0.00274   0.00870   0.00273   0.00000   0.00000   0.00294   0.00278   5.18476   0.83714   1.02822   1.02510  16.56066  15.82863   0.00060   1.00000  
103  0.0212   2376.632680  x:  0.00873   0.00486   0.00936   0.01390   0.01876   0.02744   0.01046   0.01233   0.03451   0.01293   0.00465   0.01215   0.00000   0.00000   0.00000   0.00814   0.01269   0.00539   0.00279   0.00000   0.00275   0.00255   0.00897   0.00000   0.07745   0.02111   0.00000   0.02797   0.00000   0.00707   0.00380   0.00483   0.00000   0.00000   0.00000   0.01248   0.01098   0.00552   0.00000   0.00444   0.00000   0.00000   0.00310   0.00720   0.00272   0.00000   0.00548   0.00822   0.00274   0.00870   0.00273   0.00000   0.00000   0.00294   0.00278   5.18476   0.83714   1.02822   1.02510  16.56052  15.82849   0.00060   1.00000  
104  0.0585   2376.632680  x:  0.00873   0.00486   0.00936   0.01390   0.01876   0.02744   0.01046   0.01233   0.03451   0.01293   0.00465   0.01215   0.00000   0.00000   0.00000   0.00814   0.01269   0.00539   0.00279   0.00000   0.00275   0.00255   0.00897   0.00000   0.07745   0.02111   0.00000   0.02797   0.00000   0.00707   0.00380   0.00483   0.00000   0.00000   0.00000   0.01248   0.01098   0.00552   0.00000   0.00444   0.00000   0.00000   0.00310   0.00720   0.00272   0.00000   0.00548   0.00822   0.00274   0.00870   0.00273   0.00000   0.00000   0.00294   0.00278   5.18476   0.83714   1.02822   1.02510  16.56052  15.82849   0.00060   1.00000  
105 10.4765   2376.632679  x:  0.00873   0.00486   0.00936   0.01390   0.01876   0.02743   0.01046   0.01233   0.03451   0.01293   0.00465   0.01215   0.00000   0.00000   0.00000   0.00814   0.01269   0.00539   0.00279   0.00000   0.00275   0.00255   0.00897   0.00000   0.07745   0.02111   0.00000   0.02797   0.00000   0.00707   0.00380   0.00483   0.00000   0.00000   0.00000   0.01248   0.01098   0.00552   0.00000   0.00444   0.00000   0.00000   0.00309   0.00720   0.00272   0.00000   0.00548   0.00822   0.00274   0.00870   0.00273   0.00000   0.00000   0.00294   0.00278   5.18476   0.83714   1.02822   1.02510  16.56052  15.82849   0.00060   1.00000  
106  0.6339   2376.632679  x:  0.00873   0.00486   0.00936   0.01390   0.01876   0.02743   0.01046   0.01233   0.03451   0.01293   0.00465   0.01215   0.00000   0.00000   0.00000   0.00814   0.01269   0.00539   0.00279   0.00000   0.00275   0.00255   0.00897   0.00000   0.07745   0.02111   0.00000   0.02797   0.00000   0.00707   0.00380   0.00483   0.00000   0.00000   0.00000   0.01248   0.01098   0.00552   0.00000   0.00444   0.00000   0.00000   0.00309   0.00720   0.00272   0.00000   0.00548   0.00822   0.00274   0.00870   0.00273   0.00000   0.00000   0.00294   0.00278   5.18476   0.83714   1.02822   1.02510  16.56052  15.82849   0.00060   1.00000  
107  0.0756   2376.632679  x:  0.00873   0.00486   0.00936   0.01390   0.01876   0.02743   0.01046   0.01233   0.03451   0.01293   0.00465   0.01215   0.00000   0.00000   0.00000   0.00814   0.01269   0.00539   0.00279   0.00000   0.00275   0.00255   0.00897   0.00000   0.07745   0.02111   0.00000   0.02797   0.00000   0.00707   0.00380   0.00483   0.00000   0.00000   0.00000   0.01248   0.01098   0.00552   0.00000   0.00444   0.00000   0.00000   0.00309   0.00720   0.00272   0.00000   0.00548   0.00822   0.00274   0.00870   0.00273   0.00000   0.00000   0.00294   0.00278   5.18476   0.83714   1.02822   1.02510  16.56052  15.82849   0.00059   1.00000  
108  0.0396   2376.632679  x:  0.00873   0.00486   0.00936   0.01390   0.01875   0.02743   0.01046   0.01233   0.03451   0.01293   0.00465   0.01215   0.00000   0.00000   0.00000   0.00814   0.01269   0.00539   0.00279   0.00000   0.00275   0.00255   0.00897   0.00000   0.07745   0.02111   0.00000   0.02797   0.00000   0.00707   0.00380   0.00483   0.00000   0.00000   0.00000   0.01248   0.01098   0.00552   0.00000   0.00444   0.00000   0.00000   0.00309   0.00720   0.00272   0.00000   0.00548   0.00822   0.00274   0.00870   0.00273   0.00000   0.00000   0.00294   0.00278   5.18476   0.83714   1.02822   1.02510  16.56052  15.82849   0.00059   1.00000  
109  0.0258   2376.632679  x:  0.00873   0.00486   0.00936   0.01390   0.01875   0.02743   0.01046   0.01233   0.03451   0.01293   0.00465   0.01215   0.00000   0.00000   0.00000   0.00814   0.01269   0.00539   0.00279   0.00000   0.00275   0.00255   0.00897   0.00000   0.07745   0.02111   0.00000   0.02797   0.00000   0.00707   0.00380   0.00483   0.00000   0.00000   0.00000   0.01248   0.01098   0.00552   0.00000   0.00444   0.00000   0.00000   0.00309   0.00720   0.00272   0.00000   0.00548   0.00822   0.00274   0.00870   0.00273   0.00000   0.00000   0.00294   0.00278   5.18476   0.83714   1.02822   1.02510  16.56052  15.82849   0.00059   1.00000  
110  0.0160   2376.632679  x:  0.00873   0.00486   0.00936   0.01390   0.01875   0.02743   0.01046   0.01233   0.03451   0.01293   0.00465   0.01215   0.00000   0.00000   0.00000   0.00814   0.01269   0.00539   0.00279   0.00000   0.00275   0.00255   0.00897   0.00000   0.07745   0.02111   0.00000   0.02797   0.00000   0.00707   0.00380   0.00483   0.00000   0.00000   0.00000   0.01248   0.01098   0.00552   0.00000   0.00444   0.00000   0.00000   0.00309   0.00720   0.00272   0.00000   0.00548   0.00822   0.00274   0.00870   0.00273   0.00000   0.00000   0.00294   0.00278   5.18476   0.83714   1.02822   1.02510  16.56052  15.82849   0.00059   1.00000  
111  0.0127   2376.632679  x:  0.00873   0.00486   0.00936   0.01390   0.01875   0.02743   0.01046   0.01233   0.03451   0.01293   0.00465   0.01215   0.00000   0.00000   0.00000   0.00814   0.01269   0.00539   0.00279   0.00000   0.00275   0.00255   0.00897   0.00000   0.07745   0.02111   0.00000   0.02797   0.00000   0.00707   0.00380   0.00483   0.00000   0.00000   0.00000   0.01248   0.01098   0.00552   0.00000   0.00444   0.00000   0.00000   0.00309   0.00720   0.00272   0.00000   0.00548   0.00822   0.00274   0.00870   0.00273   0.00000   0.00000   0.00294   0.00278   5.18476   0.83714   1.02822   1.02510  16.56052  15.82849   0.00059   1.00000  
112  0.0102   2376.632679  x:  0.00873   0.00486   0.00936   0.01390   0.01875   0.02743   0.01046   0.01233   0.03451   0.01293   0.00465   0.01215   0.00000   0.00000   0.00000   0.00814   0.01269   0.00539   0.00279   0.00000   0.00275   0.00255   0.00897   0.00000   0.07745   0.02111   0.00000   0.02797   0.00000   0.00707   0.00380   0.00483   0.00000   0.00000   0.00000   0.01248   0.01098   0.00552   0.00000   0.00444   0.00000   0.00000   0.00309   0.00720   0.00272   0.00000   0.00548   0.00822   0.00274   0.00870   0.00273   0.00000   0.00000   0.00294   0.00278   5.18476   0.83714   1.02822   1.02510  16.56052  15.82849   0.00059   1.00000  
113  0.0063   2376.632679  x:  0.00873   0.00486   0.00936   0.01390   0.01875   0.02743   0.01046   0.01233   0.03451   0.01293   0.00465   0.01215   0.00000   0.00000   0.00000   0.00814   0.01269   0.00539   0.00279   0.00000   0.00275   0.00255   0.00897   0.00000   0.07745   0.02111   0.00000   0.02797   0.00000   0.00707   0.00380   0.00483   0.00000   0.00000   0.00000   0.01248   0.01098   0.00552   0.00000   0.00444   0.00000   0.00000   0.00309   0.00720   0.00272   0.00000   0.00548   0.00822   0.00274   0.00870   0.00273   0.00000   0.00000   0.00294   0.00278   5.18476   0.83714   1.02822   1.02510  16.56052  15.82849   0.00059   1.00000  
114  0.0065   2376.632679  x:  0.00873   0.00486   0.00936   0.01390   0.01875   0.02743   0.01046   0.01233   0.03451   0.01293   0.00465   0.01215   0.00000   0.00000   0.00000   0.00814   0.01269   0.00539   0.00279   0.00000   0.00275   0.00255   0.00897   0.00000   0.07745   0.02111   0.00000   0.02797   0.00000   0.00707   0.00380   0.00483   0.00000   0.00000   0.00000   0.01248   0.01098   0.00552   0.00000   0.00444   0.00000   0.00000   0.00309   0.00720   0.00272   0.00000   0.00548   0.00822   0.00274   0.00870   0.00273   0.00000   0.00000   0.00294   0.00278   5.18476   0.83714   1.02822   1.02510  16.56052  15.82849   0.00059   1.00000  
115  0.0070   2376.632679  x:  0.00873   0.00486   0.00936   0.01390   0.01876   0.02743   0.01046   0.01233   0.03451   0.01293   0.00465   0.01215   0.00000   0.00000   0.00000   0.00814   0.01269   0.00539   0.00279   0.00000   0.00275   0.00255   0.00897   0.00000   0.07745   0.02111   0.00000   0.02797   0.00000   0.00707   0.00380   0.00483   0.00000   0.00000   0.00000   0.01248   0.01098   0.00552   0.00000   0.00444   0.00000   0.00000   0.00309   0.00720   0.00272   0.00000   0.00548   0.00822   0.00274   0.00870   0.00273   0.00000   0.00000   0.00294   0.00278   5.18476   0.83714   1.02822   1.02510  16.56052  15.82849   0.00059   1.00000  
116  0.0224   2376.632679  x:  0.00873   0.00486   0.00936   0.01390   0.01876   0.02743   0.01046   0.01233   0.03451   0.01293   0.00465   0.01215   0.00000   0.00000   0.00000   0.00814   0.01269   0.00539   0.00279   0.00000   0.00275   0.00255   0.00897   0.00000   0.07745   0.02111   0.00000   0.02797   0.00000   0.00707   0.00380   0.00483   0.00000   0.00000   0.00000   0.01248   0.01098   0.00552   0.00000   0.00444   0.00000   0.00000   0.00309   0.00720   0.00272   0.00000   0.00548   0.00822   0.00274   0.00870   0.00273   0.00000   0.00000   0.00294   0.00278   5.18476   0.83714   1.02822   1.02510  16.56052  15.82849   0.00059   1.00000  
117  0.0216   2376.632679  x:  0.00873   0.00486   0.00936   0.01390   0.01875   0.02743   0.01046   0.01233   0.03451   0.01293   0.00465   0.01215   0.00000   0.00000   0.00000   0.00814   0.01269   0.00539   0.00279   0.00000   0.00275   0.00255   0.00897   0.00000   0.07745   0.02111   0.00000   0.02797   0.00000   0.00707   0.00380   0.00483   0.00000   0.00000   0.00000   0.01248   0.01098   0.00552   0.00000   0.00444   0.00000   0.00000   0.00309   0.00720   0.00272   0.00000   0.00548   0.00822   0.00274   0.00870   0.00273   0.00000   0.00000   0.00294   0.00278   5.18476   0.83714   1.02822   1.02510  16.56052  15.82849   0.00059   1.00000  
118  0.0159   2376.632679  x:  0.00873   0.00486   0.00936   0.01390   0.01875   0.02743   0.01046   0.01233   0.03451   0.01293   0.00465   0.01215   0.00000   0.00000   0.00000   0.00814   0.01269   0.00539   0.00279   0.00000   0.00275   0.00255   0.00897   0.00000   0.07745   0.02111   0.00000   0.02797   0.00000   0.00707   0.00380   0.00483   0.00000   0.00000   0.00000   0.01248   0.01098   0.00552   0.00000   0.00444   0.00000   0.00000   0.00309   0.00720   0.00272   0.00000   0.00548   0.00822   0.00274   0.00870   0.00273   0.00000   0.00000   0.00294   0.00278   5.18476   0.83714   1.02822   1.02510  16.56052  15.82849   0.00059   1.00000  
119  0.0212   2376.632679  x:  0.00873   0.00486   0.00936   0.01390   0.01875   0.02743   0.01046   0.01233   0.03451   0.01293   0.00465   0.01215   0.00000   0.00000   0.00000   0.00814   0.01269   0.00539   0.00279   0.00000   0.00275   0.00255   0.00897   0.00000   0.07745   0.02111   0.00000   0.02797   0.00000   0.00707   0.00380   0.00483   0.00000   0.00000   0.00000   0.01248   0.01098   0.00552   0.00000   0.00444   0.00000   0.00000   0.00309   0.00720   0.00272   0.00000   0.00548   0.00822   0.00274   0.00870   0.00273   0.00000   0.00000   0.00294   0.00278   5.18476   0.83714   1.02822   1.02510  16.56052  15.82849   0.00059   1.00000  
120  0.0083   2376.632679  x:  0.00873   0.00486   0.00936   0.01390   0.01875   0.02743   0.01046   0.01233   0.03451   0.01293   0.00465   0.01215   0.00000   0.00000   0.00000   0.00814   0.01269   0.00539   0.00279   0.00000   0.00275   0.00255   0.00897   0.00000   0.07745   0.02111   0.00000   0.02797   0.00000   0.00707   0.00380   0.00483   0.00000   0.00000   0.00000   0.01248   0.01098   0.00552   0.00000   0.00444   0.00000   0.00000   0.00309   0.00720   0.00272   0.00000   0.00548   0.00822   0.00274   0.00870   0.00273   0.00000   0.00000   0.00294   0.00278   5.18476   0.83714   1.02822   1.02510  16.56052  15.82849   0.00059   1.00000  
121  0.0072   2376.632679  x:  0.00873   0.00486   0.00936   0.01390   0.01875   0.02743   0.01046   0.01233   0.03451   0.01293   0.00465   0.01215   0.00000   0.00000   0.00000   0.00814   0.01269   0.00539   0.00279   0.00000   0.00275   0.00255   0.00897   0.00000   0.07745   0.02111   0.00000   0.02797   0.00000   0.00707   0.00380   0.00483   0.00000   0.00000   0.00000   0.01248   0.01098   0.00552   0.00000   0.00444   0.00000   0.00000   0.00309   0.00720   0.00272   0.00000   0.00548   0.00822   0.00274   0.00870   0.00273   0.00000   0.00000   0.00294   0.00278   5.18476   0.83714   1.02822   1.02510  16.56052  15.82849   0.00059   1.00000  
122  0.0118   2376.632679  x:  0.00873   0.00486   0.00936   0.01390   0.01875   0.02743   0.01046   0.01233   0.03451   0.01293   0.00465   0.01215   0.00000   0.00000   0.00000   0.00814   0.01269   0.00539   0.00279   0.00000   0.00275   0.00255   0.00897   0.00000   0.07745   0.02111   0.00000   0.02797   0.00000   0.00707   0.00380   0.00483   0.00000   0.00000   0.00000   0.01248   0.01098   0.00552   0.00000   0.00444   0.00000   0.00000   0.00309   0.00720   0.00272   0.00000   0.00548   0.00822   0.00274   0.00870   0.00273   0.00000   0.00000   0.00294   0.00278   5.18476   0.83714   1.02822   1.02510  16.56052  15.82849   0.00059   1.00000  
123  0.0120   2376.632679  x:  0.00873   0.00486   0.00936   0.01390   0.01875   0.02743   0.01046   0.01233   0.03451   0.01293   0.00465   0.01215   0.00000   0.00000   0.00000   0.00814   0.01269   0.00539   0.00279   0.00000   0.00275   0.00255   0.00897   0.00000   0.07745   0.02111   0.00000   0.02797   0.00000   0.00707   0.00380   0.00483   0.00000   0.00000   0.00000   0.01248   0.01098   0.00552   0.00000   0.00444   0.00000   0.00000   0.00309   0.00720   0.00272   0.00000   0.00548   0.00822   0.00274   0.00870   0.00273   0.00000   0.00000   0.00294   0.00278   5.18476   0.83714   1.02822   1.02510  16.56052  15.82849   0.00059   1.00000  
124  0.0031   2376.632679  x:  0.00873   0.00486   0.00936   0.01390   0.01875   0.02743   0.01046   0.01233   0.03451   0.01293   0.00465   0.01215   0.00000   0.00000   0.00000   0.00814   0.01269   0.00539   0.00279   0.00000   0.00275   0.00255   0.00897   0.00000   0.07745   0.02111   0.00000   0.02797   0.00000   0.00707   0.00380   0.00483   0.00000   0.00000   0.00000   0.01248   0.01098   0.00552   0.00000   0.00444   0.00000   0.00000   0.00309   0.00720   0.00272   0.00000   0.00548   0.00822   0.00274   0.00870   0.00273   0.00000   0.00000   0.00294   0.00278   5.18476   0.83714   1.02822   1.02510  16.56052  15.82849   0.00059   1.00000  
125  0.0020   2376.632679  x:  0.00873   0.00486   0.00936   0.01390   0.01875   0.02743   0.01046   0.01233   0.03451   0.01293   0.00465   0.01215   0.00000   0.00000   0.00000   0.00814   0.01269   0.00539   0.00279   0.00000   0.00275   0.00255   0.00897   0.00000   0.07745   0.02111   0.00000   0.02797   0.00000   0.00707   0.00380   0.00483   0.00000   0.00000   0.00000   0.01248   0.01098   0.00552   0.00000   0.00444   0.00000   0.00000   0.00309   0.00720   0.00272   0.00000   0.00548   0.00822   0.00274   0.00870   0.00273   0.00000   0.00000   0.00294   0.00278   5.18476   0.83714   1.02822   1.02510  16.56052  15.82849   0.00059   1.00000  
126  0.0034   2376.632679  x:  0.00873   0.00486   0.00936   0.01390   0.01875   0.02743   0.01046   0.01233   0.03451   0.01293   0.00465   0.01215   0.00000   0.00000   0.00000   0.00814   0.01269   0.00539   0.00279   0.00000   0.00275   0.00255   0.00897   0.00000   0.07745   0.02111   0.00000   0.02797   0.00000   0.00707   0.00380   0.00483   0.00000   0.00000   0.00000   0.01248   0.01098   0.00552   0.00000   0.00444   0.00000   0.00000   0.00309   0.00720   0.00272   0.00000   0.00548   0.00822   0.00274   0.00870   0.00273   0.00000   0.00000   0.00294   0.00278   5.18476   0.83714   1.02822   1.02510  16.56052  15.82849   0.00059   1.00000  
127  0.0030   2376.632679  x:  0.00873   0.00486   0.00936   0.01390   0.01875   0.02743   0.01046   0.01233   0.03451   0.01293   0.00465   0.01215   0.00000   0.00000   0.00000   0.00814   0.01269   0.00539   0.00279   0.00000   0.00275   0.00255   0.00897   0.00000   0.07745   0.02111   0.00000   0.02797   0.00000   0.00707   0.00380   0.00483   0.00000   0.00000   0.00000   0.01248   0.01098   0.00552   0.00000   0.00444   0.00000   0.00000   0.00309   0.00720   0.00272   0.00000   0.00548   0.00822   0.00274   0.00870   0.00273   0.00000   0.00000   0.00294   0.00278   5.18476   0.83714   1.02822   1.02510  16.56052  15.82849   0.00059   1.00000  
128  0.0062   2376.632679  x:  0.00873   0.00486   0.00936   0.01390   0.01875   0.02743   0.01046   0.01233   0.03451   0.01293   0.00465   0.01215   0.00000   0.00000   0.00000   0.00814   0.01269   0.00539   0.00279   0.00000   0.00275   0.00255   0.00897   0.00000   0.07745   0.02111   0.00000   0.02797   0.00000   0.00707   0.00380   0.00483   0.00000   0.00000   0.00000   0.01248   0.01098   0.00552   0.00000   0.00444   0.00000   0.00000   0.00309   0.00720   0.00272   0.00000   0.00548   0.00822   0.00274   0.00870   0.00273   0.00000   0.00000   0.00294   0.00278   5.18476   0.83714   1.02822   1.02510  16.56052  15.82849   0.00059   1.00000  
129  0.0436   2376.632679  x:  0.00873   0.00486   0.00936   0.01390   0.01875   0.02743   0.01046   0.01233   0.03451   0.01293   0.00465   0.01215   0.00000   0.00000   0.00000   0.00814   0.01269   0.00539   0.00279   0.00000   0.00275   0.00255   0.00897   0.00000   0.07745   0.02111   0.00000   0.02797   0.00000   0.00707   0.00380   0.00483   0.00000   0.00000   0.00000   0.01248   0.01098   0.00552   0.00000   0.00444   0.00000   0.00000   0.00309   0.00720   0.00272   0.00000   0.00548   0.00822   0.00274   0.00870   0.00273   0.00000   0.00000   0.00294   0.00278   5.18476   0.83714   1.02822   1.02510  16.56052  15.82849   0.00059   1.00000  
130  0.2175   2376.632679  x:  0.00873   0.00486   0.00936   0.01390   0.01875   0.02743   0.01046   0.01233   0.03451   0.01293   0.00465   0.01215   0.00000   0.00000   0.00000   0.00814   0.01269   0.00539   0.00279   0.00000   0.00275   0.00255   0.00897   0.00000   0.07745   0.02111   0.00000   0.02797   0.00000   0.00707   0.00380   0.00483   0.00000   0.00000   0.00000   0.01248   0.01098   0.00552   0.00000   0.00444   0.00000   0.00000   0.00309   0.00720   0.00272   0.00000   0.00548   0.00822   0.00274   0.00870   0.00273   0.00000   0.00000   0.00294   0.00278   5.18476   0.83714   1.02822   1.02510  16.56052  15.82849   0.00059   1.00000  
131  0.3138   2376.632679  x:  0.00873   0.00486   0.00936   0.01390   0.01875   0.02743   0.01046   0.01233   0.03451   0.01293   0.00465   0.01215   0.00000   0.00000   0.00000   0.00814   0.01269   0.00539   0.00279   0.00000   0.00275   0.00255   0.00897   0.00000   0.07745   0.02111   0.00000   0.02797   0.00000   0.00707   0.00380   0.00483   0.00000   0.00000   0.00000   0.01248   0.01098   0.00552   0.00000   0.00444   0.00000   0.00000   0.00309   0.00720   0.00272   0.00000   0.00548   0.00822   0.00274   0.00870   0.00273   0.00000   0.00000   0.00294   0.00278   5.18476   0.83715   1.02822   1.02510  16.56052  15.82848   0.00059   1.00000  
132  0.5115   2376.632679  x:  0.00873   0.00486   0.00936   0.01390   0.01875   0.02743   0.01046   0.01233   0.03451   0.01293   0.00465   0.01215   0.00000   0.00000   0.00000   0.00814   0.01269   0.00539   0.00279   0.00000   0.00275   0.00255   0.00897   0.00000   0.07745   0.02111   0.00000   0.02797   0.00000   0.00707   0.00380   0.00483   0.00000   0.00000   0.00000   0.01248   0.01098   0.00552   0.00000   0.00444   0.00000   0.00000   0.00309   0.00720   0.00272   0.00000   0.00548   0.00822   0.00274   0.00870   0.00273   0.00000   0.00000   0.00294   0.00278   5.18476   0.83715   1.02822   1.02510  16.56052  15.82848   0.00059   1.00000  
133  0.3990   2376.632679  x:  0.00873   0.00486   0.00936   0.01390   0.01875   0.02743   0.01046   0.01233   0.03451   0.01293   0.00465   0.01215   0.00000   0.00000   0.00000   0.00814   0.01269   0.00539   0.00279   0.00000   0.00275   0.00255   0.00897   0.00000   0.07745   0.02111   0.00000   0.02797   0.00000   0.00707   0.00380   0.00483   0.00000   0.00000   0.00000   0.01248   0.01098   0.00552   0.00000   0.00444   0.00000   0.00000   0.00309   0.00720   0.00272   0.00000   0.00548   0.00822   0.00274   0.00870   0.00273   0.00000   0.00000   0.00294   0.00278   5.18476   0.83715   1.02822   1.02510  16.56052  15.82848   0.00059   1.00000  
134  0.0865   2376.632679  x:  0.00873   0.00486   0.00936   0.01390   0.01875   0.02743   0.01046   0.01233   0.03451   0.01293   0.00465   0.01215   0.00000   0.00000   0.00000   0.00814   0.01269   0.00539   0.00279   0.00000   0.00275   0.00255   0.00897   0.00000   0.07745   0.02111   0.00000   0.02797   0.00000   0.00707   0.00380   0.00483   0.00000   0.00000   0.00000   0.01248   0.01098   0.00552   0.00000   0.00444   0.00000   0.00000   0.00309   0.00720   0.00272   0.00000   0.00548   0.00822   0.00274   0.00870   0.00273   0.00000   0.00000   0.00294   0.00278   5.18476   0.83715   1.02822   1.02510  16.56052  15.82848   0.00059   1.00000  
135  0.0345   2376.632679  x:  0.00873   0.00486   0.00936   0.01390   0.01875   0.02743   0.01046   0.01233   0.03451   0.01293   0.00465   0.01215   0.00000   0.00000   0.00000   0.00814   0.01269   0.00539   0.00279   0.00000   0.00275   0.00255   0.00897   0.00000   0.07745   0.02111   0.00000   0.02797   0.00000   0.00707   0.00380   0.00483   0.00000   0.00000   0.00000   0.01248   0.01098   0.00552   0.00000   0.00444   0.00000   0.00000   0.00309   0.00720   0.00272   0.00000   0.00548   0.00822   0.00274   0.00870   0.00273   0.00000   0.00000   0.00294   0.00278   5.18476   0.83715   1.02822   1.02510  16.56052  15.82848   0.00059   1.00000  
136  0.0097   2376.632679  x:  0.00873   0.00486   0.00936   0.01390   0.01875   0.02743   0.01046   0.01233   0.03451   0.01293   0.00465   0.01215   0.00000   0.00000   0.00000   0.00814   0.01269   0.00539   0.00279   0.00000   0.00275   0.00255   0.00897   0.00000   0.07745   0.02111   0.00000   0.02797   0.00000   0.00707   0.00380   0.00483   0.00000   0.00000   0.00000   0.01248   0.01098   0.00552   0.00000   0.00444   0.00000   0.00000   0.00309   0.00720   0.00272   0.00000   0.00548   0.00822   0.00274   0.00870   0.00273   0.00000   0.00000   0.00294   0.00278   5.18476   0.83715   1.02822   1.02510  16.56052  15.82848   0.00059   1.00000  
137  0.0064   2376.632679  x:  0.00873   0.00486   0.00936   0.01390   0.01875   0.02743   0.01046   0.01233   0.03451   0.01293   0.00465   0.01215   0.00000   0.00000   0.00000   0.00814   0.01269   0.00539   0.00279   0.00000   0.00275   0.00255   0.00897   0.00000   0.07745   0.02111   0.00000   0.02797   0.00000   0.00707   0.00380   0.00483   0.00000   0.00000   0.00000   0.01248   0.01098   0.00552   0.00000   0.00444   0.00000   0.00000   0.00309   0.00720   0.00272   0.00000   0.00548   0.00822   0.00274   0.00870   0.00273   0.00000   0.00000   0.00294   0.00278   5.18476   0.83715   1.02822   1.02510  16.56052  15.82848   0.00059   1.00000  
138  0.0460   2376.632679  x:  0.00873   0.00486   0.00936   0.01390   0.01875   0.02743   0.01046   0.01233   0.03451   0.01293   0.00465   0.01215   0.00000   0.00000   0.00000   0.00814   0.01269   0.00539   0.00279   0.00000   0.00275   0.00255   0.00897   0.00000   0.07745   0.02111   0.00000   0.02797   0.00000   0.00707   0.00380   0.00483   0.00000   0.00000   0.00000   0.01248   0.01098   0.00552   0.00000   0.00444   0.00000   0.00000   0.00309   0.00720   0.00272   0.00000   0.00548   0.00822   0.00274   0.00870   0.00273   0.00000   0.00000   0.00294   0.00278   5.18476   0.83715   1.02822   1.02510  16.56052  15.82848   0.00059   1.00000  
139  0.3377   2376.632679  x:  0.00873   0.00486   0.00936   0.01390   0.01875   0.02743   0.01046   0.01233   0.03451   0.01293   0.00465   0.01215   0.00000   0.00000   0.00000   0.00814   0.01269   0.00539   0.00279   0.00000   0.00275   0.00255   0.00897   0.00000   0.07745   0.02111   0.00000   0.02797   0.00000   0.00707   0.00380   0.00483   0.00000   0.00000   0.00000   0.01248   0.01098   0.00552   0.00000   0.00444   0.00000   0.00000   0.00309   0.00720   0.00272   0.00000   0.00548   0.00822   0.00274   0.00870   0.00273   0.00000   0.00000   0.00294   0.00278   5.18476   0.83715   1.02822   1.02510  16.56052  15.82848   0.00059   1.00000  
check convergence!
