

TREE # 1

  0  0.0000   2549.963951  x:  0.00311   0.00767   0.01794   0.00659   0.01901   0.03481   0.01858   0.02270   0.00658   0.01480   0.00742   0.01623   0.00199   0.00822   0.00420   0.02406   0.02481   0.00774   0.01345   0.00045   0.03406   0.00613   0.01579   0.00422   0.02255   0.02499   0.00933   0.02611   0.00000   0.02942   0.01653   0.00631   0.00599   0.00061   0.00709   0.00507   0.01243   0.00719   0.00471   0.00800   0.00625   0.00253   0.00164   0.00287   0.00553   0.00634   0.00296   0.00618   0.00716   0.01022   0.00451   0.00422   0.00346   0.00766   0.00271   1.10525   0.66402   0.68083   0.88620   1.10381   0.09944   0.22766  
  1 99.0000   2549.952671  x:  0.00311   0.00766   0.01794   0.00659   0.01901   0.03481   0.01858   0.02270   0.00658   0.01480   0.00742   0.01623   0.00199   0.00822   0.00420   0.02406   0.02481   0.00774   0.01345   0.00045   0.03406   0.00613   0.01579   0.00421   0.02255   0.02499   0.00933   0.02611   0.00000   0.02942   0.01653   0.00631   0.00599   0.00061   0.00709   0.00507   0.01243   0.00719   0.00471   0.00800   0.00625   0.00253   0.00163   0.00287   0.00553   0.00634   0.00296   0.00618   0.00716   0.01022   0.00451   0.00422   0.00346   0.00766   0.00271   1.10525   0.66402   0.68083   0.88620   1.10381   0.09944   0.22766  
  2 2307.5597   2545.292265  x:  0.00302   0.00719   0.01779   0.00615   0.01898   0.03478   0.01871   0.02249   0.00653   0.01478   0.00715   0.01615   0.00134   0.00778   0.00393   0.02433   0.02463   0.00712   0.01313   0.00044   0.03379   0.00713   0.01598   0.00371   0.02258   0.02492   0.00918   0.02598   0.00000   0.02935   0.01632   0.00560   0.00570   0.00000   0.00643   0.00439   0.01223   0.00658   0.00389   0.00761   0.00543   0.00176   0.00085   0.00293   0.00525   0.00630   0.00245   0.00540   0.00666   0.00999   0.00422   0.00388   0.00293   0.00731   0.00280   1.10535   0.66404   0.68086   0.88619   1.10383   0.09943   0.22749  
  3 2594.0246   2541.517060  x:  0.00304   0.00679   0.01766   0.00582   0.01894   0.03475   0.01882   0.02230   0.00649   0.01477   0.00692   0.01609   0.00066   0.00740   0.00381   0.02454   0.02446   0.00645   0.01281   0.00044   0.03353   0.00678   0.01613   0.00318   0.02262   0.02483   0.00904   0.02588   0.00000   0.02928   0.01614   0.00488   0.00556   0.00000   0.00580   0.00366   0.01210   0.00592   0.00300   0.00726   0.00454   0.00092   0.00000   0.00290   0.00503   0.00638   0.00206   0.00455   0.00626   0.00985   0.00412   0.00377   0.00249   0.00711   0.00274   1.10545   0.66406   0.68090   0.88617   1.10385   0.09942   0.22732  
  4 5900.5162   2538.576555  x:  0.00305   0.00663   0.01756   0.00576   0.01890   0.03470   0.01886   0.02219   0.00649   0.01475   0.00683   0.01608   0.00000   0.00719   0.00390   0.02461   0.02432   0.00577   0.01257   0.00045   0.03328   0.00680   0.01616   0.00269   0.02269   0.02474   0.00891   0.02585   0.00000   0.02918   0.01606   0.00422   0.00571   0.00000   0.00531   0.00292   0.01213   0.00526   0.00209   0.00708   0.00363   0.00006   0.00000   0.00292   0.00489   0.00658   0.00187   0.00369   0.00612   0.00994   0.00432   0.00404   0.00223   0.00720   0.00280   1.10556   0.66408   0.68095   0.88615   1.10388   0.09940   0.22718  
  5 7742.9233   2538.390272  x:  0.00305   0.00662   0.01756   0.00576   0.01890   0.03470   0.01886   0.02218   0.00649   0.01475   0.00683   0.01608   0.00000   0.00718   0.00390   0.02461   0.02431   0.00573   0.01256   0.00045   0.03327   0.00681   0.01616   0.00266   0.02270   0.02473   0.00890   0.02585   0.00000   0.02917   0.01605   0.00418   0.00572   0.00000   0.00528   0.00287   0.01214   0.00522   0.00203   0.00707   0.00357   0.00000   0.00000   0.00291   0.00487   0.00659   0.00184   0.00363   0.00612   0.00995   0.00432   0.00405   0.00221   0.00721   0.00280   1.10557   0.66408   0.68095   0.88614   1.10388   0.09940   0.22717  
  6 38379.7246   2533.272105  x:  0.00301   0.00647   0.01741   0.00575   0.01881   0.03459   0.01886   0.02206   0.00648   0.01471   0.00675   0.01611   0.00000   0.00694   0.00392   0.02465   0.02407   0.00426   0.01215   0.00046   0.03280   0.00683   0.01615   0.00165   0.02290   0.02452   0.00862   0.02588   0.00000   0.02892   0.01602   0.00284   0.00602   0.00000   0.00436   0.00120   0.01231   0.00386   0.00000   0.00687   0.00154   0.00000   0.00000   0.00289   0.00448   0.00687   0.00106   0.00171   0.00603   0.01031   0.00451   0.00429   0.00155   0.00748   0.00268   1.10580   0.66413   0.68104   0.88610   1.10393   0.09936   0.22690  
  7 3218103.1298   2530.121557  x:  0.00301   0.00633   0.01731   0.00571   0.01876   0.03452   0.01887   0.02195   0.00647   0.01468   0.00668   0.01610   0.00000   0.00676   0.00399   0.02470   0.02392   0.00321   0.01186   0.00046   0.03247   0.00687   0.01617   0.00094   0.02306   0.02437   0.00845   0.02591   0.00000   0.02874   0.01602   0.00192   0.00625   0.00000   0.00373   0.00000   0.01245   0.00286   0.00000   0.00671   0.00008   0.00000   0.00000   0.00287   0.00417   0.00715   0.00033   0.00032   0.00593   0.01055   0.00467   0.00451   0.00111   0.00768   0.00255   1.10596   0.66416   0.68110   0.88607   1.10397   0.09933   0.22671  
  8 162952.8541   2529.978946  x:  0.00300   0.00632   0.01730   0.00571   0.01875   0.03451   0.01887   0.02195   0.00647   0.01468   0.00668   0.01610   0.00000   0.00675   0.00399   0.02470   0.02391   0.00315   0.01185   0.00046   0.03245   0.00687   0.01617   0.00090   0.02307   0.02437   0.00844   0.02591   0.00000   0.02873   0.01602   0.00187   0.00627   0.00000   0.00370   0.00000   0.01246   0.00281   0.00000   0.00671   0.00000   0.00000   0.00000   0.00286   0.00416   0.00717   0.00029   0.00025   0.00593   0.01056   0.00467   0.00453   0.00108   0.00769   0.00255   1.10597   0.66417   0.68111   0.88607   1.10397   0.09932   0.22669  
  9 436217.2981   2529.573705  x:  0.00302   0.00630   0.01728   0.00571   0.01874   0.03450   0.01887   0.02193   0.00647   0.01468   0.00667   0.01611   0.00000   0.00671   0.00400   0.02471   0.02388   0.00296   0.01179   0.00046   0.03239   0.00687   0.01617   0.00077   0.02310   0.02434   0.00841   0.02591   0.00000   0.02870   0.01601   0.00170   0.00632   0.00000   0.00358   0.00000   0.01250   0.00261   0.00000   0.00668   0.00000   0.00000   0.00000   0.00287   0.00410   0.00722   0.00015   0.00000   0.00591   0.01061   0.00469   0.00456   0.00101   0.00773   0.00253   1.10600   0.66417   0.68112   0.88606   1.10398   0.09932   0.22665  
 10 133232.3446   2529.226879  x:  0.00301   0.00628   0.01726   0.00571   0.01873   0.03448   0.01887   0.02191   0.00647   0.01467   0.00666   0.01612   0.00000   0.00669   0.00403   0.02471   0.02384   0.00276   0.01173   0.00046   0.03231   0.00688   0.01617   0.00062   0.02313   0.02431   0.00838   0.02591   0.00000   0.02866   0.01601   0.00152   0.00636   0.00000   0.00342   0.00000   0.01255   0.00237   0.00000   0.00665   0.00000   0.00000   0.00000   0.00284   0.00405   0.00731   0.00000   0.00000   0.00591   0.01065   0.00469   0.00460   0.00092   0.00776   0.00252   1.10603   0.66418   0.68113   0.88605   1.10399   0.09931   0.22661  
 11 24471.4132   2527.832801  x:  0.00285   0.00618   0.01722   0.00554   0.01871   0.03444   0.01886   0.02182   0.00648   0.01466   0.00662   0.01606   0.00000   0.00663   0.00404   0.02479   0.02377   0.00179   0.01158   0.00047   0.03205   0.00688   0.01624   0.00000   0.02335   0.02420   0.00831   0.02602   0.00000   0.02849   0.01616   0.00083   0.00658   0.00000   0.00293   0.00000   0.01288   0.00106   0.00000   0.00661   0.00000   0.00000   0.00000   0.00315   0.00357   0.00768   0.00000   0.00000   0.00576   0.01085   0.00462   0.00479   0.00050   0.00791   0.00235   1.10619   0.66421   0.68119   0.88602   1.10402   0.09929   0.22637  
 12 5204.4331   2526.878578  x:  0.00290   0.00603   0.01722   0.00539   0.01872   0.03441   0.01889   0.02174   0.00651   0.01466   0.00653   0.01594   0.00000   0.00657   0.00399   0.02491   0.02379   0.00094   0.01154   0.00048   0.03191   0.00689   0.01634   0.00000   0.02359   0.02410   0.00827   0.02619   0.00000   0.02835   0.01637   0.00033   0.00687   0.00000   0.00276   0.00000   0.01320   0.00000   0.00000   0.00654   0.00000   0.00000   0.00000   0.00306   0.00350   0.00791   0.00000   0.00000   0.00557   0.01092   0.00423   0.00500   0.00015   0.00812   0.00235   1.10633   0.66424   0.68125   0.88600   1.10406   0.09926   0.22620  
 13 2877.0394   2526.583167  x:  0.00284   0.00598   0.01721   0.00538   0.01872   0.03440   0.01891   0.02170   0.00651   0.01466   0.00649   0.01589   0.00000   0.00652   0.00402   0.02497   0.02382   0.00053   0.01151   0.00048   0.03186   0.00688   0.01637   0.00000   0.02366   0.02405   0.00824   0.02627   0.00000   0.02828   0.01645   0.00008   0.00695   0.00000   0.00270   0.00000   0.01336   0.00000   0.00000   0.00650   0.00000   0.00000   0.00000   0.00311   0.00354   0.00808   0.00000   0.00000   0.00553   0.01092   0.00400   0.00507   0.00000   0.00823   0.00236   1.10641   0.66425   0.68128   0.88598   1.10408   0.09925   0.22612  
 14 3467.4537   2526.491375  x:  0.00286   0.00597   0.01720   0.00539   0.01872   0.03440   0.01892   0.02169   0.00650   0.01467   0.00649   0.01588   0.00000   0.00651   0.00402   0.02499   0.02384   0.00036   0.01151   0.00048   0.03186   0.00689   0.01638   0.00000   0.02368   0.02403   0.00825   0.02629   0.00000   0.02826   0.01649   0.00000   0.00692   0.00000   0.00268   0.00000   0.01341   0.00000   0.00000   0.00649   0.00000   0.00000   0.00000   0.00309   0.00353   0.00809   0.00000   0.00000   0.00554   0.01088   0.00400   0.00503   0.00000   0.00825   0.00236   1.10644   0.66426   0.68129   0.88598   1.10409   0.09924   0.22607  
 15 573.7120   2526.356135  x:  0.00285   0.00598   0.01720   0.00536   0.01872   0.03440   0.01891   0.02170   0.00650   0.01467   0.00650   0.01589   0.00000   0.00652   0.00401   0.02499   0.02387   0.00000   0.01147   0.00048   0.03184   0.00689   0.01637   0.00000   0.02369   0.02400   0.00824   0.02631   0.00000   0.02821   0.01654   0.00000   0.00689   0.00000   0.00263   0.00000   0.01338   0.00000   0.00000   0.00650   0.00000   0.00000   0.00000   0.00310   0.00360   0.00806   0.00000   0.00000   0.00554   0.01087   0.00400   0.00502   0.00000   0.00819   0.00235   1.10651   0.66428   0.68132   0.88596   1.10411   0.09923   0.22598  
 16 777.9670   2524.688133  x:  0.00344   0.00633   0.01688   0.00491   0.01832   0.03395   0.01797   0.02232   0.00631   0.01417   0.00684   0.01667   0.00000   0.00693   0.00404   0.02447   0.02409   0.00000   0.00967   0.00052   0.03033   0.00692   0.01594   0.00000   0.02392   0.02288   0.00673   0.02654   0.00000   0.02698   0.01669   0.00000   0.00661   0.00000   0.00000   0.00000   0.01083   0.00000   0.00000   0.00688   0.00000   0.00000   0.00000   0.00237   0.00195   0.00851   0.00000   0.00000   0.00544   0.01178   0.00219   0.00466   0.00000   0.00636   0.00259   1.10934   0.66485   0.68243   0.88546   1.10486   0.09864   0.22289  
 17 291.0473   2523.088384  x:  0.00348   0.00553   0.01612   0.00439   0.01766   0.03289   0.01722   0.02266   0.00577   0.01337   0.00655   0.01748   0.00000   0.00630   0.00255   0.02399   0.02212   0.00000   0.00701   0.00055   0.02645   0.00697   0.01616   0.00000   0.02477   0.02148   0.00574   0.02564   0.00000   0.02617   0.01459   0.00000   0.00762   0.00000   0.00000   0.00000   0.01026   0.00000   0.00000   0.00630   0.00000   0.00000   0.00000   0.00231   0.00260   0.01075   0.00000   0.00000   0.00432   0.01349   0.00317   0.00157   0.00000   0.00636   0.00261   1.11274   0.66556   0.68374   0.88484   1.10573   0.09798   0.21894  
 18 279.2724   2521.318139  x:  0.00325   0.00460   0.01484   0.00488   0.01685   0.03142   0.01718   0.02267   0.00523   0.01288   0.00605   0.01869   0.00000   0.00450   0.00116   0.02404   0.01853   0.00000   0.00447   0.00057   0.02027   0.00697   0.01656   0.00000   0.02583   0.01937   0.00616   0.02379   0.00000   0.02513   0.01155   0.00000   0.00492   0.00000   0.00000   0.00000   0.01195   0.00000   0.00000   0.00474   0.00000   0.00000   0.00000   0.00243   0.00274   0.00969   0.00000   0.00000   0.00465   0.01385   0.00326   0.00327   0.00000   0.00652   0.00245   1.11796   0.66664   0.68575   0.88389   1.10702   0.09699   0.21256  
 19 445.7351   2520.498345  x:  0.00302   0.00403   0.01405   0.00492   0.01643   0.03059   0.01743   0.02246   0.00536   0.01279   0.00571   0.01940   0.00000   0.00341   0.00349   0.02434   0.01640   0.00000   0.00422   0.00058   0.01663   0.00693   0.01676   0.00000   0.02640   0.01810   0.00623   0.02257   0.00000   0.02447   0.01013   0.00000   0.00452   0.00000   0.00000   0.00000   0.01253   0.00000   0.00000   0.00377   0.00000   0.00000   0.00000   0.00262   0.00277   0.00771   0.00000   0.00000   0.00467   0.01382   0.00299   0.00286   0.00000   0.00636   0.00251   1.12162   0.66741   0.68716   0.88322   1.10792   0.09631   0.20796  
 20 886.2709   2519.281811  x:  0.00275   0.00409   0.01279   0.00570   0.01606   0.02982   0.01889   0.02081   0.00614   0.01356   0.00535   0.02042   0.00000   0.00300   0.00250   0.02557   0.01416   0.00000   0.00797   0.00061   0.01379   0.00686   0.01614   0.00000   0.02531   0.01652   0.00539   0.01943   0.00000   0.02397   0.00943   0.00000   0.00583   0.00000   0.00000   0.00000   0.01100   0.00000   0.00000   0.00306   0.00000   0.00000   0.00000   0.00283   0.00268   0.00749   0.00000   0.00000   0.00523   0.01070   0.00280   0.00273   0.00000   0.00504   0.00266   1.12964   0.66908   0.69024   0.88175   1.10988   0.09484   0.19746  
 21 362.9306   2517.303941  x:  0.00218   0.00332   0.01229   0.00593   0.01608   0.02952   0.02110   0.01752   0.00579   0.01450   0.00498   0.02173   0.00000   0.00412   0.00238   0.02742   0.01365   0.00000   0.00521   0.00068   0.01596   0.00673   0.01586   0.00000   0.02207   0.01613   0.00623   0.01536   0.00000   0.02489   0.00935   0.00000   0.00674   0.00000   0.00000   0.00000   0.00794   0.00000   0.00000   0.00469   0.00000   0.00000   0.00000   0.00340   0.00278   0.00561   0.00000   0.00000   0.00401   0.00666   0.00193   0.00242   0.00000   0.00657   0.00302   1.14454   0.67220   0.69597   0.87901   1.11351   0.09213   0.17720  
 22 504.1041   2515.311273  x:  0.00197   0.00356   0.01275   0.00616   0.01642   0.03017   0.02294   0.01460   0.00584   0.01479   0.00497   0.02289   0.00000   0.00142   0.00205   0.02844   0.01488   0.00000   0.00479   0.00072   0.01974   0.00674   0.01614   0.00000   0.01819   0.01815   0.00602   0.01506   0.00000   0.02696   0.00869   0.00000   0.00660   0.00000   0.00000   0.00000   0.00787   0.00000   0.00000   0.00213   0.00000   0.00000   0.00000   0.00349   0.00292   0.00443   0.00000   0.00000   0.00364   0.00830   0.00160   0.00210   0.00000   0.00524   0.00298   1.15902   0.67525   0.70152   0.87635   1.11702   0.08954   0.15668  
 23 746.3703   2514.617705  x:  0.00190   0.00257   0.01261   0.00641   0.01646   0.03068   0.02401   0.01341   0.00593   0.01464   0.00446   0.02347   0.00000   0.00310   0.00194   0.02908   0.01507   0.00000   0.00501   0.00073   0.02025   0.00673   0.01669   0.00000   0.01673   0.01941   0.00595   0.01576   0.00000   0.02795   0.00748   0.00000   0.00622   0.00000   0.00000   0.00000   0.00845   0.00000   0.00000   0.00127   0.00000   0.00000   0.00000   0.00358   0.00291   0.00382   0.00000   0.00000   0.00345   0.00921   0.00148   0.00191   0.00000   0.00450   0.00304   1.16587   0.67670   0.70414   0.87510   1.11868   0.08832   0.14664  
 24 1034.6379   2513.892303  x:  0.00181   0.00167   0.01231   0.00655   0.01645   0.03137   0.02532   0.01227   0.00611   0.01434   0.00383   0.02414   0.00000   0.00311   0.00177   0.02989   0.01506   0.00000   0.00557   0.00074   0.02007   0.00669   0.01754   0.00000   0.01553   0.02101   0.00599   0.01691   0.00000   0.02905   0.00621   0.00000   0.00571   0.00000   0.00000   0.00000   0.00906   0.00000   0.00000   0.00311   0.00000   0.00000   0.00000   0.00373   0.00283   0.00326   0.00000   0.00000   0.00324   0.01011   0.00138   0.00168   0.00000   0.00381   0.00316   1.17378   0.67837   0.70717   0.87365   1.12059   0.08693   0.13479  
 25 1745.1845   2511.605705  x:  0.00109   0.00584   0.01122   0.00497   0.01635   0.03385   0.02928   0.01042   0.00651   0.01299   0.00321   0.02627   0.00000   0.00351   0.00123   0.03243   0.01409   0.00000   0.00590   0.00076   0.01692   0.00645   0.02089   0.00000   0.01484   0.02614   0.00755   0.02060   0.00000   0.03195   0.00681   0.00000   0.00431   0.00000   0.00000   0.00000   0.00796   0.00000   0.00000   0.00352   0.00000   0.00000   0.00000   0.00474   0.00224   0.00237   0.00000   0.00000   0.00219   0.01021   0.00123   0.00100   0.00000   0.00493   0.00397   1.19927   0.68382   0.71694   0.86899   1.12674   0.08249   0.09539  
 26 1321.8880   2508.670170  x:  0.00048   0.00295   0.01144   0.00344   0.01656   0.03651   0.03287   0.01048   0.00625   0.01236   0.00616   0.02896   0.00000   0.00298   0.00087   0.03469   0.01415   0.00000   0.00502   0.00078   0.01453   0.00624   0.02323   0.00000   0.01622   0.03103   0.00843   0.02330   0.00000   0.03386   0.01035   0.00000   0.00433   0.00000   0.00000   0.00000   0.00653   0.00000   0.00000   0.00294   0.00000   0.00000   0.00000   0.00584   0.00152   0.00249   0.00000   0.00000   0.00598   0.00862   0.00170   0.00052   0.00000   0.00444   0.00477   1.22992   0.69040   0.72868   0.86339   1.13416   0.07717   0.04735  
 27 2022.7421   2505.200324  x:  0.00026   0.00277   0.01232   0.00488   0.01666   0.03814   0.03410   0.01194   0.00457   0.01247   0.00598   0.03194   0.00000   0.00295   0.00121   0.03560   0.01548   0.00000   0.00519   0.00079   0.01494   0.00624   0.02279   0.00000   0.01781   0.03307   0.00502   0.02317   0.00000   0.03308   0.01104   0.00000   0.00351   0.00000   0.00000   0.00000   0.00726   0.00000   0.00000   0.00293   0.00000   0.00000   0.00000   0.00634   0.00144   0.00276   0.00000   0.00000   0.00328   0.00685   0.00258   0.00103   0.00000   0.00384   0.00487   1.26004   0.69691   0.74022   0.85790   1.14144   0.07200   0.00000  
 28 1674.3338   2502.859349  x:  0.00025   0.00325   0.01276   0.00247   0.01659   0.03927   0.03343   0.01282   0.00754   0.01373   0.00384   0.03369   0.00000   0.00296   0.00130   0.03570   0.01659   0.00000   0.00627   0.00081   0.01771   0.00633   0.02075   0.00000   0.01885   0.03261   0.00779   0.02068   0.00000   0.03009   0.00862   0.00000   0.00172   0.00000   0.00000   0.00000   0.00734   0.00000   0.00000   0.00286   0.00000   0.00000   0.00000   0.00665   0.00126   0.00415   0.00000   0.00000   0.00235   0.00725   0.00311   0.00100   0.00000   0.00352   0.00494   1.30982   0.70773   0.75933   0.84886   1.15333   0.06367   0.00000  
 29 1038.7212   2501.911390  x:  0.00026   0.00437   0.01245   0.00175   0.01656   0.03933   0.03223   0.01226   0.00672   0.01370   0.00306   0.03240   0.00000   0.00304   0.00141   0.03571   0.01679   0.00000   0.00574   0.00081   0.01833   0.00636   0.02096   0.00000   0.01772   0.03184   0.00892   0.02092   0.00000   0.02907   0.00738   0.00000   0.00279   0.00000   0.00000   0.00000   0.00803   0.00000   0.00000   0.00297   0.00000   0.00000   0.00000   0.00673   0.00106   0.00447   0.00000   0.00000   0.00285   0.00634   0.00330   0.00110   0.00000   0.00202   0.00493   1.33102   0.71237   0.76748   0.84500   1.15836   0.06017   0.00000  
 30 1477.3053   2498.885006  x:  0.00038   0.00456   0.01081   0.00128   0.01647   0.03852   0.02649   0.00872   0.00382   0.01287   0.00378   0.02455   0.00000   0.00289   0.00164   0.03523   0.01608   0.00000   0.00726   0.00080   0.01877   0.00648   0.02286   0.00000   0.01156   0.02857   0.00982   0.02275   0.00000   0.02654   0.00509   0.00000   0.00285   0.00000   0.00000   0.00000   0.00582   0.00000   0.00000   0.00285   0.00000   0.00000   0.00000   0.00697   0.00121   0.00534   0.00000   0.00000   0.00285   0.00674   0.00336   0.00161   0.00000   0.00363   0.00454   1.39770   0.72703   0.79313   0.83289   1.17406   0.04935   0.00000  
 31 2449.9340   2497.935418  x:  0.00042   0.00443   0.01035   0.00328   0.01637   0.03778   0.02432   0.00743   0.00485   0.01239   0.00358   0.02068   0.00000   0.00294   0.00171   0.03489   0.01526   0.00000   0.00701   0.00079   0.01873   0.00653   0.02377   0.00000   0.00973   0.02730   0.01075   0.02290   0.00000   0.02643   0.00601   0.00000   0.00291   0.00000   0.00000   0.00000   0.00527   0.00000   0.00000   0.00288   0.00000   0.00000   0.00000   0.00705   0.00118   0.00574   0.00000   0.00000   0.00180   0.00719   0.00348   0.00169   0.00000   0.00291   0.00439   1.42245   0.73249   0.80266   0.82839   1.17984   0.04539   0.00000  
 32 3007.4347   2496.685857  x:  0.00051   0.00454   0.01066   0.00207   0.01597   0.03557   0.02247   0.00746   0.00682   0.01168   0.00248   0.01500   0.00000   0.00311   0.00173   0.03366   0.01352   0.00000   0.00658   0.00075   0.01904   0.00658   0.02393   0.00000   0.00902   0.02629   0.00820   0.02063   0.00000   0.02939   0.00695   0.00000   0.00294   0.00000   0.00000   0.00000   0.00697   0.00000   0.00000   0.00307   0.00000   0.00000   0.00000   0.00721   0.00085   0.00551   0.00000   0.00000   0.00201   0.00759   0.00347   0.00180   0.00000   0.00351   0.00430   1.45097   0.73887   0.81368   0.82321   1.18641   0.04098   0.00000  
 33 1015.2434   2495.840005  x:  0.00055   0.00470   0.01106   0.00227   0.01586   0.03341   0.02219   0.00898   0.00665   0.01187   0.00338   0.01114   0.00000   0.00314   0.00169   0.03308   0.01339   0.00000   0.00682   0.00073   0.01935   0.00660   0.02447   0.00000   0.01174   0.02550   0.00824   0.01966   0.00000   0.03243   0.00566   0.00000   0.00314   0.00000   0.00000   0.00000   0.00676   0.00000   0.00000   0.00307   0.00000   0.00000   0.00000   0.00734   0.00078   0.00538   0.00000   0.00000   0.00126   0.00812   0.00323   0.00183   0.00000   0.00340   0.00428   1.47193   0.74360   0.82180   0.81940   1.19117   0.03784   0.00000  
 34 1004.2262   2495.441424  x:  0.00061   0.00459   0.01114   0.00258   0.01591   0.03230   0.02237   0.00975   0.00627   0.01204   0.00182   0.01050   0.00000   0.00312   0.00171   0.03314   0.01365   0.00000   0.00693   0.00072   0.01939   0.00663   0.02518   0.00000   0.01285   0.02510   0.00823   0.01958   0.00000   0.03399   0.00567   0.00000   0.00326   0.00000   0.00000   0.00000   0.00596   0.00000   0.00000   0.00303   0.00000   0.00000   0.00000   0.00735   0.00088   0.00555   0.00000   0.00000   0.00173   0.00871   0.00314   0.00191   0.00000   0.00357   0.00421   1.48136   0.74576   0.82546   0.81768   1.19327   0.03649   0.00000  
 35 907.5239   2494.732509  x:  0.00093   0.00420   0.01049   0.00220   0.01602   0.03000   0.02339   0.01103   0.00637   0.01302   0.00165   0.01305   0.00000   0.00316   0.00172   0.03362   0.01412   0.00000   0.00703   0.00068   0.01896   0.00670   0.02675   0.00000   0.01235   0.02378   0.00884   0.01963   0.00000   0.03701   0.00650   0.00000   0.00380   0.00000   0.00000   0.00000   0.00603   0.00000   0.00000   0.00306   0.00000   0.00000   0.00000   0.00725   0.00086   0.00601   0.00000   0.00000   0.00092   0.00970   0.00294   0.00209   0.00000   0.00392   0.00419   1.49942   0.74999   0.83251   0.81440   1.19716   0.03411   0.00000  
 36 605.2615   2494.210050  x:  0.00125   0.00484   0.01052   0.00233   0.01622   0.02882   0.02501   0.00952   0.00814   0.01336   0.00263   0.01482   0.00000   0.00343   0.00181   0.03578   0.01453   0.00000   0.00639   0.00065   0.01927   0.00679   0.02901   0.00000   0.01317   0.02305   0.00764   0.01961   0.00000   0.03877   0.00582   0.00000   0.00407   0.00000   0.00000   0.00000   0.00592   0.00000   0.00000   0.00331   0.00000   0.00000   0.00000   0.00707   0.00107   0.00654   0.00000   0.00000   0.00147   0.01036   0.00288   0.00226   0.00000   0.00414   0.00397   1.51430   0.75355   0.83834   0.81170   1.20022   0.03236   0.00000  
 37 590.0144   2493.419071  x:  0.00151   0.00465   0.01257   0.00251   0.01597   0.03049   0.02571   0.00556   0.00735   0.01158   0.00255   0.01666   0.00000   0.00342   0.00183   0.03624   0.01357   0.00000   0.00675   0.00057   0.01982   0.00686   0.02824   0.00000   0.01538   0.02277   0.00806   0.01928   0.00000   0.03705   0.00615   0.00000   0.00433   0.00000   0.00000   0.00000   0.00652   0.00000   0.00000   0.00330   0.00000   0.00000   0.00000   0.00700   0.00097   0.00658   0.00000   0.00000   0.00125   0.01073   0.00264   0.00223   0.00000   0.00445   0.00377   1.53412   0.75856   0.84617   0.80807   1.20380   0.03075   0.00000  
 38 255.1774   2491.606485  x:  0.00231   0.00435   0.01171   0.00327   0.01591   0.03689   0.02754   0.00908   0.00871   0.00814   0.00218   0.01543   0.00000   0.00306   0.00168   0.03885   0.01334   0.00000   0.00656   0.00040   0.02137   0.00705   0.02798   0.00000   0.01579   0.02346   0.00749   0.02007   0.00000   0.02869   0.00546   0.00000   0.00498   0.00000   0.00000   0.00000   0.00790   0.00000   0.00000   0.00303   0.00000   0.00000   0.00000   0.00671   0.00111   0.00656   0.00000   0.00000   0.00114   0.00912   0.00202   0.00206   0.00000   0.00546   0.00336   1.58421   0.77141   0.86598   0.79888   1.21239   0.02732   0.00000  
 39 522.8298   2490.473129  x:  0.00290   0.00471   0.01053   0.00361   0.01591   0.03970   0.02802   0.00933   0.00747   0.01412   0.00180   0.01291   0.00000   0.00319   0.00165   0.04028   0.01403   0.00000   0.00613   0.00028   0.02093   0.00718   0.02714   0.00000   0.01590   0.02433   0.00682   0.01961   0.00000   0.02441   0.00594   0.00000   0.00478   0.00000   0.00000   0.00000   0.00937   0.00000   0.00000   0.00320   0.00000   0.00000   0.00000   0.00645   0.00132   0.00643   0.00000   0.00000   0.00115   0.00920   0.00166   0.00177   0.00000   0.00543   0.00294   1.61847   0.78034   0.87957   0.79258   1.21796   0.02541   0.00000  
 40 859.5881   2489.287547  x:  0.00365   0.00511   0.01301   0.00375   0.01636   0.03588   0.02502   0.00975   0.00546   0.01291   0.00201   0.01183   0.00000   0.00314   0.00162   0.04084   0.01671   0.00000   0.00678   0.00022   0.01918   0.00732   0.02516   0.00000   0.01449   0.02247   0.00716   0.01968   0.00000   0.02717   0.00626   0.00000   0.00373   0.00000   0.00000   0.00000   0.01064   0.00000   0.00000   0.00322   0.00000   0.00000   0.00000   0.00610   0.00206   0.00596   0.00000   0.00000   0.00115   0.00658   0.00118   0.00141   0.00000   0.00456   0.00255   1.65467   0.78991   0.89397   0.78586   1.22341   0.02404   0.00000  
 41 327.7615   2488.976769  x:  0.00378   0.00500   0.01050   0.00387   0.01625   0.03390   0.02398   0.00936   0.00507   0.01270   0.00204   0.01229   0.00000   0.00300   0.00168   0.03999   0.01536   0.00000   0.00707   0.00021   0.02101   0.00733   0.02417   0.00000   0.01542   0.02188   0.00694   0.02109   0.00000   0.02788   0.00641   0.00000   0.00347   0.00000   0.00000   0.00000   0.01109   0.00000   0.00000   0.00311   0.00000   0.00000   0.00000   0.00612   0.00209   0.00578   0.00000   0.00000   0.00123   0.00564   0.00119   0.00135   0.00000   0.00444   0.00255   1.66492   0.79272   0.89809   0.78391   1.22471   0.02403   0.00000  
 42 215.5799   2488.356176  x:  0.00381   0.00523   0.01337   0.00424   0.01584   0.03034   0.02543   0.01050   0.00467   0.01387   0.00200   0.01275   0.00000   0.00302   0.00166   0.03784   0.01249   0.00000   0.00730   0.00024   0.02307   0.00725   0.02343   0.00000   0.01476   0.01977   0.00703   0.02280   0.00000   0.02587   0.00613   0.00000   0.00347   0.00000   0.00000   0.00000   0.01138   0.00000   0.00000   0.00314   0.00000   0.00000   0.00000   0.00641   0.00198   0.00543   0.00000   0.00000   0.00137   0.00562   0.00132   0.00127   0.00000   0.00452   0.00302   1.69174   0.80026   0.90902   0.77868   1.22756   0.02482   0.00000  
 43 138.9119   2486.902995  x:  0.00373   0.00561   0.01163   0.00481   0.01569   0.02696   0.02688   0.00989   0.00419   0.01271   0.00218   0.01332   0.00000   0.00328   0.00169   0.03126   0.01783   0.00000   0.00787   0.00034   0.02293   0.00704   0.01966   0.00000   0.01474   0.01727   0.00804   0.02057   0.00000   0.02287   0.00613   0.00000   0.00376   0.00000   0.00000   0.00000   0.01265   0.00000   0.00000   0.00336   0.00000   0.00000   0.00000   0.00711   0.00179   0.00431   0.00000   0.00000   0.00165   0.00702   0.00171   0.00124   0.00000   0.00493   0.00407   1.75862   0.81920   0.93636   0.76558   1.23439   0.02728   0.00000  
 44 552.5711   2485.851986  x:  0.00404   0.00558   0.01233   0.00518   0.01639   0.03183   0.02190   0.01040   0.00514   0.01423   0.00215   0.01525   0.00000   0.00316   0.00168   0.02618   0.01715   0.00000   0.00794   0.00045   0.02183   0.00698   0.01673   0.00000   0.01483   0.02043   0.00869   0.02007   0.00000   0.02550   0.00531   0.00000   0.00415   0.00000   0.00000   0.00000   0.01277   0.00000   0.00000   0.00327   0.00000   0.00000   0.00000   0.00728   0.00199   0.00389   0.00000   0.00000   0.00173   0.00620   0.00168   0.00132   0.00000   0.00534   0.00470   1.80845   0.83335   0.95680   0.75581   1.23931   0.02941   0.00000  
 45 553.4179   2485.625957  x:  0.00416   0.00578   0.01194   0.00519   0.01611   0.03313   0.02154   0.01086   0.00401   0.01387   0.00243   0.01529   0.00000   0.00336   0.00174   0.02657   0.01585   0.00000   0.00822   0.00048   0.02214   0.00700   0.01628   0.00000   0.01463   0.02140   0.00917   0.01851   0.00000   0.02636   0.00587   0.00000   0.00400   0.00000   0.00000   0.00000   0.01298   0.00000   0.00000   0.00343   0.00000   0.00000   0.00000   0.00717   0.00214   0.00390   0.00000   0.00000   0.00185   0.00724   0.00166   0.00134   0.00000   0.00502   0.00472   1.81909   0.83644   0.96119   0.75372   1.24019   0.03013   0.00000  
 46 403.9395   2485.499583  x:  0.00414   0.00576   0.01199   0.00512   0.01444   0.03252   0.02170   0.01092   0.00417   0.01381   0.00244   0.01504   0.00000   0.00337   0.00176   0.02781   0.01587   0.00000   0.00803   0.00048   0.02180   0.00704   0.01419   0.00000   0.01439   0.02268   0.00944   0.01919   0.00000   0.02646   0.00593   0.00000   0.00410   0.00000   0.00000   0.00000   0.01280   0.00000   0.00000   0.00345   0.00000   0.00000   0.00000   0.00708   0.00219   0.00400   0.00000   0.00000   0.00181   0.00733   0.00167   0.00137   0.00000   0.00507   0.00463   1.82506   0.83855   0.96382   0.75250   1.23971   0.03205   0.00000  
 47 45.9925   2484.342443  x:  0.00361   0.00536   0.01233   0.00504   0.01730   0.02565   0.01808   0.01106   0.00466   0.01326   0.00257   0.01608   0.00000   0.00336   0.00165   0.03023   0.01543   0.00000   0.00834   0.00049   0.02105   0.00720   0.01448   0.00000   0.01483   0.03077   0.01057   0.01813   0.00000   0.02232   0.00642   0.00000   0.00458   0.00000   0.00000   0.00000   0.01281   0.00000   0.00000   0.00342   0.00000   0.00000   0.00000   0.00641   0.00220   0.00400   0.00000   0.00000   0.00185   0.00750   0.00137   0.00139   0.00000   0.00544   0.00403   1.88127   0.85959   0.98915   0.74085   1.23206   0.05486   0.00000  
 48 123.9300   2479.525755  x:  0.00150   0.00398   0.01198   0.00386   0.01609   0.02686   0.02460   0.01057   0.00626   0.01274   0.00325   0.01590   0.00000   0.00333   0.00166   0.02228   0.01412   0.00000   0.00801   0.00053   0.01981   0.00797   0.01720   0.00000   0.01620   0.02806   0.01146   0.02064   0.00000   0.02337   0.00870   0.00000   0.00541   0.00000   0.00000   0.00000   0.01188   0.00000   0.00000   0.00333   0.00000   0.00000   0.00000   0.00355   0.00282   0.00473   0.00000   0.00000   0.00193   0.00809   0.00050   0.00158   0.00000   0.00582   0.00107   2.08352   0.93623   1.08065   0.69885   1.20216   0.14067   0.00000  
 49 705.9089   2479.229337  x:  0.00127   0.00383   0.01196   0.00374   0.01600   0.02708   0.02510   0.01056   0.00644   0.01271   0.00332   0.01592   0.00000   0.00333   0.00166   0.02168   0.01400   0.00000   0.00797   0.00054   0.01970   0.00805   0.01746   0.00000   0.01639   0.02754   0.01154   0.02094   0.00000   0.02352   0.00894   0.00000   0.00551   0.00000   0.00000   0.00000   0.01180   0.00000   0.00000   0.00332   0.00000   0.00000   0.00000   0.00326   0.00287   0.00480   0.00145   0.00000   0.00194   0.00819   0.00041   0.00160   0.00000   0.00587   0.00077   2.10565   0.94462   1.09067   0.69425   1.19887   0.15009   0.00000  
 50 8398.3662   2478.389213  x:  0.00070   0.00367   0.01228   0.00379   0.01581   0.02933   0.02053   0.01165   0.00685   0.01340   0.00329   0.01706   0.00000   0.00334   0.00160   0.02705   0.01455   0.00000   0.00806   0.00053   0.02016   0.00808   0.01758   0.00000   0.01778   0.02139   0.01142   0.02177   0.00000   0.02442   0.00917   0.00000   0.00582   0.00000   0.00000   0.00000   0.01211   0.00000   0.00000   0.00333   0.00000   0.00000   0.00000   0.00316   0.00266   0.00456   0.00103   0.00000   0.00210   0.00900   0.00040   0.00157   0.00000   0.00621   0.00062   2.14414   0.95934   1.10814   0.68635   1.19275   0.16720   0.00000  
 51 577.9557   2477.751135  x:  0.00075   0.00347   0.01218   0.00346   0.02189   0.03070   0.02207   0.01175   0.00691   0.01324   0.00337   0.01611   0.00000   0.00336   0.00159   0.02888   0.01395   0.00000   0.00734   0.00055   0.01899   0.00809   0.01439   0.00000   0.01786   0.02007   0.01127   0.02367   0.00000   0.02507   0.00965   0.00000   0.00575   0.00000   0.00000   0.00000   0.01154   0.00000   0.00000   0.00334   0.00000   0.00000   0.00000   0.00339   0.00263   0.00478   0.00070   0.00000   0.00208   0.00942   0.00058   0.00158   0.00000   0.00607   0.00083   2.17595   0.97242   1.12303   0.68093   1.18401   0.18782   0.00000  
 52 52.9873   2474.354691  x:  0.00119   0.00141   0.01349   0.00248   0.01539   0.03550   0.01942   0.01262   0.00737   0.01352   0.00428   0.01562   0.00000   0.00285   0.00130   0.03041   0.01612   0.00000   0.00724   0.00067   0.01683   0.00797   0.02103   0.00000   0.02061   0.01926   0.01084   0.02662   0.00000   0.02351   0.01271   0.00000   0.00549   0.00000   0.00000   0.00000   0.00984   0.00000   0.00000   0.00280   0.00000   0.00000   0.00000   0.00509   0.00223   0.00457   0.00067   0.00000   0.00258   0.00797   0.00112   0.00165   0.00000   0.00577   0.00257   2.35514   1.04591   1.20686   0.65074   1.13501   0.30395   0.00000  
 53 663.6082   2473.865246  x:  0.00137   0.00159   0.01370   0.00258   0.01578   0.03584   0.01929   0.01279   0.00714   0.01359   0.00425   0.01578   0.00000   0.00291   0.00136   0.03107   0.01643   0.00000   0.00714   0.00069   0.01684   0.00812   0.02097   0.00000   0.02078   0.01945   0.01019   0.02661   0.00000   0.02359   0.01266   0.00000   0.00535   0.00000   0.00000   0.00000   0.00978   0.00000   0.00000   0.00286   0.00000   0.00000   0.00000   0.00557   0.00211   0.00462   0.00000   0.00000   0.00257   0.00786   0.00136   0.00163   0.00000   0.00568   0.00241   2.37285   1.04993   1.21824   0.67425   1.12903   0.34829   0.00000  
 54  5.6216   2472.619849  x:  0.00040   0.00208   0.01356   0.00303   0.01495   0.03479   0.02031   0.01285   0.00710   0.01370   0.00409   0.01706   0.00000   0.00305   0.00149   0.03100   0.01659   0.00000   0.00697   0.00052   0.01704   0.00927   0.02200   0.00000   0.02084   0.01966   0.01011   0.02538   0.00000   0.02585   0.01208   0.00000   0.00579   0.00000   0.00000   0.00000   0.01074   0.00000   0.00000   0.00301   0.00000   0.00000   0.00000   0.00297   0.00224   0.00526   0.00000   0.00000   0.00256   0.00818   0.00171   0.00142   0.00000   0.00617   0.00334   2.45295   1.07069   1.29760   0.79636   1.24040   0.50343   0.00000  
 55  7.7468   2470.191428  x:  0.00078   0.00185   0.01358   0.00265   0.01609   0.03524   0.02012   0.01318   0.00676   0.01350   0.00430   0.01644   0.00000   0.00295   0.00133   0.03341   0.01694   0.00000   0.00585   0.00060   0.01510   0.01154   0.02215   0.00000   0.02112   0.02054   0.00898   0.02625   0.00000   0.02634   0.01280   0.00000   0.00545   0.00000   0.00000   0.00000   0.00921   0.00000   0.00000   0.00291   0.00000   0.00000   0.00000   0.00359   0.00162   0.00517   0.00000   0.00000   0.00277   0.00770   0.00272   0.00044   0.00000   0.00579   0.00298   2.55494   1.12006   1.48159   1.02074   1.66065   0.71023   0.00000  
 56 16.8914   2467.524184  x:  0.00092   0.00282   0.01259   0.00124   0.01476   0.03473   0.02122   0.01225   0.00847   0.01272   0.00418   0.01371   0.00000   0.00325   0.00156   0.03264   0.01544   0.00000   0.00570   0.00110   0.01870   0.01446   0.02428   0.00000   0.02213   0.01718   0.00606   0.02506   0.00000   0.02548   0.01345   0.00000   0.00509   0.00000   0.00000   0.00000   0.00897   0.00000   0.00000   0.00323   0.00000   0.00000   0.00000   0.00297   0.00372   0.00472   0.00000   0.00000   0.00203   0.00831   0.00228   0.00100   0.00000   0.00475   0.00314   2.54253   1.27409   1.77953   1.13295   2.26539   1.20579   0.00000  
 57  5.7768   2467.523489  x:  0.00092   0.00282   0.01259   0.00124   0.01476   0.03473   0.02122   0.01225   0.00848   0.01272   0.00418   0.01370   0.00000   0.00325   0.00156   0.03264   0.01544   0.00000   0.00570   0.00110   0.01870   0.01446   0.02428   0.00000   0.02213   0.01717   0.00606   0.02506   0.00000   0.02548   0.01345   0.00000   0.00509   0.00000   0.00000   0.00000   0.00897   0.00000   0.00000   0.00324   0.00000   0.00000   0.00000   0.00297   0.00372   0.00472   0.00000   0.00000   0.00203   0.00831   0.00228   0.00100   0.00014   0.00475   0.00314   2.54253   1.27428   1.77991   1.13307   2.26617   1.20645   0.00000  
 58 59.2599   2467.293238  x:  0.00095   0.00285   0.01261   0.00133   0.01483   0.03468   0.02134   0.01232   0.00839   0.01277   0.00417   0.01379   0.00000   0.00325   0.00157   0.03280   0.01552   0.00000   0.00571   0.00110   0.01875   0.01455   0.02428   0.00000   0.02213   0.01730   0.00603   0.02498   0.00000   0.02565   0.01338   0.00000   0.00509   0.00000   0.00000   0.00000   0.00902   0.00000   0.00000   0.00324   0.00000   0.00000   0.00000   0.00296   0.00365   0.00477   0.00000   0.00000   0.00206   0.00831   0.00231   0.00103   0.00000   0.00477   0.00314   2.54793   1.27753   1.79143   1.12343   2.29009   1.23885   0.00000  
 59  6.9284   2464.700085  x:  0.00169   0.00152   0.01299   0.00165   0.01689   0.03417   0.02369   0.01388   0.00761   0.01358   0.00464   0.01397   0.00000   0.00289   0.00149   0.03242   0.01656   0.00000   0.00597   0.00115   0.01849   0.01550   0.02385   0.00000   0.02342   0.01873   0.00751   0.02619   0.00000   0.02676   0.01448   0.00000   0.00536   0.00000   0.00000   0.00000   0.00899   0.00000   0.00000   0.00302   0.00000   0.00000   0.00000   0.00313   0.00251   0.00536   0.00000   0.00000   0.00290   0.00856   0.00202   0.00202   0.00000   0.00529   0.00295   3.00434   0.95842   1.76367   1.38484   2.92069   1.93436   0.00000  
 60  5.8070   2462.150751  x:  0.00198   0.00198   0.01340   0.00150   0.01851   0.03291   0.02632   0.01484   0.00573   0.01403   0.00444   0.01496   0.00000   0.00292   0.00158   0.03314   0.01836   0.00000   0.00579   0.00135   0.01923   0.01455   0.02404   0.00000   0.02479   0.02143   0.00463   0.02470   0.00000   0.02778   0.01391   0.00000   0.00520   0.00000   0.00000   0.00000   0.00913   0.00000   0.00000   0.00318   0.00000   0.00000   0.00000   0.00350   0.00141   0.00738   0.00000   0.00000   0.00315   0.00869   0.00230   0.00236   0.00000   0.00552   0.00295   3.43182   1.58662   1.74313   1.53366   3.63974   2.80770   0.00000  
 61  3.2164   2460.337193  x:  0.00227   0.00339   0.01342   0.00210   0.01747   0.03231   0.02375   0.01506   0.00503   0.01393   0.00417   0.01453   0.00000   0.00314   0.00183   0.03130   0.01826   0.00000   0.00615   0.00180   0.02063   0.01299   0.02353   0.00000   0.02545   0.01988   0.00499   0.02193   0.00000   0.02533   0.01310   0.00000   0.00534   0.00000   0.00000   0.00000   0.01151   0.00000   0.00000   0.00345   0.00000   0.00000   0.00000   0.00182   0.00280   0.00907   0.00000   0.00000   0.00276   0.00830   0.00258   0.00227   0.00000   0.00548   0.00313   3.66601   1.34977   2.52015   1.48812   4.18479   3.45811   0.00000  
 62  1.6778   2459.880151  x:  0.00228   0.00370   0.01346   0.00260   0.01707   0.03175   0.02265   0.01537   0.00513   0.01411   0.00420   0.01467   0.00000   0.00309   0.00178   0.03047   0.01825   0.00000   0.00640   0.00195   0.02087   0.01448   0.02289   0.00000   0.02553   0.01921   0.00654   0.02195   0.00000   0.02497   0.01295   0.00000   0.00541   0.00000   0.00000   0.00000   0.01182   0.00000   0.00000   0.00341   0.00000   0.00000   0.00000   0.00407   0.00278   0.00917   0.00000   0.00000   0.00284   0.00840   0.00255   0.00249   0.00000   0.00547   0.00312   3.75817   1.36507   2.72723   1.58914   4.44057   3.67816   0.00000  
 63  1.0406   2459.267411  x:  0.00260   0.00307   0.01402   0.00293   0.01791   0.03163   0.02167   0.01570   0.00619   0.01404   0.00422   0.01446   0.00000   0.00262   0.00200   0.03230   0.01766   0.00000   0.00612   0.00226   0.02019   0.01553   0.02105   0.00000   0.02587   0.01916   0.00673   0.02196   0.00000   0.02518   0.01287   0.00000   0.00487   0.00000   0.00000   0.00000   0.01037   0.00000   0.00000   0.00299   0.00000   0.00000   0.00000   0.00307   0.00298   0.00820   0.00000   0.00000   0.00278   0.00777   0.00313   0.00289   0.00000   0.00467   0.00281   4.13758   1.35104   2.91295   1.80209   5.06306   4.21227   0.00000  
 64  0.6377   2459.094912  x:  0.00258   0.00294   0.01404   0.00293   0.01766   0.03159   0.02203   0.01562   0.00622   0.01399   0.00410   0.01470   0.00000   0.00265   0.00210   0.03182   0.01778   0.00000   0.00608   0.00243   0.02049   0.01575   0.02090   0.00000   0.02640   0.01880   0.00511   0.02206   0.00000   0.02521   0.01260   0.00000   0.00476   0.00000   0.00000   0.00000   0.01003   0.00000   0.00000   0.00297   0.00000   0.00000   0.00000   0.00339   0.00298   0.00829   0.00000   0.00000   0.00264   0.00789   0.00293   0.00287   0.00000   0.00453   0.00277   4.26815   1.21687   3.05990   1.78938   5.26014   4.45783   0.00000  
 65  0.8055   2458.928318  x:  0.00261   0.00280   0.01391   0.00298   0.01721   0.03199   0.02365   0.01556   0.00578   0.01415   0.00405   0.01488   0.00000   0.00272   0.00198   0.03198   0.01821   0.00000   0.00629   0.00263   0.01980   0.01539   0.02105   0.00000   0.02605   0.02061   0.00607   0.02278   0.00000   0.02566   0.01220   0.00000   0.00484   0.00000   0.00000   0.00000   0.01004   0.00000   0.00000   0.00293   0.00000   0.00000   0.00000   0.00303   0.00264   0.00843   0.00000   0.00000   0.00272   0.00754   0.00237   0.00302   0.00000   0.00479   0.00283   4.42035   1.16699   3.31089   1.85557   5.55142   4.78257   0.00000  
 66  0.6381   2458.822446  x:  0.00264   0.00274   0.01369   0.00305   0.01738   0.03274   0.02269   0.01551   0.00585   0.01421   0.00392   0.01493   0.00000   0.00299   0.00195   0.03238   0.01818   0.00000   0.00653   0.00284   0.02031   0.01462   0.02145   0.00000   0.02590   0.01881   0.00607   0.02294   0.00000   0.02616   0.01174   0.00000   0.00503   0.00000   0.00000   0.00000   0.01062   0.00000   0.00000   0.00307   0.00000   0.00000   0.00000   0.00296   0.00266   0.00816   0.00000   0.00000   0.00263   0.00806   0.00246   0.00303   0.00000   0.00507   0.00297   4.59938   1.19426   3.43902   1.90739   5.86052   5.10442   0.00000  
 67  0.3456   2458.773986  x:  0.00249   0.00268   0.01374   0.00285   0.01770   0.03253   0.02274   0.01515   0.00589   0.01391   0.00386   0.01464   0.00000   0.00304   0.00185   0.03257   0.01800   0.00000   0.00632   0.00302   0.02010   0.01478   0.02165   0.00000   0.02523   0.02005   0.00605   0.02263   0.00000   0.02550   0.01152   0.00000   0.00501   0.00000   0.00000   0.00000   0.01049   0.00000   0.00000   0.00313   0.00000   0.00000   0.00000   0.00316   0.00273   0.00774   0.00000   0.00000   0.00250   0.00794   0.00259   0.00298   0.00000   0.00502   0.00293   4.68894   1.16906   3.55496   1.87170   6.07697   5.32423   0.00000  
 68  0.2388   2458.754638  x:  0.00243   0.00278   0.01380   0.00279   0.01731   0.03238   0.02278   0.01503   0.00591   0.01388   0.00389   0.01479   0.00000   0.00300   0.00182   0.03186   0.01794   0.00000   0.00635   0.00309   0.02004   0.01503   0.02185   0.00000   0.02496   0.01958   0.00595   0.02271   0.00000   0.02547   0.01154   0.00000   0.00501   0.00000   0.00000   0.00000   0.01039   0.00000   0.00000   0.00315   0.00000   0.00000   0.00000   0.00312   0.00259   0.00748   0.00000   0.00000   0.00254   0.00788   0.00239   0.00291   0.00000   0.00503   0.00300   4.70874   1.15241   3.61779   1.86357   6.16759   5.39979   0.00000  
 69  0.1322   2458.745665  x:  0.00240   0.00271   0.01384   0.00266   0.01741   0.03231   0.02276   0.01498   0.00589   0.01392   0.00393   0.01479   0.00000   0.00290   0.00186   0.03192   0.01789   0.00000   0.00640   0.00311   0.02004   0.01497   0.02184   0.00000   0.02478   0.01930   0.00607   0.02276   0.00000   0.02572   0.01166   0.00000   0.00500   0.00000   0.00000   0.00000   0.01038   0.00000   0.00000   0.00311   0.00000   0.00000   0.00000   0.00312   0.00250   0.00738   0.00000   0.00000   0.00258   0.00791   0.00250   0.00286   0.00000   0.00501   0.00299   4.68808   1.14240   3.67789   1.85815   6.18514   5.42596   0.00000  
 70  0.0609   2458.739727  x:  0.00235   0.00266   0.01371   0.00263   0.01732   0.03231   0.02290   0.01488   0.00589   0.01394   0.00396   0.01471   0.00000   0.00285   0.00188   0.03180   0.01779   0.00000   0.00639   0.00317   0.02013   0.01476   0.02192   0.00000   0.02474   0.01945   0.00606   0.02280   0.00000   0.02568   0.01181   0.00000   0.00507   0.00000   0.00000   0.00000   0.01052   0.00000   0.00000   0.00310   0.00000   0.00000   0.00000   0.00310   0.00257   0.00752   0.00000   0.00000   0.00257   0.00799   0.00246   0.00276   0.00000   0.00501   0.00298   4.66275   1.15079   3.69415   1.85850   6.19998   5.43572   0.00000  
 71  0.0247   2458.734466  x:  0.00235   0.00274   0.01372   0.00265   0.01724   0.03249   0.02274   0.01490   0.00589   0.01396   0.00397   0.01482   0.00000   0.00293   0.00189   0.03194   0.01780   0.00000   0.00634   0.00326   0.02009   0.01487   0.02173   0.00000   0.02482   0.01946   0.00606   0.02264   0.00000   0.02545   0.01191   0.00000   0.00510   0.00000   0.00000   0.00000   0.01051   0.00000   0.00000   0.00313   0.00000   0.00000   0.00000   0.00304   0.00253   0.00763   0.00000   0.00000   0.00258   0.00805   0.00251   0.00269   0.00000   0.00501   0.00296   4.65863   1.13314   3.72379   1.84632   6.26128   5.49755   0.00000  
 72  0.0506   2458.729298  x:  0.00237   0.00266   0.01379   0.00273   0.01733   0.03233   0.02279   0.01493   0.00587   0.01396   0.00394   0.01484   0.00000   0.00294   0.00187   0.03195   0.01788   0.00000   0.00637   0.00341   0.01998   0.01505   0.02160   0.00000   0.02496   0.01938   0.00603   0.02262   0.00000   0.02565   0.01192   0.00000   0.00506   0.00000   0.00000   0.00000   0.01046   0.00000   0.00000   0.00309   0.00000   0.00000   0.00000   0.00302   0.00251   0.00767   0.00000   0.00000   0.00257   0.00799   0.00251   0.00264   0.00000   0.00497   0.00291   4.67550   1.14710   3.76086   1.86606   6.39124   5.62892   0.00000  
 73  0.0830   2458.724993  x:  0.00239   0.00276   0.01381   0.00277   0.01734   0.03225   0.02282   0.01500   0.00594   0.01394   0.00394   0.01476   0.00000   0.00292   0.00187   0.03198   0.01788   0.00000   0.00637   0.00355   0.01998   0.01486   0.02181   0.00000   0.02506   0.01946   0.00605   0.02281   0.00000   0.02579   0.01191   0.00000   0.00504   0.00000   0.00000   0.00000   0.01045   0.00000   0.00000   0.00309   0.00000   0.00000   0.00000   0.00312   0.00251   0.00761   0.00000   0.00000   0.00256   0.00801   0.00252   0.00259   0.00000   0.00498   0.00290   4.67806   1.13778   3.75229   1.86321   6.49586   5.73484   0.00000  
 74  0.0636   2458.720635  x:  0.00243   0.00274   0.01381   0.00279   0.01735   0.03245   0.02283   0.01506   0.00594   0.01393   0.00395   0.01481   0.00000   0.00288   0.00187   0.03187   0.01782   0.00000   0.00641   0.00364   0.02012   0.01494   0.02187   0.00000   0.02508   0.01948   0.00613   0.02268   0.00000   0.02549   0.01186   0.00000   0.00503   0.00000   0.00000   0.00000   0.01044   0.00000   0.00000   0.00309   0.00000   0.00000   0.00000   0.00309   0.00252   0.00749   0.00000   0.00000   0.00257   0.00799   0.00250   0.00256   0.00000   0.00503   0.00291   4.64597   1.15401   3.68621   1.86268   6.55963   5.80095   0.00000  
 75  0.0542   2458.717582  x:  0.00246   0.00272   0.01375   0.00276   0.01737   0.03231   0.02274   0.01504   0.00588   0.01393   0.00393   0.01483   0.00000   0.00290   0.00186   0.03187   0.01781   0.00000   0.00630   0.00370   0.01991   0.01495   0.02184   0.00000   0.02499   0.01950   0.00608   0.02266   0.00000   0.02572   0.01177   0.00000   0.00502   0.00000   0.00000   0.00000   0.01044   0.00000   0.00000   0.00311   0.00000   0.00000   0.00000   0.00305   0.00253   0.00750   0.00000   0.00000   0.00258   0.00800   0.00251   0.00256   0.00000   0.00505   0.00292   4.61516   1.15707   3.61308   1.84766   6.60341   5.84048   0.00000  
 76  0.0547   2458.715818  x:  0.00247   0.00270   0.01379   0.00271   0.01739   0.03233   0.02284   0.01499   0.00589   0.01393   0.00396   0.01480   0.00000   0.00294   0.00186   0.03194   0.01787   0.00000   0.00642   0.00376   0.01997   0.01491   0.02173   0.00000   0.02489   0.01946   0.00603   0.02272   0.00000   0.02565   0.01177   0.00000   0.00506   0.00000   0.00000   0.00000   0.01039   0.00000   0.00000   0.00313   0.00000   0.00000   0.00000   0.00307   0.00252   0.00752   0.00000   0.00000   0.00259   0.00800   0.00251   0.00258   0.00000   0.00505   0.00295   4.61407   1.15439   3.59235   1.84211   6.68129   5.91667   0.00000  
 77  0.0492   2458.714617  x:  0.00247   0.00271   0.01379   0.00269   0.01732   0.03234   0.02281   0.01495   0.00590   0.01394   0.00397   0.01481   0.00000   0.00293   0.00188   0.03191   0.01783   0.00000   0.00634   0.00381   0.01995   0.01491   0.02170   0.00000   0.02485   0.01942   0.00610   0.02276   0.00000   0.02559   0.01177   0.00000   0.00506   0.00000   0.00000   0.00000   0.01041   0.00000   0.00000   0.00311   0.00000   0.00000   0.00000   0.00310   0.00252   0.00757   0.00000   0.00000   0.00260   0.00799   0.00251   0.00262   0.00000   0.00500   0.00298   4.62248   1.15719   3.59008   1.84053   6.77805   6.01445   0.00000  
 78  0.0575   2458.713756  x:  0.00247   0.00271   0.01378   0.00270   0.01737   0.03231   0.02276   0.01496   0.00592   0.01393   0.00396   0.01484   0.00000   0.00289   0.00188   0.03187   0.01780   0.00000   0.00639   0.00385   0.02000   0.01493   0.02173   0.00000   0.02492   0.01952   0.00608   0.02267   0.00000   0.02566   0.01179   0.00000   0.00507   0.00000   0.00000   0.00000   0.01045   0.00000   0.00000   0.00309   0.00000   0.00000   0.00000   0.00308   0.00251   0.00760   0.00000   0.00000   0.00260   0.00798   0.00251   0.00266   0.00000   0.00500   0.00300   4.61907   1.15495   3.58990   1.83846   6.86462   6.10094   0.00000  
 79  0.0438   2458.712863  x:  0.00244   0.00271   0.01379   0.00271   0.01741   0.03236   0.02284   0.01496   0.00590   0.01391   0.00395   0.01479   0.00000   0.00291   0.00187   0.03185   0.01782   0.00000   0.00634   0.00386   0.01996   0.01487   0.02180   0.00000   0.02498   0.01941   0.00603   0.02267   0.00000   0.02560   0.01184   0.00000   0.00507   0.00000   0.00000   0.00000   0.01044   0.00000   0.00000   0.00309   0.00000   0.00000   0.00000   0.00306   0.00251   0.00757   0.00000   0.00000   0.00259   0.00797   0.00252   0.00271   0.00000   0.00501   0.00300   4.60899   1.15388   3.59816   1.83448   6.95239   6.18799   0.00000  
 80  0.0438   2458.712245  x:  0.00242   0.00271   0.01379   0.00271   0.01730   0.03232   0.02279   0.01498   0.00588   0.01392   0.00395   0.01480   0.00000   0.00293   0.00187   0.03187   0.01782   0.00000   0.00638   0.00386   0.02000   0.01491   0.02177   0.00000   0.02497   0.01945   0.00606   0.02271   0.00000   0.02564   0.01182   0.00000   0.00506   0.00000   0.00000   0.00000   0.01044   0.00000   0.00000   0.00311   0.00000   0.00000   0.00000   0.00307   0.00252   0.00754   0.00000   0.00000   0.00257   0.00802   0.00252   0.00273   0.00000   0.00502   0.00298   4.60185   1.15336   3.59957   1.82901   7.02306   6.25946   0.00000  
 81  0.0403   2458.711272  x:  0.00241   0.00270   0.01375   0.00273   0.01735   0.03238   0.02286   0.01503   0.00593   0.01395   0.00396   0.01485   0.00000   0.00291   0.00188   0.03188   0.01781   0.00000   0.00636   0.00386   0.01997   0.01489   0.02166   0.00000   0.02491   0.01945   0.00610   0.02273   0.00000   0.02565   0.01179   0.00000   0.00503   0.00000   0.00000   0.00000   0.01041   0.00000   0.00000   0.00311   0.00000   0.00000   0.00000   0.00307   0.00253   0.00756   0.00000   0.00000   0.00257   0.00801   0.00249   0.00274   0.00000   0.00502   0.00292   4.59784   1.15176   3.58984   1.82572   7.18366   6.41891   0.00000  
 82  0.0389   2458.709339  x:  0.00238   0.00274   0.01377   0.00269   0.01732   0.03235   0.02271   0.01504   0.00592   0.01394   0.00399   0.01481   0.00000   0.00289   0.00187   0.03192   0.01783   0.00000   0.00638   0.00380   0.02002   0.01488   0.02177   0.00000   0.02480   0.01940   0.00603   0.02268   0.00000   0.02563   0.01178   0.00000   0.00503   0.00000   0.00000   0.00000   0.01046   0.00000   0.00000   0.00312   0.00000   0.00000   0.00000   0.00307   0.00251   0.00759   0.00000   0.00000   0.00259   0.00798   0.00252   0.00271   0.00000   0.00505   0.00288   4.61072   1.15270   3.57920   1.81477   7.49688   6.73245   0.00000  
 83  0.0902   2458.706683  x:  0.00239   0.00268   0.01382   0.00271   0.01729   0.03232   0.02278   0.01503   0.00588   0.01391   0.00399   0.01478   0.00000   0.00291   0.00188   0.03185   0.01783   0.00000   0.00635   0.00375   0.02005   0.01493   0.02187   0.00000   0.02495   0.01944   0.00604   0.02274   0.00000   0.02559   0.01181   0.00000   0.00503   0.00000   0.00000   0.00000   0.01043   0.00000   0.00000   0.00309   0.00000   0.00000   0.00000   0.00304   0.00250   0.00760   0.00000   0.00000   0.00262   0.00805   0.00249   0.00270   0.00000   0.00503   0.00288   4.61213   1.15618   3.56307   1.83725   8.02377   7.26268   0.00000  
 84  0.1835   2458.704403  x:  0.00237   0.00273   0.01380   0.00269   0.01733   0.03231   0.02286   0.01493   0.00592   0.01390   0.00396   0.01482   0.00000   0.00294   0.00187   0.03186   0.01782   0.00000   0.00638   0.00372   0.01997   0.01493   0.02182   0.00000   0.02497   0.01946   0.00611   0.02263   0.00000   0.02567   0.01185   0.00000   0.00506   0.00000   0.00000   0.00000   0.01043   0.00000   0.00000   0.00309   0.00000   0.00000   0.00000   0.00308   0.00250   0.00757   0.00000   0.00000   0.00262   0.00803   0.00253   0.00267   0.00000   0.00501   0.00292   4.61015   1.16033   3.57438   1.84197   8.66056   7.89323   0.00000  
 85  0.3067   2458.702922  x:  0.00238   0.00271   0.01375   0.00271   0.01734   0.03237   0.02278   0.01489   0.00589   0.01396   0.00393   0.01482   0.00000   0.00291   0.00188   0.03183   0.01781   0.00000   0.00637   0.00370   0.01999   0.01492   0.02173   0.00000   0.02498   0.01942   0.00605   0.02273   0.00000   0.02562   0.01178   0.00000   0.00507   0.00000   0.00000   0.00000   0.01045   0.00000   0.00000   0.00310   0.00000   0.00000   0.00000   0.00308   0.00252   0.00755   0.00000   0.00000   0.00258   0.00799   0.00251   0.00266   0.00000   0.00502   0.00295   4.60927   1.15700   3.58143   1.84418   9.37827   8.61488   0.00000  
 86  0.3744   2458.702201  x:  0.00240   0.00273   0.01380   0.00271   0.01732   0.03235   0.02283   0.01497   0.00591   0.01393   0.00395   0.01481   0.00000   0.00292   0.00188   0.03195   0.01783   0.00000   0.00637   0.00370   0.02000   0.01490   0.02173   0.00000   0.02495   0.01949   0.00607   0.02270   0.00000   0.02566   0.01180   0.00000   0.00506   0.00000   0.00000   0.00000   0.01042   0.00000   0.00000   0.00311   0.00000   0.00000   0.00000   0.00306   0.00251   0.00756   0.00000   0.00000   0.00258   0.00797   0.00251   0.00266   0.00000   0.00500   0.00297   4.60291   1.16118   3.58388   1.84302  10.06740   9.30356   0.00000  
 87  0.3643   2458.701786  x:  0.00242   0.00271   0.01379   0.00271   0.01737   0.03233   0.02276   0.01501   0.00591   0.01391   0.00396   0.01479   0.00000   0.00291   0.00187   0.03191   0.01782   0.00000   0.00636   0.00370   0.01998   0.01493   0.02174   0.00000   0.02489   0.01943   0.00605   0.02271   0.00000   0.02563   0.01181   0.00000   0.00505   0.00000   0.00000   0.00000   0.01045   0.00000   0.00000   0.00312   0.00000   0.00000   0.00000   0.00307   0.00253   0.00757   0.00000   0.00000   0.00258   0.00800   0.00250   0.00266   0.00000   0.00500   0.00297   4.60593   1.15577   3.59542   1.83910  10.79895  10.03517   0.00000  
 88  0.3915   2458.701628  x:  0.00244   0.00271   0.01378   0.00272   0.01734   0.03235   0.02280   0.01502   0.00589   0.01393   0.00396   0.01481   0.00000   0.00292   0.00187   0.03191   0.01784   0.00000   0.00636   0.00370   0.01999   0.01491   0.02176   0.00000   0.02491   0.01946   0.00607   0.02270   0.00000   0.02563   0.01181   0.00000   0.00505   0.00000   0.00000   0.00000   0.01043   0.00000   0.00000   0.00311   0.00000   0.00000   0.00000   0.00308   0.00252   0.00756   0.00000   0.00000   0.00259   0.00799   0.00251   0.00266   0.00000   0.00502   0.00297   4.60495   1.15583   3.59094   1.83677  11.37396  10.60989   0.00000  
 89  0.3341   2458.701563  x:  0.00244   0.00271   0.01377   0.00271   0.01735   0.03233   0.02281   0.01498   0.00590   0.01394   0.00396   0.01481   0.00000   0.00292   0.00187   0.03188   0.01783   0.00000   0.00636   0.00370   0.01999   0.01492   0.02175   0.00000   0.02493   0.01945   0.00606   0.02271   0.00000   0.02563   0.01182   0.00000   0.00505   0.00000   0.00000   0.00000   0.01043   0.00000   0.00000   0.00310   0.00000   0.00000   0.00000   0.00307   0.00253   0.00756   0.00000   0.00000   0.00259   0.00800   0.00251   0.00266   0.00000   0.00502   0.00296   4.60692   1.15429   3.59200   1.83254  11.86963  11.10568   0.00000  
 90  0.2696   2458.701531  x:  0.00244   0.00271   0.01378   0.00271   0.01734   0.03234   0.02280   0.01497   0.00590   0.01393   0.00395   0.01481   0.00000   0.00292   0.00187   0.03189   0.01783   0.00000   0.00636   0.00370   0.01999   0.01490   0.02175   0.00000   0.02494   0.01945   0.00606   0.02271   0.00000   0.02563   0.01181   0.00000   0.00505   0.00000   0.00000   0.00000   0.01043   0.00000   0.00000   0.00311   0.00000   0.00000   0.00000   0.00307   0.00252   0.00756   0.00000   0.00000   0.00259   0.00800   0.00251   0.00266   0.00000   0.00502   0.00296   4.60486   1.15518   3.58687   1.83230  12.29705  11.53344   0.00000  
 91  0.2055   2458.701505  x:  0.00244   0.00271   0.01379   0.00271   0.01735   0.03234   0.02280   0.01497   0.00590   0.01392   0.00395   0.01480   0.00000   0.00292   0.00187   0.03190   0.01783   0.00000   0.00636   0.00370   0.01999   0.01492   0.02176   0.00000   0.02493   0.01945   0.00607   0.02271   0.00000   0.02563   0.01182   0.00000   0.00505   0.00000   0.00000   0.00000   0.01044   0.00000   0.00000   0.00311   0.00000   0.00000   0.00000   0.00308   0.00252   0.00756   0.00000   0.00000   0.00259   0.00799   0.00251   0.00266   0.00000   0.00501   0.00296   4.60583   1.15457   3.59055   1.83284  12.93131  12.16725   0.00000  
 92  0.2448   2458.701485  x:  0.00244   0.00271   0.01378   0.00271   0.01735   0.03235   0.02279   0.01498   0.00590   0.01393   0.00396   0.01481   0.00000   0.00292   0.00187   0.03189   0.01783   0.00000   0.00637   0.00370   0.01999   0.01491   0.02176   0.00000   0.02493   0.01945   0.00606   0.02271   0.00000   0.02563   0.01181   0.00000   0.00506   0.00000   0.00000   0.00000   0.01044   0.00000   0.00000   0.00311   0.00000   0.00000   0.00000   0.00307   0.00252   0.00756   0.00000   0.00000   0.00259   0.00800   0.00251   0.00266   0.00000   0.00501   0.00296   4.60516   1.15558   3.58725   1.83417  13.70334  12.93943   0.00000  
 93  0.3372   2458.701476  x:  0.00243   0.00271   0.01378   0.00271   0.01734   0.03234   0.02281   0.01498   0.00590   0.01393   0.00396   0.01481   0.00000   0.00292   0.00187   0.03189   0.01783   0.00000   0.00636   0.00370   0.01999   0.01491   0.02175   0.00000   0.02493   0.01945   0.00606   0.02270   0.00000   0.02563   0.01181   0.00000   0.00506   0.00000   0.00000   0.00000   0.01043   0.00000   0.00000   0.00311   0.00000   0.00000   0.00000   0.00307   0.00252   0.00756   0.00000   0.00000   0.00259   0.00800   0.00251   0.00266   0.00000   0.00501   0.00296   4.60632   1.15526   3.58985   1.83465  14.51277  13.74895   0.00000  
 94  0.4670   2458.701472  x:  0.00243   0.00271   0.01378   0.00271   0.01735   0.03234   0.02280   0.01498   0.00590   0.01393   0.00396   0.01481   0.00000   0.00292   0.00187   0.03189   0.01783   0.00000   0.00636   0.00370   0.01999   0.01491   0.02175   0.00000   0.02493   0.01945   0.00606   0.02271   0.00000   0.02563   0.01181   0.00000   0.00506   0.00000   0.00000   0.00000   0.01043   0.00000   0.00000   0.00311   0.00000   0.00000   0.00000   0.00307   0.00252   0.00756   0.00000   0.00000   0.00259   0.00800   0.00251   0.00266   0.00000   0.00501   0.00296   4.60573   1.15558   3.58914   1.83484  15.07751  14.31358   0.00000  
 95  0.3441   2458.701470  x:  0.00243   0.00271   0.01378   0.00271   0.01734   0.03234   0.02280   0.01498   0.00590   0.01393   0.00396   0.01481   0.00000   0.00292   0.00187   0.03189   0.01783   0.00000   0.00636   0.00370   0.01999   0.01491   0.02176   0.00000   0.02493   0.01945   0.00606   0.02270   0.00000   0.02563   0.01181   0.00000   0.00505   0.00000   0.00000   0.00000   0.01043   0.00000   0.00000   0.00311   0.00000   0.00000   0.00000   0.00307   0.00252   0.00756   0.00000   0.00000   0.00259   0.00800   0.00251   0.00266   0.00000   0.00502   0.00296   4.60580   1.15541   3.58936   1.83478  15.86325  15.09939   0.00000  
 96  0.4448   2458.701469  x:  0.00243   0.00271   0.01378   0.00271   0.01735   0.03234   0.02280   0.01498   0.00590   0.01393   0.00396   0.01481   0.00000   0.00292   0.00187   0.03189   0.01783   0.00000   0.00636   0.00370   0.01999   0.01491   0.02175   0.00000   0.02493   0.01945   0.00606   0.02271   0.00000   0.02563   0.01181   0.00000   0.00505   0.00000   0.00000   0.00000   0.01043   0.00000   0.00000   0.00311   0.00000   0.00000   0.00000   0.00307   0.00252   0.00756   0.00000   0.00000   0.00259   0.00800   0.00251   0.00266   0.00000   0.00502   0.00296   4.60595   1.15546   3.59004   1.83496  16.53053  15.76661   0.00000  
 97  0.3626   2458.701469  x:  0.00243   0.00271   0.01378   0.00271   0.01734   0.03234   0.02280   0.01498   0.00590   0.01393   0.00396   0.01481   0.00000   0.00292   0.00187   0.03189   0.01783   0.00000   0.00636   0.00370   0.01999   0.01491   0.02175   0.00000   0.02493   0.01945   0.00606   0.02271   0.00000   0.02563   0.01181   0.00000   0.00505   0.00000   0.00000   0.00000   0.01043   0.00000   0.00000   0.00311   0.00000   0.00000   0.00000   0.00307   0.00252   0.00756   0.00000   0.00000   0.00259   0.00800   0.00251   0.00266   0.00000   0.00502   0.00296   4.60585   1.15547   3.58953   1.83488  16.81443  16.05053   0.00000  
 98  0.2619   2458.701469  x:  0.00243   0.00271   0.01378   0.00271   0.01734   0.03234   0.02280   0.01498   0.00590   0.01393   0.00396   0.01481   0.00000   0.00292   0.00187   0.03189   0.01783   0.00000   0.00636   0.00370   0.01999   0.01491   0.02175   0.00000   0.02493   0.01945   0.00606   0.02271   0.00000   0.02563   0.01181   0.00000   0.00505   0.00000   0.00000   0.00000   0.01043   0.00000   0.00000   0.00311   0.00000   0.00000   0.00000   0.00307   0.00252   0.00756   0.00000   0.00000   0.00259   0.00800   0.00251   0.00266   0.00000   0.00502   0.00296   4.60584   1.15544   3.58924   1.83477  17.66756  16.90368   0.00000  
 99  0.5800   2458.701469  x:  0.00243   0.00271   0.01378   0.00271   0.01735   0.03234   0.02280   0.01498   0.00590   0.01393   0.00396   0.01481   0.00000   0.00292   0.00187   0.03189   0.01783   0.00000   0.00636   0.00370   0.01999   0.01491   0.02175   0.00000   0.02493   0.01945   0.00606   0.02271   0.00000   0.02563   0.01181   0.00000   0.00505   0.00000   0.00000   0.00000   0.01043   0.00000   0.00000   0.00311   0.00000   0.00000   0.00000   0.00307   0.00252   0.00756   0.00000   0.00000   0.00259   0.00800   0.00251   0.00266   0.00000   0.00502   0.00296   4.60591   1.15542   3.58962   1.83471  18.35878  17.59487   0.00000  
100  0.2663   2458.701469  x:  0.00243   0.00271   0.01378   0.00271   0.01734   0.03234   0.02280   0.01498   0.00590   0.01393   0.00396   0.01481   0.00000   0.00292   0.00187   0.03189   0.01783   0.00000   0.00636   0.00370   0.01999   0.01491   0.02175   0.00000   0.02493   0.01945   0.00606   0.02271   0.00000   0.02563   0.01181   0.00000   0.00505   0.00000   0.00000   0.00000   0.01043   0.00000   0.00000   0.00311   0.00000   0.00000   0.00000   0.00307   0.00252   0.00756   0.00000   0.00000   0.00259   0.00800   0.00251   0.00266   0.00000   0.00502   0.00296   4.60588   1.15542   3.58949   1.83470  18.39804  17.63414   0.00000  
101  0.0823   2458.701469  x:  0.00243   0.00271   0.01378   0.00271   0.01734   0.03234   0.02280   0.01498   0.00590   0.01393   0.00396   0.01481   0.00000   0.00292   0.00187   0.03189   0.01783   0.00000   0.00636   0.00370   0.01999   0.01491   0.02175   0.00000   0.02493   0.01945   0.00606   0.02271   0.00000   0.02563   0.01181   0.00000   0.00505   0.00000   0.00000   0.00000   0.01043   0.00000   0.00000   0.00311   0.00000   0.00000   0.00000   0.00307   0.00252   0.00756   0.00000   0.00000   0.00259   0.00800   0.00251   0.00266   0.00000   0.00502   0.00296   4.60587   1.15542   3.58943   1.83470  18.43730  17.67340   0.00000  
102  0.1225   2458.701469  x:  0.00243   0.00271   0.01378   0.00271   0.01734   0.03234   0.02280   0.01498   0.00590   0.01393   0.00396   0.01481   0.00000   0.00292   0.00187   0.03189   0.01783   0.00000   0.00636   0.00370   0.01999   0.01491   0.02175   0.00000   0.02493   0.01945   0.00606   0.02271   0.00000   0.02563   0.01181   0.00000   0.00505   0.00000   0.00000   0.00000   0.01043   0.00000   0.00000   0.00311   0.00000   0.00000   0.00000   0.00307   0.00252   0.00756   0.00000   0.00000   0.00259   0.00800   0.00251   0.00266   0.00000   0.00502   0.00296   4.60584   1.15543   3.58937   1.83470  18.58688  17.82299   0.00000  
103  0.1847   2458.701469  x:  0.00243   0.00271   0.01378   0.00271   0.01734   0.03234   0.02280   0.01498   0.00590   0.01393   0.00396   0.01481   0.00000   0.00292   0.00187   0.03189   0.01783   0.00000   0.00636   0.00370   0.01999   0.01491   0.02175   0.00000   0.02493   0.01945   0.00606   0.02271   0.00000   0.02563   0.01181   0.00000   0.00505   0.00000   0.00000   0.00000   0.01043   0.00000   0.00000   0.00311   0.00000   0.00000   0.00000   0.00307   0.00252   0.00756   0.00000   0.00000   0.00259   0.00800   0.00251   0.00266   0.00000   0.00501   0.00296   4.60582   1.15543   3.58931   1.83469  19.57829  18.81440   0.00000  
104  0.2759   2458.701469  x:  0.00243   0.00271   0.01378   0.00271   0.01734   0.03234   0.02280   0.01498   0.00590   0.01393   0.00396   0.01481   0.00000   0.00292   0.00187   0.03189   0.01783   0.00000   0.00636   0.00370   0.01999   0.01491   0.02175   0.00000   0.02493   0.01945   0.00606   0.02271   0.00000   0.02563   0.01181   0.00000   0.00505   0.00000   0.00000   0.00000   0.01043   0.00000   0.00000   0.00311   0.00000   0.00000   0.00000   0.00307   0.00252   0.00756   0.00000   0.00000   0.00259   0.00800   0.00251   0.00266   0.00000   0.00502   0.00296   4.60583   1.15543   3.58935   1.83470  19.33797  18.57407   0.00000  
105  0.5086   2458.701469  x:  0.00243   0.00271   0.01378   0.00271   0.01734   0.03234   0.02280   0.01498   0.00590   0.01393   0.00396   0.01481   0.00000   0.00292   0.00187   0.03189   0.01783   0.00000   0.00636   0.00370   0.01999   0.01491   0.02175   0.00000   0.02493   0.01945   0.00606   0.02271   0.00000   0.02563   0.01181   0.00000   0.00505   0.00000   0.00000   0.00000   0.01043   0.00000   0.00000   0.00311   0.00000   0.00000   0.00000   0.00307   0.00252   0.00756   0.00000   0.00000   0.00259   0.00800   0.00251   0.00266   0.00000   0.00502   0.00296   4.60584   1.15543   3.58936   1.83470  19.27788  18.51399   0.00000  
106 181.7274   2458.701469  x:  0.00243   0.00271   0.01378   0.00271   0.01734   0.03234   0.02280   0.01498   0.00590   0.01393   0.00396   0.01481   0.00000   0.00292   0.00187   0.03189   0.01783   0.00000   0.00636   0.00370   0.01999   0.01491   0.02175   0.00000   0.02493   0.01945   0.00606   0.02271   0.00000   0.02563   0.01181   0.00000   0.00505   0.00000   0.00000   0.00000   0.01043   0.00000   0.00000   0.00311   0.00000   0.00000   0.00000   0.00307   0.00252   0.00756   0.00000   0.00000   0.00259   0.00800   0.00251   0.00266   0.00000   0.00502   0.00296   4.60583   1.15543   3.58936   1.83470  19.28164  18.51775   0.00000  
107  0.0850   2458.701469  x:  0.00243   0.00271   0.01378   0.00271   0.01734   0.03234   0.02280   0.01498   0.00590   0.01393   0.00396   0.01481   0.00000   0.00292   0.00187   0.03189   0.01783   0.00000   0.00636   0.00370   0.01999   0.01491   0.02175   0.00000   0.02493   0.01945   0.00606   0.02271   0.00000   0.02563   0.01181   0.00000   0.00505   0.00000   0.00000   0.00000   0.01043   0.00000   0.00000   0.00311   0.00000   0.00000   0.00000   0.00307   0.00252   0.00756   0.00000   0.00000   0.00259   0.00800   0.00251   0.00266   0.00000   0.00502   0.00296   4.60583   1.15543   3.58936   1.83470  19.28164  18.51775   0.00000  
108  0.0000   2458.701469  x:  0.00243   0.00271   0.01378   0.00271   0.01734   0.03234   0.02280   0.01498   0.00590   0.01393   0.00396   0.01481   0.00000   0.00292   0.00187   0.03189   0.01783   0.00000   0.00636   0.00370   0.01999   0.01491   0.02175   0.00000   0.02493   0.01945   0.00606   0.02271   0.00000   0.02563   0.01181   0.00000   0.00505   0.00000   0.00000   0.00000   0.01043   0.00000   0.00000   0.00311   0.00000   0.00000   0.00000   0.00307   0.00252   0.00756   0.00000   0.00000   0.00259   0.00800   0.00251   0.00266   0.00000   0.00502   0.00296   4.60583   1.15543   3.58936   1.83470  19.28164  18.51775   0.00000  
109  0.0178   2458.701469  x:  0.00243   0.00271   0.01378   0.00271   0.01734   0.03234   0.02280   0.01498   0.00590   0.01393   0.00396   0.01481   0.00000   0.00292   0.00187   0.03189   0.01783   0.00000   0.00636   0.00370   0.01999   0.01491   0.02175   0.00000   0.02493   0.01945   0.00606   0.02271   0.00000   0.02563   0.01181   0.00000   0.00505   0.00000   0.00000   0.00000   0.01043   0.00000   0.00000   0.00311   0.00000   0.00000   0.00000   0.00307   0.00252   0.00756   0.00000   0.00000   0.00259   0.00800   0.00251   0.00266   0.00000   0.00502   0.00296   4.60583   1.15543   3.58936   1.83470  19.28164  18.51775   0.00000  
110  0.0074   2458.701469  x:  0.00243   0.00271   0.01378   0.00271   0.01734   0.03234   0.02280   0.01498   0.00590   0.01393   0.00396   0.01481   0.00000   0.00292   0.00187   0.03189   0.01783   0.00000   0.00636   0.00370   0.01999   0.01491   0.02175   0.00000   0.02493   0.01945   0.00606   0.02271   0.00000   0.02563   0.01181   0.00000   0.00505   0.00000   0.00000   0.00000   0.01043   0.00000   0.00000   0.00311   0.00000   0.00000   0.00000   0.00307   0.00252   0.00756   0.00000   0.00000   0.00259   0.00800   0.00251   0.00266   0.00000   0.00502   0.00296   4.60583   1.15543   3.58936   1.83470  19.28164  18.51775   0.00000  
111  0.0174   2458.701469  x:  0.00243   0.00271   0.01378   0.00271   0.01734   0.03234   0.02280   0.01498   0.00590   0.01393   0.00396   0.01481   0.00000   0.00292   0.00187   0.03189   0.01783   0.00000   0.00636   0.00370   0.01999   0.01491   0.02175   0.00000   0.02493   0.01945   0.00606   0.02271   0.00000   0.02563   0.01181   0.00000   0.00505   0.00000   0.00000   0.00000   0.01043   0.00000   0.00000   0.00311   0.00000   0.00000   0.00000   0.00307   0.00252   0.00756   0.00000   0.00000   0.00259   0.00800   0.00251   0.00266   0.00000   0.00502   0.00296   4.60583   1.15543   3.58936   1.83470  19.28164  18.51775   0.00000  
112  0.0073   2458.701469  x:  0.00243   0.00271   0.01378   0.00271   0.01734   0.03234   0.02280   0.01498   0.00590   0.01393   0.00396   0.01481   0.00000   0.00292   0.00187   0.03189   0.01783   0.00000   0.00636   0.00370   0.01999   0.01491   0.02175   0.00000   0.02493   0.01945   0.00606   0.02271   0.00000   0.02563   0.01181   0.00000   0.00505   0.00000   0.00000   0.00000   0.01043   0.00000   0.00000   0.00311   0.00000   0.00000   0.00000   0.00307   0.00252   0.00756   0.00000   0.00000   0.00259   0.00800   0.00251   0.00266   0.00000   0.00502   0.00296   4.60583   1.15543   3.58936   1.83470  19.28164  18.51775   0.00000  
check convergence!
