Supplemental results for CODEML (seqf: /home/leticiamagpali/phd/evol_models/codeml/small_dataset/cml_align/CASQ1_codon_aligned.phy  treef: /home/leticiamagpali/phd/evol_models/codeml/small_dataset/cml_trees/H2_trees/CASQ1_tree_H2.tre)

I	J	ij	2Ns_IJ	pMut_IJ	pSub_IJ	2Ns_JI	pMut_JI	pSub_JI

TTC	TTT	CT	0.80542	0.18229	0.26546	-0.80542	0.40791	0.26546	0.26546	0.26546
TTA	TTT	AT	1.26936	0.00866	0.01530	-1.26936	0.03083	0.01530	0.00765	0.00765
TTA	TTC	AC	0.46394	0.03558	0.04447	-0.46394	0.05658	0.04447	0.02223	0.02223
TTG	TTT	GT	5.16625	0.00010	0.00054	-5.16625	0.01830	0.00054	0.00027	0.00027
TTG	TTC	GC	4.36083	0.00043	0.00189	-4.36083	0.03357	0.00189	0.00095	0.00095
TTG	TTA	GA	3.89689	0.00083	0.00330	-3.89689	0.04088	0.00330	0.00330	0.00330
TCT	TTT	CT	2.31823	0.04016	0.10326	-2.31823	0.40791	0.10326	0.05163	0.05163
TCC	TTC	CT	4.61701	0.00740	0.03450	-4.61701	0.74856	0.03450	0.01725	0.01725
TCC	TCT	CT	3.10420	0.00740	0.02404	-3.10420	0.16490	0.02404	0.02404	0.02404
TCA	TTA	CT	1.03557	0.06394	0.10265	-1.03557	0.18009	0.10265	0.05133	0.05133
TCA	TCT	AT	-0.01330	0.01263	0.01255	0.01330	0.01246	0.01255	0.01255	0.01255
TCA	TCC	AC	-3.11750	0.05187	0.00749	3.11750	0.00230	0.00749	0.00749	0.00749
TCG	TTG	CT	1.41252	0.00053	0.00099	-1.41252	0.00217	0.00099	0.00049	0.00049
TCG	TCT	GT	4.26054	0.00010	0.00045	-4.26054	0.00740	0.00045	0.00045	0.00045
TCG	TCC	GC	1.15634	0.00043	0.00072	-1.15634	0.00136	0.00072	0.00072	0.00072
TCG	TCA	GA	4.27384	0.00083	0.00360	-4.27384	0.05960	0.00360	0.00360	0.00360
TAT	TTT	AT	0.96082	0.01180	0.01836	-0.96082	0.03083	0.01836	0.00918	0.00918
TAT	TCT	AC	-1.35742	0.04844	0.02278	1.35742	0.01246	0.02278	0.01139	0.01139
TAC	TTC	AT	0.83998	0.02443	0.03611	-0.83998	0.05658	0.03611	0.01805	0.01805
TAC	TCC	AC	-3.77703	0.10031	0.00888	3.77703	0.00230	0.00888	0.00444	0.00444
TAC	TAT	CT	0.68459	0.12364	0.17076	-0.68459	0.24518	0.17076	0.17076	0.17076
TGT	TTT	GT	9.74419	0.00000	0.00000	-9.74419	0.01830	0.00001	0.00000	0.00001
TGT	TCT	GC	7.42596	0.00000	0.00000	-7.42596	0.00740	0.00003	0.00000	0.00002
TGT	TAT	GA	8.78338	0.00000	0.00000	-8.78338	0.05566	0.00007	0.00000	0.00004
TGC	TTC	GT	10.35130	0.00000	0.00000	-10.35130	0.03357	0.00001	0.00000	0.00001
TGC	TCC	GC	5.73429	0.00000	0.00000	-5.73429	0.00136	0.00003	0.00000	0.00001
TGC	TAC	GA	9.51131	0.00000	0.00000	-9.51131	0.11526	0.00008	0.00000	0.00004
TGC	TGT	CT	1.41252	0.00000	0.00000	-1.41252	0.00000	0.00000	0.00000	0.00000
TGG	TTG	GT	-4.85768	0.01253	0.00048	4.85768	0.00010	0.00048	0.00024	0.00024
TGG	TCG	GC	-6.27021	0.05144	0.00061	6.27021	0.00010	0.00061	0.00031	0.00031
TGG	TGT	GT	-9.43563	0.01253	0.00001	9.43563	0.00000	0.00000	0.00000	0.00000
TGG	TGC	GC	-10.84815	0.05144	0.00001	10.84815	0.00000	0.00000	0.00001	0.00000
CTT	TTT	CT	3.31676	0.01479	0.05092	-3.31676	0.40791	0.05092	0.02546	0.02546
CTC	TTC	CT	2.60211	0.05548	0.15592	-2.60211	0.74856	0.15592	0.07796	0.07796
CTC	CTT	CT	0.09077	0.05548	0.05804	-0.09077	0.06075	0.05804	0.05804	0.05804
CTA	TTA	CT	0.91871	0.07186	0.10986	-0.91871	0.18009	0.10986	0.10986	0.10986
CTA	CTT	AT	-1.12869	0.01420	0.00766	1.12869	0.00459	0.00766	0.00766	0.00766
CTA	CTC	AC	-1.21946	0.05830	0.02980	1.21946	0.01722	0.02980	0.02980	0.02980
CTG	TTG	CT	-5.18871	0.38890	0.01132	5.18871	0.00217	0.01132	0.01132	0.01132
CTG	CTT	GT	-3.33922	0.07683	0.00943	3.33922	0.00272	0.00943	0.00943	0.00943
CTG	CTC	GC	-3.42999	0.31549	0.03622	3.42999	0.01022	0.03622	0.03622	0.03622
CTG	CTA	GA	-2.21053	0.61099	0.16632	2.21053	0.06699	0.16632	0.16632	0.16632
CCT	TCT	CT	0.55587	0.09458	0.12329	-0.55587	0.16490	0.12329	0.06165	0.06165
CCT	CTT	CT	-0.44266	0.09458	0.07519	0.44266	0.06075	0.07519	0.03759	0.03759
CCC	TCC	CT	-1.32370	0.11413	0.05479	1.32370	0.03038	0.05479	0.02740	0.02740
CCC	CTC	CT	0.69121	0.11413	0.15809	-0.69121	0.22782	0.15809	0.07904	0.07904
CCC	CCT	CT	1.22463	0.11413	0.19794	-1.22463	0.38838	0.19794	0.19794	0.19794
CCA	TCA	CT	2.87611	0.01479	0.04509	-2.87611	0.26254	0.04509	0.02255	0.02255
CCA	CTA	CT	2.99297	0.01479	0.04662	-2.99297	0.29508	0.04662	0.02331	0.02331
CCA	CCT	AT	2.30694	0.00292	0.00749	-2.30694	0.02936	0.00749	0.00749	0.00749
CCA	CCC	AC	1.08231	0.01200	0.01965	-1.08231	0.03543	0.01965	0.01965	0.01965
CCG	TCG	CT	-1.91968	0.01479	0.00488	1.91968	0.00217	0.00488	0.00244	0.00244
CCG	CTG	CT	4.68155	0.01479	0.06991	-4.68155	1.59693	0.06991	0.03496	0.03496
CCG	CCT	GT	1.78499	0.00292	0.00627	-1.78499	0.01742	0.00627	0.00627	0.00627
CCG	CCC	GC	0.56036	0.01200	0.01568	-0.56036	0.02102	0.01568	0.01568	0.01568
CCG	CCA	GA	-0.52195	0.02324	0.01770	0.52195	0.01379	0.01770	0.01770	0.01770
CAT	TAT	CT	2.07947	0.03065	0.07283	-2.07947	0.24518	0.07283	0.03642	0.03642
CAT	CTT	AT	-0.27648	0.00605	0.00526	0.27648	0.00459	0.00526	0.00263	0.00263
CAT	CCT	AC	0.16618	0.02486	0.02699	-0.16618	0.02936	0.02699	0.01349	0.01349
CAC	TAC	CT	2.80740	0.03065	0.09156	-2.80740	0.50772	0.09156	0.04578	0.04578
CAC	CTC	AT	1.04528	0.00605	0.00976	-1.04528	0.01722	0.00976	0.00488	0.00488
CAC	CCC	AC	0.35407	0.02486	0.02952	-0.35407	0.03543	0.02952	0.01476	0.01476
CAC	CAT	CT	1.41252	0.03065	0.05723	-1.41252	0.12584	0.05723	0.05723	0.05723
CAA	CTA	AT	0.72003	0.01086	0.01523	-0.72003	0.02230	0.01523	0.00762	0.00762
CAA	CCA	AC	-2.27295	0.04458	0.01164	2.27295	0.00459	0.01164	0.00582	0.00582
CAA	CAT	AT	-0.13219	0.01086	0.01015	0.13219	0.00951	0.01015	0.00508	0.00508
CAA	CAC	AC	-1.54471	0.04458	0.01868	1.54471	0.00951	0.01868	0.00934	0.00934
CAG	CTG	AT	2.46802	0.01023	0.02759	-2.46802	0.12071	0.02759	0.01379	0.01379
CAG	CCG	AC	-2.21353	0.04201	0.01141	2.21353	0.00459	0.01141	0.00571	0.00571
CAG	CAT	GT	-0.59472	0.01023	0.00749	0.59472	0.00564	0.00749	0.00374	0.00374
CAG	CAC	GC	-2.00724	0.04201	0.01309	2.00724	0.00564	0.01309	0.00654	0.00654
CAG	CAA	GA	-0.46253	0.08135	0.06398	0.46253	0.05123	0.06398	0.06398	0.06398
CGT	TGT	CT	-6.53272	0.01532	0.00015	6.53272	0.00000	0.00000	0.00007	0.00000
CGT	CTT	GT	-0.10528	0.00303	0.00287	0.10528	0.00272	0.00287	0.00144	0.00144
CGT	CCT	GC	0.33737	0.01243	0.01465	-0.33737	0.01742	0.01465	0.00732	0.00732
CGT	CAT	GA	0.17119	0.02407	0.02619	-0.17119	0.02857	0.02619	0.01310	0.01310
CGC	TGC	CT	1.41252	0.00000	0.00000	-1.41252	0.00000	0.00000	0.00000	0.00000
CGC	CTC	GT	9.16171	0.00000	0.00000	-9.16171	0.01022	0.00001	0.00000	0.00000
CGC	CCC	GC	8.47051	0.00000	0.00000	-8.47051	0.02102	0.00004	0.00000	0.00002
CGC	CAC	GA	8.11643	0.00000	0.00000	-8.11643	0.02857	0.00007	0.00000	0.00003
CGC	CGT	CT	9.35776	0.00000	0.00000	-9.35776	0.06292	0.00005	0.00000	0.00005
CGA	CTA	GT	1.44127	0.00313	0.00591	-1.44127	0.01323	0.00591	0.00296	0.00296
CGA	CCA	GC	-1.55171	0.01286	0.00536	1.55171	0.00272	0.00536	0.00268	0.00268
CGA	CAA	GA	0.72124	0.02490	0.03496	-0.72124	0.05123	0.03496	0.01748	0.01748
CGA	CGT	AT	0.41786	0.00313	0.00383	-0.41786	0.00476	0.00383	0.00383	0.00383
CGA	CGC	AC	-8.93990	0.01286	0.00002	8.93990	0.00000	0.00000	0.00002	0.00000
CGG	TGG	CT	2.86781	0.01479	0.04499	-2.86781	0.26037	0.04499	0.02249	0.02249
CGG	CTG	GT	3.19883	0.00292	0.00975	-3.19883	0.07162	0.00975	0.00487	0.00487
CGG	CCG	GC	-1.48272	0.01200	0.00523	1.48272	0.00272	0.00523	0.00261	0.00261
CGG	CAG	GA	0.73081	0.02324	0.03276	-0.73081	0.04827	0.03276	0.01638	0.01638
CGG	CGT	GT	-0.03510	0.00292	0.00287	0.03510	0.00282	0.00287	0.00287	0.00287
CGG	CGC	GC	-9.39286	0.01200	0.00001	9.39286	0.00000	0.00000	0.00001	0.00000
CGG	CGA	GA	-0.45296	0.02324	0.01838	0.45296	0.01478	0.01838	0.01838	0.01838
ATT	TTT	AT	0.28103	0.02328	0.02670	-0.28103	0.03083	0.02670	0.01335	0.01335
ATT	CTT	AC	-3.03573	0.09559	0.01464	3.03573	0.00459	0.01464	0.00732	0.00732
ATC	TTC	AT	0.81051	0.02516	0.03672	-0.81051	0.05658	0.03672	0.01836	0.01836
ATC	CTC	AC	-1.79160	0.10331	0.03702	1.79160	0.01722	0.03702	0.01851	0.01851
ATC	ATT	CT	1.33490	0.12734	0.23071	-1.33490	0.48385	0.23071	0.23071	0.23071
ATA	TTA	AT	1.28708	0.00376	0.00668	-1.28708	0.01361	0.00668	0.00334	0.00334
ATA	CTA	AC	0.36837	0.01543	0.01845	-0.36837	0.02230	0.01845	0.00922	0.00922
ATA	ATT	AT	2.27541	0.00376	0.00953	-2.27541	0.03657	0.00953	0.00953	0.00953
ATA	ATC	AC	0.94052	0.01543	0.02381	-0.94052	0.03953	0.02381	0.02381	0.02381
ATG	TTG	AT	-4.89535	0.02192	0.00081	4.89535	0.00016	0.00081	0.00040	0.00040
ATG	CTG	AC	0.29336	0.09002	0.10387	-0.29336	0.12071	0.10387	0.05193	0.05193
ATG	ATT	GT	-0.01013	0.02192	0.02181	0.01013	0.02170	0.02181	0.01091	0.01091
ATG	ATC	GC	-1.34503	0.09002	0.04266	1.34503	0.02345	0.04266	0.02133	0.02133
ATG	ATA	GA	-2.28554	0.17433	0.04512	2.28554	0.01773	0.04512	0.02256	0.02256
ACT	TCT	AT	0.33984	0.00887	0.01047	-0.33984	0.01246	0.01047	0.00523	0.00523
ACT	CCT	AC	-0.21603	0.03644	0.03264	0.21603	0.02936	0.03264	0.01632	0.01632
ACT	ATT	CT	2.37704	0.04491	0.11768	-2.37704	0.48385	0.11768	0.05884	0.05884
ACC	TCC	AT	-1.82916	0.01430	0.00500	1.82916	0.00230	0.00500	0.00250	0.00250
ACC	CCC	AC	-0.50546	0.05873	0.04513	0.50546	0.03543	0.04513	0.02256	0.02256
ACC	ATC	CT	1.97734	0.07239	0.16614	-1.97734	0.52291	0.16614	0.08307	0.08307
ACC	ACT	CT	0.93519	0.07239	0.11144	-0.93519	0.18443	0.11144	0.11144	0.11144
ACA	TCA	AT	1.12042	0.00647	0.01076	-1.12042	0.01984	0.01076	0.00538	0.00538
ACA	CCA	AC	-1.75569	0.02658	0.00975	1.75569	0.00459	0.00975	0.00487	0.00487
ACA	ATA	CT	0.86891	0.03276	0.04903	-0.86891	0.07811	0.04903	0.02451	0.02451
ACA	ACT	AT	0.76728	0.00647	0.00927	-0.76728	0.01394	0.00927	0.00927	0.00927
ACA	ACC	AC	-0.16792	0.02658	0.02441	0.16792	0.02247	0.02441	0.02441	0.02441
ACG	TCG	AT	-3.18582	0.00397	0.00055	3.18582	0.00016	0.00055	0.00027	0.00027
ACG	CCG	AC	-1.26614	0.01629	0.00810	1.26614	0.00459	0.00810	0.00405	0.00405
ACG	ATG	CT	3.12205	0.02008	0.06558	-3.12205	0.45564	0.06558	0.03279	0.03279
ACG	ACT	GT	0.73487	0.00397	0.00560	-0.73487	0.00827	0.00560	0.00560	0.00560
ACG	ACC	GC	-0.20032	0.01629	0.01471	0.20032	0.01333	0.01471	0.01471	0.01471
ACG	ACA	GA	-0.03241	0.03155	0.03104	0.03241	0.03054	0.03104	0.03104	0.03104
AAT	TAT	AT	0.16187	0.01576	0.01707	-0.16187	0.01853	0.01707	0.00854	0.00854
AAT	CAT	AC	-1.91760	0.06473	0.02138	1.91760	0.00951	0.02138	0.01069	0.01069
AAT	ATT	AT	0.84165	0.01576	0.02332	-0.84165	0.03657	0.02332	0.01166	0.01166
AAT	ACT	AC	-1.53539	0.06473	0.02728	1.53539	0.01394	0.02728	0.01364	0.01364
AAC	TAC	AT	0.57436	0.02161	0.02841	-0.57436	0.03838	0.02841	0.01420	0.01420
AAC	CAC	AC	-2.23304	0.08873	0.02379	2.23304	0.00951	0.02379	0.01190	0.01190
AAC	ATC	AT	0.60384	0.02161	0.02879	-0.60384	0.03953	0.02879	0.01439	0.01439
AAC	ACC	AC	-1.37350	0.08873	0.04133	1.37350	0.02247	0.04133	0.02066	0.02066
AAC	AAT	CT	1.09708	0.10938	0.18013	-1.09708	0.32763	0.18013	0.18013	0.18013
AAA	CAA	AC	-1.12039	0.05230	0.02836	1.12039	0.01706	0.02836	0.01418	0.01418
AAA	ATA	AT	-0.76874	0.01274	0.00846	0.76874	0.00590	0.00846	0.00423	0.00423
AAA	ACA	AC	-1.63765	0.05230	0.02067	1.63765	0.01017	0.02067	0.01034	0.01034
AAA	AAT	AT	0.66502	0.01274	0.01744	-0.66502	0.02476	0.01744	0.00872	0.00872
AAA	AAC	AC	-0.43206	0.05230	0.04181	0.43206	0.03395	0.04181	0.02090	0.02090
AAG	CAG	AC	-2.55788	0.20747	0.04456	2.55788	0.01607	0.04456	0.02228	0.02228
AAG	ATG	AT	-0.38322	0.05052	0.04146	0.38322	0.03444	0.04146	0.02073	0.02073
AAG	ACG	AC	-3.50526	0.20747	0.02252	3.50526	0.00623	0.02252	0.01126	0.01126
AAG	AAT	GT	-1.23500	0.05052	0.02559	1.23500	0.01469	0.02559	0.01280	0.01280
AAG	AAC	GC	-2.33208	0.20747	0.05203	2.33208	0.02014	0.05203	0.02601	0.02601
AAG	AAA	GA	-1.90002	0.40179	0.13426	1.90002	0.06009	0.13426	0.13426	0.13426
AGT	TGT	AT	-7.93285	0.00470	0.00001	7.93285	0.00000	0.00000	0.00001	0.00000
AGT	CGT	AC	-1.40013	0.01929	0.00884	1.40013	0.00476	0.00884	0.00442	0.00442
AGT	ATT	GT	1.53032	0.00470	0.00917	-1.53032	0.02170	0.00917	0.00459	0.00459
AGT	ACT	GC	-0.84673	0.01929	0.01226	0.84673	0.00827	0.01226	0.00613	0.00613
AGT	AAT	GA	0.68866	0.03736	0.05168	-0.68866	0.07438	0.05168	0.02584	0.02584
AGC	TGC	AT	-9.26785	0.01785	0.00002	9.26785	0.00000	0.00000	0.00001	0.00000
AGC	CGC	AC	-10.68037	0.07330	0.00002	10.68037	0.00000	0.00000	0.00001	0.00000
AGC	ATC	GT	0.27294	0.01785	0.02040	-0.27294	0.02345	0.02040	0.01020	0.01020
AGC	ACC	GC	-1.70440	0.07330	0.02777	1.70440	0.01333	0.02777	0.01389	0.01389
AGC	AAC	GA	-0.33090	0.14195	0.11976	0.33090	0.10196	0.11976	0.05988	0.05988
AGC	AGT	CT	0.07752	0.09035	0.09390	-0.07752	0.09764	0.09390	0.09390	0.09390
AGA	CGA	AC	-1.89030	0.03258	0.01096	1.89030	0.00492	0.01096	0.01096	0.01096
AGA	ATA	GT	-0.81741	0.00793	0.00513	0.81741	0.00350	0.00513	0.00256	0.00256
AGA	ACA	GC	-1.68632	0.03258	0.01249	1.68632	0.00603	0.01249	0.00624	0.00624
AGA	AAA	GA	-0.04867	0.06309	0.06157	0.04867	0.06009	0.06157	0.03078	0.03078
AGA	AGT	AT	-0.07231	0.00793	0.00765	0.07231	0.00738	0.00765	0.00383	0.00383
AGA	AGC	AC	-0.14983	0.03258	0.03020	0.14983	0.02804	0.03020	0.01510	0.01510
AGG	TGG	AT	0.84480	0.00846	0.01252	-0.84480	0.01968	0.01252	0.00626	0.00626
AGG	CGG	AC	-2.02301	0.03472	0.01071	2.02301	0.00459	0.01071	0.01071	0.01071
AGG	ATG	GT	0.88247	0.00846	0.01273	-0.88247	0.02044	0.01273	0.00636	0.00636
AGG	ACG	GC	-2.23958	0.03472	0.00927	2.23958	0.00370	0.00927	0.00463	0.00463
AGG	AAG	GA	1.26568	0.06724	0.11854	-1.26568	0.23841	0.11854	0.05927	0.05927
AGG	AGT	GT	-0.65798	0.00846	0.00598	0.65798	0.00438	0.00598	0.00299	0.00299
AGG	AGC	GC	-0.73550	0.03472	0.02350	0.73550	0.01664	0.02350	0.01175	0.01175
AGG	AGA	GA	-0.58567	0.06724	0.04946	0.58567	0.03744	0.04946	0.04946	0.04946
GTT	TTT	GT	1.07191	0.00626	0.01021	-1.07191	0.01830	0.01021	0.00510	0.00510
GTT	CTT	GC	-2.24486	0.02572	0.00684	2.24486	0.00272	0.00684	0.00342	0.00342
GTT	ATT	GA	0.79087	0.04981	0.07207	-0.79087	0.10984	0.07207	0.03604	0.03604
GTC	TTC	GT	0.48005	0.02077	0.02616	-0.48005	0.03357	0.02616	0.01308	0.01308
GTC	CTC	GC	-2.12206	0.08530	0.02463	2.12206	0.01022	0.02463	0.01232	0.01232
GTC	ATC	GA	-0.33046	0.16520	0.13940	0.33046	0.11871	0.13940	0.06970	0.06970
GTC	GTT	CT	0.21356	0.10515	0.11678	-0.21356	0.13018	0.11678	0.11678	0.11678
GTA	TTA	GT	-0.15116	0.00940	0.00870	0.15116	0.00808	0.00870	0.00435	0.00435
GTA	CTA	GC	-1.06987	0.03858	0.02155	1.06987	0.01323	0.02155	0.01078	0.01078
GTA	ATA	GA	-1.43824	0.07471	0.03344	1.43824	0.01773	0.03344	0.01672	0.01672
GTA	GTT	AT	0.04630	0.00940	0.00961	-0.04630	0.00984	0.00961	0.00961	0.00961
GTA	GTC	AC	-0.16727	0.03858	0.03544	0.16727	0.03264	0.03544	0.03544	0.03544
GTG	TTG	GT	-6.08146	0.04259	0.00059	6.08146	0.00010	0.00059	0.00030	0.00030
GTG	CTG	GC	-0.89275	0.17489	0.10829	0.89275	0.07162	0.10829	0.05414	0.05414
GTG	ATG	GA	-1.18611	0.33870	0.17664	1.18611	0.10344	0.17664	0.08832	0.08832
GTG	GTT	GT	-1.98711	0.04259	0.01345	1.98711	0.00584	0.01345	0.01345	0.01345
GTG	GTC	GC	-2.20068	0.17489	0.04792	2.20068	0.01937	0.04792	0.04792	0.04792
GTG	GTA	GA	-2.03341	0.33870	0.10372	2.03341	0.04433	0.10372	0.10372	0.10372
GCT	TCT	GT	-0.76334	0.01587	0.01057	0.76334	0.00740	0.01057	0.00529	0.00529
GCT	CCT	GC	-1.31921	0.06516	0.03136	1.31921	0.01742	0.03136	0.01568	0.01568
GCT	ACT	GA	-1.10318	0.12618	0.06913	1.10318	0.04187	0.06913	0.03456	0.03456
GCT	GTT	CT	0.48299	0.08032	0.10127	-0.48299	0.13018	0.10127	0.05063	0.05063
GCC	TCC	GT	-2.92007	0.02526	0.00421	2.92007	0.00136	0.00421	0.00210	0.00210
GCC	CCC	GC	-1.59638	0.10374	0.04208	1.59638	0.02102	0.04208	0.02104	0.02104
GCC	ACC	GA	-1.09091	0.20089	0.11085	1.09091	0.06748	0.11085	0.05543	0.05543
GCC	GTC	CT	1.21689	0.12787	0.22108	-1.21689	0.43178	0.22108	0.11054	0.11054
GCC	GCT	CT	0.94747	0.12787	0.19787	-0.94747	0.32980	0.19787	0.19787	0.19787
GCA	TCA	GT	-0.70812	0.02391	0.01643	0.70812	0.01178	0.01643	0.00822	0.00822
GCA	CCA	GC	-3.58423	0.09816	0.01005	3.58423	0.00272	0.01005	0.00502	0.00502
GCA	ACA	GA	-1.82854	0.19010	0.06653	1.82854	0.03054	0.06653	0.03327	0.03327
GCA	GTA	CT	0.47861	0.12100	0.15226	-0.47861	0.19528	0.15226	0.07613	0.07613
GCA	GCT	AT	0.04192	0.02391	0.02441	-0.04192	0.02493	0.02441	0.02441	0.02441
GCA	GCC	AC	-0.90555	0.09816	0.06034	0.90555	0.03969	0.06034	0.06034	0.06034
GCG	TCG	GT	-4.11324	0.00595	0.00041	4.11324	0.00010	0.00041	0.00020	0.00020
GCG	CCG	GC	-2.19356	0.02443	0.00673	2.19356	0.00272	0.00673	0.00336	0.00336
GCG	ACG	GA	-0.92742	0.04732	0.02872	0.92742	0.01872	0.02872	0.01436	0.01436
GCG	GTG	CT	3.38074	0.03012	0.10541	-3.38074	0.88525	0.10541	0.05270	0.05270
GCG	GCT	GT	0.91064	0.00595	0.00907	-0.91064	0.01479	0.00907	0.00907	0.00907
GCG	GCC	GC	-0.03683	0.02443	0.02399	0.03683	0.02355	0.02399	0.02399	0.02399
GCG	GCA	GA	0.86872	0.04732	0.07081	-0.86872	0.11280	0.07081	0.07081	0.07081
GAT	TAT	GT	-1.63437	0.05637	0.02233	1.63437	0.01100	0.02233	0.01116	0.01116
GAT	CAT	GC	-3.71384	0.23148	0.02149	3.71384	0.00564	0.02149	0.01074	0.01074
GAT	AAT	GA	-1.79624	0.44828	0.16018	1.79624	0.07438	0.16018	0.08009	0.08009
GAT	GTT	AT	-1.74546	0.05637	0.02081	1.74546	0.00984	0.02081	0.01040	0.01040
GAT	GCT	AC	-2.22845	0.23148	0.06226	2.22845	0.02493	0.06226	0.03113	0.03113
GAC	TAC	GT	-1.23494	0.07829	0.03966	1.23494	0.02277	0.03966	0.01983	0.01983
GAC	CAC	GC	-4.04235	0.32149	0.02322	4.04235	0.00564	0.02322	0.01161	0.01161
GAC	AAC	GA	-1.80931	0.62261	0.22061	1.80931	0.10196	0.22061	0.11031	0.11031
GAC	GTC	AT	-0.87501	0.07829	0.04897	0.87501	0.03264	0.04897	0.02449	0.02449
GAC	GCC	AC	-2.09190	0.32149	0.09472	2.09190	0.03969	0.09472	0.04736	0.04736
GAC	GAT	CT	1.08402	0.39629	0.64916	-1.08402	1.17166	0.64916	0.64916	0.64916
GAA	CAA	GC	-2.73548	0.15603	0.02961	2.73548	0.01012	0.02961	0.01480	0.01480
GAA	AAA	GA	-1.61509	0.30217	0.12115	1.61509	0.06009	0.12115	0.06058	0.06058
GAA	GTA	AT	-0.94558	0.03800	0.02282	0.94558	0.01476	0.02282	0.01141	0.01141
GAA	GCA	AC	-1.42419	0.15603	0.07045	1.42419	0.03756	0.07045	0.03522	0.03522
GAA	GAT	AT	0.84618	0.03800	0.05632	-0.84618	0.08856	0.05632	0.02816	0.02816
GAA	GAC	AC	-0.23784	0.15603	0.13821	0.23784	0.12300	0.13821	0.06911	0.06911
GAG	CAG	GC	-3.95565	0.49810	0.03846	3.95565	0.00954	0.03846	0.01923	0.01923
GAG	AAG	GA	-1.39777	0.96463	0.44263	1.39777	0.23841	0.44263	0.22132	0.22132
GAG	GTG	AT	-0.59487	0.12130	0.08878	0.59487	0.06691	0.08878	0.04439	0.04439
GAG	GCG	AC	-3.97561	0.49810	0.03788	3.97561	0.00935	0.03788	0.01894	0.01894
GAG	GAT	GT	-0.83652	0.12130	0.07756	0.83652	0.05255	0.07756	0.03878	0.03878
GAG	GAC	GC	-1.92054	0.49810	0.16424	1.92054	0.07299	0.16424	0.08212	0.08212
GAG	GAA	GA	-1.68270	0.96463	0.37058	1.68270	0.17930	0.37058	0.37058	0.37058
GGT	TGT	GT	-9.14795	0.00940	0.00001	9.14795	0.00000	0.00000	0.00000	0.00000
GGT	CGT	GC	-2.61523	0.03858	0.00796	2.61523	0.00282	0.00796	0.00398	0.00398
GGT	AGT	GA	-1.21510	0.07471	0.03830	1.21510	0.02217	0.03830	0.01915	0.01915
GGT	GTT	GT	-0.47566	0.00940	0.00734	0.47566	0.00584	0.00734	0.00367	0.00367
GGT	GCT	GC	-0.95865	0.03858	0.02300	0.95865	0.01479	0.02300	0.01150	0.01150
GGT	GAT	GA	1.26981	0.07471	0.13193	-1.26981	0.26599	0.13193	0.06596	0.06596
GGC	TGC	GT	-9.76012	0.01733	0.00001	9.76012	0.00000	0.00000	0.00000	0.00000
GGC	CGC	GC	-11.17265	0.07116	0.00001	11.17265	0.00000	0.00000	0.00001	0.00000
GGC	AGC	GA	-0.49228	0.13780	0.10666	0.49228	0.08423	0.10666	0.05333	0.05333
GGC	GTC	GT	0.11112	0.01733	0.01831	-0.11112	0.01937	0.01831	0.00915	0.00915
GGC	GCC	GC	-1.10577	0.07116	0.03892	1.10577	0.02355	0.03892	0.01946	0.01946
GGC	GAC	GA	0.98613	0.13780	0.21674	-0.98613	0.36943	0.21674	0.10837	0.10837
GGC	GGT	CT	0.80035	0.08771	0.12745	-0.80035	0.19528	0.12745	0.12745	0.12745
GGA	CGA	GC	-2.45097	0.03386	0.00783	2.45097	0.00292	0.00783	0.00392	0.00392
GGA	AGA	GA	-0.56067	0.06558	0.04891	0.56067	0.03744	0.04891	0.02445	0.02445
GGA	GTA	GT	0.06017	0.00825	0.00850	-0.06017	0.00876	0.00850	0.00425	0.00425
GGA	GCA	GC	-0.41844	0.03386	0.02727	0.41844	0.02228	0.02727	0.01364	0.01364
GGA	GAA	GA	1.00575	0.06558	0.10400	-1.00575	0.17930	0.10400	0.05200	0.05200
GGA	GGT	AT	0.58212	0.00825	0.01088	-0.58212	0.01476	0.01088	0.01088	0.01088
GGA	GGC	AC	-0.21822	0.03386	0.03030	0.21822	0.02722	0.03030	0.03030	0.03030
GGG	TGG	GT	-0.37030	0.01691	0.01397	0.37030	0.01168	0.01397	0.00699	0.00699
GGG	CGG	GC	-3.23811	0.06944	0.00918	3.23811	0.00272	0.00918	0.00459	0.00459
GGG	AGG	GA	-1.21510	0.13448	0.06893	1.21510	0.03990	0.06893	0.03447	0.03447
GGG	GTG	GT	0.85348	0.01691	0.02514	-0.85348	0.03970	0.02514	0.01257	0.01257
GGG	GCG	GC	-2.52726	0.06944	0.01524	2.52726	0.00555	0.01524	0.00762	0.00762
GGG	GAG	GA	1.44835	0.13448	0.25460	-1.44835	0.57237	0.25460	0.12730	0.12730
GGG	GGT	GT	-0.65798	0.01691	0.01195	0.65798	0.00876	0.01195	0.01195	0.01195
GGG	GGC	GC	-1.45832	0.06944	0.03070	1.45832	0.01615	0.03070	0.03070	0.03070
GGG	GGA	GA	-1.24010	0.13448	0.06791	1.24010	0.03891	0.06791	0.06791	0.06791


Histograms
2Ns	FMut	FSub(CodonUsage)	FSubw(after w)

-10.64062	0.00552	0.00000	0.00000
-9.57656	0.00664	0.00001	0.00001
-8.51249	0.00284	0.00001	0.00001
-7.44843	0.00029	0.00000	0.00000
-6.38437	0.00263	0.00005	0.00004
-5.32031	0.01066	0.00052	0.00072
-4.25625	0.09415	0.00875	0.00676
-3.19219	0.11177	0.02554	0.02138
-2.12812	0.22978	0.11482	0.11183
-1.06406	0.29176	0.26516	0.27844
0.00000	0.10619	0.17028	0.16164
1.06406	0.10109	0.26516	0.27844
2.12812	0.03056	0.11482	0.11183
3.19219	0.00479	0.02554	0.02138
4.25625	0.00124	0.00875	0.00676
5.32031	0.00006	0.00052	0.00072
6.38437	0.00000	0.00005	0.00004
7.44843	0.00000	0.00000	0.00000
8.51249	0.00000	0.00000	0.00000
9.57656	0.00000	0.00000	0.00000
10.64062	0.00000	0.00000	0.00000

Proportion of advantageous (S > 0) mutations:
 0.18293

Proportions of good & bad mutations (|S| > 2.0000) among mutations:
0.01806  0.35256

mean |Ns| = 1.99897	mean Ns+ = 1.08177	mean Ns- = -2.20432
