

TREE # 1

  0  0.0000   2620.100898  x:  0.00395   0.00763   0.01353   0.00517   0.01675   0.03563   0.02016   0.02195   0.00758   0.01197   0.00841   0.01904   0.00268   0.00384   0.00612   0.02627   0.02448   0.00290   0.01397   0.00303   0.02854   0.00340   0.01613   0.00244   0.02332   0.02706   0.00868   0.02437   0.00000   0.03422   0.01176   0.00555   0.00359   0.00525   0.00440   0.00544   0.01243   0.00801   0.00284   0.00580   0.00151   0.00382   0.00400   0.00296   0.00196   0.00743   0.00639   0.00541   0.00586   0.01215   0.00827   0.00713   0.00378   0.00730   0.00660   0.45359   0.47655   0.45857   0.50542   0.41618   0.42126  
  1 99.0000   2620.093355  x:  0.00395   0.00763   0.01353   0.00517   0.01675   0.03563   0.02016   0.02195   0.00758   0.01197   0.00841   0.01904   0.00268   0.00384   0.00612   0.02627   0.02448   0.00290   0.01397   0.00303   0.02854   0.00340   0.01613   0.00244   0.02332   0.02706   0.00868   0.02437   0.00000   0.03422   0.01176   0.00555   0.00359   0.00525   0.00440   0.00544   0.01243   0.00801   0.00284   0.00580   0.00151   0.00382   0.00400   0.00296   0.00196   0.00743   0.00639   0.00541   0.00586   0.01215   0.00827   0.00713   0.00378   0.00730   0.00660   0.45359   0.47655   0.45857   0.50542   0.41618   0.42126  
  2 1935.3659   2611.855601  x:  0.00357   0.00677   0.01356   0.00456   0.01679   0.03551   0.02020   0.02151   0.00732   0.01212   0.00789   0.01872   0.00147   0.00359   0.00537   0.02653   0.02413   0.00179   0.01334   0.00320   0.02817   0.00324   0.01636   0.00148   0.02334   0.02682   0.00843   0.02418   0.00000   0.03387   0.01167   0.00437   0.00364   0.00415   0.00340   0.00421   0.01200   0.00693   0.00133   0.00527   0.00000   0.00240   0.00256   0.00298   0.00219   0.00713   0.00509   0.00398   0.00511   0.01158   0.00742   0.00625   0.00270   0.00671   0.00592   0.45424   0.47659   0.45865   0.50541   0.41606   0.42113  
  3 3979.4675   2606.834710  x:  0.00381   0.00639   0.01357   0.00460   0.01681   0.03543   0.02027   0.02129   0.00729   0.01219   0.00762   0.01858   0.00047   0.00377   0.00518   0.02667   0.02391   0.00086   0.01292   0.00302   0.02791   0.00331   0.01649   0.00069   0.02344   0.02662   0.00829   0.02414   0.00000   0.03360   0.01174   0.00350   0.00397   0.00317   0.00289   0.00313   0.01191   0.00608   0.00000   0.00517   0.00000   0.00115   0.00130   0.00296   0.00108   0.00728   0.00408   0.00272   0.00498   0.01136   0.00703   0.00588   0.00215   0.00679   0.00570   0.45481   0.47662   0.45872   0.50540   0.41595   0.42102  
  4 5374.4934   2604.883070  x:  0.00402   0.00630   0.01357   0.00473   0.01682   0.03539   0.02030   0.02123   0.00731   0.01220   0.00754   0.01854   0.00000   0.00391   0.00520   0.02672   0.02383   0.00041   0.01276   0.00290   0.02780   0.00331   0.01652   0.00033   0.02350   0.02653   0.00824   0.02416   0.00000   0.03347   0.01181   0.00314   0.00415   0.00270   0.00272   0.00260   0.01195   0.00570   0.00000   0.00521   0.00000   0.00054   0.00068   0.00296   0.00112   0.00745   0.00361   0.00210   0.00504   0.01134   0.00695   0.00581   0.00197   0.00696   0.00568   0.45509   0.47664   0.45876   0.50539   0.41590   0.42097  
  5 7938.6703   2603.432837  x:  0.00402   0.00630   0.01357   0.00480   0.01682   0.03537   0.02032   0.02122   0.00734   0.01220   0.00752   0.01854   0.00000   0.00390   0.00525   0.02675   0.02378   0.00005   0.01266   0.00304   0.02773   0.00331   0.01654   0.00003   0.02358   0.02647   0.00819   0.02422   0.00000   0.03337   0.01189   0.00288   0.00413   0.00229   0.00260   0.00214   0.01203   0.00538   0.00000   0.00526   0.00000   0.00000   0.00014   0.00296   0.00111   0.00758   0.00319   0.00156   0.00511   0.01139   0.00695   0.00584   0.00185   0.00711   0.00571   0.45532   0.47665   0.45879   0.50538   0.41585   0.42092  
  6 11057.1626   2603.322200  x:  0.00402   0.00630   0.01357   0.00479   0.01681   0.03537   0.02032   0.02122   0.00734   0.01220   0.00752   0.01855   0.00000   0.00390   0.00526   0.02675   0.02378   0.00002   0.01266   0.00303   0.02772   0.00331   0.01654   0.00000   0.02359   0.02646   0.00818   0.02422   0.00000   0.03336   0.01190   0.00286   0.00413   0.00225   0.00260   0.00209   0.01205   0.00535   0.00000   0.00526   0.00000   0.00000   0.00009   0.00296   0.00111   0.00758   0.00315   0.00151   0.00511   0.01140   0.00695   0.00585   0.00184   0.00712   0.00571   0.45535   0.47665   0.45879   0.50538   0.41584   0.42092  
  7 20148.0739   2603.272582  x:  0.00402   0.00630   0.01357   0.00479   0.01681   0.03537   0.02032   0.02122   0.00734   0.01220   0.00752   0.01855   0.00000   0.00390   0.00526   0.02675   0.02378   0.00000   0.01266   0.00303   0.02772   0.00331   0.01654   0.00000   0.02360   0.02646   0.00818   0.02423   0.00000   0.03336   0.01190   0.00286   0.00413   0.00223   0.00260   0.00207   0.01205   0.00533   0.00000   0.00526   0.00000   0.00000   0.00006   0.00296   0.00111   0.00759   0.00313   0.00149   0.00511   0.01141   0.00695   0.00585   0.00184   0.00712   0.00571   0.45536   0.47665   0.45879   0.50538   0.41584   0.42092  
  8 63965.3115   2603.163528  x:  0.00401   0.00630   0.01357   0.00479   0.01681   0.03537   0.02032   0.02123   0.00734   0.01220   0.00752   0.01855   0.00000   0.00390   0.00526   0.02675   0.02378   0.00000   0.01265   0.00303   0.02772   0.00331   0.01654   0.00000   0.02361   0.02645   0.00817   0.02424   0.00000   0.03335   0.01191   0.00284   0.00413   0.00218   0.00260   0.00202   0.01206   0.00530   0.00000   0.00526   0.00000   0.00000   0.00000   0.00296   0.00111   0.00759   0.00308   0.00143   0.00511   0.01142   0.00696   0.00585   0.00182   0.00713   0.00572   0.45538   0.47665   0.45879   0.50538   0.41584   0.42091  
  9 323886.5141   2601.105895  x:  0.00416   0.00646   0.01356   0.00466   0.01681   0.03533   0.02031   0.02132   0.00731   0.01218   0.00763   0.01864   0.00000   0.00404   0.00526   0.02670   0.02368   0.00000   0.01257   0.00302   0.02759   0.00331   0.01652   0.00000   0.02409   0.02630   0.00797   0.02453   0.00000   0.03308   0.01217   0.00233   0.00399   0.00109   0.00257   0.00080   0.01243   0.00448   0.00000   0.00522   0.00000   0.00000   0.00000   0.00298   0.00109   0.00767   0.00216   0.00000   0.00504   0.01176   0.00704   0.00603   0.00142   0.00721   0.00578   0.45602   0.47669   0.45888   0.50537   0.41572   0.42080  
 10 17296.3640   2600.224742  x:  0.00418   0.00647   0.01356   0.00484   0.01680   0.03532   0.02025   0.02143   0.00729   0.01216   0.00770   0.01872   0.00000   0.00389   0.00518   0.02656   0.02348   0.00000   0.01265   0.00302   0.02755   0.00331   0.01653   0.00000   0.02448   0.02619   0.00787   0.02476   0.00000   0.03289   0.01227   0.00204   0.00397   0.00038   0.00273   0.00000   0.01257   0.00414   0.00000   0.00518   0.00000   0.00000   0.00000   0.00291   0.00108   0.00783   0.00174   0.00000   0.00502   0.01190   0.00694   0.00597   0.00122   0.00730   0.00570   0.45645   0.47672   0.45896   0.50537   0.41565   0.42073  
 11 2875.5665   2599.936891  x:  0.00411   0.00643   0.01357   0.00484   0.01680   0.03532   0.02021   0.02148   0.00730   0.01215   0.00771   0.01873   0.00000   0.00393   0.00518   0.02650   0.02338   0.00000   0.01270   0.00300   0.02756   0.00331   0.01655   0.00000   0.02462   0.02613   0.00784   0.02485   0.00000   0.03281   0.01229   0.00192   0.00395   0.00000   0.00281   0.00000   0.01261   0.00399   0.00000   0.00519   0.00000   0.00000   0.00000   0.00304   0.00108   0.00791   0.00157   0.00000   0.00505   0.01191   0.00685   0.00594   0.00117   0.00736   0.00568   0.45668   0.47674   0.45900   0.50536   0.41562   0.42070  
 12 1956.5400   2598.217229  x:  0.00361   0.00605   0.01356   0.00415   0.01682   0.03536   0.01998   0.02194   0.00748   0.01219   0.00755   0.01872   0.00000   0.00459   0.00563   0.02623   0.02250   0.00000   0.01322   0.00295   0.02770   0.00331   0.01674   0.00000   0.02537   0.02552   0.00775   0.02549   0.00000   0.03205   0.01252   0.00083   0.00372   0.00000   0.00320   0.00000   0.01297   0.00243   0.00000   0.00554   0.00000   0.00000   0.00000   0.00231   0.00107   0.00843   0.00000   0.00000   0.00541   0.01173   0.00598   0.00580   0.00093   0.00800   0.00582   0.45920   0.47693   0.45952   0.50533   0.41532   0.42036  
 13 1097.5511   2596.900230  x:  0.00381   0.00587   0.01356   0.00393   0.01683   0.03540   0.01994   0.02222   0.00756   0.01227   0.00727   0.01854   0.00000   0.00423   0.00595   0.02636   0.02214   0.00000   0.01347   0.00287   0.02786   0.00331   0.01684   0.00000   0.02536   0.02499   0.00754   0.02583   0.00000   0.03151   0.01276   0.00000   0.00373   0.00000   0.00319   0.00000   0.01341   0.00042   0.00000   0.00570   0.00000   0.00000   0.00000   0.00236   0.00106   0.00884   0.00000   0.00000   0.00551   0.01166   0.00555   0.00589   0.00072   0.00822   0.00606   0.46172   0.47714   0.46004   0.50530   0.41501   0.42001  
 14 1030.1070   2596.660691  x:  0.00379   0.00588   0.01356   0.00395   0.01683   0.03541   0.01994   0.02227   0.00756   0.01228   0.00723   0.01850   0.00000   0.00422   0.00598   0.02640   0.02211   0.00000   0.01349   0.00285   0.02788   0.00331   0.01684   0.00000   0.02533   0.02489   0.00752   0.02589   0.00000   0.03142   0.01282   0.00000   0.00373   0.00000   0.00316   0.00000   0.01356   0.00000   0.00000   0.00571   0.00000   0.00000   0.00000   0.00235   0.00106   0.00896   0.00000   0.00000   0.00551   0.01166   0.00538   0.00592   0.00067   0.00824   0.00610   0.46225   0.47718   0.46015   0.50529   0.41494   0.41993  
 15 4518.1191   2595.311776  x:  0.00364   0.00598   0.01354   0.00405   0.01684   0.03548   0.01994   0.02294   0.00760   0.01243   0.00679   0.01802   0.00000   0.00397   0.00636   0.02695   0.02177   0.00000   0.01374   0.00261   0.02814   0.00332   0.01683   0.00000   0.02500   0.02362   0.00725   0.02660   0.00000   0.03019   0.01360   0.00000   0.00376   0.00000   0.00278   0.00000   0.01565   0.00000   0.00000   0.00583   0.00000   0.00000   0.00000   0.00234   0.00106   0.01081   0.00000   0.00000   0.00554   0.01180   0.00277   0.00637   0.00000   0.00858   0.00654   0.46968   0.47778   0.46170   0.50518   0.41401   0.41884  
 16 89510.0506   2591.708067  x:  0.00281   0.00558   0.01360   0.00343   0.01681   0.03480   0.02003   0.02248   0.00729   0.01233   0.00728   0.01809   0.00000   0.00430   0.00444   0.02723   0.02174   0.00000   0.01040   0.00237   0.02592   0.00333   0.01675   0.00000   0.02687   0.02254   0.00705   0.02653   0.00000   0.02889   0.01316   0.00000   0.00448   0.00000   0.00000   0.00000   0.01823   0.00000   0.00000   0.00500   0.00000   0.00000   0.00000   0.00213   0.00109   0.01297   0.00000   0.00000   0.00523   0.01274   0.00406   0.00494   0.00000   0.01039   0.00466   0.48161   0.47870   0.46385   0.50494   0.41210   0.41663  
 17 511.7528   2586.949448  x:  0.00206   0.00513   0.01363   0.00607   0.01680   0.03263   0.02017   0.01954   0.00709   0.01191   0.00822   0.01967   0.00000   0.00424   0.00533   0.02644   0.02115   0.00000   0.00288   0.00229   0.01896   0.00334   0.01761   0.00000   0.03284   0.02221   0.00748   0.02463   0.00000   0.02803   0.01303   0.00000   0.00454   0.00000   0.00000   0.00000   0.01629   0.00000   0.00000   0.00499   0.00000   0.00000   0.00000   0.00208   0.00128   0.00705   0.00000   0.00000   0.00424   0.01261   0.00188   0.00517   0.00000   0.00938   0.00530   0.50450   0.48040   0.46734   0.50434   0.40759   0.41149  
 18 572.9436   2582.458154  x:  0.00167   0.00584   0.01364   0.00692   0.01680   0.02935   0.02184   0.01303   0.00626   0.01166   0.00864   0.02118   0.00000   0.00416   0.00414   0.02674   0.02093   0.00000   0.00823   0.00246   0.00968   0.00334   0.01829   0.00000   0.03876   0.02267   0.00876   0.01957   0.00000   0.02766   0.01454   0.00000   0.00504   0.00000   0.00000   0.00000   0.01481   0.00000   0.00000   0.00361   0.00000   0.00000   0.00000   0.00207   0.00154   0.00562   0.00000   0.00000   0.00246   0.01049   0.00129   0.00613   0.00000   0.00610   0.00526   0.53716   0.48284   0.47213   0.50337   0.40084   0.40367  
 19 888.3124   2579.445442  x:  0.00194   0.00621   0.01362   0.00627   0.01684   0.02828   0.02264   0.01006   0.00563   0.01160   0.00870   0.02200   0.00000   0.00400   0.00335   0.02651   0.02092   0.00000   0.00784   0.00264   0.01278   0.00332   0.01882   0.00000   0.04122   0.02364   0.00877   0.01814   0.00000   0.02811   0.01584   0.00000   0.00513   0.00000   0.00000   0.00000   0.01349   0.00000   0.00000   0.00295   0.00000   0.00000   0.00000   0.00213   0.00168   0.00687   0.00000   0.00000   0.00296   0.00904   0.00156   0.00649   0.00000   0.00180   0.00512   0.55607   0.48428   0.47482   0.50273   0.39667   0.39875  
 20 890.4957   2577.159539  x:  0.00237   0.00690   0.01362   0.00576   0.01689   0.02788   0.02336   0.00811   0.00458   0.01165   0.00867   0.02240   0.00000   0.00379   0.00192   0.02656   0.02176   0.00000   0.00819   0.00284   0.01693   0.00331   0.01909   0.00000   0.04216   0.02493   0.00835   0.01754   0.00000   0.02912   0.01726   0.00000   0.00523   0.00000   0.00000   0.00000   0.01195   0.00000   0.00000   0.00169   0.00000   0.00000   0.00000   0.00220   0.00181   0.00574   0.00000   0.00000   0.00094   0.00813   0.00102   0.00687   0.00000   0.00314   0.00470   0.57315   0.48563   0.47728   0.50212   0.39281   0.39414  
 21 1624.5183   2576.420726  x:  0.00252   0.00721   0.01364   0.00565   0.01691   0.02800   0.02366   0.00794   0.00398   0.01171   0.00868   0.02227   0.00000   0.00374   0.00113   0.02678   0.02257   0.00000   0.00855   0.00291   0.01788   0.00330   0.01903   0.00000   0.04204   0.02558   0.00792   0.01769   0.00000   0.02967   0.01776   0.00000   0.00534   0.00000   0.00000   0.00000   0.01182   0.00000   0.00000   0.00162   0.00000   0.00000   0.00000   0.00221   0.00186   0.00442   0.00000   0.00000   0.00214   0.00827   0.00063   0.00654   0.00000   0.00343   0.00376   0.58098   0.48628   0.47848   0.50184   0.39107   0.39200  
 22 1379.3423   2574.980485  x:  0.00278   0.00740   0.01373   0.00567   0.01697   0.02860   0.02395   0.00858   0.00347   0.01181   0.00882   0.02186   0.00000   0.00369   0.00256   0.02696   0.02434   0.00000   0.00899   0.00304   0.01857   0.00330   0.01889   0.00000   0.04134   0.02716   0.00729   0.01832   0.00000   0.03118   0.01776   0.00000   0.00553   0.00000   0.00000   0.00000   0.01226   0.00000   0.00000   0.00269   0.00000   0.00000   0.00000   0.00222   0.00192   0.00321   0.00000   0.00000   0.00188   0.00877   0.00039   0.00495   0.00000   0.00325   0.00149   0.59554   0.48754   0.48080   0.50130   0.38782   0.38792  
 23 1728.6951   2571.299602  x:  0.00326   0.00659   0.01394   0.00576   0.01715   0.03081   0.02356   0.01168   0.00400   0.01208   0.00882   0.02056   0.00000   0.00379   0.00247   0.02647   0.02841   0.00000   0.00932   0.00333   0.01803   0.00329   0.01893   0.00000   0.03892   0.03151   0.00628   0.02049   0.00000   0.03570   0.01593   0.00000   0.00573   0.00000   0.00000   0.00000   0.01304   0.00000   0.00000   0.00280   0.00000   0.00000   0.00000   0.00226   0.00201   0.00243   0.00000   0.00000   0.00157   0.00906   0.00034   0.00099   0.00000   0.00284   0.00394   0.63027   0.49065   0.48654   0.49996   0.38008   0.37794  
 24 2086.1181   2564.210429  x:  0.00459   0.00157   0.01447   0.00579   0.01770   0.03687   0.02091   0.01985   0.00450   0.01297   0.00765   0.01661   0.00000   0.00431   0.00167   0.02425   0.03727   0.00000   0.00904   0.00395   0.01493   0.00327   0.01973   0.00000   0.03235   0.04243   0.00481   0.02588   0.00000   0.04734   0.00861   0.00000   0.00582   0.00000   0.00000   0.00000   0.01177   0.00000   0.00000   0.00194   0.00000   0.00000   0.00000   0.00238   0.00203   0.00373   0.00000   0.00000   0.00131   0.00776   0.00053   0.00502   0.00000   0.00240   0.00391   0.71789   0.49867   0.50136   0.49656   0.36062   0.35262  
 25 4687.2595   2561.406962  x:  0.00565   0.00811   0.01432   0.00459   0.01778   0.03911   0.01825   0.02169   0.00459   0.01346   0.00525   0.01432   0.00000   0.00392   0.00227   0.02342   0.03883   0.00000   0.00815   0.00416   0.01370   0.00326   0.01995   0.00000   0.02859   0.04677   0.00907   0.02589   0.00000   0.05189   0.00651   0.00000   0.00515   0.00000   0.00000   0.00000   0.00838   0.00000   0.00000   0.00163   0.00000   0.00000   0.00000   0.00254   0.00191   0.00588   0.00000   0.00000   0.00194   0.00591   0.00061   0.00469   0.00000   0.00308   0.00334   0.76447   0.50321   0.50977   0.49469   0.35040   0.33878  
 26 1877.0181   2559.454181  x:  0.00678   0.00746   0.01392   0.00355   0.01752   0.03927   0.01697   0.02023   0.00573   0.01336   0.00465   0.01420   0.00000   0.00337   0.00061   0.02308   0.03773   0.00000   0.00773   0.00436   0.01391   0.00326   0.01897   0.00000   0.02544   0.04965   0.01239   0.02216   0.00000   0.05474   0.00847   0.00000   0.00428   0.00000   0.00000   0.00000   0.00812   0.00000   0.00000   0.00591   0.00000   0.00000   0.00000   0.00273   0.00176   0.00637   0.00000   0.00000   0.00154   0.00710   0.00071   0.00479   0.00000   0.00352   0.00364   0.79064   0.50614   0.51494   0.49345   0.34444   0.32989  
 27 1163.7963   2556.694629  x:  0.00840   0.00417   0.01336   0.00250   0.01702   0.03853   0.01620   0.01633   0.00616   0.01302   0.00502   0.01492   0.00000   0.00261   0.00294   0.02311   0.03503   0.00000   0.00749   0.00466   0.01504   0.00326   0.01686   0.00000   0.02096   0.05372   0.01659   0.01535   0.00000   0.05841   0.01091   0.00000   0.00291   0.00000   0.00000   0.00000   0.00949   0.00000   0.00000   0.00499   0.00000   0.00000   0.00000   0.00302   0.00150   0.00656   0.00000   0.00000   0.00279   0.00906   0.00099   0.00432   0.00000   0.00479   0.00432   0.82607   0.51035   0.52225   0.49164   0.33628   0.31719  
 28 2499.3444   2555.035185  x:  0.00885   0.00452   0.01340   0.00253   0.01672   0.03559   0.02057   0.01279   0.00805   0.01209   0.00748   0.01883   0.00000   0.00265   0.00283   0.02453   0.02870   0.00000   0.00773   0.00498   0.01615   0.00326   0.01543   0.00000   0.01728   0.05498   0.01717   0.01570   0.00000   0.05852   0.00650   0.00000   0.00333   0.00000   0.00000   0.00000   0.01154   0.00000   0.00000   0.00623   0.00000   0.00000   0.00000   0.00315   0.00139   0.00559   0.00000   0.00000   0.00286   0.00803   0.00115   0.00474   0.00000   0.00510   0.00469   0.84436   0.51334   0.52703   0.49030   0.33190   0.30846  
 29 446.7676   2554.754056  x:  0.00901   0.00455   0.01344   0.00239   0.01669   0.03494   0.02142   0.01212   0.00828   0.01187   0.00800   0.01970   0.00000   0.00263   0.00283   0.02477   0.02741   0.00000   0.00770   0.00506   0.01619   0.00326   0.01527   0.00000   0.01652   0.05534   0.01719   0.01596   0.00000   0.05862   0.00597   0.00163   0.00347   0.00000   0.00000   0.00000   0.01167   0.00000   0.00000   0.00643   0.00000   0.00000   0.00000   0.00318   0.00137   0.00552   0.00000   0.00000   0.00288   0.00786   0.00117   0.00476   0.00000   0.00516   0.00473   0.84758   0.51397   0.52799   0.49001   0.33109   0.30662  
 30 1095.1073   2554.254072  x:  0.00957   0.00443   0.01372   0.00135   0.01688   0.03346   0.02243   0.01166   0.00726   0.01130   0.00872   0.02154   0.00000   0.00254   0.00297   0.02491   0.02507   0.00000   0.00729   0.00532   0.01524   0.00326   0.01624   0.00000   0.01554   0.05637   0.01610   0.01681   0.00000   0.05922   0.00693   0.00122   0.00413   0.00000   0.00000   0.00000   0.00989   0.00000   0.00000   0.00652   0.00000   0.00000   0.00000   0.00324   0.00136   0.00637   0.00000   0.00000   0.00297   0.00842   0.00113   0.00440   0.00000   0.00527   0.00475   0.84960   0.51530   0.52965   0.48931   0.33020   0.30269  
 31 180.6327   2553.377158  x:  0.00919   0.00408   0.01380   0.00222   0.01749   0.03085   0.02065   0.01076   0.00542   0.01146   0.00672   0.02321   0.00000   0.00344   0.00316   0.02495   0.02106   0.00000   0.00750   0.00578   0.01598   0.00326   0.01975   0.00000   0.01696   0.05836   0.01386   0.01514   0.00000   0.06077   0.00617   0.00148   0.00528   0.00000   0.00000   0.00000   0.01015   0.00000   0.00000   0.00760   0.00000   0.00000   0.00000   0.00310   0.00140   0.00717   0.00000   0.00000   0.00323   0.00734   0.00128   0.00380   0.00000   0.00584   0.00492   0.85322   0.51935   0.53477   0.48727   0.32866   0.29136  
 32 157.5433   2552.635692  x:  0.00941   0.00321   0.01356   0.00218   0.01748   0.02984   0.02013   0.00976   0.01044   0.01236   0.00529   0.02191   0.00000   0.00380   0.00317   0.02507   0.01861   0.00000   0.00748   0.00634   0.01621   0.00326   0.02032   0.00000   0.01864   0.05880   0.01356   0.01515   0.00000   0.06073   0.00707   0.00132   0.00602   0.00000   0.00000   0.00000   0.00938   0.00000   0.00000   0.00677   0.00000   0.00000   0.00000   0.00306   0.00147   0.00738   0.00000   0.00000   0.00348   0.00611   0.00113   0.00326   0.00000   0.00606   0.00357   0.85295   0.52374   0.54001   0.48499   0.32782   0.27907  
 33 249.8039   2551.883281  x:  0.00978   0.00169   0.01340   0.00207   0.01708   0.03065   0.02089   0.00933   0.00961   0.01289   0.00539   0.01792   0.00000   0.00409   0.00323   0.02506   0.01695   0.00000   0.00753   0.00690   0.01636   0.00325   0.01929   0.00000   0.01913   0.05621   0.01563   0.01488   0.00000   0.05752   0.00547   0.00153   0.00624   0.00000   0.00000   0.00000   0.00776   0.00000   0.00000   0.00709   0.00000   0.00000   0.00000   0.00305   0.00152   0.00777   0.00000   0.00000   0.00345   0.00703   0.00093   0.00289   0.00000   0.00609   0.00388   0.85094   0.52827   0.54537   0.48264   0.32757   0.26664  
 34 236.6968   2551.494200  x:  0.01032   0.00135   0.01359   0.00173   0.01706   0.03160   0.02113   0.01023   0.00876   0.01278   0.00553   0.01645   0.00000   0.00406   0.00312   0.02416   0.01612   0.00000   0.00729   0.00724   0.01589   0.00325   0.01916   0.00000   0.01825   0.05421   0.01578   0.01420   0.00000   0.05555   0.00565   0.00149   0.00602   0.00000   0.00000   0.00000   0.00851   0.00000   0.00000   0.00724   0.00000   0.00000   0.00000   0.00312   0.00156   0.00751   0.00000   0.00000   0.00342   0.00488   0.00103   0.00272   0.00000   0.00607   0.00376   0.84869   0.53102   0.54861   0.48123   0.32775   0.25921  
 35 306.1562   2551.121226  x:  0.01073   0.00178   0.01386   0.00144   0.01737   0.03267   0.02079   0.01073   0.00922   0.01282   0.00412   0.01598   0.00000   0.00429   0.00292   0.02309   0.01509   0.00000   0.00707   0.00761   0.01530   0.00325   0.02003   0.00000   0.01629   0.05150   0.01427   0.01256   0.00000   0.05353   0.00482   0.00172   0.00571   0.00000   0.00000   0.00000   0.00870   0.00000   0.00000   0.00682   0.00000   0.00000   0.00000   0.00315   0.00159   0.00717   0.00000   0.00000   0.00329   0.00554   0.00100   0.00271   0.00000   0.00584   0.00344   0.84575   0.53431   0.55257   0.47956   0.32825   0.25050  
 36 291.2861   2550.369674  x:  0.01124   0.00138   0.01359   0.00163   0.01813   0.03322   0.01879   0.00884   0.00968   0.01388   0.00554   0.01910   0.00000   0.00473   0.00283   0.02429   0.01741   0.00000   0.00695   0.00796   0.01461   0.00324   0.02255   0.00000   0.01306   0.04514   0.01387   0.01303   0.00000   0.05218   0.00452   0.00169   0.00462   0.00000   0.00000   0.00000   0.00778   0.00000   0.00000   0.00669   0.00000   0.00000   0.00000   0.00312   0.00165   0.00734   0.00000   0.00000   0.00325   0.00514   0.00089   0.00237   0.00000   0.00573   0.00313   0.84389   0.54322   0.56418   0.47528   0.32938   0.22774  
 37 217.2039   2548.543547  x:  0.01183   0.00088   0.01407   0.00159   0.01790   0.03354   0.02162   0.00857   0.00925   0.01118   0.00216   0.02051   0.00000   0.00466   0.00286   0.02536   0.01968   0.00000   0.00690   0.00826   0.01441   0.00324   0.02382   0.00000   0.01512   0.03516   0.01468   0.01397   0.00000   0.05676   0.00455   0.00172   0.00422   0.00000   0.00000   0.00000   0.00804   0.00000   0.00000   0.00663   0.00000   0.00000   0.00000   0.00320   0.00168   0.00717   0.00000   0.00000   0.00329   0.00522   0.00103   0.00224   0.00000   0.00575   0.00300   0.84416   0.56523   0.59363   0.46504   0.33207   0.17262  
 38 389.6383   2546.919540  x:  0.01196   0.00144   0.01439   0.00174   0.01771   0.03405   0.02302   0.00933   0.00966   0.01067   0.00445   0.01879   0.00000   0.00480   0.00288   0.02577   0.01983   0.00000   0.00696   0.00854   0.01462   0.00324   0.02522   0.00000   0.01718   0.02608   0.01310   0.01262   0.00000   0.06139   0.00479   0.00193   0.00454   0.00000   0.00000   0.00000   0.00758   0.00000   0.00000   0.00669   0.00000   0.00000   0.00000   0.00322   0.00170   0.00725   0.00000   0.00000   0.00335   0.00534   0.00107   0.00230   0.00000   0.00583   0.00295   0.84718   0.58757   0.62380   0.45473   0.33447   0.11706  
 39 2820.9847   2546.469496  x:  0.01227   0.00159   0.01361   0.00154   0.01756   0.03348   0.02140   0.00829   0.00885   0.01351   0.00379   0.01822   0.00000   0.00472   0.00296   0.02501   0.01882   0.00000   0.00682   0.00871   0.01420   0.00323   0.02355   0.00000   0.01679   0.02676   0.01306   0.01420   0.00000   0.06142   0.00487   0.00175   0.00474   0.00000   0.00000   0.00000   0.00836   0.00000   0.00000   0.00675   0.00000   0.00000   0.00000   0.00326   0.00171   0.00692   0.00000   0.00000   0.00334   0.00545   0.00121   0.00235   0.00000   0.00579   0.00304   0.84719   0.59455   0.63307   0.45161   0.33540   0.10113  
 40 397.2349   2546.131341  x:  0.01229   0.00139   0.01344   0.00174   0.01759   0.03224   0.02032   0.01060   0.00892   0.01274   0.00357   0.01935   0.00000   0.00492   0.00286   0.02558   0.01825   0.00000   0.00689   0.00877   0.01430   0.00324   0.02104   0.00000   0.01579   0.03048   0.01376   0.01387   0.00000   0.05819   0.00508   0.00167   0.00481   0.00000   0.00000   0.00000   0.00781   0.00000   0.00000   0.00646   0.00000   0.00000   0.00000   0.00322   0.00174   0.00698   0.00000   0.00000   0.00329   0.00554   0.00115   0.00232   0.00000   0.00572   0.00289   0.84880   0.60096   0.64159   0.44896   0.33604   0.08957  
 41 197.8508   2545.957014  x:  0.01239   0.00154   0.01449   0.00171   0.01791   0.03258   0.02050   0.00927   0.00907   0.01132   0.00371   0.01833   0.00000   0.00488   0.00293   0.02596   0.01912   0.00000   0.00689   0.00882   0.01428   0.00323   0.02195   0.00000   0.01592   0.03397   0.01315   0.01421   0.00000   0.05544   0.00503   0.00159   0.00456   0.00000   0.00000   0.00000   0.00772   0.00000   0.00000   0.00671   0.00000   0.00000   0.00000   0.00323   0.00174   0.00699   0.00000   0.00000   0.00333   0.00537   0.00117   0.00237   0.00000   0.00579   0.00305   0.84862   0.60526   0.64706   0.44733   0.33662   0.08540  
 42 104.3317   2545.809953  x:  0.01256   0.00143   0.01390   0.00166   0.01785   0.03345   0.02216   0.00961   0.00924   0.01259   0.00378   0.01869   0.00000   0.00478   0.00289   0.02569   0.01987   0.00000   0.00695   0.00885   0.01442   0.00323   0.02430   0.00000   0.01639   0.03617   0.01408   0.01390   0.00000   0.05312   0.00511   0.00159   0.00459   0.00000   0.00000   0.00000   0.00797   0.00000   0.00000   0.00667   0.00000   0.00000   0.00000   0.00326   0.00173   0.00686   0.00000   0.00000   0.00334   0.00559   0.00121   0.00241   0.00000   0.00581   0.00299   0.84917   0.61028   0.65342   0.44556   0.33708   0.08385  
 43 89.7120   2544.825604  x:  0.01288   0.00159   0.00994   0.00181   0.01524   0.03762   0.02205   0.00774   0.00913   0.01053   0.00415   0.02093   0.00000   0.00534   0.00306   0.02163   0.02127   0.00000   0.00700   0.00954   0.01423   0.00323   0.02264   0.00000   0.01689   0.03716   0.01309   0.01395   0.00000   0.04870   0.00545   0.00144   0.00548   0.00000   0.00000   0.00000   0.00762   0.00000   0.00000   0.00683   0.00000   0.00000   0.00000   0.00321   0.00179   0.00715   0.00000   0.00000   0.00345   0.00551   0.00125   0.00225   0.00000   0.00595   0.00298   0.85544   0.65046   0.70373   0.43211   0.33992   0.08945  
 44 90.4488   2542.542220  x:  0.01455   0.00152   0.01886   0.00196   0.01572   0.04281   0.02013   0.00761   0.00898   0.01217   0.00477   0.02485   0.00000   0.00647   0.00319   0.01917   0.02158   0.00000   0.00706   0.01144   0.01388   0.00323   0.01858   0.00000   0.01855   0.03792   0.01480   0.01454   0.00000   0.04036   0.00640   0.00106   0.00668   0.00000   0.00000   0.00000   0.00822   0.00000   0.00000   0.00669   0.00000   0.00000   0.00000   0.00321   0.00195   0.00707   0.00000   0.00000   0.00353   0.00632   0.00140   0.00220   0.00000   0.00604   0.00287   0.86906   0.75999   0.84031   0.39580   0.34818   0.10783  
 45 1271.3608   2539.474722  x:  0.01763   0.00208   0.01380   0.00166   0.02091   0.03903   0.01834   0.01162   0.00821   0.01178   0.00488   0.02022   0.00000   0.00767   0.00286   0.03022   0.01832   0.00000   0.00647   0.01412   0.01201   0.00325   0.01781   0.00000   0.01990   0.04032   0.01466   0.01695   0.00000   0.03427   0.00696   0.00062   0.00469   0.00000   0.00000   0.00000   0.00968   0.00000   0.00000   0.00629   0.00000   0.00000   0.00000   0.00338   0.00215   0.00657   0.00000   0.00000   0.00336   0.00698   0.00161   0.00243   0.00000   0.00579   0.00270   0.87606   0.90062   1.01431   0.35021   0.36050   0.13478  
 46 1615.9370   2538.863202  x:  0.01776   0.00234   0.01427   0.00195   0.01762   0.03282   0.02104   0.01251   0.00801   0.01296   0.00444   0.01761   0.00000   0.00833   0.00289   0.02860   0.01927   0.00000   0.00634   0.01466   0.01176   0.00324   0.01793   0.00000   0.01826   0.04081   0.01344   0.01745   0.00000   0.03375   0.00745   0.00049   0.00357   0.00000   0.00000   0.00000   0.00912   0.00000   0.00000   0.00639   0.00000   0.00000   0.00000   0.00333   0.00220   0.00694   0.00000   0.00000   0.00339   0.00691   0.00157   0.00239   0.00000   0.00585   0.00277   0.87748   0.92661   1.04618   0.34321   0.36289   0.13976  
 47 506.1822   2538.807173  x:  0.01787   0.00223   0.01419   0.00194   0.01796   0.03143   0.02057   0.01263   0.00819   0.01232   0.00463   0.01708   0.00000   0.00831   0.00288   0.02760   0.01941   0.00000   0.00642   0.01471   0.01188   0.00324   0.01862   0.00000   0.01787   0.04050   0.01421   0.01783   0.00000   0.03342   0.00747   0.00044   0.00374   0.00000   0.00000   0.00000   0.00954   0.00000   0.00000   0.00624   0.00000   0.00000   0.00000   0.00333   0.00220   0.00672   0.00000   0.00000   0.00338   0.00717   0.00160   0.00243   0.00000   0.00582   0.00270   0.87820   0.92936   1.04936   0.34364   0.36313   0.14008  
 48 77.3553   2538.722160  x:  0.01795   0.00227   0.01385   0.00183   0.01972   0.03006   0.02071   0.01273   0.00821   0.01275   0.00451   0.01709   0.00000   0.00826   0.00295   0.02696   0.02076   0.00000   0.00644   0.01473   0.01202   0.00324   0.01793   0.00000   0.01855   0.04005   0.01358   0.01744   0.00000   0.03255   0.00721   0.00050   0.00381   0.00000   0.00000   0.00000   0.00925   0.00000   0.00000   0.00647   0.00000   0.00000   0.00000   0.00334   0.00221   0.00683   0.00000   0.00000   0.00342   0.00695   0.00158   0.00245   0.00000   0.00591   0.00286   0.87865   0.93476   1.05441   0.34974   0.36409   0.14044  
 49 32.3880   2537.244704  x:  0.01921   0.00242   0.01436   0.00131   0.01390   0.02827   0.01777   0.01420   0.00822   0.01289   0.00459   0.01726   0.00000   0.00857   0.00295   0.03038   0.02146   0.00000   0.00650   0.01554   0.01200   0.00327   0.01849   0.00000   0.02065   0.03910   0.01310   0.01773   0.00000   0.02842   0.00663   0.00048   0.00360   0.00000   0.00000   0.00000   0.00967   0.00000   0.00000   0.00657   0.00000   0.00000   0.00000   0.00339   0.00240   0.00648   0.00000   0.00000   0.00342   0.00691   0.00165   0.00266   0.00000   0.00592   0.00304   0.88540   1.03658   1.14567   0.48152   0.38363   0.14506  
 50 135.6591   2536.016638  x:  0.01902   0.00252   0.01401   0.00202   0.01857   0.03109   0.02137   0.01360   0.00783   0.01226   0.00481   0.01644   0.00000   0.00994   0.00292   0.02861   0.01753   0.00000   0.00643   0.01641   0.01158   0.00330   0.01811   0.00000   0.01796   0.04054   0.01423   0.01955   0.00000   0.02938   0.00840   0.00006   0.00253   0.00000   0.00000   0.00000   0.00975   0.00000   0.00000   0.00615   0.00000   0.00000   0.00000   0.00319   0.00260   0.00667   0.00000   0.00000   0.00340   0.00761   0.00168   0.00254   0.00000   0.00583   0.00274   0.89302   1.12243   1.22262   0.59236   0.39956   0.14827  
 51 1298.6237   2534.874272  x:  0.01729   0.00253   0.01401   0.00207   0.01874   0.03085   0.02139   0.01387   0.00760   0.01263   0.00475   0.01528   0.00000   0.00883   0.00267   0.02953   0.01800   0.00000   0.00649   0.01471   0.01219   0.00343   0.01789   0.00000   0.01740   0.04236   0.01393   0.01920   0.00000   0.03284   0.00832   0.00014   0.00277   0.00000   0.00000   0.00000   0.01004   0.00000   0.00000   0.00585   0.00000   0.00000   0.00000   0.00311   0.00294   0.00680   0.00000   0.00000   0.00327   0.00765   0.00163   0.00239   0.00000   0.00565   0.00247   0.87283   1.25653   1.29459   0.64492   0.30815   0.15067  
 52  9.5328   2532.683677  x:  0.01171   0.00257   0.01388   0.00193   0.01878   0.02932   0.02095   0.01413   0.00748   0.01386   0.00456   0.01323   0.00000   0.00548   0.00246   0.03086   0.01848   0.00000   0.00731   0.00934   0.01586   0.00382   0.01776   0.00000   0.01557   0.04876   0.01350   0.01755   0.00000   0.04743   0.00736   0.00068   0.00389   0.00000   0.00000   0.00000   0.00950   0.00000   0.00000   0.00595   0.00000   0.00000   0.00000   0.00285   0.00368   0.00667   0.00000   0.00000   0.00322   0.00716   0.00166   0.00252   0.00000   0.00561   0.00250   0.88866   1.61269   1.44355   0.68617   0.38647   0.15967  
 53 14.9235   2531.788496  x:  0.01007   0.00262   0.01373   0.00131   0.01885   0.02911   0.02020   0.01420   0.00764   0.01333   0.00489   0.01606   0.00000   0.00636   0.00261   0.02874   0.01659   0.00000   0.00813   0.00834   0.01791   0.00403   0.01924   0.00000   0.01784   0.04694   0.01339   0.01844   0.00000   0.04878   0.00680   0.00072   0.00236   0.00000   0.00000   0.00000   0.00947   0.00000   0.00000   0.00628   0.00000   0.00000   0.00000   0.00242   0.00411   0.00672   0.00000   0.00000   0.00316   0.00671   0.00130   0.00311   0.00000   0.00561   0.00347   0.90527   1.71286   1.41829   0.67104   0.38140   0.15698  
 54  2.3959   2531.729893  x:  0.00992   0.00262   0.01372   0.00125   0.01886   0.02909   0.02013   0.01421   0.00765   0.01328   0.00492   0.01631   0.00000   0.00643   0.00263   0.02855   0.01642   0.00000   0.00820   0.00825   0.01809   0.00405   0.01937   0.00000   0.01803   0.04678   0.01338   0.01852   0.00000   0.04890   0.00676   0.00072   0.00223   0.00000   0.00000   0.00000   0.00947   0.00000   0.00000   0.00631   0.00000   0.00000   0.00000   0.00239   0.00414   0.00673   0.00078   0.00000   0.00316   0.00667   0.00127   0.00316   0.00000   0.00561   0.00356   0.90673   1.72169   1.41605   0.66971   0.38096   0.15675  
 55 2018.8196   2525.325501  x:  0.01236   0.00228   0.01413   0.00142   0.01838   0.03218   0.02134   0.01332   0.00698   0.01178   0.00572   0.01848   0.00000   0.00650   0.00231   0.02744   0.01868   0.00000   0.00806   0.01040   0.01981   0.00567   0.01939   0.00000   0.02319   0.03221   0.00727   0.01892   0.00000   0.03996   0.00692   0.00030   0.00292   0.00000   0.00000   0.00000   0.01233   0.00000   0.00000   0.00517   0.00000   0.00000   0.00000   0.00235   0.00723   0.00992   0.00142   0.00000   0.00351   0.00813   0.00155   0.00087   0.00000   0.00609   0.00124   1.02687   2.26824   1.03384   0.66606   0.38955   0.13660  
 56  6.7379   2519.629142  x:  0.01086   0.00240   0.01421   0.00164   0.01812   0.03374   0.02197   0.01321   0.00655   0.01141   0.00588   0.01944   0.00000   0.00642   0.00231   0.02664   0.01911   0.00000   0.00775   0.01117   0.02169   0.00667   0.01949   0.00000   0.02511   0.02662   0.00595   0.01894   0.00000   0.03760   0.00765   0.00000   0.00353   0.00000   0.00000   0.00000   0.01495   0.00000   0.00000   0.00454   0.00000   0.00000   0.00000   0.00230   0.00874   0.01181   0.00332   0.00000   0.00326   0.00835   0.00064   0.00166   0.00000   0.00587   0.00268   1.08387   2.27825   1.27213   0.71536   0.39231   0.13430  
 57  2.3221   2514.357620  x:  0.00573   0.00274   0.01419   0.00164   0.01798   0.03317   0.02218   0.01291   0.00503   0.01195   0.00644   0.02001   0.00000   0.00420   0.00136   0.02571   0.01902   0.00000   0.00745   0.00933   0.02449   0.00808   0.01961   0.00000   0.02776   0.02784   0.00684   0.01954   0.00000   0.03503   0.00787   0.00000   0.00341   0.00000   0.00000   0.00000   0.01471   0.00000   0.00000   0.00207   0.00000   0.00000   0.00000   0.00246   0.01015   0.01206   0.00359   0.00000   0.00278   0.00814   0.00064   0.00065   0.00000   0.00496   0.00052   1.15034   2.08462   1.80936   0.80649   0.39714   0.14498  
 58  2.3505   2514.281361  x:  0.00555   0.00275   0.01419   0.00164   0.01798   0.03315   0.02219   0.01290   0.00498   0.01197   0.00646   0.02003   0.00000   0.00412   0.00132   0.02568   0.01902   0.00000   0.00744   0.00926   0.02459   0.00813   0.01962   0.00000   0.02786   0.02789   0.00687   0.01956   0.00000   0.03494   0.00788   0.00000   0.00341   0.00000   0.00000   0.00000   0.01470   0.00000   0.00000   0.00198   0.00000   0.00000   0.00000   0.00247   0.01020   0.01207   0.00360   0.00000   0.00277   0.00814   0.00064   0.00062   0.00124   0.00493   0.00045   1.15272   2.07768   1.82863   0.80976   0.39732   0.14537  
 59 2219.4203   2510.159055  x:  0.00211   0.00311   0.01411   0.00194   0.01763   0.03357   0.02261   0.01220   0.00379   0.01265   0.00628   0.01999   0.00000   0.00257   0.00101   0.02511   0.01855   0.00000   0.00657   0.00872   0.02610   0.00963   0.02052   0.00000   0.02891   0.02701   0.00997   0.01985   0.00000   0.02928   0.00866   0.00000   0.00385   0.00000   0.00000   0.00000   0.01410   0.00000   0.00000   0.00081   0.00000   0.00000   0.00000   0.00282   0.01192   0.01219   0.00498   0.00000   0.00225   0.00729   0.00000   0.00070   0.00374   0.00408   0.00162   1.23760   2.25510   1.98849   0.86777   0.39778   0.14875  
 60  1.5267   2504.929813  x:  0.00458   0.00374   0.01405   0.00248   0.01734   0.03338   0.02350   0.01154   0.00386   0.01429   0.00589   0.01861   0.00000   0.00189   0.00151   0.02499   0.01719   0.00000   0.00544   0.00910   0.02708   0.01195   0.02350   0.00000   0.03290   0.01972   0.00925   0.02171   0.00000   0.01894   0.00976   0.00000   0.00467   0.00000   0.00000   0.00000   0.00825   0.00000   0.00000   0.00424   0.00000   0.00000   0.00000   0.00310   0.01796   0.00903   0.00585   0.00000   0.00221   0.00565   0.00000   0.00266   0.00000   0.00402   0.00206   1.41495   2.37874   2.16288   0.94085   0.40068   0.15906  
 61  0.7116   2504.929813  x:  0.00458   0.00374   0.01405   0.00248   0.01734   0.03338   0.02350   0.01154   0.00386   0.01429   0.00589   0.01861   0.00000   0.00189   0.00151   0.02499   0.01719   0.00000   0.00544   0.00910   0.02708   0.01195   0.02350   0.00000   0.03290   0.01972   0.00925   0.02171   0.00000   0.01894   0.00976   0.00000   0.00467   0.00000   0.00000   0.00000   0.00825   0.00000   0.00000   0.00424   0.00000   0.00000   0.00000   0.00310   0.01796   0.00903   0.00585   0.00000   0.00221   0.00565   0.00000   0.00266   0.00000   0.00402   0.00206   1.41495   2.37874   2.16288   0.94085   0.40068   0.15906  
 62  0.9603   2501.385095  x:  0.00189   0.00192   0.01393   0.00299   0.01735   0.03316   0.02335   0.01178   0.00683   0.01393   0.00474   0.01766   0.00000   0.00509   0.00335   0.02625   0.01718   0.00000   0.00634   0.00625   0.02552   0.01328   0.02311   0.00000   0.03167   0.01978   0.00704   0.02196   0.00000   0.02112   0.01106   0.00000   0.00514   0.00000   0.00000   0.00000   0.00975   0.00000   0.00000   0.00270   0.00000   0.00000   0.00000   0.00294   0.01304   0.00784   0.00195   0.00000   0.00326   0.00521   0.00000   0.00255   0.00028   0.00560   0.00446   1.41536   2.37871   2.16289   0.94088   0.40067   0.15914  
 63 643.7564   2500.551687  x:  0.00196   0.00230   0.01390   0.00291   0.01736   0.03309   0.02332   0.01189   0.00702   0.01385   0.00450   0.01735   0.00000   0.00489   0.00311   0.02664   0.01719   0.00000   0.00646   0.00540   0.02499   0.01361   0.02296   0.00000   0.03126   0.01978   0.00649   0.02203   0.00000   0.02173   0.01136   0.00000   0.00515   0.00000   0.00000   0.00000   0.01001   0.00000   0.00000   0.00269   0.00000   0.00000   0.00000   0.00295   0.01136   0.00758   0.00191   0.00000   0.00304   0.00516   0.00000   0.00250   0.00000   0.00557   0.00426   1.41552   2.37870   2.16289   0.94090   0.40066   0.15917  
 64 566.9807   2499.871257  x:  0.00196   0.00098   0.01386   0.00291   0.01736   0.03297   0.02323   0.01218   0.00691   0.01379   0.00441   0.01683   0.00000   0.00429   0.00282   0.02728   0.01724   0.00000   0.00647   0.00450   0.02411   0.01399   0.02274   0.00000   0.03052   0.01973   0.00616   0.02213   0.00000   0.02253   0.01163   0.00000   0.00510   0.00000   0.00000   0.00000   0.01016   0.00000   0.00000   0.00289   0.00000   0.00000   0.00000   0.00295   0.00847   0.00764   0.00255   0.00000   0.00305   0.00521   0.00000   0.00313   0.00000   0.00562   0.00382   1.41584   2.37869   2.16290   0.94093   0.40065   0.15923  
 65 784.4175   2499.492267  x:  0.00159   0.00148   0.01385   0.00325   0.01737   0.03284   0.02309   0.01263   0.00644   0.01385   0.00477   0.01635   0.00000   0.00394   0.00321   0.02791   0.01733   0.00000   0.00624   0.00470   0.02324   0.01405   0.02256   0.00000   0.02972   0.01963   0.00686   0.02219   0.00000   0.02296   0.01157   0.00000   0.00502   0.00000   0.00000   0.00000   0.00989   0.00000   0.00000   0.00303   0.00000   0.00000   0.00000   0.00290   0.00583   0.00842   0.00265   0.00000   0.00384   0.00536   0.00000   0.00414   0.00000   0.00600   0.00379   1.41628   2.37866   2.16291   0.94097   0.40064   0.15932  
 66 382.1795   2499.402323  x:  0.00217   0.00136   0.01385   0.00316   0.01737   0.03277   0.02301   0.01288   0.00620   0.01391   0.00489   0.01612   0.00000   0.00389   0.00326   0.02824   0.01739   0.00000   0.00614   0.00503   0.02277   0.01400   0.02244   0.00000   0.02922   0.01959   0.00724   0.02222   0.00000   0.02308   0.01145   0.00000   0.00502   0.00000   0.00000   0.00000   0.00971   0.00000   0.00000   0.00293   0.00000   0.00000   0.00000   0.00292   0.00521   0.00870   0.00214   0.00000   0.00380   0.00538   0.00000   0.00386   0.00000   0.00603   0.00384   1.41661   2.37864   2.16291   0.94100   0.40063   0.15938  
 67 169.0130   2499.306549  x:  0.00173   0.00129   0.01386   0.00295   0.01737   0.03262   0.02280   0.01336   0.00597   0.01402   0.00490   0.01569   0.00000   0.00397   0.00317   0.02891   0.01748   0.00000   0.00606   0.00553   0.02182   0.01390   0.02215   0.00000   0.02816   0.01953   0.00770   0.02226   0.00000   0.02326   0.01127   0.00000   0.00505   0.00000   0.00000   0.00000   0.00947   0.00000   0.00000   0.00278   0.00000   0.00000   0.00000   0.00295   0.00503   0.00897   0.00230   0.00000   0.00342   0.00534   0.00000   0.00305   0.00000   0.00595   0.00393   1.41736   2.37859   2.16293   0.94107   0.40060   0.15953  
 68 131.8694   2499.200213  x:  0.00209   0.00138   0.01386   0.00320   0.01737   0.03237   0.02245   0.01410   0.00612   0.01417   0.00466   0.01504   0.00000   0.00423   0.00306   0.03001   0.01759   0.00000   0.00612   0.00583   0.02029   0.01380   0.02161   0.00000   0.02628   0.01950   0.00794   0.02232   0.00000   0.02353   0.01111   0.00000   0.00508   0.00000   0.00000   0.00000   0.00941   0.00000   0.00000   0.00302   0.00000   0.00000   0.00000   0.00290   0.00575   0.00900   0.00262   0.00000   0.00338   0.00528   0.00000   0.00335   0.00000   0.00591   0.00403   1.41890   2.37850   2.16296   0.94121   0.40055   0.15982  
 69 126.8453   2499.164588  x:  0.00188   0.00135   0.01387   0.00309   0.01737   0.03229   0.02231   0.01434   0.00604   0.01425   0.00461   0.01493   0.00000   0.00389   0.00292   0.03032   0.01759   0.00000   0.00611   0.00584   0.01996   0.01373   0.02140   0.00000   0.02564   0.01955   0.00793   0.02232   0.00000   0.02343   0.01107   0.00000   0.00502   0.00000   0.00000   0.00000   0.00944   0.00000   0.00000   0.00300   0.00000   0.00000   0.00000   0.00294   0.00605   0.00891   0.00225   0.00000   0.00349   0.00534   0.00000   0.00358   0.00000   0.00581   0.00375   1.41974   2.37845   2.16298   0.94129   0.40052   0.15999  
 70 99.9201   2499.105606  x:  0.00203   0.00137   0.01389   0.00292   0.01737   0.03221   0.02206   0.01462   0.00593   0.01441   0.00469   0.01514   0.00000   0.00349   0.00320   0.03056   0.01748   0.00000   0.00606   0.00575   0.02024   0.01355   0.02106   0.00000   0.02477   0.01980   0.00781   0.02225   0.00000   0.02277   0.01112   0.00000   0.00497   0.00000   0.00000   0.00000   0.00959   0.00000   0.00000   0.00252   0.00000   0.00000   0.00000   0.00295   0.00609   0.00863   0.00249   0.00000   0.00386   0.00546   0.00000   0.00342   0.00000   0.00585   0.00361   1.42225   2.37830   2.16303   0.94152   0.40044   0.16046  
 71 64.9284   2498.984618  x:  0.00205   0.00137   0.01393   0.00310   0.01735   0.03209   0.02160   0.01499   0.00563   0.01468   0.00486   0.01571   0.00000   0.00329   0.00319   0.03078   0.01724   0.00000   0.00594   0.00562   0.02130   0.01325   0.02044   0.00000   0.02335   0.02036   0.00774   0.02207   0.00000   0.02130   0.01118   0.00000   0.00499   0.00000   0.00000   0.00000   0.00970   0.00000   0.00000   0.00348   0.00000   0.00000   0.00000   0.00292   0.00580   0.00835   0.00251   0.00000   0.00369   0.00550   0.00000   0.00310   0.00000   0.00583   0.00353   1.42857   2.37791   2.16316   0.94211   0.40024   0.16166  
 72 208.2590   2498.831154  x:  0.00210   0.00146   0.01393   0.00302   0.01735   0.03205   0.02132   0.01501   0.00545   0.01473   0.00485   0.01604   0.00000   0.00362   0.00229   0.03076   0.01712   0.00000   0.00595   0.00559   0.02242   0.01319   0.02003   0.00000   0.02263   0.02085   0.00810   0.02195   0.00000   0.02050   0.01112   0.00000   0.00500   0.00000   0.00000   0.00000   0.00940   0.00000   0.00000   0.00299   0.00000   0.00000   0.00000   0.00299   0.00555   0.00871   0.00261   0.00000   0.00280   0.00532   0.00000   0.00375   0.00000   0.00551   0.00338   1.43670   2.37742   2.16333   0.94287   0.39999   0.16318  
 73 268.0617   2498.431924  x:  0.00236   0.00154   0.01385   0.00266   0.01736   0.03214   0.02151   0.01418   0.00542   0.01418   0.00431   0.01568   0.00000   0.00252   0.00166   0.03030   0.01727   0.00000   0.00617   0.00541   0.02388   0.01383   0.02010   0.00000   0.02315   0.02154   0.00929   0.02201   0.00000   0.02171   0.01081   0.00000   0.00487   0.00000   0.00000   0.00000   0.00847   0.00000   0.00000   0.00341   0.00000   0.00000   0.00000   0.00293   0.00598   0.00991   0.00294   0.00000   0.00338   0.00518   0.00000   0.00326   0.00000   0.00451   0.00248   1.45945   2.37602   2.16380   0.94500   0.39931   0.16738  
 74 342.2117   2498.255657  x:  0.00242   0.00159   0.01384   0.00268   0.01737   0.03223   0.02185   0.01388   0.00454   0.01406   0.00468   0.01542   0.00000   0.00190   0.00216   0.03000   0.01742   0.00000   0.00589   0.00542   0.02383   0.01384   0.02044   0.00000   0.02380   0.02161   0.00940   0.02211   0.00000   0.02240   0.01066   0.00000   0.00472   0.00000   0.00000   0.00000   0.00865   0.00000   0.00000   0.00348   0.00000   0.00000   0.00000   0.00316   0.00630   0.00974   0.00303   0.00000   0.00255   0.00559   0.00000   0.00344   0.00000   0.00472   0.00242   1.46985   2.37539   2.16401   0.94597   0.39902   0.16927  
 75 561.9888   2498.145881  x:  0.00248   0.00161   0.01387   0.00248   0.01738   0.03231   0.02217   0.01380   0.00384   0.01412   0.00522   0.01534   0.00000   0.00231   0.00173   0.02972   0.01753   0.00000   0.00550   0.00561   0.02335   0.01352   0.02081   0.00000   0.02443   0.02145   0.00920   0.02218   0.00000   0.02260   0.01054   0.00000   0.00462   0.00000   0.00000   0.00000   0.00894   0.00000   0.00000   0.00357   0.00000   0.00000   0.00000   0.00318   0.00632   0.00923   0.00314   0.00000   0.00277   0.00594   0.00000   0.00341   0.00000   0.00476   0.00209   1.47690   2.37495   2.16416   0.94664   0.39883   0.17052  
 76 489.4904   2498.044766  x:  0.00249   0.00162   0.01391   0.00252   0.01738   0.03239   0.02252   0.01386   0.00415   0.01432   0.00572   0.01545   0.00000   0.00192   0.00122   0.02938   0.01762   0.00000   0.00527   0.00604   0.02255   0.01296   0.02125   0.00000   0.02513   0.02107   0.00895   0.02222   0.00000   0.02234   0.01040   0.00000   0.00466   0.00000   0.00000   0.00000   0.00904   0.00000   0.00000   0.00359   0.00000   0.00000   0.00000   0.00308   0.00616   0.00875   0.00320   0.00000   0.00282   0.00599   0.00000   0.00345   0.00000   0.00451   0.00244   1.48368   2.37453   2.16430   0.94728   0.39866   0.17168  
 77 420.0574   2497.942651  x:  0.00249   0.00163   0.01397   0.00245   0.01738   0.03248   0.02282   0.01398   0.00458   0.01453   0.00589   0.01569   0.00000   0.00194   0.00157   0.02905   0.01766   0.00000   0.00536   0.00639   0.02159   0.01241   0.02171   0.00000   0.02582   0.02055   0.00867   0.02222   0.00000   0.02179   0.01030   0.00000   0.00471   0.00000   0.00000   0.00000   0.00887   0.00000   0.00000   0.00364   0.00000   0.00000   0.00000   0.00303   0.00592   0.00849   0.00326   0.00000   0.00263   0.00576   0.00000   0.00354   0.00000   0.00407   0.00189   1.49085   2.37409   2.16444   0.94796   0.39850   0.17287  
 78 535.3349   2497.763553  x:  0.00252   0.00166   0.01402   0.00214   0.01737   0.03259   0.02309   0.01412   0.00387   0.01476   0.00503   0.01625   0.00000   0.00183   0.00159   0.02858   0.01754   0.00000   0.00613   0.00622   0.01997   0.01215   0.02227   0.00000   0.02674   0.01946   0.00798   0.02212   0.00000   0.02053   0.01043   0.00000   0.00453   0.00000   0.00000   0.00000   0.00828   0.00000   0.00000   0.00373   0.00000   0.00000   0.00000   0.00334   0.00581   0.00884   0.00330   0.00000   0.00277   0.00524   0.00000   0.00358   0.00000   0.00427   0.00216   1.50435   2.37324   2.16472   0.94926   0.39823   0.17504  
 79 398.7833   2497.603216  x:  0.00248   0.00163   0.01401   0.00313   0.01737   0.03265   0.02306   0.01419   0.00379   0.01486   0.00450   0.01655   0.00000   0.00174   0.00136   0.02835   0.01738   0.00000   0.00594   0.00592   0.01911   0.01250   0.02248   0.00000   0.02722   0.01855   0.00778   0.02199   0.00000   0.01970   0.01056   0.00000   0.00454   0.00000   0.00000   0.00000   0.00830   0.00000   0.00000   0.00345   0.00000   0.00000   0.00000   0.00319   0.00587   0.00945   0.00323   0.00000   0.00274   0.00569   0.00000   0.00324   0.00000   0.00465   0.00177   1.51775   2.37239   2.16499   0.95055   0.39799   0.17712  
 80 544.4985   2497.075701  x:  0.00254   0.00167   0.01392   0.00214   0.01735   0.03269   0.02249   0.01436   0.00432   0.01500   0.00415   0.01689   0.00000   0.00198   0.00166   0.02813   0.01689   0.00000   0.00445   0.00493   0.01802   0.01401   0.02256   0.00000   0.02784   0.01640   0.00785   0.02162   0.00000   0.01839   0.01080   0.00000   0.00464   0.00000   0.00000   0.00000   0.00906   0.00000   0.00000   0.00369   0.00000   0.00000   0.00000   0.00269   0.00608   0.01092   0.00322   0.00000   0.00257   0.00729   0.00000   0.00331   0.00000   0.00417   0.00219   1.55988   2.36973   2.16586   0.95463   0.39730   0.18356  
 81 1135.9319   2494.625369  x:  0.00251   0.00159   0.01355   0.00283   0.01730   0.03254   0.01928   0.01522   0.00538   0.01518   0.00873   0.01616   0.00000   0.00242   0.00169   0.02877   0.01566   0.00000   0.00774   0.00489   0.01902   0.01777   0.02133   0.00000   0.02843   0.01064   0.00827   0.02037   0.00000   0.01917   0.01083   0.00000   0.00530   0.00000   0.00000   0.00000   0.01160   0.00000   0.00000   0.00360   0.00000   0.00000   0.00000   0.00645   0.00646   0.01101   0.00312   0.00000   0.00315   0.00624   0.00000   0.00300   0.00000   0.00401   0.00239   1.78332   2.35557   2.17043   0.97632   0.39385   0.21721  
 82 1922.8208   2490.643269  x:  0.00219   0.00148   0.01360   0.00278   0.01731   0.03231   0.01774   0.01610   0.00544   0.01438   0.00800   0.01536   0.00000   0.00262   0.00213   0.03009   0.01596   0.00000   0.00690   0.00658   0.02078   0.01758   0.02026   0.00000   0.02889   0.01251   0.00694   0.01997   0.00000   0.02204   0.01072   0.00000   0.00428   0.00000   0.00000   0.00000   0.01006   0.00000   0.00000   0.00322   0.00000   0.00000   0.00000   0.00146   0.00630   0.00859   0.00266   0.00000   0.00300   0.00318   0.00000   0.00334   0.00000   0.00675   0.00254   2.05991   2.33800   2.17608   1.00323   0.38986   0.25844  
 83 5610.1043   2488.062491  x:  0.00197   0.00139   0.01392   0.00364   0.01737   0.03215   0.01857   0.01667   0.00634   0.01350   0.00407   0.01496   0.00000   0.00358   0.00264   0.03132   0.01712   0.00000   0.00523   0.00794   0.02211   0.01445   0.01988   0.00000   0.02898   0.01795   0.00587   0.02057   0.00000   0.02445   0.01070   0.00000   0.00484   0.00000   0.00000   0.00000   0.00723   0.00000   0.00000   0.00306   0.00000   0.00000   0.00000   0.00442   0.00550   0.00651   0.00253   0.00000   0.00349   0.00580   0.00000   0.00357   0.00000   0.00675   0.00342   2.29686   2.32291   2.18092   1.02634   0.38669   0.29342  
 84 10143.7656   2487.209350  x:  0.00181   0.00132   0.01409   0.00413   0.01742   0.03219   0.02120   0.01632   0.00578   0.01388   0.00335   0.01479   0.00000   0.00381   0.00279   0.03155   0.01791   0.00000   0.00688   0.00675   0.02197   0.01162   0.02055   0.00000   0.02839   0.02134   0.00704   0.02189   0.00000   0.02468   0.01115   0.00000   0.00567   0.00000   0.00000   0.00000   0.01019   0.00000   0.00000   0.00280   0.00000   0.00000   0.00000   0.00375   0.00546   0.00816   0.00234   0.00000   0.00357   0.00621   0.00000   0.00341   0.00000   0.00547   0.00391   2.37066   2.31815   2.18242   1.03361   0.38614   0.30379  
 85 2576.4358   2486.980974  x:  0.00181   0.00133   0.01407   0.00401   0.01744   0.03230   0.02311   0.01551   0.00639   0.01436   0.00475   0.01474   0.00000   0.00391   0.00266   0.03129   0.01821   0.00000   0.00678   0.00523   0.02133   0.01175   0.02127   0.00000   0.02750   0.02301   0.00768   0.02272   0.00000   0.02415   0.01139   0.00000   0.00495   0.00000   0.00000   0.00000   0.00965   0.00000   0.00000   0.00282   0.00000   0.00000   0.00000   0.00414   0.00577   0.00870   0.00229   0.00000   0.00354   0.00585   0.00000   0.00317   0.00000   0.00615   0.00384   2.39015   2.31683   2.18281   1.03563   0.38653   0.30590  
 86 608.2383   2486.889104  x:  0.00176   0.00131   0.01395   0.00409   0.01745   0.03246   0.02429   0.01425   0.00616   0.01451   0.00481   0.01486   0.00000   0.00389   0.00271   0.03071   0.01822   0.00000   0.00677   0.00535   0.02094   0.01291   0.02191   0.00000   0.02641   0.02351   0.00808   0.02312   0.00000   0.02376   0.01120   0.00000   0.00580   0.00000   0.00000   0.00000   0.00949   0.00000   0.00000   0.00276   0.00000   0.00000   0.00000   0.00407   0.00570   0.00806   0.00227   0.00000   0.00362   0.00565   0.00000   0.00324   0.00000   0.00595   0.00389   2.39806   2.31620   2.18296   1.03658   0.38740   0.30594  
 87 197.4331   2486.833531  x:  0.00175   0.00131   0.01389   0.00411   0.01744   0.03259   0.02481   0.01320   0.00627   0.01435   0.00462   0.01510   0.00000   0.00393   0.00271   0.03006   0.01810   0.00000   0.00697   0.00591   0.02081   0.01321   0.02232   0.00000   0.02540   0.02345   0.00807   0.02317   0.00000   0.02380   0.01107   0.00000   0.00498   0.00000   0.00000   0.00000   0.00975   0.00000   0.00000   0.00278   0.00000   0.00000   0.00000   0.00406   0.00553   0.00793   0.00231   0.00000   0.00359   0.00584   0.00000   0.00326   0.00000   0.00588   0.00391   2.40276   2.31574   2.18304   1.03727   0.38857   0.30520  
 88 132.5807   2486.747803  x:  0.00176   0.00133   0.01392   0.00389   0.01743   0.03279   0.02504   0.01214   0.00642   0.01379   0.00482   0.01569   0.00000   0.00388   0.00267   0.02888   0.01781   0.00000   0.00679   0.00608   0.02075   0.01243   0.02279   0.00000   0.02389   0.02293   0.00755   0.02288   0.00000   0.02450   0.01122   0.00000   0.00553   0.00000   0.00000   0.00000   0.00965   0.00000   0.00000   0.00284   0.00000   0.00000   0.00000   0.00409   0.00555   0.00848   0.00231   0.00000   0.00356   0.00586   0.00000   0.00326   0.00000   0.00634   0.00378   2.41038   2.31483   2.18315   1.03860   0.39166   0.30257  
 89 118.3092   2486.601138  x:  0.00172   0.00129   0.01405   0.00448   0.01743   0.03291   0.02498   0.01221   0.00589   0.01334   0.00501   0.01639   0.00000   0.00402   0.00290   0.02780   0.01770   0.00000   0.00639   0.00513   0.02070   0.01181   0.02316   0.00000   0.02294   0.02232   0.00798   0.02254   0.00000   0.02523   0.01142   0.00000   0.00522   0.00000   0.00000   0.00000   0.00904   0.00000   0.00000   0.00263   0.00000   0.00000   0.00000   0.00391   0.00562   0.00811   0.00224   0.00000   0.00364   0.00564   0.00000   0.00319   0.00000   0.00529   0.00412   2.42343   2.31310   2.18332   1.04114   0.39827   0.29650  
 90 183.6290   2485.729823  x:  0.00181   0.00135   0.01454   0.00352   0.01748   0.03302   0.02464   0.01498   0.00671   0.01367   0.00382   0.01777   0.00000   0.00389   0.00242   0.02569   0.01889   0.00000   0.00736   0.00433   0.02067   0.01191   0.02357   0.00000   0.02280   0.02212   0.01106   0.02230   0.00000   0.02597   0.01112   0.00000   0.00539   0.00000   0.00000   0.00000   0.00946   0.00000   0.00000   0.00295   0.00000   0.00000   0.00000   0.00388   0.00547   0.00646   0.00233   0.00000   0.00331   0.00637   0.00000   0.00326   0.00000   0.00721   0.00362   2.50461   2.30194   2.18435   1.05746   0.44195   0.25537  
 91 518.3882   2484.188394  x:  0.00183   0.00135   0.01428   0.00397   0.01749   0.03282   0.02423   0.01600   0.00621   0.01501   0.00442   0.01612   0.00000   0.00381   0.00270   0.02654   0.01995   0.00000   0.00646   0.00597   0.02075   0.01371   0.02233   0.00000   0.02443   0.02413   0.00755   0.02282   0.00000   0.02520   0.01137   0.00000   0.00525   0.00000   0.00000   0.00000   0.01006   0.00000   0.00000   0.00287   0.00000   0.00000   0.00000   0.00444   0.00561   0.00866   0.00235   0.00000   0.00353   0.00535   0.00000   0.00324   0.00000   0.00593   0.00374   2.64131   2.28298   2.18607   1.08516   0.51600   0.18510  
 92 2229.7794   2483.970262  x:  0.00183   0.00135   0.01391   0.00394   0.01742   0.03266   0.02406   0.01421   0.00618   0.01457   0.00472   0.01485   0.00000   0.00385   0.00272   0.02830   0.01883   0.00000   0.00724   0.00552   0.02087   0.01275   0.02191   0.00000   0.02507   0.02368   0.00779   0.02298   0.00000   0.02438   0.01120   0.00000   0.00538   0.00000   0.00000   0.00000   0.00922   0.00000   0.00000   0.00284   0.00000   0.00000   0.00000   0.00381   0.00556   0.00818   0.00233   0.00000   0.00347   0.00633   0.00000   0.00324   0.00000   0.00592   0.00381   2.66115   2.28013   2.18632   1.08929   0.52679   0.17485  
 93 623.9753   2483.937524  x:  0.00184   0.00136   0.01391   0.00394   0.01741   0.03258   0.02413   0.01372   0.00622   0.01431   0.00448   0.01487   0.00000   0.00382   0.00270   0.02898   0.01839   0.00000   0.00677   0.00544   0.02089   0.01246   0.02194   0.00000   0.02525   0.02348   0.00815   0.02306   0.00000   0.02424   0.01117   0.00000   0.00533   0.00000   0.00000   0.00000   0.00951   0.00000   0.00000   0.00285   0.00000   0.00000   0.00000   0.00410   0.00555   0.00803   0.00234   0.00000   0.00351   0.00581   0.00000   0.00324   0.00000   0.00604   0.00376   2.66410   2.27964   2.18636   1.08999   0.52843   0.17335  
 94 146.1232   2483.931088  x:  0.00184   0.00136   0.01403   0.00393   0.01741   0.03249   0.02431   0.01376   0.00621   0.01416   0.00456   0.01539   0.00000   0.00382   0.00268   0.02950   0.01819   0.00000   0.00681   0.00552   0.02092   0.01255   0.02211   0.00000   0.02530   0.02344   0.00812   0.02314   0.00000   0.02437   0.01121   0.00000   0.00534   0.00000   0.00000   0.00000   0.00948   0.00000   0.00000   0.00285   0.00000   0.00000   0.00000   0.00407   0.00557   0.00806   0.00234   0.00000   0.00350   0.00587   0.00000   0.00325   0.00000   0.00603   0.00376   2.66467   2.27940   2.18636   1.09030   0.52879   0.17314  
 95 20.4354   2483.925656  x:  0.00184   0.00136   0.01383   0.00394   0.01743   0.03232   0.02435   0.01366   0.00621   0.01438   0.00452   0.01548   0.00000   0.00382   0.00268   0.02976   0.01855   0.00000   0.00679   0.00542   0.02106   0.01250   0.02236   0.00000   0.02525   0.02328   0.00804   0.02300   0.00000   0.02440   0.01094   0.00000   0.00534   0.00000   0.00000   0.00000   0.00946   0.00000   0.00000   0.00285   0.00000   0.00000   0.00000   0.00406   0.00557   0.00809   0.00233   0.00000   0.00350   0.00587   0.00000   0.00324   0.00000   0.00603   0.00377   2.66498   2.27831   2.18633   1.09164   0.52938   0.17357  
 96  5.4225   2483.893480  x:  0.00184   0.00136   0.01406   0.00392   0.01744   0.03175   0.02444   0.01351   0.00620   0.01442   0.00447   0.01516   0.00000   0.00381   0.00267   0.03015   0.01929   0.00000   0.00674   0.00559   0.02134   0.01246   0.02286   0.00000   0.02518   0.02296   0.00808   0.02279   0.00000   0.02424   0.01197   0.00000   0.00533   0.00000   0.00000   0.00000   0.00939   0.00000   0.00000   0.00285   0.00000   0.00000   0.00000   0.00404   0.00559   0.00801   0.00234   0.00000   0.00350   0.00588   0.00000   0.00326   0.00000   0.00603   0.00376   2.66675   2.27086   2.18615   1.10076   0.53311   0.17670  
 97 39.2035   2483.688218  x:  0.00185   0.00137   0.01490   0.00397   0.01731   0.03063   0.02467   0.01384   0.00621   0.01310   0.00460   0.01430   0.00000   0.00385   0.00275   0.03024   0.01852   0.00000   0.00680   0.00542   0.02133   0.01260   0.02259   0.00000   0.02550   0.02326   0.00748   0.02338   0.00000   0.02374   0.01069   0.00000   0.00533   0.00000   0.00000   0.00000   0.00949   0.00000   0.00000   0.00282   0.00000   0.00000   0.00000   0.00403   0.00551   0.00817   0.00231   0.00000   0.00353   0.00582   0.00000   0.00322   0.00000   0.00597   0.00380   2.67778   2.22325   2.18498   1.15898   0.55652   0.19664  
 98 247.2480   2483.596713  x:  0.00186   0.00138   0.01360   0.00397   0.01737   0.03146   0.02434   0.01345   0.00620   0.01430   0.00458   0.01488   0.00000   0.00385   0.00278   0.03039   0.01760   0.00000   0.00678   0.00554   0.02091   0.01253   0.02171   0.00000   0.02586   0.02370   0.00763   0.02350   0.00000   0.02422   0.01124   0.00000   0.00534   0.00000   0.00000   0.00000   0.00945   0.00000   0.00000   0.00283   0.00000   0.00000   0.00000   0.00404   0.00552   0.00815   0.00231   0.00000   0.00351   0.00584   0.00000   0.00321   0.00000   0.00593   0.00381   2.68266   2.20211   2.18448   1.18477   0.56652   0.20521  
 99 525.1297   2483.581957  x:  0.00185   0.00138   0.01403   0.00398   0.01742   0.03266   0.02408   0.01320   0.00620   0.01425   0.00464   0.01501   0.00000   0.00385   0.00278   0.03070   0.01798   0.00000   0.00681   0.00547   0.02076   0.01256   0.02164   0.00000   0.02589   0.02385   0.00765   0.02317   0.00000   0.02418   0.01117   0.00000   0.00534   0.00000   0.00000   0.00000   0.00950   0.00000   0.00000   0.00282   0.00000   0.00000   0.00000   0.00404   0.00552   0.00816   0.00231   0.00000   0.00351   0.00584   0.00000   0.00321   0.00000   0.00592   0.00381   2.68352   2.19845   2.18446   1.18912   0.56749   0.20611  
100 59.4886   2483.564778  x:  0.00184   0.00138   0.01338   0.00397   0.01733   0.03349   0.02425   0.01361   0.00620   0.01371   0.00464   0.01480   0.00000   0.00385   0.00276   0.03087   0.01804   0.00000   0.00681   0.00552   0.02093   0.01258   0.02201   0.00000   0.02577   0.02375   0.00759   0.02325   0.00000   0.02402   0.01125   0.00000   0.00534   0.00000   0.00000   0.00000   0.00951   0.00000   0.00000   0.00283   0.00000   0.00000   0.00000   0.00404   0.00553   0.00816   0.00231   0.00000   0.00351   0.00583   0.00000   0.00321   0.00000   0.00593   0.00380   2.68465   2.19379   2.18456   1.19437   0.56700   0.20595  
101 30.6467   2483.360425  x:  0.00181   0.00140   0.01463   0.00392   0.01713   0.03523   0.02546   0.01476   0.00617   0.01564   0.00392   0.01353   0.00000   0.00384   0.00273   0.03102   0.01687   0.00000   0.00656   0.00540   0.02236   0.01237   0.02293   0.00000   0.02501   0.02220   0.00714   0.02460   0.00000   0.02451   0.01113   0.00000   0.00527   0.00000   0.00000   0.00000   0.00916   0.00000   0.00000   0.00283   0.00000   0.00000   0.00000   0.00395   0.00551   0.00817   0.00231   0.00000   0.00347   0.00584   0.00000   0.00321   0.00000   0.00601   0.00378   2.69876   2.13619   2.18618   1.25860   0.55600   0.20025  
102 116.2511   2481.892187  x:  0.00196   0.00155   0.01397   0.00361   0.01830   0.03244   0.02537   0.01406   0.00609   0.01371   0.00417   0.01563   0.00000   0.00370   0.00263   0.02951   0.01948   0.00000   0.00662   0.00432   0.02085   0.01290   0.01996   0.00000   0.02446   0.02189   0.00737   0.02406   0.00000   0.02516   0.01153   0.00000   0.00523   0.00000   0.00000   0.00000   0.00949   0.00000   0.00000   0.00292   0.00000   0.00000   0.00000   0.00382   0.00521   0.00777   0.00235   0.00000   0.00322   0.00579   0.00000   0.00304   0.00000   0.00589   0.00359   2.79928   1.72610   2.19805   1.71514   0.47471   0.15738  
103 1201.3602   2481.806556  x:  0.00200   0.00156   0.01403   0.00360   0.01735   0.03202   0.02401   0.01406   0.00609   0.01394   0.00424   0.01541   0.00000   0.00370   0.00256   0.02942   0.01850   0.00000   0.00676   0.00421   0.02044   0.01310   0.02178   0.00000   0.02444   0.02303   0.00747   0.02297   0.00000   0.02519   0.01154   0.00000   0.00524   0.00000   0.00000   0.00000   0.00968   0.00000   0.00000   0.00294   0.00000   0.00000   0.00000   0.00388   0.00520   0.00783   0.00236   0.00000   0.00320   0.00579   0.00000   0.00302   0.00000   0.00583   0.00358   2.80521   1.70196   2.19884   1.74188   0.46993   0.15485  
104 573.6269   2481.805523  x:  0.00200   0.00156   0.01402   0.00360   0.01765   0.03202   0.02393   0.01407   0.00609   0.01394   0.00425   0.01540   0.00000   0.00370   0.00255   0.02941   0.01846   0.00000   0.00677   0.00420   0.02043   0.01310   0.02188   0.00000   0.02444   0.02306   0.00747   0.02301   0.00000   0.02519   0.01154   0.00000   0.00524   0.00000   0.00000   0.00000   0.00969   0.00000   0.00000   0.00294   0.00000   0.00000   0.00000   0.00388   0.00520   0.00783   0.00236   0.00000   0.00320   0.00579   0.00000   0.00302   0.00000   0.00583   0.00358   2.80533   1.70160   2.19906   1.74197   0.46992   0.15486  
105  4.0887   2481.616983  x:  0.00207   0.00161   0.01402   0.00358   0.01665   0.03211   0.02153   0.01340   0.00605   0.01382   0.00429   0.01595   0.00000   0.00368   0.00254   0.02956   0.01947   0.00000   0.00672   0.00397   0.02029   0.01302   0.02248   0.00000   0.02433   0.02294   0.00725   0.02674   0.00000   0.02521   0.01165   0.00000   0.00523   0.00000   0.00000   0.00000   0.00966   0.00000   0.00000   0.00294   0.00000   0.00000   0.00000   0.00382   0.00514   0.00781   0.00235   0.00000   0.00315   0.00579   0.00000   0.00297   0.00000   0.00575   0.00357   2.83195   1.62817   2.26380   1.73087   0.47259   0.15877  
106  6.3206   2480.062146  x:  0.00218   0.00188   0.01383   0.00315   0.01730   0.03229   0.02313   0.01384   0.00595   0.01392   0.00381   0.01463   0.00000   0.00356   0.00229   0.03152   0.01835   0.00000   0.00656   0.00302   0.02022   0.01376   0.02130   0.00000   0.02417   0.02307   0.00593   0.02425   0.00000   0.02602   0.01209   0.00000   0.00511   0.00000   0.00000   0.00000   0.00995   0.00000   0.00000   0.00301   0.00000   0.00000   0.00000   0.00353   0.00473   0.00761   0.00234   0.00000   0.00277   0.00558   0.00000   0.00266   0.00000   0.00542   0.00340   3.02510   1.09564   2.73388   1.64962   0.49214   0.18725  
107 1409.5473   2478.381077  x:  0.00246   0.00241   0.01349   0.00235   0.01723   0.03194   0.02338   0.01408   0.00575   0.01378   0.00335   0.01340   0.00000   0.00328   0.00183   0.03360   0.01724   0.00000   0.00629   0.00235   0.01981   0.01498   0.02001   0.00000   0.02407   0.02304   0.00455   0.02173   0.00000   0.02722   0.01265   0.00000   0.00496   0.00000   0.00000   0.00000   0.01050   0.00000   0.00000   0.00311   0.00000   0.00000   0.00000   0.00297   0.00433   0.00716   0.00237   0.00000   0.00213   0.00528   0.00000   0.00218   0.00000   0.00481   0.00305   3.38105   1.52210   3.30035   1.70595   0.49336   0.21821  
108  1.4820   2478.380041  x:  0.00246   0.00241   0.01349   0.00235   0.01723   0.03194   0.02338   0.01408   0.00575   0.01377   0.00335   0.01340   0.00000   0.00328   0.00183   0.03360   0.01723   0.00000   0.00629   0.00235   0.01981   0.01498   0.02001   0.00000   0.02407   0.02304   0.00455   0.02173   0.00000   0.02722   0.01266   0.00000   0.00496   0.00000   0.00000   0.00000   0.01050   0.00000   0.00000   0.00311   0.00000   0.00000   0.00000   0.00297   0.00433   0.00716   0.00237   0.00000   0.00213   0.00528   0.00012   0.00218   0.00000   0.00481   0.00305   3.38116   1.52223   3.30051   1.70597   0.49336   0.21821  
109 42.1047   2477.861614  x:  0.00251   0.00250   0.01354   0.00231   0.01726   0.03199   0.02320   0.01408   0.00575   0.01373   0.00347   0.01353   0.00000   0.00320   0.00185   0.03343   0.01713   0.00000   0.00618   0.00337   0.02002   0.01498   0.02013   0.00000   0.02431   0.02265   0.00518   0.02173   0.00000   0.02713   0.01253   0.00000   0.00498   0.00000   0.00000   0.00000   0.01049   0.00000   0.00000   0.00310   0.00000   0.00000   0.00000   0.00286   0.00454   0.00709   0.00239   0.00000   0.00221   0.00531   0.00000   0.00227   0.00000   0.00480   0.00302   3.48980   1.49544   3.37806   1.69553   0.49698   0.22343  
110  0.7541   2476.425181  x:  0.00263   0.00302   0.01396   0.00276   0.01766   0.03248   0.02213   0.01435   0.00580   0.01363   0.00437   0.01495   0.00000   0.00272   0.00217   0.03175   0.01775   0.00000   0.00562   0.00270   0.02127   0.01483   0.02170   0.00000   0.02610   0.01934   0.00729   0.02362   0.00000   0.02584   0.01178   0.00000   0.00493   0.00000   0.00000   0.00000   0.00987   0.00000   0.00000   0.00303   0.00000   0.00000   0.00000   0.00257   0.00572   0.00764   0.00274   0.00000   0.00325   0.00494   0.00000   0.00350   0.00000   0.00491   0.00294   4.30936   1.18534   3.72048   1.57785   0.53205   0.24489  
111  0.8917   2476.031779  x:  0.00259   0.00315   0.01388   0.00280   0.01756   0.03232   0.02207   0.01454   0.00601   0.01390   0.00432   0.01490   0.00000   0.00286   0.00205   0.03112   0.01784   0.00000   0.00626   0.00433   0.01986   0.01467   0.02188   0.00000   0.02605   0.01887   0.00572   0.02333   0.00000   0.02533   0.01178   0.00000   0.00496   0.00000   0.00000   0.00000   0.01006   0.00000   0.00000   0.00301   0.00000   0.00000   0.00000   0.00293   0.00536   0.00747   0.00262   0.00000   0.00260   0.00487   0.00000   0.00273   0.00000   0.00496   0.00295   4.62468   1.04679   3.86272   1.56178   0.54237   0.24371  
112  0.4395   2475.900334  x:  0.00248   0.00311   0.01371   0.00265   0.01738   0.03217   0.02231   0.01452   0.00609   0.01396   0.00395   0.01457   0.00000   0.00288   0.00191   0.03119   0.01753   0.00000   0.00659   0.00410   0.01950   0.01490   0.02113   0.00000   0.02488   0.01966   0.00635   0.02239   0.00000   0.02526   0.01198   0.00000   0.00499   0.00000   0.00000   0.00000   0.01016   0.00000   0.00000   0.00309   0.00000   0.00000   0.00000   0.00302   0.00472   0.00754   0.00244   0.00000   0.00252   0.00534   0.00000   0.00247   0.00000   0.00507   0.00286   4.79401   1.10831   4.00899   1.60530   0.54051   0.24149  
113  0.2314   2475.847964  x:  0.00242   0.00300   0.01371   0.00278   0.01737   0.03223   0.02254   0.01436   0.00584   0.01393   0.00401   0.01458   0.00000   0.00291   0.00203   0.03131   0.01748   0.00000   0.00633   0.00378   0.01996   0.01481   0.02113   0.00000   0.02509   0.01953   0.00594   0.02234   0.00000   0.02530   0.01205   0.00000   0.00506   0.00000   0.00000   0.00000   0.01027   0.00000   0.00000   0.00312   0.00000   0.00000   0.00000   0.00302   0.00499   0.00740   0.00239   0.00000   0.00265   0.00540   0.00000   0.00277   0.00000   0.00482   0.00293   4.98181   1.09166   4.17084   1.64439   0.54041   0.23699  
114  0.1704   2475.834775  x:  0.00243   0.00292   0.01375   0.00270   0.01742   0.03225   0.02248   0.01441   0.00588   0.01389   0.00398   0.01465   0.00000   0.00294   0.00199   0.03132   0.01760   0.00000   0.00627   0.00360   0.01998   0.01475   0.02127   0.00000   0.02528   0.01953   0.00612   0.02260   0.00000   0.02538   0.01200   0.00000   0.00505   0.00000   0.00000   0.00000   0.01018   0.00000   0.00000   0.00310   0.00000   0.00000   0.00000   0.00306   0.00504   0.00749   0.00247   0.00000   0.00255   0.00533   0.00000   0.00261   0.00000   0.00498   0.00291   5.05530   1.07148   4.25076   1.66173   0.54301   0.23623  
115  0.1176   2475.830760  x:  0.00245   0.00282   0.01376   0.00270   0.01745   0.03223   0.02239   0.01450   0.00589   0.01391   0.00404   0.01464   0.00000   0.00294   0.00199   0.03137   0.01764   0.00000   0.00632   0.00362   0.01981   0.01472   0.02132   0.00000   0.02526   0.01956   0.00601   0.02266   0.00000   0.02546   0.01198   0.00000   0.00502   0.00000   0.00000   0.00000   0.01018   0.00000   0.00000   0.00309   0.00000   0.00000   0.00000   0.00305   0.00490   0.00749   0.00252   0.00000   0.00260   0.00527   0.00000   0.00264   0.00000   0.00500   0.00291   5.07287   1.07763   4.30693   1.67414   0.54564   0.23671  
116  0.0499   2475.828336  x:  0.00247   0.00270   0.01374   0.00272   0.01744   0.03223   0.02239   0.01446   0.00589   0.01391   0.00401   0.01463   0.00000   0.00294   0.00199   0.03132   0.01760   0.00000   0.00639   0.00363   0.01988   0.01475   0.02128   0.00000   0.02520   0.01957   0.00602   0.02256   0.00000   0.02544   0.01197   0.00000   0.00500   0.00000   0.00000   0.00000   0.01016   0.00000   0.00000   0.00307   0.00000   0.00000   0.00000   0.00301   0.00499   0.00747   0.00250   0.00000   0.00257   0.00526   0.00000   0.00260   0.00000   0.00496   0.00292   5.07057   1.07964   4.36395   1.68833   0.54577   0.23771  
117  0.0386   2475.827825  x:  0.00247   0.00267   0.01374   0.00270   0.01743   0.03224   0.02243   0.01446   0.00589   0.01391   0.00400   0.01462   0.00000   0.00293   0.00198   0.03133   0.01759   0.00000   0.00635   0.00364   0.01989   0.01476   0.02127   0.00000   0.02520   0.01953   0.00604   0.02258   0.00000   0.02543   0.01199   0.00000   0.00502   0.00000   0.00000   0.00000   0.01017   0.00000   0.00000   0.00308   0.00000   0.00000   0.00000   0.00303   0.00497   0.00748   0.00249   0.00000   0.00258   0.00527   0.00000   0.00264   0.00000   0.00497   0.00291   5.06443   1.07542   4.37868   1.68925   0.54503   0.23802  
118  0.0163   2475.827720  x:  0.00247   0.00267   0.01375   0.00271   0.01744   0.03225   0.02244   0.01445   0.00589   0.01391   0.00401   0.01463   0.00000   0.00293   0.00199   0.03133   0.01760   0.00000   0.00633   0.00365   0.01988   0.01475   0.02129   0.00000   0.02524   0.01953   0.00604   0.02261   0.00000   0.02541   0.01199   0.00000   0.00503   0.00000   0.00000   0.00000   0.01018   0.00000   0.00000   0.00309   0.00000   0.00000   0.00000   0.00303   0.00497   0.00747   0.00249   0.00000   0.00258   0.00528   0.00000   0.00262   0.00000   0.00496   0.00292   5.06088   1.07541   4.38384   1.68731   0.54495   0.23805  
119  0.0062   2475.827661  x:  0.00246   0.00268   0.01375   0.00271   0.01744   0.03224   0.02242   0.01446   0.00590   0.01390   0.00401   0.01463   0.00000   0.00293   0.00199   0.03134   0.01760   0.00000   0.00634   0.00365   0.01987   0.01475   0.02129   0.00000   0.02524   0.01955   0.00604   0.02260   0.00000   0.02541   0.01199   0.00000   0.00502   0.00000   0.00000   0.00000   0.01018   0.00000   0.00000   0.00309   0.00000   0.00000   0.00000   0.00304   0.00497   0.00748   0.00249   0.00000   0.00258   0.00530   0.00000   0.00263   0.00000   0.00497   0.00291   5.06056   1.07367   4.39391   1.68461   0.54521   0.23800  
120  0.0056   2475.827636  x:  0.00246   0.00268   0.01375   0.00271   0.01744   0.03224   0.02242   0.01446   0.00590   0.01391   0.00401   0.01463   0.00000   0.00293   0.00199   0.03134   0.01760   0.00000   0.00634   0.00365   0.01988   0.01475   0.02128   0.00000   0.02522   0.01954   0.00604   0.02259   0.00000   0.02542   0.01199   0.00000   0.00502   0.00000   0.00000   0.00000   0.01018   0.00000   0.00000   0.00309   0.00000   0.00000   0.00000   0.00303   0.00497   0.00747   0.00249   0.00000   0.00258   0.00529   0.00000   0.00262   0.00000   0.00497   0.00291   5.06165   1.07235   4.40186   1.68396   0.54522   0.23794  
121  0.0060   2475.827632  x:  0.00246   0.00269   0.01375   0.00271   0.01744   0.03224   0.02243   0.01446   0.00589   0.01391   0.00401   0.01463   0.00000   0.00293   0.00199   0.03133   0.01760   0.00000   0.00634   0.00365   0.01988   0.01475   0.02128   0.00000   0.02523   0.01954   0.00604   0.02260   0.00000   0.02542   0.01199   0.00000   0.00502   0.00000   0.00000   0.00000   0.01018   0.00000   0.00000   0.00309   0.00000   0.00000   0.00000   0.00303   0.00497   0.00748   0.00249   0.00000   0.00258   0.00529   0.00000   0.00262   0.00000   0.00497   0.00292   5.06162   1.07252   4.40349   1.68433   0.54519   0.23793  
122  0.0018   2475.827631  x:  0.00246   0.00269   0.01375   0.00271   0.01744   0.03224   0.02243   0.01446   0.00589   0.01391   0.00401   0.01463   0.00000   0.00293   0.00199   0.03133   0.01760   0.00000   0.00634   0.00365   0.01988   0.01475   0.02128   0.00000   0.02523   0.01954   0.00604   0.02260   0.00000   0.02542   0.01199   0.00000   0.00502   0.00000   0.00000   0.00000   0.01018   0.00000   0.00000   0.00309   0.00000   0.00000   0.00000   0.00303   0.00497   0.00748   0.00249   0.00000   0.00258   0.00529   0.00000   0.00262   0.00000   0.00497   0.00292   5.06156   1.07259   4.40415   1.68476   0.54519   0.23794  
123  0.0007   2475.827631  x:  0.00246   0.00269   0.01375   0.00271   0.01744   0.03224   0.02243   0.01446   0.00589   0.01391   0.00401   0.01463   0.00000   0.00293   0.00199   0.03133   0.01760   0.00000   0.00634   0.00365   0.01988   0.01475   0.02128   0.00000   0.02523   0.01954   0.00604   0.02260   0.00000   0.02542   0.01199   0.00000   0.00502   0.00000   0.00000   0.00000   0.01018   0.00000   0.00000   0.00309   0.00000   0.00000   0.00000   0.00303   0.00497   0.00748   0.00249   0.00000   0.00258   0.00529   0.00000   0.00262   0.00000   0.00497   0.00292   5.06157   1.07264   4.40449   1.68503   0.54519   0.23795  
124  0.0005   2475.827631  x:  0.00246   0.00269   0.01375   0.00271   0.01744   0.03224   0.02243   0.01446   0.00589   0.01391   0.00401   0.01463   0.00000   0.00293   0.00199   0.03133   0.01760   0.00000   0.00634   0.00365   0.01988   0.01475   0.02128   0.00000   0.02523   0.01954   0.00604   0.02260   0.00000   0.02542   0.01199   0.00000   0.00502   0.00000   0.00000   0.00000   0.01018   0.00000   0.00000   0.00309   0.00000   0.00000   0.00000   0.00303   0.00497   0.00748   0.00249   0.00000   0.00258   0.00529   0.00000   0.00262   0.00000   0.00497   0.00292   5.06163   1.07270   4.40482   1.68523   0.54520   0.23795  
125  0.0005   2475.827631  x:  0.00246   0.00269   0.01375   0.00271   0.01744   0.03224   0.02243   0.01446   0.00589   0.01391   0.00401   0.01463   0.00000   0.00293   0.00199   0.03133   0.01760   0.00000   0.00634   0.00365   0.01988   0.01475   0.02128   0.00000   0.02523   0.01954   0.00604   0.02260   0.00000   0.02542   0.01199   0.00000   0.00502   0.00000   0.00000   0.00000   0.01018   0.00000   0.00000   0.00309   0.00000   0.00000   0.00000   0.00303   0.00497   0.00748   0.00249   0.00000   0.00258   0.00529   0.00000   0.00262   0.00000   0.00497   0.00292   5.06167   1.07270   4.40498   1.68528   0.54520   0.23795  
126  0.0002   2475.827631  x:  0.00246   0.00269   0.01375   0.00271   0.01744   0.03224   0.02243   0.01446   0.00589   0.01391   0.00401   0.01463   0.00000   0.00293   0.00199   0.03133   0.01760   0.00000   0.00634   0.00365   0.01988   0.01475   0.02128   0.00000   0.02523   0.01954   0.00604   0.02260   0.00000   0.02542   0.01199   0.00000   0.00502   0.00000   0.00000   0.00000   0.01018   0.00000   0.00000   0.00309   0.00000   0.00000   0.00000   0.00303   0.00497   0.00748   0.00249   0.00000   0.00258   0.00529   0.00000   0.00262   0.00000   0.00497   0.00292   5.06169   1.07271   4.40489   1.68532   0.54520   0.23795  