

TREE # 1

  0  0.0000   1863.243923  x:  0.05046   0.02231   0.06006   0.01399   0.03567   0.03110   0.01824   0.03190   0.02407   0.01722   0.00000   0.03654   0.02225   0.02673   0.03706   0.01503   0.03820   0.01360   0.04148   0.02817   0.01328   0.11199   0.06538   0.02409   0.10281   0.09111   0.08196   0.01447   0.03137   0.03593   0.03164   1.21465   0.46091   0.83772   0.54675   1.16339   0.11248   0.14889   0.53494   2.12904  
  1 99.0000   1863.242233  x:  0.05046   0.02231   0.06006   0.01399   0.03567   0.03110   0.01824   0.03190   0.02407   0.01722   0.00000   0.03654   0.02225   0.02673   0.03706   0.01503   0.03820   0.01360   0.04148   0.02817   0.01328   0.11199   0.06538   0.02409   0.10281   0.09111   0.08196   0.01447   0.03137   0.03593   0.03164   1.21465   0.46091   0.83772   0.54675   1.16339   0.11248   0.14889   0.53494   2.12904  
  2 684.2464   1842.000230  x:  0.04988   0.01736   0.05994   0.01714   0.03298   0.02673   0.00186   0.01981   0.02512   0.00000   0.00000   0.01804   0.02207   0.01623   0.02791   0.02278   0.02948   0.00347   0.04180   0.02752   0.01487   0.11353   0.06160   0.01711   0.10386   0.09192   0.08228   0.01375   0.02982   0.03414   0.03080   1.21748   0.46135   0.83725   0.54816   1.16343   0.11249   0.14959   0.53503   2.12901  
  3 1720.9857   1840.707272  x:  0.04983   0.01723   0.05988   0.01694   0.03294   0.02670   0.00000   0.01923   0.02519   0.00000   0.00000   0.01621   0.02201   0.01581   0.02757   0.02281   0.02901   0.00278   0.04201   0.02769   0.01472   0.11356   0.06141   0.01657   0.10385   0.09203   0.08223   0.01376   0.02985   0.03416   0.03079   1.21774   0.46140   0.83721   0.54828   1.16345   0.11248   0.14975   0.53494   2.12901  
  4 2007.1721   1837.496505  x:  0.04970   0.01678   0.05961   0.01807   0.03262   0.02642   0.00000   0.01814   0.02470   0.00000   0.00000   0.00849   0.02210   0.01552   0.02665   0.02328   0.02781   0.00000   0.04229   0.02766   0.01371   0.11375   0.06083   0.01455   0.10379   0.09258   0.08237   0.01356   0.02938   0.03366   0.03061   1.21878   0.46159   0.83707   0.54871   1.16357   0.11239   0.15037   0.53445   2.12899  
  5 2805.4607   1834.724201  x:  0.04974   0.01598   0.05926   0.01754   0.03212   0.02573   0.00000   0.01810   0.02452   0.00000   0.00000   0.00000   0.02232   0.01517   0.02581   0.02419   0.02741   0.00000   0.04238   0.02717   0.01348   0.11421   0.06049   0.01287   0.10390   0.09320   0.08269   0.01334   0.02876   0.03302   0.03066   1.21981   0.46181   0.83695   0.54913   1.16372   0.11227   0.15076   0.53394   2.12896  
  6 2756.0232   1829.411878  x:  0.04925   0.01571   0.06054   0.02134   0.03293   0.02337   0.00000   0.01412   0.02396   0.00000   0.00000   0.00000   0.02126   0.00858   0.02032   0.01778   0.02459   0.00000   0.03507   0.02208   0.01842   0.11732   0.05764   0.00000   0.10588   0.09962   0.08483   0.01394   0.03046   0.03402   0.02891   1.23192   0.46453   0.83572   0.55382   1.16596   0.11056   0.15268   0.52783   2.12858  
  7 203.8797   1826.147398  x:  0.04812   0.01330   0.06064   0.02319   0.03374   0.02408   0.00000   0.00255   0.02183   0.00000   0.00000   0.00000   0.02098   0.01353   0.01704   0.01513   0.01667   0.00000   0.03648   0.02379   0.01485   0.11821   0.05429   0.00000   0.10808   0.10487   0.08450   0.01332   0.02972   0.03376   0.03110   1.24561   0.46763   0.83432   0.55929   1.16837   0.10883   0.15266   0.52278   2.12809  
  8 169.8728   1824.272593  x:  0.04665   0.01130   0.06104   0.02608   0.03415   0.02530   0.00000   0.00473   0.02056   0.00000   0.00000   0.00000   0.02012   0.01186   0.01284   0.01343   0.00570   0.00000   0.03992   0.02788   0.00907   0.11767   0.05014   0.00000   0.10967   0.10730   0.08255   0.01298   0.02967   0.03420   0.03196   1.25659   0.47003   0.83309   0.56388   1.16998   0.10773   0.15237   0.52005   2.12772  
  9 297.1055   1823.434326  x:  0.04578   0.01033   0.06100   0.02813   0.03368   0.02634   0.00000   0.00447   0.01957   0.00000   0.00000   0.00000   0.01980   0.00722   0.01147   0.01352   0.00822   0.00000   0.04316   0.03096   0.00370   0.11643   0.04695   0.00000   0.11021   0.10711   0.08039   0.01268   0.02901   0.03383   0.03130   1.26370   0.47149   0.83220   0.56704   1.17073   0.10728   0.15228   0.51938   2.12752  
 10 176.2261   1822.769571  x:  0.04498   0.00905   0.05998   0.02978   0.03083   0.02642   0.00000   0.00439   0.01584   0.00000   0.00000   0.00000   0.02054   0.00422   0.01259   0.01123   0.00908   0.00000   0.04843   0.03424   0.00681   0.11369   0.04241   0.00000   0.11036   0.10462   0.07674   0.01162   0.02579   0.03104   0.03004   1.27409   0.47351   0.83076   0.57195   1.17134   0.10705   0.15227   0.52019   2.12726  
 11 134.6672   1821.609381  x:  0.04493   0.01130   0.05992   0.02953   0.02390   0.02081   0.00000   0.00437   0.02012   0.00000   0.00000   0.00000   0.02044   0.00753   0.00909   0.01026   0.00994   0.00000   0.04984   0.03431   0.00717   0.10805   0.03449   0.00000   0.11080   0.09543   0.06997   0.01212   0.02441   0.02869   0.02451   1.30108   0.47847   0.82675   0.58520   1.17206   0.10718   0.15238   0.52532   2.12668  
 12 120.2910   1819.869023  x:  0.04601   0.01221   0.05938   0.02822   0.01907   0.01403   0.00000   0.00316   0.02183   0.00000   0.00000   0.00000   0.02089   0.00489   0.01727   0.01488   0.00679   0.00000   0.04713   0.03002   0.00485   0.10050   0.03314   0.00000   0.11108   0.08197   0.06494   0.01236   0.02419   0.02715   0.02693   1.34877   0.48714   0.81961   0.60871   1.17304   0.10767   0.15243   0.53548   2.12567  
 13 259.8448   1816.042208  x:  0.04658   0.00356   0.05746   0.02634   0.02297   0.01541   0.00000   0.00360   0.01813   0.00000   0.00000   0.00000   0.02166   0.00558   0.00751   0.02042   0.00816   0.00000   0.04473   0.02376   0.00660   0.09084   0.03867   0.00000   0.11226   0.06449   0.06439   0.01057   0.02333   0.02626   0.03571   1.44678   0.50468   0.80481   0.65726   1.17444   0.10925   0.15158   0.55892   2.12363  
 14 442.5745   1813.596126  x:  0.04655   0.01227   0.05584   0.02282   0.02394   0.01689   0.00000   0.00339   0.01491   0.00000   0.00000   0.00000   0.02364   0.00417   0.00291   0.02585   0.00761   0.00000   0.04642   0.02059   0.00700   0.09161   0.04122   0.00000   0.11409   0.06604   0.07101   0.00868   0.01862   0.02275   0.03547   1.52130   0.51782   0.79354   0.69425   1.17514   0.11081   0.14949   0.57852   2.12207  
 15 616.2616   1806.185482  x:  0.04377   0.00626   0.05298   0.01618   0.02740   0.02061   0.00000   0.00355   0.01800   0.00000   0.00000   0.00000   0.02618   0.00419   0.00704   0.03589   0.00648   0.00000   0.05085   0.01420   0.00697   0.10509   0.03725   0.00000   0.12301   0.08549   0.09510   0.00515   0.00951   0.01649   0.01948   1.75077   0.55785   0.75872   0.80844   1.17665   0.11617   0.14219   0.64081   2.11732  
 16 1578.1555   1802.211144  x:  0.04485   0.00337   0.05119   0.01565   0.01755   0.01249   0.00000   0.00497   0.01194   0.00000   0.00000   0.00000   0.03071   0.00653   0.00676   0.04084   0.00970   0.00000   0.05560   0.01740   0.00828   0.11942   0.03179   0.00000   0.12825   0.10365   0.10677   0.01144   0.02125   0.01589   0.02456   1.88910   0.58181   0.73798   0.87713   1.17736   0.11961   0.13630   0.67916   2.11444  
 17 1264.1764   1801.151291  x:  0.04754   0.00343   0.05181   0.01830   0.01394   0.01029   0.00000   0.00562   0.01643   0.00000   0.00000   0.00000   0.03349   0.00674   0.00656   0.03924   0.01123   0.00000   0.05632   0.01944   0.00885   0.12763   0.03214   0.00000   0.12953   0.10896   0.10388   0.00923   0.01570   0.02095   0.03209   1.92702   0.58819   0.73276   0.89572   1.17743   0.12071   0.13319   0.69000   2.11362  
 18 336.5548   1799.745622  x:  0.05480   0.00513   0.05492   0.01972   0.01901   0.01319   0.00000   0.00606   0.01683   0.00000   0.00000   0.00000   0.04017   0.00742   0.00720   0.03928   0.01152   0.00000   0.05485   0.01899   0.00891   0.14660   0.03348   0.00000   0.13119   0.11208   0.08440   0.00773   0.01660   0.01564   0.03550   1.98317   0.59715   0.72623   0.92266   1.17715   0.12279   0.12512   0.70701   2.11236  
 19 196.7339   1799.264958  x:  0.05482   0.00540   0.05527   0.01952   0.01814   0.01384   0.00000   0.00599   0.01279   0.00000   0.00000   0.00000   0.04254   0.00805   0.00734   0.04020   0.01131   0.00000   0.05452   0.01896   0.00869   0.15232   0.03743   0.00000   0.13041   0.11143   0.07825   0.00938   0.01566   0.02062   0.03204   2.00458   0.60042   0.72433   0.93258   1.17698   0.12371   0.12118   0.71352   2.11183  
 20 182.6160   1798.576750  x:  0.04680   0.00668   0.05296   0.02171   0.01576   0.01301   0.00000   0.00594   0.01501   0.00000   0.00000   0.00000   0.04568   0.00804   0.00794   0.03638   0.01144   0.00000   0.05585   0.02239   0.00842   0.15464   0.04692   0.00000   0.12421   0.10654   0.08005   0.00782   0.01826   0.01867   0.03052   2.04170   0.60574   0.72307   0.94856   1.17651   0.12573   0.11217   0.72481   2.11071  
 21 90.3513   1797.778398  x:  0.04378   0.00977   0.05135   0.02342   0.02121   0.01179   0.00000   0.00627   0.01518   0.00000   0.00000   0.00000   0.04734   0.00882   0.00947   0.03253   0.01189   0.00000   0.05789   0.02262   0.00820   0.15059   0.04414   0.00000   0.11460   0.10037   0.08788   0.01431   0.01640   0.02010   0.03385   2.09140   0.61256   0.72278   0.96919   1.17557   0.12892   0.10114   0.74000   2.10908  
 22 157.1165   1797.126262  x:  0.04892   0.01174   0.05205   0.02374   0.01813   0.01766   0.00000   0.00643   0.01409   0.00000   0.00000   0.00000   0.04637   0.00941   0.01068   0.03033   0.01184   0.00000   0.05768   0.02101   0.00791   0.14215   0.04082   0.00000   0.10742   0.09826   0.09440   0.01040   0.01884   0.02258   0.03574   2.13187   0.61796   0.72362   0.98535   1.17458   0.13188   0.09468   0.75206   2.10761  
 23 200.1441   1796.625933  x:  0.05477   0.01244   0.05435   0.02358   0.02024   0.01334   0.00000   0.00668   0.01209   0.00000   0.00000   0.00000   0.04158   0.01007   0.01109   0.02808   0.01243   0.00000   0.05597   0.02486   0.00772   0.12889   0.04435   0.00000   0.10532   0.10312   0.09505   0.00754   0.01864   0.02225   0.03536   2.16281   0.62182   0.72607   0.99661   1.17341   0.13482   0.09590   0.76051   2.10626  
 24 103.4278   1796.352127  x:  0.05583   0.01255   0.05470   0.02378   0.01819   0.01505   0.00000   0.00679   0.01279   0.00000   0.00000   0.00000   0.03857   0.01007   0.01128   0.02653   0.01256   0.00000   0.05510   0.02438   0.00763   0.11991   0.04772   0.00000   0.10607   0.10769   0.09355   0.01154   0.01737   0.02028   0.03651   2.18132   0.62402   0.72855   1.00274   1.17256   0.13688   0.09936   0.76513   2.10532  
 25 123.7351   1796.131089  x:  0.05102   0.01373   0.05237   0.02381   0.01893   0.01498   0.00000   0.00706   0.01257   0.00000   0.00000   0.00000   0.03722   0.01056   0.01173   0.02584   0.01298   0.00000   0.05601   0.02053   0.00773   0.11402   0.04732   0.00000   0.10930   0.11120   0.09086   0.00985   0.01848   0.02157   0.03848   2.19613   0.62559   0.73234   1.00655   1.17176   0.13893   0.10567   0.76798   2.10434  
 26 60.2642   1795.845007  x:  0.05075   0.01501   0.05042   0.02247   0.01875   0.01661   0.00000   0.00715   0.01174   0.00000   0.00000   0.00000   0.03984   0.01090   0.01240   0.02419   0.01301   0.00000   0.05189   0.02542   0.00743   0.11628   0.04632   0.00000   0.11534   0.10620   0.09435   0.00973   0.01809   0.02188   0.03911   2.21801   0.62719   0.74610   1.00714   1.17105   0.14278   0.12274   0.76712   2.10186  
 27 23.3080   1795.540051  x:  0.05519   0.01520   0.05309   0.02274   0.01946   0.01513   0.00000   0.00699   0.01336   0.00000   0.00000   0.00000   0.04272   0.01049   0.01261   0.02112   0.01283   0.00000   0.05888   0.02214   0.00715   0.11924   0.04953   0.00000   0.11455   0.10254   0.09729   0.01057   0.01970   0.02276   0.03801   2.24088   0.62849   0.76548   1.00455   1.17142   0.14658   0.13613   0.76306   2.09857  
 28 45.7573   1794.476180  x:  0.04838   0.01448   0.06392   0.01515   0.01851   0.01529   0.00000   0.00705   0.01196   0.00000   0.00000   0.00000   0.03529   0.01061   0.01250   0.01911   0.01287   0.00000   0.05520   0.02135   0.00679   0.12563   0.04796   0.00000   0.09301   0.10364   0.09449   0.00968   0.01844   0.02151   0.04053   2.31687   0.63145   0.84378   0.98706   1.17679   0.15751   0.14915   0.74176   2.08574  
 29 51.9156   1793.075701  x:  0.05318   0.01390   0.04671   0.00876   0.02026   0.01487   0.00000   0.00680   0.01455   0.00000   0.00000   0.00000   0.03218   0.00915   0.01192   0.01528   0.01224   0.00000   0.04991   0.02162   0.00622   0.12666   0.04842   0.00000   0.08540   0.10674   0.09083   0.01023   0.01971   0.02244   0.03952   2.41310   0.63470   0.94709   0.96227   1.18574   0.17026   0.14519   0.71336   2.06873  
 30 175.5742   1791.938744  x:  0.05155   0.01423   0.05469   0.00283   0.02039   0.01486   0.00000   0.00697   0.01506   0.00000   0.00000   0.00000   0.03110   0.00900   0.01231   0.01333   0.01255   0.00000   0.04950   0.02222   0.00617   0.12456   0.04892   0.00000   0.10359   0.10553   0.09241   0.01027   0.02011   0.02285   0.04038   2.49405   0.63680   1.03507   0.94115   1.19417   0.18058   0.13005   0.69040   2.05404  
 31 197.7167   1791.851446  x:  0.05208   0.01460   0.05364   0.00318   0.01988   0.01459   0.00000   0.00703   0.01446   0.00000   0.00000   0.00000   0.02448   0.00924   0.01246   0.01301   0.01271   0.00000   0.05062   0.02160   0.00619   0.12701   0.04930   0.00000   0.10553   0.10391   0.09285   0.01023   0.01983   0.02240   0.04085   2.49867   0.63503   1.04616   0.93866   1.19366   0.18380   0.12924   0.69546   2.05187  
 32 11.6810   1788.938092  x:  0.05244   0.01250   0.05547   0.00796   0.01983   0.01379   0.00000   0.00676   0.01408   0.00000   0.00000   0.00000   0.03818   0.00912   0.01208   0.00803   0.01181   0.00000   0.04603   0.01953   0.00455   0.12826   0.04913   0.00000   0.11934   0.10357   0.09321   0.01036   0.01935   0.02188   0.04085   2.64426   0.53935   1.53095   0.82886   1.15787   0.34209   0.10731   0.98305   1.95324  
 33 31.2008   1786.875379  x:  0.04967   0.00987   0.06383   0.01288   0.02524   0.01656   0.00000   0.00620   0.01970   0.00000   0.00000   0.00000   0.03037   0.00633   0.01125   0.01128   0.01131   0.00000   0.03671   0.02522   0.00531   0.12875   0.04758   0.00000   0.12901   0.11355   0.09042   0.01158   0.02331   0.02727   0.03656   2.76375   0.59692   1.91995   1.18660   1.23651   0.43619   0.09821   0.98613   1.79529  
 34  4.0451   1785.812314  x:  0.04955   0.00945   0.06238   0.01597   0.02351   0.01502   0.00000   0.00638   0.01694   0.00000   0.00000   0.00000   0.03786   0.00699   0.01149   0.00664   0.01119   0.00000   0.03251   0.02064   0.00402   0.12960   0.04874   0.00000   0.13464   0.11318   0.09130   0.01130   0.02199   0.02515   0.03760   2.80912   0.61424   2.07533   1.34767   1.29920   0.45785   0.08940   0.85667   1.71263  
 35  9.3476   1783.759466  x:  0.05187   0.00733   0.06018   0.01448   0.02063   0.01185   0.00000   0.00593   0.01354   0.00000   0.00000   0.00000   0.04047   0.00536   0.01093   0.00951   0.01073   0.00000   0.02765   0.01052   0.00330   0.14489   0.04698   0.00000   0.13748   0.11001   0.09185   0.01165   0.02075   0.02242   0.03648   2.91962   0.71453   2.14751   1.49945   1.10788   0.84341   0.04376   0.73727   1.45809  
 36  1.8145   1783.050848  x:  0.05205   0.00568   0.06062   0.01302   0.02085   0.01183   0.00000   0.00510   0.01371   0.00000   0.00000   0.00000   0.03651   0.00420   0.01030   0.00808   0.00995   0.00000   0.02878   0.01047   0.00331   0.14996   0.04566   0.00000   0.13465   0.10880   0.09132   0.01149   0.02073   0.02249   0.03538   3.04011   0.54602   2.06307   1.53561   1.10819   0.89908   0.04143   0.72783   1.33910  
 37  1.6885   1782.104253  x:  0.05157   0.00292   0.06290   0.01285   0.02185   0.01208   0.00000   0.00372   0.01431   0.00000   0.00000   0.00000   0.03248   0.00267   0.00927   0.00704   0.00886   0.00000   0.03217   0.01277   0.00376   0.15593   0.04306   0.00000   0.13391   0.10797   0.09021   0.01142   0.02075   0.02299   0.03293   3.26854   0.63392   1.97349   1.45211   1.14622   0.93026   0.04382   0.73461   1.15243  
 38  3.5614   1781.318054  x:  0.05174   0.00417   0.06219   0.01438   0.02061   0.01101   0.00000   0.00350   0.01247   0.00000   0.00000   0.00000   0.03394   0.00442   0.00942   0.01063   0.00937   0.00000   0.03726   0.01391   0.00530   0.15794   0.04027   0.00000   0.13841   0.10620   0.09128   0.01100   0.01945   0.02205   0.03143   3.56810   0.58614   2.12213   1.45082   1.20405   0.86924   0.05054   0.72568   0.97284  
 39  1.3407   1780.670615  x:  0.05216   0.00616   0.06109   0.01018   0.01957   0.01066   0.00000   0.00362   0.01194   0.00000   0.00000   0.00000   0.02951   0.00558   0.00981   0.00830   0.00982   0.00000   0.03846   0.01488   0.00580   0.16139   0.03823   0.00000   0.13513   0.10213   0.09229   0.01050   0.01866   0.02161   0.03156   3.61635   0.66830   2.13818   1.65322   1.27760   0.74078   0.06964   0.86425   0.84152  
 40  1.4412   1780.034147  x:  0.05131   0.00661   0.06198   0.00944   0.01886   0.01150   0.00000   0.00501   0.01333   0.00000   0.00000   0.00000   0.02711   0.00430   0.00963   0.00936   0.01081   0.00000   0.03124   0.01410   0.00549   0.15703   0.03753   0.00000   0.13288   0.10194   0.09215   0.00968   0.01810   0.02144   0.03045   3.93541   0.63070   2.14807   1.67845   1.38308   0.37833   0.11298   0.97157   0.83824  
 41  0.6894   1779.440728  x:  0.05052   0.00576   0.06097   0.00979   0.01867   0.01281   0.00000   0.00550   0.01320   0.00000   0.00000   0.00000   0.03249   0.00493   0.00940   0.00834   0.01067   0.00000   0.03562   0.01280   0.00421   0.14947   0.04192   0.00000   0.13578   0.10525   0.09348   0.00851   0.01626   0.02011   0.03246   4.24458   0.64106   2.37377   2.00972   1.04205   0.21370   0.10197   0.91568   0.98319  
 42  0.8064   1779.182340  x:  0.05173   0.00588   0.06062   0.00981   0.01985   0.01072   0.00000   0.00413   0.01301   0.00000   0.00000   0.00000   0.03466   0.00410   0.00909   0.00884   0.00958   0.00000   0.03299   0.01372   0.00440   0.14595   0.04234   0.00000   0.13794   0.10521   0.09469   0.01005   0.01739   0.02038   0.03249   4.44093   0.64359   2.52293   2.24191   0.85240   0.01919   0.09738   0.93167   0.82101  
 43  0.3849   1779.083903  x:  0.05130   0.00534   0.06199   0.00983   0.02045   0.01174   0.00000   0.00410   0.01367   0.00000   0.00000   0.00000   0.03345   0.00463   0.00872   0.00838   0.00975   0.00000   0.03364   0.01296   0.00479   0.14703   0.04111   0.00000   0.13763   0.10337   0.09366   0.01004   0.01809   0.02133   0.03268   4.54346   0.66805   2.59697   2.43355   0.65015  -0.20298   0.09626   0.94133   0.64490  
 44  0.3301   1779.001184  x:  0.05152   0.00554   0.06227   0.00996   0.01992   0.01186   0.00000   0.00470   0.01337   0.00000   0.00000   0.00000   0.03298   0.00428   0.00864   0.00870   0.01031   0.00000   0.03460   0.01403   0.00465   0.14830   0.04031   0.00000   0.13703   0.10190   0.09263   0.01004   0.01826   0.02143   0.03318   4.59273   0.69230   2.70406   2.67318   0.30268  -0.54037   0.09399   0.93545   0.66131  
 45  0.4693   1778.944720  x:  0.05162   0.00540   0.06208   0.00993   0.01940   0.01148   0.00000   0.00464   0.01296   0.00000   0.00000   0.00000   0.03265   0.00423   0.00852   0.00885   0.01030   0.00000   0.03429   0.01413   0.00452   0.14908   0.04064   0.00000   0.13590   0.10172   0.09236   0.00994   0.01807   0.02114   0.03343   4.58875   0.70494   2.76148   2.84892   0.03386  -0.82788   0.09430   0.93493   0.48652  
 46  0.5540   1778.876956  x:  0.05144   0.00517   0.06185   0.00994   0.01920   0.01096   0.00000   0.00412   0.01295   0.00000   0.00000   0.00000   0.03158   0.00465   0.00837   0.00864   0.00998   0.00000   0.03277   0.01343   0.00460   0.14920   0.04155   0.00000   0.13363   0.10302   0.09222   0.00980   0.01799   0.02103   0.03355   4.51470   0.71874   2.77232   3.04424  -0.40667  -1.28530   0.09426   0.92993   0.45609  
 47  0.7704   1778.838593  x:  0.05144   0.00585   0.06156   0.01030   0.01953   0.01113   0.00000   0.00430   0.01336   0.00000   0.00000   0.00000   0.03192   0.00430   0.00866   0.00865   0.01007   0.00000   0.03350   0.01307   0.00462   0.14842   0.04163   0.00000   0.13410   0.10315   0.09294   0.00997   0.01821   0.02136   0.03315   4.43696   0.72388   2.73752   3.09974  -0.68958  -1.51006   0.08828   0.91385   0.40350  
 48  0.4006   1778.821727  x:  0.05141   0.00590   0.06142   0.01034   0.01981   0.01142   0.00000   0.00440   0.01344   0.00000   0.00000   0.00000   0.03241   0.00430   0.00878   0.00879   0.01004   0.00000   0.03373   0.01322   0.00453   0.14818   0.04143   0.00000   0.13469   0.10314   0.09338   0.00997   0.01806   0.02133   0.03284   4.38737   0.72120   2.68722   3.04960  -0.71156  -1.52881   0.08738   0.91686   0.44363  
 49  0.2155   1778.808885  x:  0.05131   0.00570   0.06157   0.01027   0.02014   0.01168   0.00000   0.00447   0.01339   0.00000   0.00000   0.00000   0.03269   0.00455   0.00880   0.00884   0.00999   0.00000   0.03337   0.01377   0.00446   0.14818   0.04096   0.00000   0.13499   0.10283   0.09343   0.00984   0.01774   0.02114   0.03257   4.35814   0.72351   2.62710   3.02517  -0.82413  -1.64906   0.08825   0.92298   0.41607  
 50  0.2251   1778.798912  x:  0.05132   0.00565   0.06173   0.01013   0.02020   0.01154   0.00000   0.00443   0.01321   0.00000   0.00000   0.00000   0.03305   0.00444   0.00884   0.00881   0.00997   0.00000   0.03390   0.01344   0.00461   0.14801   0.04074   0.00000   0.13554   0.10277   0.09324   0.00977   0.01764   0.02093   0.03250   4.34382   0.72904   2.56217   2.97494  -0.87498  -1.77095   0.09424   0.94342   0.40804  
 51  0.1569   1778.794107  x:  0.05135   0.00572   0.06185   0.01019   0.02008   0.01145   0.00000   0.00440   0.01324   0.00000   0.00000   0.00000   0.03285   0.00441   0.00887   0.00862   0.01003   0.00000   0.03358   0.01348   0.00469   0.14770   0.04087   0.00000   0.13602   0.10279   0.09307   0.00976   0.01777   0.02093   0.03253   4.35477   0.73000   2.51040   2.91190  -0.89462  -1.76560   0.09296   0.93789   0.41173  
 52  0.0877   1778.791492  x:  0.05141   0.00559   0.06167   0.01029   0.01989   0.01148   0.00000   0.00436   0.01323   0.00000   0.00000   0.00000   0.03273   0.00437   0.00881   0.00879   0.01001   0.00000   0.03362   0.01348   0.00456   0.14772   0.04114   0.00000   0.13624   0.10300   0.09307   0.00982   0.01789   0.02102   0.03271   4.36014   0.73084   2.50097   2.88590  -0.93700  -1.80525   0.09194   0.94016   0.40812  
 53  0.0543   1778.789515  x:  0.05141   0.00555   0.06149   0.01039   0.01989   0.01138   0.00000   0.00445   0.01322   0.00000   0.00000   0.00000   0.03269   0.00442   0.00877   0.00876   0.01007   0.00000   0.03374   0.01352   0.00459   0.14802   0.04112   0.00000   0.13565   0.10283   0.09327   0.00994   0.01790   0.02118   0.03288   4.35638   0.72560   2.50701   2.84136  -0.96056  -1.83127   0.09289   0.94164   0.40830  
 54  0.0221   1778.788167  x:  0.05139   0.00563   0.06156   0.01031   0.01989   0.01153   0.00000   0.00437   0.01322   0.00000   0.00000   0.00000   0.03272   0.00439   0.00878   0.00873   0.01003   0.00000   0.03362   0.01350   0.00459   0.14794   0.04096   0.00000   0.13529   0.10265   0.09329   0.00988   0.01789   0.02112   0.03290   4.35960   0.71866   2.51888   2.81078  -1.00009  -1.87222   0.09286   0.94458   0.40554  
 55  0.0302   1778.787704  x:  0.05141   0.00561   0.06165   0.01025   0.01996   0.01143   0.00000   0.00440   0.01324   0.00000   0.00000   0.00000   0.03274   0.00440   0.00876   0.00873   0.01004   0.00000   0.03366   0.01347   0.00459   0.14781   0.04105   0.00000   0.13538   0.10272   0.09314   0.00984   0.01788   0.02106   0.03276   4.36749   0.71662   2.53183   2.80209  -1.00801  -1.87772   0.09248   0.94549   0.40622  
 56  0.0164   1778.787647  x:  0.05139   0.00562   0.06162   0.01024   0.01996   0.01145   0.00000   0.00439   0.01323   0.00000   0.00000   0.00000   0.03272   0.00440   0.00877   0.00873   0.01003   0.00000   0.03367   0.01349   0.00458   0.14786   0.04108   0.00000   0.13549   0.10278   0.09311   0.00985   0.01787   0.02106   0.03276   4.37013   0.71683   2.53640   2.80265  -1.00815  -1.87843   0.09274   0.94557   0.40621  
 57  0.0044   1778.787638  x:  0.05139   0.00561   0.06162   0.01023   0.01995   0.01145   0.00000   0.00439   0.01323   0.00000   0.00000   0.00000   0.03271   0.00440   0.00878   0.00873   0.01003   0.00000   0.03367   0.01349   0.00459   0.14789   0.04107   0.00000   0.13556   0.10277   0.09313   0.00985   0.01787   0.02106   0.03276   4.36985   0.71689   2.53709   2.80369  -1.01204  -1.88127   0.09262   0.94521   0.40593  
 58  0.0041   1778.787637  x:  0.05139   0.00561   0.06162   0.01023   0.01995   0.01145   0.00000   0.00439   0.01324   0.00000   0.00000   0.00000   0.03271   0.00440   0.00878   0.00873   0.01003   0.00000   0.03367   0.01349   0.00459   0.14789   0.04106   0.00000   0.13557   0.10277   0.09314   0.00985   0.01787   0.02107   0.03276   4.36974   0.71683   2.53688   2.80347  -1.01214  -1.88148   0.09262   0.94515   0.40605  
 59  0.0004   1778.787637  x:  0.05139   0.00561   0.06162   0.01023   0.01995   0.01145   0.00000   0.00439   0.01324   0.00000   0.00000   0.00000   0.03271   0.00440   0.00878   0.00873   0.01003   0.00000   0.03367   0.01349   0.00459   0.14789   0.04106   0.00000   0.13557   0.10277   0.09313   0.00985   0.01787   0.02107   0.03276   4.36972   0.71681   2.53685   2.80340  -1.01194  -1.88124   0.09262   0.94511   0.40604  
 60  0.0003   1778.787637  x:  0.05139   0.00561   0.06162   0.01023   0.01995   0.01145   0.00000   0.00439   0.01324   0.00000   0.00000   0.00000   0.03271   0.00440   0.00878   0.00873   0.01003   0.00000   0.03367   0.01349   0.00459   0.14789   0.04106   0.00000   0.13556   0.10277   0.09313   0.00985   0.01787   0.02107   0.03276   4.36971   0.71681   2.53682   2.80340  -1.01191  -1.88113   0.09261   0.94506   0.40603  
 61  0.0001   1778.787637  x:  0.05139   0.00561   0.06162   0.01023   0.01995   0.01145   0.00000   0.00439   0.01324   0.00000   0.00000   0.00000   0.03271   0.00440   0.00878   0.00873   0.01003   0.00000   0.03367   0.01349   0.00459   0.14789   0.04106   0.00000   0.13556   0.10277   0.09313   0.00985   0.01787   0.02107   0.03276   4.36971   0.71682   2.53682   2.80340  -1.01192  -1.88113   0.09261   0.94505   0.40604  
 62  0.0000   1778.787637  x:  0.05139   0.00561   0.06162   0.01023   0.01995   0.01145   0.00000   0.00439   0.01324   0.00000   0.00000   0.00000   0.03271   0.00440   0.00878   0.00873   0.01003   0.00000   0.03367   0.01349   0.00459   0.14789   0.04106   0.00000   0.13556   0.10277   0.09313   0.00985   0.01787   0.02107   0.03276   4.36970   0.71682   2.53681   2.80340  -1.01195  -1.88115   0.09261   0.94505   0.40603  
 63  0.0000   1778.787637  x:  0.05139   0.00561   0.06162   0.01023   0.01995   0.01145   0.00000   0.00439   0.01324   0.00000   0.00000   0.00000   0.03271   0.00440   0.00878   0.00873   0.01003   0.00000   0.03367   0.01349   0.00459   0.14789   0.04106   0.00000   0.13556   0.10277   0.09313   0.00985   0.01787   0.02107   0.03276   4.36970   0.71682   2.53681   2.80339  -1.01191  -1.88111   0.09261   0.94505   0.40604  
 64  0.0000   1778.787637  x:  0.05139   0.00561   0.06162   0.01023   0.01995   0.01145   0.00000   0.00439   0.01324   0.00000   0.00000   0.00000   0.03271   0.00440   0.00878   0.00873   0.01003   0.00000   0.03367   0.01349   0.00459   0.14789   0.04106   0.00000   0.13556   0.10277   0.09313   0.00985   0.01787   0.02107   0.03276   4.36970   0.71682   2.53681   2.80339  -1.01191  -1.88111   0.09261   0.94505   0.40604  
 65  0.0000   1778.787637  x:  0.05139   0.00561   0.06162   0.01023   0.01995   0.01145   0.00000   0.00439   0.01324   0.00000   0.00000   0.00000   0.03271   0.00440   0.00878   0.00873   0.01003   0.00000   0.03367   0.01349   0.00459   0.14789   0.04106   0.00000   0.13556   0.10277   0.09313   0.00985   0.01787   0.02107   0.03276   4.36970   0.71682   2.53681   2.80339  -1.01191  -1.88111   0.09261   0.94505   0.40604  
 66  0.0000   1778.787637  x:  0.05139   0.00561   0.06162   0.01023   0.01995   0.01145   0.00000   0.00439   0.01324   0.00000   0.00000   0.00000   0.03271   0.00440   0.00878   0.00873   0.01003   0.00000   0.03367   0.01349   0.00459   0.14789   0.04106   0.00000   0.13556   0.10277   0.09313   0.00985   0.01787   0.02107   0.03276   4.36970   0.71682   2.53681   2.80339  -1.01191  -1.88111   0.09261   0.94505   0.40604  
check convergence!
