

TREE # 1

  0  0.0000  27970.778650  x:  0.00703   0.00354   0.00824   0.02200   0.01460   0.01994   0.01406   0.01753   0.02148   0.00930   0.00790   0.01962   0.00000   0.00867   0.00758   0.01417   0.01078   0.00529   0.00970   0.00407   0.00466   0.00748   0.00619   0.00551   0.02211   0.02357   0.00930   0.01172   0.00678   0.00383   0.00391   0.00475   0.00372   0.00165   0.00645   0.00645   0.00861   0.01128   0.00820   0.00426   0.00142   0.00280   0.00225   0.00475   0.00039   0.00232   0.00560   0.00846   0.00378   0.00847   0.00239   0.00582   0.00812   0.00945   0.00795   1.25233   0.92365   0.84032   1.03679   1.40046   0.18440   0.15703   0.55264   1.67412  
  1 99.0000  27970.725248  x:  0.00703   0.00354   0.00824   0.02200   0.01460   0.01994   0.01406   0.01753   0.02148   0.00930   0.00790   0.01962   0.00000   0.00867   0.00758   0.01417   0.01078   0.00529   0.00970   0.00407   0.00466   0.00748   0.00619   0.00551   0.02211   0.02357   0.00930   0.01171   0.00678   0.00383   0.00391   0.00475   0.00372   0.00165   0.00645   0.00645   0.00861   0.01128   0.00820   0.00426   0.00142   0.00280   0.00225   0.00475   0.00040   0.00232   0.00560   0.00846   0.00378   0.00847   0.00239   0.00582   0.00812   0.00945   0.00794   1.25233   0.92365   0.84032   1.03679   1.40046   0.18440   0.15703   0.55264   1.67412  
  2 15076.3799  27933.005966  x:  0.00684   0.00283   0.00829   0.02196   0.01444   0.01981   0.01410   0.01731   0.02142   0.00924   0.00763   0.01927   0.00000   0.00811   0.00714   0.01400   0.01068   0.00470   0.00919   0.00396   0.00449   0.00690   0.00606   0.00536   0.02192   0.02350   0.00894   0.01143   0.00617   0.00315   0.00339   0.00393   0.00314   0.00130   0.00583   0.00592   0.00858   0.01097   0.00765   0.00403   0.00063   0.00233   0.00207   0.00429   0.00000   0.00213   0.00540   0.00794   0.00319   0.00838   0.00217   0.00562   0.00752   0.00892   0.00762   1.25240   0.92365   0.84032   1.03679   1.40049   0.18438   0.15675   0.55259   1.67411  
  3 173485.8287  27916.903870  x:  0.00684   0.00243   0.00828   0.02193   0.01438   0.01974   0.01412   0.01719   0.02135   0.00920   0.00755   0.01911   0.00000   0.00762   0.00697   0.01397   0.01065   0.00440   0.00893   0.00409   0.00461   0.00661   0.00611   0.00539   0.02178   0.02344   0.00882   0.01129   0.00583   0.00286   0.00337   0.00325   0.00302   0.00189   0.00550   0.00565   0.00859   0.01089   0.00737   0.00415   0.00000   0.00252   0.00252   0.00416   0.00000   0.00243   0.00551   0.00772   0.00312   0.00836   0.00215   0.00564   0.00723   0.00863   0.00754   1.25246   0.92365   0.84033   1.03678   1.40052   0.18437   0.15654   0.55254   1.67410  
  4 17049.1687  27916.746578  x:  0.00685   0.00243   0.00828   0.02193   0.01438   0.01974   0.01412   0.01719   0.02134   0.00920   0.00755   0.01911   0.00000   0.00760   0.00697   0.01397   0.01065   0.00440   0.00892   0.00410   0.00461   0.00660   0.00611   0.00539   0.02178   0.02344   0.00882   0.01129   0.00583   0.00285   0.00337   0.00324   0.00302   0.00189   0.00549   0.00564   0.00859   0.01089   0.00737   0.00415   0.00000   0.00253   0.00252   0.00416   0.00000   0.00242   0.00551   0.00772   0.00312   0.00836   0.00215   0.00564   0.00723   0.00863   0.00754   1.25247   0.92365   0.84033   1.03678   1.40052   0.18437   0.15653   0.55254   1.67410  
  5 8071.8519  27902.196997  x:  0.00705   0.00268   0.00830   0.02186   0.01454   0.01961   0.01410   0.01708   0.02103   0.00922   0.00776   0.01899   0.00000   0.00399   0.00723   0.01437   0.01074   0.00441   0.00883   0.00354   0.00409   0.00665   0.00603   0.00554   0.02114   0.02324   0.00902   0.01136   0.00579   0.00322   0.00351   0.00000   0.00360   0.00149   0.00541   0.00574   0.00853   0.01134   0.00727   0.00403   0.00000   0.00213   0.00281   0.00448   0.00001   0.00309   0.00526   0.00787   0.00336   0.00841   0.00117   0.00555   0.00715   0.00845   0.00793   1.25298   0.92365   0.84038   1.03675   1.40074   0.18424   0.15505   0.55205   1.67399  
  6 7297.8230  27894.491516  x:  0.00725   0.00268   0.00831   0.02179   0.01465   0.01945   0.01409   0.01693   0.02072   0.00923   0.00791   0.01879   0.00000   0.00053   0.00737   0.01472   0.01080   0.00426   0.00861   0.00317   0.00376   0.00653   0.00602   0.00572   0.02050   0.02302   0.00913   0.01135   0.00558   0.00340   0.00371   0.00008   0.00412   0.00119   0.00516   0.00568   0.00850   0.01170   0.00706   0.00405   0.00000   0.00193   0.00298   0.00470   0.00001   0.00357   0.00516   0.00789   0.00361   0.00845   0.00056   0.00553   0.00692   0.00815   0.00825   1.25346   0.92365   0.84043   1.03673   1.40095   0.18413   0.15362   0.55160   1.67389  
  7 7803.5118  27893.802684  x:  0.00726   0.00269   0.00831   0.02179   0.01466   0.01944   0.01409   0.01692   0.02069   0.00923   0.00792   0.01878   0.00000   0.00021   0.00739   0.01475   0.01080   0.00425   0.00859   0.00314   0.00373   0.00652   0.00601   0.00573   0.02044   0.02300   0.00914   0.01136   0.00557   0.00342   0.00371   0.00008   0.00415   0.00117   0.00515   0.00568   0.00850   0.01173   0.00704   0.00403   0.00000   0.00189   0.00300   0.00471   0.00001   0.00362   0.00513   0.00789   0.00362   0.00845   0.00067   0.00552   0.00691   0.00812   0.00828   1.25351   0.92365   0.84043   1.03672   1.40097   0.18411   0.15347   0.55155   1.67388  
  8 15616.8760  27888.987333  x:  0.00747   0.00280   0.00835   0.02166   0.01484   0.01918   0.01406   0.01666   0.02015   0.00924   0.00813   0.01843   0.00000   0.00041   0.00763   0.01533   0.01090   0.00404   0.00827   0.00291   0.00336   0.00638   0.00587   0.00593   0.01927   0.02262   0.00932   0.01137   0.00530   0.00369   0.00375   0.00009   0.00485   0.00097   0.00479   0.00565   0.00847   0.01230   0.00670   0.00381   0.00000   0.00148   0.00314   0.00499   0.00000   0.00412   0.00482   0.00793   0.00378   0.00848   0.00096   0.00543   0.00656   0.00763   0.00876   1.25451   0.92365   0.84053   1.03667   1.40140   0.18387   0.15055   0.55061   1.67368  
  9 1947.2266  27888.987333  x:  0.00747   0.00280   0.00835   0.02166   0.01484   0.01918   0.01406   0.01666   0.02015   0.00924   0.00813   0.01843   0.00000   0.00041   0.00763   0.01533   0.01090   0.00404   0.00827   0.00291   0.00336   0.00638   0.00587   0.00593   0.01927   0.02262   0.00932   0.01137   0.00530   0.00369   0.00375   0.00009   0.00485   0.00097   0.00479   0.00565   0.00847   0.01230   0.00670   0.00381   0.00000   0.00148   0.00314   0.00499   0.00000   0.00412   0.00482   0.00793   0.00378   0.00848   0.00096   0.00543   0.00656   0.00763   0.00876   1.25451   0.92365   0.84053   1.03667   1.40140   0.18387   0.15055   0.55061   1.67368  
 10 7556.1152  27876.855846  x:  0.00736   0.00247   0.00836   0.02165   0.01476   0.01913   0.01408   0.01657   0.02014   0.00921   0.00799   0.01828   0.00000   0.00038   0.00742   0.01522   0.01085   0.00378   0.00806   0.00299   0.00340   0.00613   0.00582   0.00585   0.01922   0.02260   0.00915   0.01124   0.00504   0.00337   0.00350   0.00054   0.00454   0.00089   0.00453   0.00541   0.00849   0.01214   0.00647   0.00372   0.00000   0.00137   0.00295   0.00475   0.00438   0.00391   0.00476   0.00769   0.00349   0.00843   0.00127   0.00537   0.00630   0.00740   0.00858   1.25454   0.92365   0.84053   1.03667   1.40141   0.18386   0.15042   0.55059   1.67367  
 11 46520.9263  27838.714846  x:  0.00705   0.00155   0.00841   0.02160   0.01451   0.01900   0.01414   0.01632   0.02011   0.00912   0.00759   0.01783   0.00000   0.00034   0.00681   0.01492   0.01070   0.00304   0.00746   0.00321   0.00351   0.00541   0.00569   0.00564   0.01907   0.02253   0.00866   0.01087   0.00432   0.00244   0.00280   0.00000   0.00367   0.00073   0.00378   0.00473   0.00848   0.01166   0.00583   0.00345   0.00000   0.00111   0.00246   0.00408   0.00444   0.00325   0.00466   0.00701   0.00269   0.00828   0.00114   0.00514   0.00559   0.00677   0.00807   1.25464   0.92365   0.84054   1.03666   1.40145   0.18384   0.15005   0.55053   1.67366  
 12 13151.3602  27788.835373  x:  0.00654   0.00000   0.00849   0.02153   0.01409   0.01877   0.01423   0.01588   0.02007   0.00897   0.00692   0.01709   0.00000   0.00029   0.00579   0.01442   0.01046   0.00182   0.00645   0.00356   0.00368   0.00420   0.00546   0.00527   0.01881   0.02242   0.00785   0.01025   0.00311   0.00088   0.00164   0.00018   0.00222   0.00048   0.00254   0.00360   0.00847   0.01084   0.00475   0.00301   0.00000   0.00070   0.00164   0.00295   0.00439   0.00215   0.00449   0.00587   0.00136   0.00801   0.00091   0.00475   0.00439   0.00573   0.00721   1.25480   0.92365   0.84055   1.03665   1.40152   0.18381   0.14943   0.55043   1.67364  
 13 356419.3328  27774.179609  x:  0.00625   0.00095   0.00855   0.02149   0.01385   0.01863   0.01430   0.01561   0.02003   0.00887   0.00651   0.01661   0.00000   0.00036   0.00517   0.01412   0.01030   0.00115   0.00584   0.00370   0.00374   0.00349   0.00535   0.00507   0.01864   0.02235   0.00735   0.00987   0.00243   0.00019   0.00115   0.00024   0.00139   0.00070   0.00187   0.00293   0.00847   0.01033   0.00411   0.00279   0.00000   0.00085   0.00135   0.00231   0.00436   0.00160   0.00441   0.00519   0.00077   0.00785   0.00092   0.00456   0.00369   0.00510   0.00669   1.25491   0.92365   0.84056   1.03664   1.40156   0.18378   0.14901   0.55036   1.67363  
 14 30397.0497  27766.135888  x:  0.00598   0.00130   0.00860   0.02144   0.01361   0.01848   0.01436   0.01534   0.01999   0.00878   0.00613   0.01613   0.00000   0.00040   0.00458   0.01383   0.01016   0.00069   0.00527   0.00377   0.00378   0.00286   0.00525   0.00488   0.01848   0.02228   0.00688   0.00950   0.00188   0.00113   0.00101   0.00028   0.00075   0.00088   0.00138   0.00235   0.00846   0.00983   0.00352   0.00265   0.00000   0.00111   0.00126   0.00180   0.00434   0.00126   0.00436   0.00456   0.00064   0.00771   0.00103   0.00441   0.00307   0.00454   0.00619   1.25502   0.92365   0.84057   1.03664   1.40161   0.18375   0.14858   0.55028   1.67361  
 15 22890.4115  27756.700203  x:  0.00556   0.00130   0.00867   0.02135   0.01316   0.01821   0.01448   0.01484   0.01989   0.00862   0.00550   0.01521   0.00000   0.00035   0.00363   0.01335   0.00991   0.00105   0.00435   0.00375   0.00375   0.00205   0.00516   0.00461   0.01815   0.02213   0.00608   0.00884   0.00149   0.00101   0.00169   0.00029   0.00106   0.00094   0.00145   0.00168   0.00845   0.00894   0.00265   0.00263   0.00000   0.00151   0.00163   0.00144   0.00430   0.00141   0.00434   0.00360   0.00186   0.00748   0.00140   0.00428   0.00227   0.00369   0.00537   1.25526   0.92365   0.84059   1.03662   1.40171   0.18370   0.14768   0.55012   1.67358  
 16 9919.3159  27750.942978  x:  0.00521   0.00136   0.00873   0.02122   0.01259   0.01783   0.01466   0.01420   0.01975   0.00843   0.00492   0.01397   0.00000   0.00048   0.00285   0.01276   0.00960   0.00116   0.00362   0.00357   0.00364   0.00224   0.00519   0.00441   0.01771   0.02191   0.00528   0.00809   0.00231   0.00111   0.00172   0.00030   0.00124   0.00084   0.00196   0.00210   0.00843   0.00790   0.00233   0.00289   0.00000   0.00150   0.00176   0.00217   0.00430   0.00195   0.00437   0.00294   0.00125   0.00730   0.00147   0.00432   0.00223   0.00318   0.00464   1.25564   0.92365   0.84062   1.03660   1.40187   0.18361   0.14628   0.54985   1.67352  
 17 5019.1746  27747.454050  x:  0.00513   0.00140   0.00877   0.02109   0.01212   0.01747   0.01483   0.01366   0.01961   0.00831   0.00472   0.01288   0.00000   0.00010   0.00289   0.01229   0.00937   0.00124   0.00362   0.00345   0.00357   0.00255   0.00532   0.00439   0.01730   0.02170   0.00492   0.00759   0.00214   0.00111   0.00169   0.00030   0.00112   0.00094   0.00189   0.00223   0.00845   0.00718   0.00272   0.00305   0.00000   0.00144   0.00171   0.00206   0.00431   0.00194   0.00444   0.00321   0.00139   0.00721   0.00127   0.00446   0.00259   0.00337   0.00446   1.25607   0.92365   0.84066   1.03658   1.40206   0.18351   0.14472   0.54955   1.67346  
 18 3605.6946  27744.994840  x:  0.00505   0.00139   0.00881   0.02094   0.01158   0.01705   0.01504   0.01304   0.01943   0.00818   0.00453   0.01160   0.00000   0.00048   0.00300   0.01175   0.00910   0.00133   0.00369   0.00331   0.00350   0.00288   0.00548   0.00438   0.01682   0.02144   0.00456   0.00703   0.00190   0.00111   0.00167   0.00030   0.00102   0.00103   0.00179   0.00234   0.00848   0.00636   0.00317   0.00321   0.00000   0.00137   0.00165   0.00190   0.00434   0.00189   0.00452   0.00355   0.00160   0.00711   0.00105   0.00461   0.00298   0.00362   0.00430   1.25659   0.92365   0.84070   1.03655   1.40228   0.18339   0.14281   0.54918   1.67339  
 19 27439.8824  27740.401862  x:  0.00528   0.00148   0.00884   0.02067   0.01086   0.01635   0.01535   0.01218   0.01916   0.00810   0.00487   0.00983   0.00000   0.00044   0.00365   0.01107   0.00882   0.00109   0.00427   0.00344   0.00358   0.00240   0.00571   0.00463   0.01602   0.02097   0.00490   0.00679   0.00201   0.00119   0.00173   0.00031   0.00176   0.00051   0.00186   0.00198   0.00863   0.00594   0.00307   0.00299   0.00000   0.00151   0.00185   0.00183   0.00431   0.00179   0.00460   0.00380   0.00115   0.00706   0.00127   0.00469   0.00265   0.00397   0.00475   1.25779   0.92365   0.84080   1.03648   1.40279   0.18311   0.13843   0.54833   1.67321  
 20 4159.7943  27736.369342  x:  0.00560   0.00126   0.00887   0.02036   0.01025   0.01563   0.01563   0.01144   0.01888   0.00810   0.00533   0.00842   0.00000   0.00043   0.00412   0.01054   0.00866   0.00123   0.00466   0.00359   0.00369   0.00204   0.00584   0.00496   0.01516   0.02041   0.00546   0.00692   0.00233   0.00114   0.00169   0.00029   0.00169   0.00179   0.00188   0.00195   0.00879   0.00610   0.00270   0.00273   0.00000   0.00142   0.00188   0.00211   0.00431   0.00187   0.00461   0.00376   0.00107   0.00707   0.00142   0.00468   0.00219   0.00407   0.00524   1.25941   0.92365   0.84094   1.03639   1.40348   0.18273   0.13251   0.54717   1.67298  
 21 8980.8214  27722.617364  x:  0.00614   0.00142   0.00895   0.01975   0.00952   0.01436   0.01606   0.01053   0.01841   0.00823   0.00594   0.00740   0.00000   0.00042   0.00419   0.01001   0.00863   0.00149   0.00460   0.00367   0.00376   0.00257   0.00575   0.00555   0.01354   0.01927   0.00631   0.00769   0.00245   0.00108   0.00160   0.00031   0.00038   0.00097   0.00180   0.00247   0.00905   0.00724   0.00215   0.00261   0.00000   0.00134   0.00166   0.00239   0.00430   0.00212   0.00450   0.00313   0.00189   0.00720   0.00131   0.00456   0.00207   0.00361   0.00574   1.26352   0.92366   0.84128   1.03617   1.40525   0.18175   0.11742   0.54422   1.67238  
 22 10603.7033  27699.089255  x:  0.00691   0.00171   0.00913   0.01854   0.00845   0.01202   0.01680   0.00924   0.01758   0.00855   0.00655   0.00692   0.00000   0.00044   0.00354   0.00932   0.00874   0.00141   0.00374   0.00363   0.00377   0.00376   0.00528   0.00653   0.01046   0.01696   0.00731   0.00919   0.00164   0.00135   0.00086   0.00033   0.00192   0.00083   0.00122   0.00329   0.00942   0.00953   0.00203   0.00275   0.00000   0.00106   0.00070   0.00216   0.00435   0.00196   0.00419   0.00203   0.00244   0.00747   0.00049   0.00424   0.00262   0.00243   0.00603   1.27289   0.92367   0.84206   1.03565   1.40929   0.17952   0.08299   0.53750   1.67103  
 23 46274.4969  27651.168828  x:  0.00770   0.00131   0.00951   0.01656   0.00725   0.00867   0.01801   0.00803   0.01630   0.00898   0.00663   0.00793   0.00000   0.00050   0.00213   0.00871   0.00899   0.00066   0.00227   0.00344   0.00364   0.00474   0.00443   0.00793   0.00594   0.01313   0.00782   0.01098   0.00088   0.00107   0.00208   0.00030   0.00207   0.00124   0.00114   0.00358   0.00979   0.01239   0.00309   0.00335   0.00000   0.00160   0.00332   0.00123   0.00425   0.00141   0.00399   0.00265   0.00127   0.00776   0.00178   0.00387   0.00367   0.00201   0.00564   1.29152   0.92369   0.84361   1.03462   1.41734   0.17508   0.01445   0.52414   1.66832  
 24 76423.7913  27632.687350  x:  0.00773   0.00135   0.00959   0.01626   0.00717   0.00838   0.01823   0.00801   0.01612   0.00902   0.00647   0.00815   0.00000   0.00051   0.00208   0.00870   0.00901   0.00091   0.00238   0.00344   0.00363   0.00461   0.00435   0.00813   0.00567   0.01258   0.00768   0.01109   0.00125   0.00111   0.00199   0.00031   0.00205   0.00120   0.00115   0.00332   0.00980   0.01262   0.00317   0.00337   0.00000   0.00157   0.00321   0.00118   0.00425   0.00126   0.00398   0.00276   0.00130   0.00778   0.00172   0.00383   0.00368   0.00221   0.00543   1.29544   0.92369   0.84394   1.03440   1.41904   0.17414   0.00000   0.52133   1.66775  
 25 102319.1530  27629.326445  x:  0.00781   0.00143   0.00979   0.01557   0.00706   0.00799   0.01878   0.00809   0.01569   0.00908   0.00609   0.00847   0.00000   0.00051   0.00230   0.00870   0.00903   0.00086   0.00278   0.00339   0.00358   0.00429   0.00435   0.00867   0.00562   0.01140   0.00730   0.01126   0.00088   0.00117   0.00187   0.00032   0.00196   0.00116   0.00160   0.00289   0.00976   0.01305   0.00320   0.00339   0.00000   0.00144   0.00282   0.00189   0.00425   0.00158   0.00404   0.00293   0.00141   0.00780   0.00163   0.00383   0.00364   0.00257   0.00501   1.30615   0.92370   0.84482   1.03381   1.42368   0.17158   0.00000   0.51366   1.66619  
 26 19785.6174  27623.722194  x:  0.00802   0.00145   0.00998   0.01489   0.00705   0.00818   0.01948   0.00821   0.01526   0.00913   0.00595   0.00828   0.00000   0.00051   0.00282   0.00872   0.00901   0.00029   0.00279   0.00331   0.00355   0.00417   0.00464   0.00935   0.00631   0.01057   0.00709   0.01135   0.00125   0.00115   0.00214   0.00032   0.00199   0.00119   0.00143   0.00306   0.00971   0.01342   0.00320   0.00342   0.00000   0.00144   0.00245   0.00168   0.00425   0.00215   0.00415   0.00299   0.00166   0.00784   0.00154   0.00407   0.00371   0.00228   0.00504   1.32164   0.92372   0.84610   1.03296   1.43040   0.16787   0.00000   0.50256   1.66393  
 27 23741.1998  27616.086443  x:  0.00842   0.00152   0.01027   0.01387   0.00710   0.00873   0.02065   0.00841   0.01460   0.00920   0.00590   0.00775   0.00000   0.00051   0.00362   0.00877   0.00897   0.00101   0.00265   0.00322   0.00354   0.00402   0.00519   0.01047   0.00757   0.00952   0.00688   0.01147   0.00113   0.00124   0.00252   0.00033   0.00202   0.00110   0.00102   0.00359   0.00961   0.01397   0.00313   0.00342   0.00000   0.00152   0.00200   0.00126   0.00424   0.00293   0.00435   0.00299   0.00132   0.00790   0.00148   0.00450   0.00376   0.00167   0.00536   1.34932   0.92374   0.84839   1.03144   1.44240   0.16126   0.00000   0.48273   1.65990  
 28 129567.5842  27594.813543  x:  0.00926   0.00172   0.01057   0.01308   0.00754   0.01077   0.02279   0.00850   0.01402   0.00923   0.00687   0.00602   0.00000   0.00050   0.00294   0.00889   0.00885   0.00100   0.00203   0.00341   0.00371   0.00448   0.00594   0.01201   0.00867   0.01091   0.00732   0.01148   0.00090   0.00143   0.00234   0.00037   0.00227   0.00102   0.00203   0.00542   0.00946   0.01466   0.00239   0.00327   0.00000   0.00188   0.00175   0.00123   0.00428   0.00194   0.00435   0.00192   0.00203   0.00787   0.00078   0.00497   0.00346   0.00377   0.00726   1.42137   0.92380   0.85433   1.02748   1.47363   0.14407   0.00000   0.43115   1.64938  
 29 53324.4596  27574.705998  x:  0.00963   0.00200   0.01046   0.01389   0.00764   0.01188   0.02397   0.00823   0.01443   0.00911   0.00806   0.00540   0.00000   0.00051   0.00215   0.00881   0.00862   0.00099   0.00396   0.00354   0.00373   0.00506   0.00597   0.01230   0.00815   0.01388   0.00812   0.01105   0.00104   0.00161   0.00157   0.00041   0.00267   0.00079   0.00104   0.00664   0.00937   0.01439   0.00218   0.00319   0.00000   0.00164   0.00153   0.00283   0.00420   0.00142   0.00422   0.00285   0.00329   0.00769   0.00145   0.00485   0.00298   0.00231   0.00868   1.49002   0.92386   0.85998   1.02371   1.50337   0.12772   0.00000   0.38206   1.63934  
 30 83354.2433  27562.797929  x:  0.00957   0.00225   0.00996   0.01551   0.00724   0.01133   0.02373   0.00793   0.01540   0.00890   0.00905   0.00619   0.00000   0.00051   0.00396   0.00853   0.00844   0.00109   0.00401   0.00345   0.00367   0.00513   0.00556   0.01149   0.00702   0.01603   0.00921   0.01055   0.00117   0.00181   0.00131   0.00044   0.00250   0.00084   0.00209   0.00665   0.00940   0.01343   0.00256   0.00298   0.00000   0.00114   0.00106   0.00227   0.00423   0.00271   0.00410   0.00245   0.00356   0.00762   0.00091   0.00434   0.00281   0.00151   0.00939   1.53024   0.92389   0.86329   1.02150   1.52077   0.11820   0.00000   0.35340   1.63345  
 31 51120.9924  27558.808666  x:  0.00943   0.00226   0.00963   0.01629   0.00705   0.01061   0.02308   0.00786   0.01593   0.00883   0.00939   0.00639   0.00000   0.00051   0.00446   0.00845   0.00844   0.00114   0.00379   0.00333   0.00362   0.00521   0.00531   0.01087   0.00707   0.01638   0.00982   0.01051   0.00120   0.00181   0.00141   0.00045   0.00259   0.00080   0.00110   0.00663   0.00950   0.01303   0.00225   0.00297   0.00000   0.00126   0.00108   0.00255   0.00424   0.00355   0.00415   0.00212   0.00360   0.00764   0.00072   0.00422   0.00294   0.00222   0.00939   1.54258   0.92389   0.86429   1.02083   1.52608   0.11531   0.00000   0.34468   1.63163  
 32 25670.0004  27555.826193  x:  0.00923   0.00227   0.00913   0.01709   0.00710   0.00943   0.02137   0.00798   0.01657   0.00884   0.00980   0.00580   0.00000   0.00051   0.00433   0.00853   0.00862   0.00116   0.00344   0.00335   0.00366   0.00538   0.00513   0.00979   0.00812   0.01581   0.01092   0.01090   0.00123   0.00183   0.00114   0.00045   0.00260   0.00080   0.00138   0.00644   0.00979   0.01267   0.00192   0.00303   0.00000   0.00150   0.00097   0.00262   0.00424   0.00348   0.00432   0.00262   0.00372   0.00773   0.00063   0.00450   0.00323   0.00212   0.00917   1.55234   0.92389   0.86508   1.02031   1.53023   0.11312   0.00000   0.33798   1.63017  
 33 8906.8335  27554.634694  x:  0.00916   0.00234   0.00894   0.01732   0.00716   0.00924   0.02032   0.00799   0.01679   0.00885   0.00997   0.00556   0.00000   0.00051   0.00425   0.00853   0.00867   0.00116   0.00364   0.00340   0.00368   0.00549   0.00519   0.00920   0.00848   0.01529   0.01146   0.01108   0.00124   0.00186   0.00141   0.00045   0.00259   0.00081   0.00141   0.00637   0.00993   0.01244   0.00230   0.00306   0.00000   0.00114   0.00096   0.00270   0.00423   0.00323   0.00433   0.00218   0.00372   0.00775   0.00071   0.00461   0.00320   0.00208   0.00903   1.55624   0.92388   0.86539   1.02010   1.53186   0.11229   0.00000   0.33540   1.62957  
 34 7570.2953  27554.069917  x:  0.00915   0.00232   0.00892   0.01729   0.00716   0.00956   0.01951   0.00793   0.01680   0.00884   0.01002   0.00559   0.00000   0.00051   0.00432   0.00846   0.00862   0.00116   0.00379   0.00338   0.00366   0.00560   0.00536   0.00884   0.00846   0.01482   0.01174   0.01113   0.00123   0.00185   0.00124   0.00045   0.00261   0.00082   0.00141   0.00646   0.00997   0.01221   0.00234   0.00304   0.00000   0.00128   0.00119   0.00272   0.00425   0.00319   0.00428   0.00205   0.00378   0.00774   0.00054   0.00462   0.00307   0.00203   0.00894   1.55818   0.92387   0.86553   1.02000   1.53265   0.11192   0.00000   0.33422   1.62926  
 35 3471.5342  27553.511836  x:  0.00915   0.00231   0.00895   0.01719   0.00715   0.01002   0.01856   0.00783   0.01677   0.00882   0.01008   0.00569   0.00000   0.00051   0.00437   0.00836   0.00855   0.00116   0.00379   0.00335   0.00364   0.00575   0.00554   0.00844   0.00829   0.01432   0.01204   0.01117   0.00121   0.00185   0.00120   0.00045   0.00263   0.00082   0.00143   0.00664   0.01000   0.01194   0.00225   0.00300   0.00000   0.00137   0.00100   0.00267   0.00423   0.00318   0.00422   0.00211   0.00383   0.00770   0.00076   0.00459   0.00293   0.00211   0.00887   1.56016   0.92386   0.86568   1.01991   1.53343   0.11158   0.00000   0.33307   1.62894  
 36 5864.0256  27553.365117  x:  0.00916   0.00233   0.00898   0.01713   0.00715   0.01014   0.01827   0.00783   0.01673   0.00882   0.01009   0.00571   0.00000   0.00051   0.00437   0.00834   0.00853   0.00115   0.00376   0.00336   0.00365   0.00573   0.00554   0.00837   0.00821   0.01424   0.01211   0.01116   0.00121   0.00186   0.00133   0.00045   0.00263   0.00081   0.00142   0.00668   0.00999   0.01186   0.00215   0.00299   0.00000   0.00127   0.00097   0.00269   0.00424   0.00317   0.00421   0.00223   0.00381   0.00769   0.00064   0.00456   0.00290   0.00211   0.00887   1.56070   0.92386   0.86571   1.01988   1.53363   0.11151   0.00000   0.33281   1.62884  
 37 1988.7093  27553.198903  x:  0.00919   0.00237   0.00910   0.01693   0.00716   0.01018   0.01782   0.00792   0.01659   0.00882   0.01007   0.00565   0.00000   0.00051   0.00440   0.00839   0.00850   0.00116   0.00365   0.00342   0.00368   0.00558   0.00542   0.00844   0.00815   0.01428   0.01216   0.01111   0.00122   0.00187   0.00122   0.00046   0.00263   0.00079   0.00138   0.00671   0.00993   0.01179   0.00215   0.00300   0.00000   0.00111   0.00105   0.00272   0.00424   0.00321   0.00426   0.00226   0.00387   0.00767   0.00068   0.00450   0.00302   0.00211   0.00892   1.56143   0.92385   0.86575   1.01985   1.53385   0.11149   0.00000   0.33264   1.62870  
 38 731.6722  27553.007584  x:  0.00925   0.00234   0.00924   0.01668   0.00717   0.01013   0.01729   0.00802   0.01640   0.00883   0.01005   0.00561   0.00000   0.00051   0.00440   0.00844   0.00847   0.00115   0.00363   0.00345   0.00371   0.00540   0.00525   0.00859   0.00808   0.01442   0.01220   0.01104   0.00123   0.00186   0.00126   0.00046   0.00260   0.00079   0.00137   0.00675   0.00985   0.01172   0.00226   0.00300   0.00000   0.00128   0.00096   0.00279   0.00424   0.00321   0.00431   0.00221   0.00387   0.00766   0.00064   0.00445   0.00315   0.00206   0.00900   1.56234   0.92383   0.86580   1.01982   1.53411   0.11151   0.00000   0.33249   1.62850  
 39 1689.6184  27552.711859  x:  0.00932   0.00233   0.00933   0.01642   0.00710   0.00985   0.01671   0.00790   0.01621   0.00885   0.00994   0.00575   0.00000   0.00051   0.00436   0.00845   0.00848   0.00115   0.00387   0.00326   0.00359   0.00541   0.00522   0.00889   0.00820   0.01467   0.01215   0.01091   0.00119   0.00186   0.00128   0.00045   0.00261   0.00081   0.00142   0.00688   0.00978   0.01167   0.00208   0.00305   0.00000   0.00125   0.00098   0.00263   0.00424   0.00319   0.00424   0.00214   0.00383   0.00766   0.00066   0.00452   0.00312   0.00208   0.00905   1.56393   0.92378   0.86586   1.01978   1.53449   0.11164   0.00000   0.33247   1.62813  
 40 822.1576  27552.107065  x:  0.00943   0.00235   0.00926   0.01631   0.00705   0.00957   0.01616   0.00772   0.01613   0.00889   0.00972   0.00584   0.00000   0.00051   0.00434   0.00837   0.00860   0.00116   0.00367   0.00338   0.00363   0.00551   0.00547   0.00928   0.00833   0.01497   0.01199   0.01083   0.00119   0.00186   0.00122   0.00045   0.00263   0.00077   0.00137   0.00696   0.00979   0.01180   0.00238   0.00295   0.00000   0.00123   0.00099   0.00266   0.00424   0.00328   0.00412   0.00231   0.00385   0.00770   0.00064   0.00458   0.00255   0.00214   0.00900   1.56739   0.92367   0.86597   1.01970   1.53526   0.11204   0.00000   0.33269   1.62730  
 41 1253.0892  27547.618597  x:  0.00996   0.00227   0.00825   0.01693   0.00718   0.00962   0.01446   0.00780   0.01658   0.00908   0.00835   0.00553   0.00000   0.00051   0.00505   0.00799   0.00922   0.00115   0.00357   0.00430   0.00418   0.00618   0.00685   0.01062   0.00773   0.01579   0.01074   0.01071   0.00119   0.00182   0.00148   0.00045   0.00267   0.00087   0.00134   0.00619   0.01019   0.01274   0.00187   0.00247   0.00000   0.00138   0.00115   0.00278   0.00422   0.00292   0.00422   0.00214   0.00363   0.00796   0.00081   0.00485   0.00314   0.00200   0.00822   1.59441   0.92280   0.86684   1.01907   1.54109   0.11547   0.00000   0.33497   1.62072  
 42 3636.1547  27535.106131  x:  0.01078   0.00205   0.00735   0.01875   0.00724   0.01091   0.01266   0.00808   0.01782   0.00912   0.00719   0.00428   0.00000   0.00050   0.00476   0.00790   0.00933   0.00110   0.00330   0.00240   0.00318   0.00569   0.00709   0.01197   0.00697   0.01625   0.00928   0.01101   0.00112   0.00168   0.00146   0.00042   0.00247   0.00089   0.00131   0.00455   0.01087   0.01448   0.00214   0.00467   0.00000   0.00145   0.00111   0.00252   0.00424   0.00337   0.00464   0.00237   0.00301   0.00809   0.00077   0.00430   0.00286   0.00206   0.00776   1.66789   0.92040   0.86916   1.01736   1.55683   0.12498   0.00000   0.34154   1.60276  
 43 16873.9995  27485.164755  x:  0.01148   0.00164   0.00881   0.02302   0.00556   0.01235   0.01158   0.00623   0.02045   0.00792   0.00724   0.00675   0.00000   0.00050   0.00170   0.00705   0.00668   0.00090   0.00323   0.00528   0.00345   0.00378   0.00445   0.01274   0.00860   0.01474   0.00622   0.00990   0.00069   0.00139   0.00176   0.00036   0.00195   0.00107   0.00161   0.00319   0.01187   0.01442   0.00273   0.00611   0.00000   0.00156   0.00148   0.00154   0.00425   0.00416   0.00480   0.00273   0.00181   0.00696   0.00085   0.00481   0.00407   0.00212   0.00832   1.96001   0.91084   0.87839   1.01060   1.61929   0.16300   0.00000   0.36813   1.53128  
 44 53325.1438  27435.550093  x:  0.01012   0.00114   0.01054   0.02405   0.00742   0.01075   0.01283   0.00842   0.02089   0.00741   0.00712   0.00796   0.00000   0.00046   0.00333   0.00888   0.00642   0.00064   0.00145   0.00361   0.00325   0.00357   0.00323   0.01087   0.00845   0.01386   0.00499   0.00847   0.00024   0.00102   0.00242   0.00029   0.00183   0.00116   0.00129   0.00392   0.01134   0.01180   0.00265   0.00505   0.00000   0.00189   0.00216   0.00239   0.00425   0.00104   0.00364   0.00288   0.00127   0.00625   0.00154   0.00465   0.00304   0.00147   0.00734   2.22643   0.90212   0.88680   1.00445   1.67625   0.19773   0.00000   0.39251   1.46606  
 45 145210.5081  27420.960907  x:  0.00910   0.00103   0.01074   0.02337   0.00828   0.01030   0.01349   0.00926   0.02044   0.00770   0.00690   0.00783   0.00000   0.00046   0.00229   0.00955   0.00731   0.00055   0.00184   0.00324   0.00361   0.00356   0.00391   0.00955   0.00809   0.01425   0.00555   0.00850   0.00008   0.00094   0.00245   0.00027   0.00174   0.00121   0.00133   0.00365   0.01071   0.01095   0.00280   0.00409   0.00000   0.00189   0.00226   0.00169   0.00426   0.00190   0.00367   0.00302   0.00088   0.00655   0.00153   0.00407   0.00307   0.00157   0.00669   2.30168   0.89965   0.88917   1.00271   1.69234   0.20757   0.00000   0.39945   1.44762  
 46 126897.2725  27412.060852  x:  0.00826   0.00093   0.01074   0.02210   0.00848   0.01041   0.01403   0.00876   0.01970   0.00813   0.00697   0.00817   0.00000   0.00047   0.00176   0.00943   0.00803   0.00054   0.00129   0.00249   0.00335   0.00397   0.00467   0.00835   0.00841   0.01501   0.00629   0.00880   0.00013   0.00087   0.00253   0.00025   0.00160   0.00131   0.00127   0.00187   0.01016   0.01031   0.00300   0.00338   0.00000   0.00184   0.00235   0.00198   0.00427   0.00212   0.00337   0.00307   0.00061   0.00687   0.00158   0.00381   0.00375   0.00138   0.00678   2.35215   0.89798   0.89075   1.00156   1.70312   0.21420   0.00000   0.40419   1.43524  
 47 94247.8537  27407.104728  x:  0.00702   0.00090   0.00969   0.02042   0.00809   0.01072   0.01448   0.00801   0.01890   0.00871   0.00642   0.00826   0.00000   0.00047   0.00238   0.00876   0.00880   0.00054   0.00128   0.00313   0.00287   0.00395   0.00403   0.00654   0.00890   0.01612   0.00653   0.00980   0.00011   0.00083   0.00266   0.00025   0.00159   0.00134   0.00128   0.00174   0.00971   0.01049   0.00300   0.00419   0.00000   0.00193   0.00244   0.00203   0.00427   0.00180   0.00388   0.00315   0.00047   0.00734   0.00167   0.00348   0.00375   0.00138   0.00626   2.38203   0.89699   0.89166   1.00088   1.70948   0.21820   0.00000   0.40717   1.42786  
 48 22350.9680  27406.392386  x:  0.00684   0.00091   0.00913   0.02002   0.00791   0.01074   0.01453   0.00799   0.01882   0.00875   0.00632   0.00834   0.00000   0.00047   0.00241   0.00851   0.00870   0.00054   0.00128   0.00280   0.00339   0.00356   0.00401   0.00607   0.00894   0.01633   0.00641   0.01002   0.00011   0.00083   0.00265   0.00025   0.00157   0.00131   0.00128   0.00191   0.00977   0.01065   0.00307   0.00422   0.00000   0.00192   0.00245   0.00205   0.00427   0.00178   0.00359   0.00319   0.00047   0.00727   0.00167   0.00371   0.00390   0.00139   0.00630   2.38647   0.89683   0.89179   1.00079   1.71041   0.21886   0.00000   0.40776   1.42674  
 49 4799.2587  27406.153296  x:  0.00688   0.00091   0.00870   0.01971   0.00793   0.01066   0.01453   0.00820   0.01883   0.00864   0.00636   0.00834   0.00000   0.00047   0.00236   0.00849   0.00838   0.00054   0.00129   0.00288   0.00310   0.00351   0.00410   0.00581   0.00892   0.01640   0.00625   0.01005   0.00011   0.00083   0.00264   0.00025   0.00156   0.00131   0.00128   0.00192   0.00991   0.01073   0.00309   0.00411   0.00000   0.00191   0.00245   0.00204   0.00427   0.00183   0.00351   0.00321   0.00047   0.00709   0.00166   0.00374   0.00392   0.00139   0.00645   2.38809   0.89675   0.89180   1.00077   1.71072   0.21920   0.00000   0.40820   1.42628  
 50 1145.0795  27405.999828  x:  0.00695   0.00091   0.00851   0.01947   0.00799   0.01061   0.01454   0.00820   0.01890   0.00852   0.00643   0.00838   0.00000   0.00047   0.00235   0.00859   0.00816   0.00054   0.00130   0.00282   0.00328   0.00368   0.00406   0.00574   0.00895   0.01642   0.00618   0.01000   0.00011   0.00083   0.00265   0.00025   0.00157   0.00132   0.00128   0.00185   0.01003   0.01074   0.00307   0.00410   0.00000   0.00191   0.00245   0.00203   0.00427   0.00184   0.00378   0.00320   0.00046   0.00703   0.00166   0.00360   0.00385   0.00139   0.00650   2.38939   0.89667   0.89179   1.00078   1.71095   0.21959   0.00000   0.40882   1.42584  
 51 730.0006  27404.382308  x:  0.00713   0.00092   0.00827   0.01822   0.00847   0.01066   0.01474   0.00763   0.02027   0.00803   0.00660   0.00841   0.00000   0.00047   0.00242   0.00933   0.00821   0.00054   0.00131   0.00303   0.00329   0.00339   0.00413   0.00589   0.00888   0.01660   0.00687   0.00951   0.00012   0.00084   0.00261   0.00025   0.00155   0.00130   0.00126   0.00199   0.01084   0.01052   0.00306   0.00449   0.00000   0.00192   0.00241   0.00203   0.00426   0.00190   0.00344   0.00320   0.00050   0.00739   0.00164   0.00356   0.00399   0.00140   0.00586   2.40480   0.89559   0.89141   1.00092   1.71342   0.22494   0.00000   0.41783   1.42037  
 52 1138.4244  27399.072281  x:  0.00675   0.00097   0.00909   0.01656   0.00766   0.01088   0.01494   0.00908   0.02295   0.00834   0.00664   0.00846   0.00000   0.00047   0.00234   0.00838   0.00918   0.00056   0.00151   0.00281   0.00308   0.00380   0.00348   0.00586   0.00867   0.01687   0.00768   0.00934   0.00015   0.00087   0.00258   0.00025   0.00160   0.00130   0.00127   0.00216   0.01143   0.01017   0.00310   0.00384   0.00000   0.00186   0.00239   0.00193   0.00426   0.00204   0.00421   0.00319   0.00057   0.00776   0.00155   0.00461   0.00352   0.00146   0.00577   2.45723   0.89187   0.89007   1.00146   1.72179   0.24340   0.00000   0.44904   1.40160  
 53 9373.2283  27390.571666  x:  0.00616   0.00103   0.01010   0.01695   0.00745   0.01018   0.01495   0.00953   0.02345   0.00924   0.00644   0.00833   0.00000   0.00047   0.00259   0.00849   0.00942   0.00059   0.00189   0.00315   0.00346   0.00378   0.00472   0.00495   0.00905   0.01688   0.00743   0.01043   0.00020   0.00092   0.00258   0.00026   0.00166   0.00130   0.00135   0.00283   0.00997   0.00982   0.00301   0.00430   0.00000   0.00192   0.00239   0.00185   0.00427   0.00196   0.00389   0.00320   0.00073   0.00698   0.00163   0.00263   0.00364   0.00154   0.00665   2.53714   0.88618   0.88800   1.00230   1.73457   0.27167   0.00000   0.49686   1.37287  
 54 24241.2279  27383.017465  x:  0.00617   0.00106   0.00969   0.01867   0.00888   0.01001   0.01495   0.00872   0.02113   0.00948   0.00650   0.00811   0.00000   0.00047   0.00274   0.00996   0.00904   0.00059   0.00214   0.00337   0.00348   0.00380   0.00454   0.00394   0.00845   0.01698   0.00736   0.01147   0.00024   0.00094   0.00247   0.00027   0.00168   0.00128   0.00130   0.00291   0.00782   0.00952   0.00295   0.00419   0.00000   0.00188   0.00230   0.00170   0.00429   0.00239   0.00446   0.00317   0.00079   0.00686   0.00152   0.00439   0.00331   0.00166   0.00665   2.61331   0.88072   0.88600   1.00312   1.74680   0.29866   0.00000   0.54253   1.34541  
 55 39552.6658  27379.050747  x:  0.00604   0.00110   0.00821   0.02028   0.00891   0.01040   0.01513   0.00893   0.01824   0.00895   0.00686   0.00817   0.00000   0.00047   0.00262   0.00982   0.00895   0.00061   0.00227   0.00313   0.00326   0.00380   0.00377   0.00450   0.00879   0.01692   0.00825   0.01142   0.00025   0.00097   0.00248   0.00027   0.00172   0.00125   0.00136   0.00329   0.00820   0.00911   0.00307   0.00328   0.00000   0.00182   0.00234   0.00164   0.00428   0.00236   0.00437   0.00323   0.00086   0.00759   0.00152   0.00372   0.00341   0.00173   0.00572   2.65059   0.87804   0.88501   1.00353   1.75287   0.31191   0.00000   0.56494   1.33187  
 56 20370.6287  27378.462871  x:  0.00599   0.00110   0.00817   0.02059   0.00877   0.01032   0.01523   0.00933   0.01733   0.00874   0.00696   0.00838   0.00000   0.00047   0.00258   0.00975   0.00905   0.00061   0.00224   0.00329   0.00339   0.00378   0.00414   0.00440   0.00874   0.01698   0.00862   0.01103   0.00025   0.00097   0.00245   0.00027   0.00170   0.00126   0.00134   0.00323   0.00876   0.00907   0.00302   0.00388   0.00000   0.00183   0.00228   0.00167   0.00428   0.00232   0.00450   0.00319   0.00088   0.00766   0.00150   0.00392   0.00334   0.00172   0.00573   2.65658   0.87759   0.88485   1.00360   1.75391   0.31405   0.00000   0.56857   1.32962  
 57 4795.4195  27378.405955  x:  0.00603   0.00110   0.00825   0.02063   0.00882   0.01033   0.01523   0.00930   0.01720   0.00878   0.00686   0.00833   0.00000   0.00048   0.00260   0.00977   0.00915   0.00061   0.00226   0.00330   0.00340   0.00384   0.00404   0.00425   0.00876   0.01698   0.00863   0.01083   0.00025   0.00097   0.00245   0.00027   0.00170   0.00126   0.00135   0.00320   0.00894   0.00923   0.00301   0.00385   0.00000   0.00184   0.00229   0.00166   0.00428   0.00236   0.00442   0.00320   0.00087   0.00755   0.00150   0.00390   0.00333   0.00173   0.00578   2.65709   0.87754   0.88483   1.00361   1.75409   0.31425   0.00000   0.56890   1.32935  
 58 459.4382  27378.393669  x:  0.00601   0.00110   0.00824   0.02065   0.00882   0.01032   0.01523   0.00925   0.01720   0.00881   0.00684   0.00835   0.00000   0.00048   0.00259   0.00978   0.00917   0.00061   0.00225   0.00327   0.00337   0.00379   0.00407   0.00422   0.00877   0.01697   0.00866   0.01074   0.00025   0.00097   0.00245   0.00027   0.00170   0.00125   0.00135   0.00324   0.00895   0.00930   0.00302   0.00380   0.00000   0.00183   0.00229   0.00167   0.00428   0.00234   0.00450   0.00320   0.00088   0.00752   0.00150   0.00390   0.00335   0.00172   0.00579   2.65714   0.87751   0.88482   1.00362   1.75421   0.31429   0.00000   0.56897   1.32920  
 59 132.2664  27378.347237  x:  0.00588   0.00111   0.00810   0.02064   0.00880   0.01034   0.01522   0.00929   0.01723   0.00894   0.00687   0.00834   0.00000   0.00048   0.00259   0.00978   0.00912   0.00061   0.00225   0.00330   0.00340   0.00384   0.00404   0.00428   0.00877   0.01690   0.00877   0.01046   0.00025   0.00097   0.00245   0.00027   0.00170   0.00126   0.00135   0.00321   0.00875   0.00942   0.00302   0.00386   0.00000   0.00183   0.00229   0.00166   0.00428   0.00234   0.00445   0.00320   0.00088   0.00747   0.00150   0.00390   0.00334   0.00172   0.00579   2.65711   0.87733   0.88474   1.00369   1.75515   0.31446   0.00000   0.56922   1.32825  
 60 131.1914  27377.331195  x:  0.00679   0.00109   0.00828   0.02063   0.00891   0.01015   0.01528   0.00947   0.01722   0.00872   0.00686   0.00835   0.00000   0.00048   0.00256   0.00919   0.00876   0.00062   0.00226   0.00329   0.00340   0.00380   0.00412   0.00370   0.00886   0.01690   0.00888   0.00986   0.00025   0.00097   0.00245   0.00027   0.00171   0.00125   0.00136   0.00324   0.00800   0.00989   0.00301   0.00391   0.00000   0.00184   0.00230   0.00165   0.00428   0.00225   0.00439   0.00320   0.00088   0.00842   0.00155   0.00374   0.00335   0.00173   0.00554   2.65506   0.87300   0.88292   1.00543   1.77817   0.31811   0.00000   0.57486   1.30512  
 61 588.1965  27349.648327  x:  0.00442   0.00108   0.00862   0.02113   0.00700   0.00915   0.01517   0.00918   0.01592   0.00680   0.00588   0.00765   0.00000   0.00048   0.00248   0.01099   0.00809   0.00055   0.00230   0.00333   0.00338   0.00429   0.00401   0.00316   0.00752   0.01584   0.00937   0.01063   0.00028   0.00094   0.00250   0.00026   0.00180   0.00123   0.00129   0.00358   0.00811   0.01079   0.00298   0.00319   0.00000   0.00186   0.00243   0.00122   0.00426   0.00209   0.00430   0.00326   0.00083   0.00978   0.00166   0.00376   0.00319   0.00172   0.00597   2.60190   0.76270   0.83647   1.04967   2.36450   0.41077   0.00000   0.71788   0.71603  
 62 16709.7877  27342.537980  x:  0.00588   0.00105   0.00781   0.02107   0.00857   0.00864   0.01548   0.00901   0.01546   0.00869   0.00662   0.00793   0.00000   0.00048   0.00225   0.00955   0.00892   0.00056   0.00228   0.00344   0.00341   0.00405   0.00373   0.00353   0.00718   0.01542   0.00959   0.01099   0.00029   0.00092   0.00244   0.00026   0.00176   0.00123   0.00123   0.00383   0.00852   0.00950   0.00296   0.00368   0.00000   0.00185   0.00237   0.00108   0.00428   0.00216   0.00467   0.00320   0.00086   0.00805   0.00157   0.00366   0.00317   0.00169   0.00547   2.58694   0.73175   0.82345   1.06207   2.52917   0.43681   0.00000   0.75805   0.55054  
 63 114434.8247  27342.482117  x:  0.00599   0.00105   0.00784   0.02105   0.00843   0.00866   0.01549   0.00902   0.01545   0.00855   0.00672   0.00791   0.00000   0.00048   0.00226   0.00958   0.00899   0.00056   0.00227   0.00343   0.00341   0.00406   0.00376   0.00351   0.00720   0.01548   0.00964   0.01102   0.00029   0.00092   0.00244   0.00026   0.00176   0.00123   0.00123   0.00383   0.00842   0.00956   0.00297   0.00367   0.00000   0.00185   0.00238   0.00107   0.00428   0.00215   0.00469   0.00320   0.00085   0.00779   0.00157   0.00367   0.00318   0.00170   0.00527   2.58682   0.73155   0.82338   1.06214   2.53040   0.43703   0.00000   0.75834   0.54925  
 64 995.6761  27342.475862  x:  0.00599   0.00105   0.00781   0.02105   0.00846   0.00866   0.01549   0.00902   0.01546   0.00845   0.00669   0.00792   0.00000   0.00048   0.00226   0.00955   0.00906   0.00056   0.00227   0.00344   0.00341   0.00406   0.00375   0.00352   0.00720   0.01546   0.00965   0.01101   0.00029   0.00092   0.00244   0.00026   0.00176   0.00123   0.00123   0.00383   0.00838   0.00955   0.00296   0.00368   0.00000   0.00185   0.00237   0.00108   0.00428   0.00215   0.00470   0.00320   0.00086   0.00776   0.00157   0.00366   0.00318   0.00170   0.00532   2.58681   0.73161   0.82345   1.06208   2.53047   0.43711   0.00000   0.75833   0.54903  
 65 61.7363  27338.569591  x:  0.00485   0.00104   0.00850   0.02099   0.00975   0.00866   0.01536   0.00892   0.01541   0.00794   0.00711   0.00782   0.00000   0.00048   0.00242   0.00842   0.00844   0.00059   0.00237   0.00338   0.00340   0.00394   0.00398   0.00375   0.00732   0.01574   0.00947   0.01107   0.00030   0.00092   0.00242   0.00025   0.00175   0.00122   0.00124   0.00375   0.00862   0.01022   0.00299   0.00362   0.00000   0.00184   0.00236   0.00102   0.00428   0.00222   0.00473   0.00323   0.00081   0.00744   0.00154   0.00373   0.00327   0.00178   0.00473   2.57239   0.80534   0.89634   0.99775   2.54847   0.50673   0.00000   0.74099   0.37993  
 66 116.3587  27334.471193  x:  0.00612   0.00104   0.00774   0.02090   0.00855   0.00892   0.01556   0.00911   0.01540   0.00864   0.00653   0.00793   0.00000   0.00047   0.00231   0.00963   0.00924   0.00056   0.00235   0.00345   0.00343   0.00387   0.00385   0.00356   0.00743   0.01549   0.00920   0.01074   0.00029   0.00091   0.00236   0.00025   0.00170   0.00121   0.00123   0.00369   0.00850   0.00951   0.00294   0.00361   0.00000   0.00179   0.00230   0.00110   0.00428   0.00214   0.00468   0.00317   0.00084   0.00776   0.00152   0.00371   0.00318   0.00175   0.00524   2.55700   0.88394   0.97405   0.92917   2.56760   0.58099   0.00000   0.72246   0.19959  
 67 63956.6839  27334.464013  x:  0.00615   0.00104   0.00775   0.02091   0.00855   0.00892   0.01558   0.00912   0.01540   0.00865   0.00640   0.00793   0.00000   0.00047   0.00231   0.00962   0.00916   0.00057   0.00235   0.00345   0.00343   0.00388   0.00385   0.00357   0.00743   0.01551   0.00929   0.01077   0.00029   0.00091   0.00237   0.00025   0.00170   0.00121   0.00124   0.00369   0.00850   0.00950   0.00294   0.00361   0.00000   0.00179   0.00230   0.00110   0.00428   0.00214   0.00469   0.00317   0.00084   0.00772   0.00152   0.00372   0.00318   0.00175   0.00524   2.55699   0.88399   0.97411   0.92915   2.56754   0.58115   0.00000   0.72237   0.19923  
 68 82.7694  27327.992647  x:  0.00620   0.00100   0.00781   0.02056   0.00870   0.00919   0.01572   0.00919   0.01559   0.00874   0.00622   0.00796   0.00000   0.00047   0.00233   0.00961   0.00932   0.00057   0.00239   0.00345   0.00345   0.00368   0.00396   0.00376   0.00764   0.01559   0.00879   0.01051   0.00029   0.00089   0.00231   0.00024   0.00165   0.00120   0.00125   0.00353   0.00861   0.00952   0.00293   0.00359   0.00000   0.00176   0.00225   0.00112   0.00428   0.00211   0.00465   0.00314   0.00080   0.00768   0.00149   0.00376   0.00318   0.00179   0.00517   2.55138   0.87052   0.97548   0.95048   2.50145   0.67115   0.00000   0.65417   0.00000  
 69 117.6898  27307.207938  x:  0.00545   0.00075   0.00816   0.02001   0.00968   0.01039   0.01593   0.00998   0.01584   0.00816   0.00486   0.00838   0.00000   0.00045   0.00253   0.00988   0.00981   0.00059   0.00287   0.00340   0.00357   0.00269   0.00462   0.00405   0.00848   0.01627   0.00666   0.00884   0.00032   0.00074   0.00196   0.00020   0.00136   0.00114   0.00133   0.00264   0.00865   0.00993   0.00293   0.00306   0.00000   0.00149   0.00199   0.00112   0.00424   0.00177   0.00441   0.00307   0.00065   0.00828   0.00135   0.00393   0.00327   0.00215   0.00445   2.63902   0.93085   0.54990   0.76297   1.69752   0.16740   0.00000   0.51247   0.00000  
 70 10.6400  27288.377027  x:  0.00464   0.00055   0.00846   0.02020   0.01052   0.01177   0.01558   0.01082   0.01613   0.00737   0.00367   0.00892   0.00000   0.00043   0.00290   0.01029   0.01006   0.00063   0.00333   0.00331   0.00367   0.00193   0.00529   0.00406   0.00962   0.01733   0.00495   0.00718   0.00035   0.00061   0.00162   0.00016   0.00109   0.00108   0.00138   0.00164   0.00857   0.01025   0.00295   0.00245   0.00000   0.00120   0.00174   0.00129   0.00419   0.00151   0.00407   0.00300   0.00060   0.00905   0.00121   0.00415   0.00344   0.00248   0.00399   2.73278   0.59044   0.76749   0.70848   0.86298  -0.52394   0.00000   0.47368   0.00000  
 71 61.3131  27276.804246  x:  0.00495   0.00048   0.00812   0.02085   0.01019   0.01268   0.01515   0.01143   0.01624   0.00727   0.00318   0.00957   0.00000   0.00043   0.00318   0.01131   0.01040   0.00069   0.00358   0.00323   0.00371   0.00200   0.00554   0.00365   0.01041   0.01793   0.00464   0.00646   0.00036   0.00058   0.00138   0.00015   0.00099   0.00104   0.00141   0.00104   0.00828   0.00971   0.00300   0.00205   0.00000   0.00100   0.00160   0.00158   0.00413   0.00123   0.00379   0.00297   0.00078   0.00962   0.00116   0.00427   0.00354   0.00272   0.00430   2.87378   1.12487   1.06214   1.66244   0.46478  -1.17116   0.00000   0.59082   0.00000  
 72 17.2258  27250.844508  x:  0.00478   0.00056   0.00845   0.02214   0.01088   0.01418   0.01433   0.01238   0.01775   0.00724   0.00506   0.01092   0.00000   0.00044   0.00366   0.01202   0.00992   0.00090   0.00378   0.00315   0.00364   0.00291   0.00579   0.00363   0.01221   0.01926   0.00581   0.00720   0.00040   0.00071   0.00146   0.00019   0.00118   0.00102   0.00167   0.00202   0.00804   0.00850   0.00323   0.00228   0.00000   0.00101   0.00170   0.00214   0.00394   0.00129   0.00392   0.00319   0.00094   0.00926   0.00121   0.00441   0.00337   0.00328   0.00506   3.12463   1.10038   1.07749   1.69049   0.74716  -1.60593   0.00000   0.90770   0.00000  
 73  2.3736  27243.987527  x:  0.00468   0.00060   0.00863   0.02283   0.01124   0.01498   0.01389   0.01289   0.01856   0.00722   0.00606   0.01163   0.00000   0.00045   0.00391   0.01240   0.00966   0.00101   0.00389   0.00311   0.00361   0.00340   0.00592   0.00362   0.01317   0.01997   0.00643   0.00760   0.00042   0.00079   0.00149   0.00020   0.00128   0.00100   0.00180   0.00254   0.00792   0.00786   0.00336   0.00240   0.00000   0.00102   0.00176   0.00244   0.00385   0.00132   0.00399   0.00331   0.00102   0.00907   0.00124   0.00449   0.00329   0.00357   0.00547   3.25814   1.08733   1.08565   1.70540   0.89736  -1.83731   0.02619   1.07630   0.00000  
 74 7106.9950  27234.353145  x:  0.00434   0.00032   0.00858   0.02195   0.01205   0.01595   0.01504   0.01404   0.01940   0.00815   0.00512   0.01209   0.00000   0.00040   0.00336   0.01297   0.01002   0.00096   0.00398   0.00371   0.00379   0.00219   0.00546   0.00348   0.01428   0.02114   0.00513   0.00783   0.00052   0.00061   0.00143   0.00018   0.00108   0.00076   0.00182   0.00306   0.00788   0.00600   0.00315   0.00314   0.00000   0.00115   0.00174   0.00195   0.00362   0.00207   0.00469   0.00343   0.00102   0.00783   0.00123   0.00426   0.00224   0.00379   0.00453   3.40734   1.03868   1.04814   1.60895   0.61628  -2.07756   0.02471   1.01325   0.00000  
 75  0.8354  27234.263237  x:  0.00434   0.00032   0.00858   0.02193   0.01206   0.01596   0.01506   0.01405   0.01941   0.00816   0.00511   0.01210   0.00000   0.00040   0.00335   0.01297   0.01002   0.00096   0.00398   0.00372   0.00379   0.00218   0.00545   0.00348   0.01430   0.02115   0.00511   0.00783   0.00052   0.00060   0.00143   0.00018   0.00108   0.00076   0.00182   0.00307   0.00788   0.00598   0.00314   0.00315   0.00000   0.00115   0.00174   0.00195   0.00362   0.00208   0.00470   0.00343   0.00102   0.00781   0.00123   0.00425   0.00222   0.00380   0.00452   3.40945   1.03761   1.04737   1.60702   0.61259  -2.08097   0.02470   1.01270   0.00976  
 76 18.8519  27227.724590  x:  0.00485   0.00033   0.00895   0.02109   0.01226   0.01689   0.01546   0.01381   0.01958   0.00840   0.00542   0.01231   0.00000   0.00039   0.00377   0.01228   0.00904   0.00111   0.00402   0.00374   0.00371   0.00277   0.00549   0.00364   0.01576   0.02225   0.00487   0.00813   0.00052   0.00065   0.00117   0.00020   0.00109   0.00057   0.00173   0.00187   0.00831   0.00636   0.00298   0.00316   0.00000   0.00104   0.00149   0.00230   0.00337   0.00237   0.00444   0.00342   0.00166   0.00674   0.00112   0.00450   0.00226   0.00391   0.00493   3.57388   0.81168   0.89894   1.24599   0.39010  -2.37275   0.02452   1.08671   0.01990  
 77  2.6844  27222.124901  x:  0.00586   0.00014   0.00902   0.02146   0.01234   0.01742   0.01541   0.01418   0.01959   0.00809   0.00442   0.01252   0.00000   0.00036   0.00372   0.01249   0.00887   0.00116   0.00449   0.00373   0.00365   0.00239   0.00564   0.00460   0.01687   0.02279   0.00529   0.00681   0.00061   0.00064   0.00144   0.00020   0.00114   0.00066   0.00187   0.00236   0.00846   0.00786   0.00292   0.00272   0.00000   0.00112   0.00152   0.00200   0.00292   0.00213   0.00447   0.00366   0.00127   0.00689   0.00117   0.00458   0.00240   0.00411   0.00500   3.82317   0.75252   0.86125   1.04947   0.14303  -2.94813   0.03301   1.27676   0.02892  
 78  0.9269  27218.344694  x:  0.00564   0.00020   0.00862   0.02033   0.01236   0.01764   0.01498   0.01383   0.01915   0.00822   0.00449   0.01228   0.00000   0.00033   0.00339   0.01196   0.00914   0.00114   0.00474   0.00354   0.00354   0.00225   0.00554   0.00405   0.01791   0.02213   0.00546   0.00740   0.00065   0.00069   0.00162   0.00023   0.00113   0.00081   0.00184   0.00201   0.00863   0.00696   0.00276   0.00240   0.00000   0.00107   0.00149   0.00190   0.00243   0.00146   0.00417   0.00366   0.00117   0.00692   0.00119   0.00454   0.00266   0.00397   0.00464   3.97703   0.70468   0.83153   0.84401  -0.12684  -3.08373   0.02519   1.27043   0.03608  
 79  0.4407  27214.963623  x:  0.00540   0.00044   0.00857   0.02003   0.01182   0.01772   0.01468   0.01333   0.01854   0.00791   0.00512   0.01165   0.00000   0.00032   0.00327   0.01172   0.00944   0.00118   0.00465   0.00354   0.00360   0.00234   0.00536   0.00379   0.01855   0.02123   0.00453   0.00757   0.00072   0.00084   0.00162   0.00028   0.00119   0.00067   0.00165   0.00216   0.00858   0.00753   0.00246   0.00270   0.00000   0.00106   0.00140   0.00190   0.00176   0.00182   0.00411   0.00356   0.00097   0.00773   0.00123   0.00451   0.00241   0.00384   0.00478   4.15197   0.78317   0.93231   1.05078  -0.64977  -3.47663   0.01984   1.30489   0.04081  
 80  0.6688  27213.332767  x:  0.00512   0.00040   0.00860   0.02031   0.01155   0.01761   0.01475   0.01309   0.01872   0.00800   0.00505   0.01143   0.00000   0.00033   0.00332   0.01160   0.00943   0.00119   0.00453   0.00353   0.00364   0.00252   0.00527   0.00360   0.01867   0.02064   0.00555   0.00749   0.00076   0.00082   0.00157   0.00029   0.00117   0.00076   0.00161   0.00207   0.00846   0.00706   0.00257   0.00290   0.00000   0.00119   0.00145   0.00189   0.00128   0.00195   0.00418   0.00354   0.00103   0.00761   0.00131   0.00453   0.00243   0.00379   0.00488   4.26937   0.78546   0.96012   1.09753  -0.78090  -3.64833   0.02112   1.37160   0.02995  
 81  0.3640  27212.510953  x:  0.00504   0.00030   0.00867   0.02039   0.01149   0.01755   0.01488   0.01301   0.01892   0.00808   0.00494   0.01130   0.00000   0.00034   0.00336   0.01159   0.00939   0.00118   0.00445   0.00353   0.00365   0.00255   0.00529   0.00364   0.01866   0.02043   0.00577   0.00741   0.00079   0.00076   0.00151   0.00029   0.00114   0.00079   0.00163   0.00203   0.00841   0.00693   0.00268   0.00290   0.00000   0.00125   0.00148   0.00186   0.00097   0.00196   0.00426   0.00353   0.00108   0.00744   0.00137   0.00455   0.00243   0.00376   0.00492   4.32991   0.77301   0.96591   1.10414  -0.98604  -3.79334   0.01879   1.37309   0.04235  
 82  0.7419  27211.650405  x:  0.00523   0.00024   0.00865   0.02082   0.01151   0.01718   0.01511   0.01304   0.01925   0.00823   0.00482   0.01125   0.00000   0.00036   0.00344   0.01182   0.00941   0.00114   0.00433   0.00357   0.00366   0.00253   0.00540   0.00400   0.01812   0.02049   0.00524   0.00786   0.00084   0.00071   0.00146   0.00029   0.00114   0.00075   0.00175   0.00213   0.00831   0.00735   0.00294   0.00276   0.00000   0.00125   0.00157   0.00179   0.00066   0.00189   0.00440   0.00355   0.00121   0.00736   0.00147   0.00458   0.00245   0.00375   0.00489   4.37289   0.76310   0.95240   1.06221  -0.99407  -3.87047   0.02162   1.41702   0.03856  
 83  0.1535  27211.118537  x:  0.00547   0.00026   0.00876   0.02099   0.01168   0.01664   0.01502   0.01318   0.01929   0.00819   0.00492   0.01133   0.00000   0.00037   0.00350   0.01200   0.00921   0.00111   0.00421   0.00354   0.00361   0.00240   0.00548   0.00411   0.01710   0.02070   0.00521   0.00729   0.00085   0.00069   0.00147   0.00027   0.00112   0.00068   0.00180   0.00220   0.00841   0.00716   0.00302   0.00272   0.00000   0.00110   0.00160   0.00190   0.00077   0.00183   0.00430   0.00350   0.00123   0.00725   0.00153   0.00458   0.00243   0.00370   0.00489   4.30828   0.75714   0.92709   1.03240  -0.87063  -3.76604   0.02309   1.40930   0.03748  
 84  0.1505  27210.796062  x:  0.00538   0.00028   0.00864   0.02078   0.01189   0.01641   0.01483   0.01330   0.01911   0.00811   0.00472   0.01142   0.00000   0.00037   0.00341   0.01211   0.00923   0.00108   0.00415   0.00354   0.00358   0.00253   0.00546   0.00394   0.01645   0.02085   0.00532   0.00764   0.00090   0.00070   0.00151   0.00027   0.00117   0.00076   0.00177   0.00216   0.00841   0.00733   0.00298   0.00288   0.00000   0.00106   0.00161   0.00198   0.00069   0.00184   0.00412   0.00350   0.00123   0.00744   0.00160   0.00457   0.00240   0.00363   0.00478   4.28763   0.75484   0.91717   1.01930  -0.84886  -3.76898   0.02405   1.42055   0.03865  
 85  0.0283  27210.512536  x:  0.00531   0.00027   0.00863   0.02054   0.01185   0.01637   0.01491   0.01329   0.01891   0.00808   0.00500   0.01144   0.00000   0.00036   0.00334   0.01199   0.00927   0.00108   0.00412   0.00352   0.00359   0.00246   0.00541   0.00383   0.01609   0.02085   0.00530   0.00753   0.00097   0.00071   0.00152   0.00026   0.00116   0.00076   0.00173   0.00211   0.00842   0.00713   0.00285   0.00274   0.00000   0.00112   0.00156   0.00197   0.00054   0.00191   0.00409   0.00352   0.00116   0.00745   0.00162   0.00458   0.00250   0.00358   0.00499   4.29831   0.75422   0.91489   1.01401  -0.94614  -3.86787   0.02392   1.43521   0.03909  
 86  0.0978  27210.092100  x:  0.00525   0.00029   0.00859   0.02041   0.01178   0.01665   0.01514   0.01335   0.01894   0.00817   0.00499   0.01171   0.00000   0.00034   0.00323   0.01186   0.00942   0.00109   0.00413   0.00354   0.00361   0.00251   0.00534   0.00384   0.01581   0.02103   0.00531   0.00765   0.00107   0.00075   0.00150   0.00024   0.00118   0.00068   0.00170   0.00210   0.00837   0.00724   0.00264   0.00268   0.00000   0.00123   0.00145   0.00185   0.00080   0.00188   0.00427   0.00358   0.00112   0.00738   0.00155   0.00458   0.00247   0.00360   0.00504   4.22565   0.75547   0.90842   1.01213  -0.96374  -3.89888   0.02409   1.42601   0.03904  
 87  0.0436  27209.525578  x:  0.00551   0.00029   0.00878   0.02081   0.01151   0.01690   0.01486   0.01315   0.01924   0.00823   0.00492   0.01189   0.00000   0.00034   0.00334   0.01175   0.00921   0.00115   0.00411   0.00352   0.00359   0.00244   0.00524   0.00409   0.01600   0.02098   0.00535   0.00745   0.00127   0.00077   0.00146   0.00023   0.00118   0.00079   0.00169   0.00209   0.00841   0.00733   0.00275   0.00302   0.00000   0.00118   0.00143   0.00187   0.00075   0.00176   0.00439   0.00361   0.00119   0.00730   0.00152   0.00455   0.00236   0.00364   0.00488   4.20989   0.75084   0.90436   1.00429  -1.16357  -4.12974   0.02405   1.45582   0.03943  
 88  0.1346  27209.121856  x:  0.00544   0.00029   0.00868   0.02087   0.01151   0.01681   0.01479   0.01297   0.01917   0.00820   0.00476   0.01183   0.00000   0.00035   0.00341   0.01178   0.00916   0.00117   0.00404   0.00354   0.00359   0.00263   0.00528   0.00397   0.01610   0.02084   0.00535   0.00759   0.00144   0.00075   0.00153   0.00022   0.00118   0.00073   0.00171   0.00219   0.00843   0.00710   0.00296   0.00264   0.00000   0.00114   0.00157   0.00192   0.00073   0.00183   0.00425   0.00363   0.00124   0.00733   0.00156   0.00451   0.00242   0.00363   0.00480   4.17830   0.75924   0.90807   1.01957  -1.25284  -4.22062   0.02366   1.46659   0.03971  
 89  0.0885  27208.896869  x:  0.00531   0.00026   0.00863   0.02076   0.01157   0.01665   0.01496   0.01293   0.01904   0.00812   0.00499   0.01176   0.00000   0.00036   0.00336   0.01189   0.00917   0.00118   0.00404   0.00353   0.00359   0.00243   0.00531   0.00385   0.01628   0.02074   0.00538   0.00771   0.00157   0.00072   0.00154   0.00021   0.00115   0.00072   0.00175   0.00211   0.00835   0.00726   0.00301   0.00279   0.00000   0.00113   0.00161   0.00193   0.00077   0.00186   0.00411   0.00358   0.00125   0.00737   0.00156   0.00452   0.00255   0.00361   0.00495   4.14084   0.76415   0.90440   1.00959  -1.25541  -4.21547   0.02321   1.46553   0.03991  
 90  0.0329  27208.732226  x:  0.00528   0.00027   0.00862   0.02058   0.01167   0.01649   0.01509   0.01298   0.01898   0.00810   0.00500   0.01161   0.00000   0.00036   0.00331   0.01197   0.00932   0.00117   0.00405   0.00355   0.00359   0.00258   0.00540   0.00384   0.01658   0.02064   0.00530   0.00747   0.00169   0.00071   0.00150   0.00022   0.00116   0.00074   0.00176   0.00215   0.00837   0.00720   0.00290   0.00279   0.00000   0.00110   0.00158   0.00189   0.00077   0.00183   0.00412   0.00349   0.00122   0.00739   0.00153   0.00457   0.00236   0.00360   0.00498   4.12899   0.75624   0.90074   0.99047  -1.24444  -4.20030   0.02307   1.46730   0.03945  
 91  0.0247  27208.592939  x:  0.00540   0.00032   0.00864   0.02070   0.01173   0.01639   0.01491   0.01313   0.01909   0.00815   0.00490   0.01150   0.00000   0.00036   0.00333   0.01202   0.00930   0.00117   0.00406   0.00355   0.00361   0.00245   0.00544   0.00390   0.01687   0.02067   0.00543   0.00762   0.00180   0.00073   0.00147   0.00023   0.00117   0.00071   0.00174   0.00217   0.00843   0.00715   0.00283   0.00276   0.00000   0.00111   0.00154   0.00192   0.00077   0.00186   0.00423   0.00344   0.00120   0.00736   0.00149   0.00459   0.00242   0.00361   0.00493   4.12998   0.75308   0.90222   0.99985  -1.16128  -4.15797   0.02445   1.48864   0.03962  
 92  0.0705  27208.504355  x:  0.00542   0.00028   0.00867   0.02069   0.01177   0.01637   0.01488   0.01321   0.01913   0.00821   0.00493   0.01143   0.00000   0.00036   0.00338   0.01200   0.00925   0.00114   0.00406   0.00351   0.00359   0.00251   0.00544   0.00393   0.01690   0.02081   0.00529   0.00758   0.00186   0.00070   0.00151   0.00024   0.00117   0.00077   0.00172   0.00212   0.00842   0.00716   0.00284   0.00278   0.00000   0.00118   0.00157   0.00194   0.00078   0.00184   0.00425   0.00348   0.00121   0.00735   0.00151   0.00457   0.00249   0.00360   0.00489   4.12723   0.75386   0.90242   1.00973  -1.05660  -4.06265   0.02527   1.49157   0.03891  
 93  0.1149  27208.431671  x:  0.00533   0.00029   0.00865   0.02068   0.01175   0.01655   0.01500   0.01325   0.01914   0.00816   0.00487   0.01139   0.00000   0.00036   0.00339   0.01190   0.00921   0.00111   0.00403   0.00349   0.00358   0.00251   0.00538   0.00390   0.01685   0.02090   0.00533   0.00751   0.00192   0.00071   0.00152   0.00025   0.00116   0.00071   0.00174   0.00209   0.00839   0.00729   0.00286   0.00279   0.00000   0.00115   0.00155   0.00192   0.00073   0.00182   0.00423   0.00352   0.00122   0.00736   0.00154   0.00454   0.00246   0.00360   0.00489   4.15178   0.76197   0.90677   1.01675  -0.97515  -3.98649   0.02574   1.50326   0.03886  
 94  0.0721  27208.406922  x:  0.00533   0.00028   0.00866   0.02069   0.01171   0.01670   0.01496   0.01322   0.01910   0.00811   0.00490   0.01144   0.00000   0.00036   0.00339   0.01188   0.00923   0.00111   0.00403   0.00351   0.00359   0.00249   0.00538   0.00391   0.01679   0.02091   0.00531   0.00756   0.00194   0.00072   0.00150   0.00025   0.00115   0.00075   0.00174   0.00210   0.00840   0.00720   0.00288   0.00275   0.00000   0.00112   0.00153   0.00192   0.00074   0.00184   0.00421   0.00353   0.00120   0.00738   0.00153   0.00455   0.00244   0.00361   0.00494   4.16257   0.76316   0.90982   1.02311  -0.95583  -3.96909   0.02588   1.50868   0.03863  
 95  0.0262  27208.394828  x:  0.00535   0.00028   0.00867   0.02069   0.01169   0.01680   0.01492   0.01317   0.01911   0.00813   0.00490   0.01152   0.00000   0.00036   0.00337   0.01191   0.00928   0.00111   0.00404   0.00352   0.00359   0.00250   0.00540   0.00392   0.01676   0.02087   0.00531   0.00755   0.00196   0.00072   0.00150   0.00025   0.00115   0.00073   0.00173   0.00211   0.00841   0.00719   0.00288   0.00278   0.00000   0.00114   0.00154   0.00193   0.00075   0.00182   0.00419   0.00355   0.00119   0.00739   0.00154   0.00457   0.00245   0.00362   0.00491   4.17346   0.75891   0.91049   1.01892  -0.95769  -3.96683   0.02570   1.51145   0.03859  
 96  0.0087  27208.391338  x:  0.00535   0.00028   0.00867   0.02069   0.01170   0.01678   0.01496   0.01315   0.01912   0.00815   0.00490   0.01154   0.00000   0.00036   0.00337   0.01194   0.00926   0.00112   0.00404   0.00353   0.00359   0.00249   0.00541   0.00392   0.01673   0.02086   0.00532   0.00754   0.00197   0.00072   0.00149   0.00025   0.00116   0.00073   0.00173   0.00211   0.00841   0.00723   0.00288   0.00277   0.00000   0.00113   0.00155   0.00194   0.00075   0.00184   0.00420   0.00354   0.00120   0.00738   0.00153   0.00457   0.00245   0.00362   0.00490   4.17905   0.75798   0.91031   1.01613  -0.95133  -3.96083   0.02569   1.51460   0.03864  
 97  0.0084  27208.388970  x:  0.00534   0.00028   0.00867   0.02069   0.01171   0.01674   0.01497   0.01314   0.01912   0.00813   0.00490   0.01156   0.00000   0.00036   0.00337   0.01196   0.00924   0.00112   0.00405   0.00352   0.00359   0.00249   0.00542   0.00392   0.01671   0.02084   0.00532   0.00756   0.00198   0.00072   0.00150   0.00025   0.00116   0.00073   0.00174   0.00211   0.00840   0.00721   0.00287   0.00277   0.00000   0.00113   0.00155   0.00193   0.00076   0.00182   0.00421   0.00352   0.00121   0.00738   0.00153   0.00457   0.00245   0.00363   0.00491   4.18813   0.75890   0.91188   1.01928  -0.94945  -3.96612   0.02592   1.52117   0.03868  
 98  0.0085  27208.388419  x:  0.00534   0.00028   0.00867   0.02068   0.01171   0.01673   0.01495   0.01315   0.01912   0.00814   0.00490   0.01156   0.00000   0.00036   0.00337   0.01194   0.00925   0.00112   0.00405   0.00352   0.00359   0.00249   0.00541   0.00392   0.01672   0.02084   0.00531   0.00755   0.00198   0.00072   0.00150   0.00025   0.00116   0.00073   0.00173   0.00211   0.00841   0.00722   0.00287   0.00277   0.00000   0.00113   0.00155   0.00193   0.00076   0.00183   0.00421   0.00352   0.00121   0.00738   0.00153   0.00457   0.00245   0.00363   0.00491   4.19021   0.75900   0.91208   1.01965  -0.95423  -3.96841   0.02585   1.52087   0.03867  
 99  0.0048  27208.388152  x:  0.00535   0.00028   0.00867   0.02069   0.01170   0.01672   0.01495   0.01316   0.01911   0.00814   0.00490   0.01155   0.00000   0.00036   0.00337   0.01192   0.00926   0.00113   0.00406   0.00352   0.00359   0.00249   0.00541   0.00392   0.01672   0.02085   0.00531   0.00755   0.00198   0.00072   0.00150   0.00025   0.00116   0.00073   0.00173   0.00211   0.00841   0.00722   0.00287   0.00277   0.00000   0.00113   0.00155   0.00193   0.00076   0.00183   0.00420   0.00353   0.00120   0.00738   0.00153   0.00457   0.00245   0.00363   0.00491   4.19228   0.75923   0.91222   1.02001  -0.95634  -3.97261   0.02593   1.52255   0.03867  
100  0.0031  27208.388026  x:  0.00535   0.00028   0.00867   0.02068   0.01171   0.01672   0.01495   0.01316   0.01912   0.00814   0.00489   0.01155   0.00000   0.00036   0.00337   0.01193   0.00925   0.00113   0.00405   0.00352   0.00359   0.00249   0.00541   0.00392   0.01672   0.02085   0.00532   0.00755   0.00198   0.00072   0.00150   0.00025   0.00116   0.00073   0.00173   0.00211   0.00841   0.00722   0.00287   0.00277   0.00000   0.00113   0.00155   0.00193   0.00076   0.00183   0.00421   0.00353   0.00120   0.00738   0.00153   0.00457   0.00245   0.00363   0.00491   4.19166   0.75878   0.91197   1.01934  -0.95549  -3.97049   0.02588   1.52218   0.03867  
101  0.0012  27208.387991  x:  0.00535   0.00028   0.00867   0.02068   0.01170   0.01672   0.01495   0.01316   0.01912   0.00814   0.00490   0.01155   0.00000   0.00036   0.00337   0.01193   0.00925   0.00113   0.00406   0.00352   0.00359   0.00249   0.00541   0.00392   0.01672   0.02085   0.00532   0.00755   0.00198   0.00072   0.00150   0.00025   0.00116   0.00073   0.00173   0.00211   0.00841   0.00722   0.00287   0.00277   0.00000   0.00113   0.00155   0.00193   0.00076   0.00183   0.00421   0.00353   0.00120   0.00738   0.00153   0.00457   0.00245   0.00363   0.00491   4.19207   0.75893   0.91201   1.01938  -0.95565  -3.97197   0.02592   1.52289   0.03868  
102  0.0013  27208.387720  x:  0.00535   0.00028   0.00867   0.02068   0.01170   0.01672   0.01496   0.01316   0.01912   0.00814   0.00489   0.01153   0.00000   0.00036   0.00337   0.01193   0.00925   0.00113   0.00406   0.00352   0.00359   0.00249   0.00541   0.00392   0.01671   0.02085   0.00531   0.00755   0.00198   0.00072   0.00150   0.00025   0.00116   0.00073   0.00173   0.00211   0.00841   0.00722   0.00287   0.00277   0.00000   0.00113   0.00155   0.00193   0.00076   0.00183   0.00421   0.00353   0.00120   0.00738   0.00153   0.00457   0.00245   0.00363   0.00491   4.19252   0.75893   0.91202   1.01967  -0.95775  -3.97427   0.02592   1.52411   0.03867  
103  0.0004  27208.387720  x:  0.00535   0.00028   0.00867   0.02068   0.01170   0.01672   0.01496   0.01316   0.01912   0.00814   0.00489   0.01153   0.00000   0.00036   0.00337   0.01193   0.00925   0.00113   0.00406   0.00352   0.00359   0.00249   0.00541   0.00392   0.01671   0.02085   0.00531   0.00755   0.00198   0.00072   0.00150   0.00025   0.00116   0.00073   0.00173   0.00211   0.00841   0.00722   0.00287   0.00277   0.00000   0.00113   0.00155   0.00193   0.00076   0.00183   0.00421   0.00353   0.00120   0.00738   0.00153   0.00457   0.00245   0.00363   0.00491   4.19252   0.75893   0.91202   1.01967  -0.95775  -3.97427   0.02592   1.52411   0.03867  
104  0.0021  27208.387720  x:  0.00535   0.00028   0.00867   0.02068   0.01170   0.01672   0.01496   0.01316   0.01912   0.00814   0.00489   0.01153   0.00000   0.00036   0.00337   0.01193   0.00925   0.00113   0.00406   0.00352   0.00359   0.00249   0.00541   0.00392   0.01671   0.02085   0.00531   0.00755   0.00198   0.00072   0.00150   0.00025   0.00116   0.00073   0.00173   0.00211   0.00841   0.00722   0.00287   0.00277   0.00000   0.00113   0.00155   0.00193   0.00076   0.00183   0.00421   0.00353   0.00120   0.00738   0.00153   0.00457   0.00245   0.00363   0.00491   4.19252   0.75893   0.91202   1.01967  -0.95775  -3.97427   0.02592   1.52411   0.03867  
105  0.1983  27208.387720  x:  0.00535   0.00028   0.00867   0.02068   0.01170   0.01672   0.01496   0.01316   0.01912   0.00814   0.00489   0.01153   0.00000   0.00036   0.00337   0.01193   0.00925   0.00113   0.00406   0.00352   0.00359   0.00249   0.00541   0.00392   0.01671   0.02085   0.00531   0.00755   0.00198   0.00072   0.00150   0.00025   0.00116   0.00073   0.00173   0.00211   0.00841   0.00722   0.00287   0.00277   0.00000   0.00113   0.00155   0.00193   0.00076   0.00183   0.00421   0.00353   0.00120   0.00738   0.00153   0.00457   0.00245   0.00363   0.00491   4.19252   0.75893   0.91202   1.01967  -0.95775  -3.97427   0.02592   1.52411   0.03867  
106  0.2149  27208.387720  x:  0.00535   0.00028   0.00867   0.02068   0.01170   0.01672   0.01496   0.01316   0.01912   0.00814   0.00489   0.01153   0.00000   0.00036   0.00337   0.01193   0.00925   0.00113   0.00406   0.00352   0.00359   0.00249   0.00541   0.00392   0.01671   0.02085   0.00531   0.00755   0.00198   0.00072   0.00150   0.00025   0.00116   0.00073   0.00173   0.00211   0.00841   0.00722   0.00287   0.00277   0.00000   0.00113   0.00155   0.00193   0.00076   0.00183   0.00421   0.00353   0.00120   0.00738   0.00153   0.00457   0.00245   0.00363   0.00491   4.19252   0.75893   0.91202   1.01967  -0.95775  -3.97427   0.02592   1.52411   0.03867  
107 85.3982  27208.386201  x:  0.00535   0.00028   0.00867   0.02068   0.01170   0.01672   0.01496   0.01316   0.01912   0.00814   0.00489   0.01153   0.00000   0.00035   0.00337   0.01193   0.00925   0.00113   0.00406   0.00352   0.00359   0.00249   0.00541   0.00392   0.01671   0.02085   0.00531   0.00755   0.00198   0.00072   0.00150   0.00023   0.00116   0.00073   0.00173   0.00211   0.00841   0.00722   0.00287   0.00277   0.00000   0.00113   0.00155   0.00193   0.00076   0.00183   0.00421   0.00353   0.00120   0.00738   0.00153   0.00457   0.00245   0.00363   0.00491   4.19252   0.75893   0.91202   1.01967  -0.95775  -3.97427   0.02592   1.52411   0.03867  
108 215.3638  27208.386013  x:  0.00535   0.00027   0.00867   0.02068   0.01170   0.01672   0.01496   0.01316   0.01912   0.00814   0.00489   0.01154   0.00000   0.00035   0.00337   0.01193   0.00925   0.00112   0.00406   0.00352   0.00359   0.00249   0.00541   0.00392   0.01671   0.02085   0.00531   0.00755   0.00198   0.00071   0.00150   0.00023   0.00116   0.00073   0.00173   0.00211   0.00841   0.00722   0.00287   0.00277   0.00000   0.00113   0.00155   0.00193   0.00076   0.00183   0.00421   0.00353   0.00120   0.00738   0.00153   0.00457   0.00245   0.00363   0.00491   4.19252   0.75893   0.91202   1.01967  -0.95775  -3.97427   0.02592   1.52411   0.03867  
109 62.2681  27208.385990  x:  0.00535   0.00027   0.00867   0.02068   0.01170   0.01672   0.01496   0.01316   0.01912   0.00814   0.00489   0.01154   0.00000   0.00035   0.00337   0.01193   0.00925   0.00112   0.00406   0.00352   0.00359   0.00249   0.00541   0.00392   0.01671   0.02085   0.00531   0.00755   0.00198   0.00071   0.00150   0.00023   0.00116   0.00073   0.00173   0.00211   0.00841   0.00721   0.00287   0.00277   0.00000   0.00113   0.00155   0.00193   0.00076   0.00183   0.00421   0.00353   0.00120   0.00738   0.00153   0.00457   0.00245   0.00363   0.00491   4.19252   0.75893   0.91202   1.01967  -0.95775  -3.97427   0.02592   1.52411   0.03867  
110 18.1844  27208.385980  x:  0.00535   0.00027   0.00867   0.02068   0.01170   0.01672   0.01496   0.01316   0.01912   0.00814   0.00489   0.01154   0.00000   0.00035   0.00337   0.01193   0.00925   0.00112   0.00406   0.00352   0.00359   0.00249   0.00541   0.00392   0.01671   0.02085   0.00531   0.00755   0.00197   0.00071   0.00150   0.00023   0.00116   0.00073   0.00173   0.00211   0.00841   0.00721   0.00287   0.00277   0.00000   0.00113   0.00155   0.00193   0.00076   0.00183   0.00421   0.00353   0.00120   0.00738   0.00153   0.00457   0.00245   0.00363   0.00491   4.19252   0.75893   0.91202   1.01967  -0.95775  -3.97427   0.02592   1.52411   0.03867  
111 10.0322  27208.385972  x:  0.00535   0.00027   0.00867   0.02068   0.01170   0.01672   0.01496   0.01316   0.01912   0.00814   0.00489   0.01154   0.00000   0.00035   0.00337   0.01193   0.00925   0.00112   0.00406   0.00352   0.00359   0.00249   0.00541   0.00392   0.01672   0.02085   0.00531   0.00755   0.00197   0.00071   0.00150   0.00023   0.00116   0.00073   0.00173   0.00211   0.00841   0.00721   0.00287   0.00277   0.00000   0.00113   0.00155   0.00193   0.00076   0.00183   0.00421   0.00353   0.00120   0.00738   0.00153   0.00457   0.00245   0.00363   0.00491   4.19252   0.75893   0.91202   1.01967  -0.95775  -3.97427   0.02592   1.52411   0.03867  
112  7.4295  27208.385966  x:  0.00535   0.00027   0.00867   0.02068   0.01171   0.01672   0.01496   0.01316   0.01912   0.00814   0.00490   0.01154   0.00000   0.00035   0.00337   0.01193   0.00925   0.00112   0.00405   0.00352   0.00359   0.00249   0.00541   0.00392   0.01672   0.02085   0.00531   0.00755   0.00197   0.00071   0.00150   0.00023   0.00116   0.00073   0.00173   0.00211   0.00841   0.00721   0.00287   0.00277   0.00000   0.00113   0.00155   0.00193   0.00076   0.00183   0.00420   0.00353   0.00120   0.00738   0.00153   0.00457   0.00245   0.00363   0.00491   4.19252   0.75893   0.91202   1.01967  -0.95775  -3.97427   0.02592   1.52411   0.03867  
113  7.1309  27208.385962  x:  0.00535   0.00027   0.00867   0.02068   0.01171   0.01672   0.01495   0.01316   0.01912   0.00814   0.00490   0.01154   0.00000   0.00035   0.00337   0.01193   0.00925   0.00112   0.00405   0.00352   0.00359   0.00249   0.00541   0.00392   0.01672   0.02085   0.00531   0.00755   0.00197   0.00071   0.00150   0.00023   0.00116   0.00073   0.00173   0.00211   0.00841   0.00721   0.00287   0.00277   0.00000   0.00113   0.00155   0.00193   0.00076   0.00183   0.00420   0.00353   0.00120   0.00738   0.00153   0.00457   0.00245   0.00363   0.00491   4.19252   0.75893   0.91202   1.01967  -0.95775  -3.97427   0.02592   1.52411   0.03867  
114  7.4017  27208.385960  x:  0.00535   0.00027   0.00867   0.02068   0.01171   0.01672   0.01495   0.01316   0.01912   0.00814   0.00490   0.01154   0.00000   0.00035   0.00337   0.01193   0.00925   0.00112   0.00405   0.00352   0.00359   0.00249   0.00541   0.00392   0.01672   0.02085   0.00531   0.00755   0.00197   0.00071   0.00150   0.00023   0.00116   0.00073   0.00173   0.00211   0.00841   0.00721   0.00287   0.00277   0.00000   0.00113   0.00155   0.00193   0.00076   0.00183   0.00420   0.00353   0.00120   0.00738   0.00153   0.00457   0.00245   0.00363   0.00491   4.19252   0.75893   0.91202   1.01967  -0.95775  -3.97427   0.02592   1.52411   0.03867  
115  3.6010  27208.385959  x:  0.00535   0.00027   0.00867   0.02068   0.01171   0.01672   0.01495   0.01316   0.01912   0.00814   0.00490   0.01155   0.00000   0.00035   0.00337   0.01193   0.00925   0.00112   0.00406   0.00352   0.00359   0.00249   0.00541   0.00392   0.01672   0.02085   0.00531   0.00755   0.00197   0.00071   0.00150   0.00023   0.00116   0.00073   0.00173   0.00211   0.00841   0.00721   0.00287   0.00277   0.00000   0.00113   0.00155   0.00193   0.00076   0.00183   0.00421   0.00353   0.00120   0.00738   0.00153   0.00457   0.00245   0.00363   0.00491   4.19252   0.75893   0.91202   1.01967  -0.95775  -3.97427   0.02592   1.52411   0.03867  
116  2.1522  27208.385958  x:  0.00535   0.00027   0.00867   0.02068   0.01171   0.01672   0.01495   0.01316   0.01912   0.00814   0.00490   0.01155   0.00000   0.00035   0.00337   0.01193   0.00925   0.00112   0.00406   0.00352   0.00359   0.00249   0.00541   0.00392   0.01672   0.02085   0.00531   0.00755   0.00197   0.00071   0.00150   0.00023   0.00116   0.00073   0.00173   0.00211   0.00841   0.00721   0.00287   0.00277   0.00000   0.00113   0.00155   0.00193   0.00076   0.00183   0.00421   0.00353   0.00120   0.00738   0.00153   0.00457   0.00245   0.00363   0.00491   4.19252   0.75893   0.91202   1.01967  -0.95775  -3.97427   0.02592   1.52411   0.03867  
117  1.2352  27208.385958  x:  0.00535   0.00027   0.00867   0.02068   0.01171   0.01672   0.01495   0.01316   0.01912   0.00814   0.00489   0.01155   0.00000   0.00035   0.00337   0.01193   0.00925   0.00112   0.00406   0.00352   0.00359   0.00249   0.00541   0.00392   0.01672   0.02085   0.00531   0.00755   0.00197   0.00071   0.00150   0.00023   0.00116   0.00073   0.00173   0.00211   0.00841   0.00721   0.00287   0.00277   0.00000   0.00113   0.00155   0.00193   0.00076   0.00183   0.00421   0.00353   0.00120   0.00738   0.00153   0.00457   0.00245   0.00363   0.00491   4.19252   0.75893   0.91202   1.01967  -0.95775  -3.97427   0.02592   1.52411   0.03867  
118  0.7018  27208.385958  x:  0.00535   0.00027   0.00867   0.02068   0.01171   0.01672   0.01495   0.01316   0.01912   0.00814   0.00489   0.01155   0.00000   0.00035   0.00337   0.01193   0.00925   0.00112   0.00406   0.00352   0.00359   0.00249   0.00541   0.00392   0.01672   0.02085   0.00531   0.00755   0.00197   0.00071   0.00150   0.00023   0.00116   0.00073   0.00173   0.00211   0.00841   0.00721   0.00287   0.00277   0.00000   0.00113   0.00155   0.00193   0.00076   0.00183   0.00421   0.00353   0.00120   0.00738   0.00153   0.00457   0.00245   0.00363   0.00491   4.19252   0.75893   0.91202   1.01967  -0.95775  -3.97427   0.02592   1.52411   0.03867  
119 11.4438  27208.385958  x:  0.00535   0.00027   0.00867   0.02068   0.01171   0.01672   0.01495   0.01316   0.01912   0.00814   0.00489   0.01155   0.00000   0.00035   0.00337   0.01193   0.00925   0.00112   0.00406   0.00352   0.00359   0.00249   0.00541   0.00392   0.01672   0.02085   0.00531   0.00755   0.00197   0.00071   0.00150   0.00023   0.00116   0.00073   0.00173   0.00211   0.00841   0.00721   0.00287   0.00277   0.00000   0.00113   0.00155   0.00193   0.00076   0.00183   0.00421   0.00353   0.00120   0.00738   0.00153   0.00457   0.00245   0.00363   0.00491   4.19252   0.75893   0.91202   1.01967  -0.95775  -3.97427   0.02592   1.52411   0.03867  
120  0.7536  27208.385958  x:  0.00535   0.00027   0.00867   0.02068   0.01171   0.01672   0.01495   0.01316   0.01912   0.00814   0.00489   0.01155   0.00000   0.00035   0.00337   0.01193   0.00925   0.00112   0.00406   0.00352   0.00359   0.00249   0.00541   0.00392   0.01672   0.02085   0.00531   0.00755   0.00197   0.00071   0.00150   0.00023   0.00116   0.00073   0.00173   0.00211   0.00841   0.00721   0.00287   0.00277   0.00000   0.00113   0.00155   0.00193   0.00076   0.00183   0.00421   0.00353   0.00120   0.00738   0.00153   0.00457   0.00245   0.00363   0.00491   4.19252   0.75893   0.91202   1.01967  -0.95775  -3.97427   0.02592   1.52411   0.03867  
121  0.5798  27208.385958  x:  0.00535   0.00027   0.00867   0.02068   0.01171   0.01672   0.01495   0.01316   0.01912   0.00814   0.00489   0.01155   0.00000   0.00035   0.00337   0.01193   0.00925   0.00112   0.00406   0.00352   0.00359   0.00249   0.00541   0.00392   0.01672   0.02085   0.00531   0.00755   0.00197   0.00071   0.00150   0.00023   0.00116   0.00073   0.00173   0.00211   0.00841   0.00721   0.00287   0.00277   0.00000   0.00113   0.00155   0.00193   0.00076   0.00183   0.00421   0.00353   0.00120   0.00738   0.00153   0.00457   0.00245   0.00363   0.00491   4.19252   0.75893   0.91202   1.01967  -0.95775  -3.97427   0.02592   1.52411   0.03867  
122  0.7131  27208.385958  x:  0.00535   0.00027   0.00867   0.02068   0.01171   0.01672   0.01495   0.01316   0.01912   0.00814   0.00489   0.01155   0.00000   0.00035   0.00337   0.01193   0.00925   0.00112   0.00406   0.00352   0.00359   0.00249   0.00541   0.00392   0.01672   0.02085   0.00531   0.00755   0.00197   0.00071   0.00150   0.00023   0.00116   0.00073   0.00173   0.00211   0.00841   0.00721   0.00287   0.00277   0.00000   0.00113   0.00155   0.00193   0.00076   0.00183   0.00421   0.00353   0.00120   0.00738   0.00153   0.00457   0.00245   0.00363   0.00491   4.19252   0.75893   0.91202   1.01967  -0.95775  -3.97427   0.02592   1.52411   0.03867  
123  0.6273  27208.385958  x:  0.00535   0.00027   0.00867   0.02068   0.01171   0.01672   0.01495   0.01316   0.01912   0.00814   0.00490   0.01155   0.00000   0.00035   0.00337   0.01193   0.00925   0.00112   0.00406   0.00352   0.00359   0.00249   0.00541   0.00392   0.01672   0.02085   0.00531   0.00755   0.00197   0.00071   0.00150   0.00023   0.00116   0.00073   0.00173   0.00211   0.00841   0.00721   0.00287   0.00277   0.00000   0.00113   0.00155   0.00193   0.00076   0.00183   0.00421   0.00353   0.00120   0.00738   0.00153   0.00457   0.00245   0.00363   0.00491   4.19252   0.75894   0.91202   1.01967  -0.95775  -3.97427   0.02592   1.52411   0.03867  
124  0.7805  27208.385958  x:  0.00535   0.00027   0.00867   0.02068   0.01171   0.01672   0.01495   0.01316   0.01912   0.00814   0.00489   0.01155   0.00000   0.00035   0.00337   0.01193   0.00925   0.00112   0.00406   0.00352   0.00359   0.00249   0.00541   0.00392   0.01672   0.02085   0.00531   0.00755   0.00197   0.00071   0.00150   0.00023   0.00116   0.00073   0.00173   0.00211   0.00841   0.00721   0.00287   0.00277   0.00000   0.00113   0.00155   0.00193   0.00076   0.00183   0.00421   0.00353   0.00120   0.00738   0.00153   0.00457   0.00245   0.00363   0.00491   4.19252   0.75894   0.91202   1.01967  -0.95775  -3.97427   0.02592   1.52411   0.03867  
125  1.0739  27208.385957  x:  0.00535   0.00027   0.00867   0.02068   0.01171   0.01672   0.01495   0.01316   0.01912   0.00814   0.00489   0.01155   0.00000   0.00035   0.00337   0.01193   0.00925   0.00112   0.00406   0.00352   0.00359   0.00249   0.00541   0.00392   0.01672   0.02085   0.00531   0.00755   0.00197   0.00071   0.00150   0.00023   0.00116   0.00073   0.00173   0.00211   0.00841   0.00721   0.00287   0.00277   0.00000   0.00113   0.00155   0.00193   0.00076   0.00183   0.00421   0.00353   0.00120   0.00738   0.00153   0.00457   0.00245   0.00363   0.00491   4.19252   0.75894   0.91202   1.01967  -0.95775  -3.97427   0.02591   1.52411   0.03867  
126  1.5749  27208.385957  x:  0.00535   0.00027   0.00867   0.02068   0.01171   0.01672   0.01495   0.01316   0.01912   0.00814   0.00489   0.01155   0.00000   0.00035   0.00337   0.01193   0.00925   0.00112   0.00406   0.00352   0.00359   0.00249   0.00541   0.00392   0.01672   0.02085   0.00531   0.00755   0.00197   0.00071   0.00150   0.00023   0.00116   0.00073   0.00173   0.00211   0.00841   0.00721   0.00287   0.00277   0.00000   0.00113   0.00155   0.00193   0.00076   0.00183   0.00421   0.00353   0.00120   0.00738   0.00153   0.00457   0.00245   0.00363   0.00491   4.19252   0.75894   0.91202   1.01967  -0.95775  -3.97427   0.02591   1.52411   0.03867  
127  1.5213  27208.385957  x:  0.00535   0.00027   0.00867   0.02068   0.01171   0.01672   0.01495   0.01316   0.01912   0.00814   0.00489   0.01155   0.00000   0.00035   0.00337   0.01193   0.00925   0.00112   0.00406   0.00352   0.00359   0.00249   0.00541   0.00392   0.01672   0.02085   0.00531   0.00755   0.00197   0.00071   0.00150   0.00023   0.00116   0.00073   0.00173   0.00211   0.00841   0.00721   0.00287   0.00277   0.00000   0.00113   0.00155   0.00193   0.00076   0.00183   0.00421   0.00353   0.00120   0.00738   0.00153   0.00457   0.00245   0.00363   0.00491   4.19252   0.75894   0.91202   1.01967  -0.95775  -3.97427   0.02591   1.52411   0.03867  
128  0.9204  27208.385957  x:  0.00535   0.00027   0.00867   0.02068   0.01171   0.01672   0.01495   0.01316   0.01912   0.00814   0.00490   0.01155   0.00000   0.00035   0.00337   0.01193   0.00925   0.00112   0.00406   0.00352   0.00359   0.00249   0.00541   0.00392   0.01672   0.02085   0.00531   0.00755   0.00197   0.00071   0.00150   0.00023   0.00116   0.00073   0.00173   0.00211   0.00841   0.00721   0.00287   0.00277   0.00000   0.00113   0.00155   0.00193   0.00076   0.00183   0.00421   0.00353   0.00120   0.00738   0.00153   0.00457   0.00245   0.00363   0.00491   4.19252   0.75894   0.91202   1.01967  -0.95775  -3.97427   0.02591   1.52411   0.03867  
129  0.4724  27208.385957  x:  0.00535   0.00027   0.00867   0.02068   0.01171   0.01672   0.01495   0.01316   0.01912   0.00814   0.00490   0.01155   0.00000   0.00035   0.00337   0.01193   0.00925   0.00112   0.00406   0.00352   0.00359   0.00249   0.00541   0.00392   0.01672   0.02085   0.00531   0.00755   0.00197   0.00071   0.00150   0.00023   0.00116   0.00073   0.00173   0.00211   0.00841   0.00721   0.00287   0.00277   0.00000   0.00113   0.00155   0.00193   0.00076   0.00183   0.00421   0.00353   0.00120   0.00738   0.00153   0.00457   0.00245   0.00363   0.00491   4.19252   0.75894   0.91202   1.01967  -0.95775  -3.97427   0.02591   1.52411   0.03867  
130  0.3790  27208.385957  x:  0.00535   0.00027   0.00867   0.02068   0.01171   0.01672   0.01495   0.01316   0.01912   0.00814   0.00490   0.01155   0.00000   0.00035   0.00337   0.01193   0.00925   0.00112   0.00406   0.00352   0.00359   0.00249   0.00541   0.00392   0.01672   0.02085   0.00531   0.00755   0.00197   0.00071   0.00150   0.00023   0.00116   0.00073   0.00173   0.00211   0.00841   0.00721   0.00287   0.00277   0.00000   0.00113   0.00155   0.00193   0.00076   0.00183   0.00421   0.00353   0.00120   0.00738   0.00153   0.00457   0.00245   0.00363   0.00491   4.19252   0.75894   0.91202   1.01967  -0.95775  -3.97427   0.02591   1.52411   0.03867  
131  0.6721  27208.385957  x:  0.00535   0.00027   0.00867   0.02068   0.01171   0.01672   0.01495   0.01316   0.01912   0.00814   0.00490   0.01155   0.00000   0.00035   0.00337   0.01193   0.00925   0.00112   0.00406   0.00352   0.00359   0.00249   0.00541   0.00392   0.01672   0.02085   0.00531   0.00755   0.00197   0.00071   0.00150   0.00023   0.00116   0.00073   0.00173   0.00211   0.00841   0.00721   0.00287   0.00277   0.00000   0.00113   0.00155   0.00193   0.00076   0.00183   0.00421   0.00353   0.00120   0.00738   0.00153   0.00457   0.00245   0.00363   0.00491   4.19252   0.75894   0.91202   1.01967  -0.95775  -3.97427   0.02591   1.52411   0.03867  
132  1.0392  27208.385957  x:  0.00535   0.00027   0.00867   0.02068   0.01171   0.01672   0.01495   0.01316   0.01912   0.00814   0.00490   0.01155   0.00000   0.00035   0.00337   0.01193   0.00925   0.00112   0.00406   0.00352   0.00359   0.00249   0.00541   0.00392   0.01672   0.02085   0.00531   0.00755   0.00197   0.00071   0.00150   0.00023   0.00116   0.00073   0.00173   0.00211   0.00841   0.00721   0.00287   0.00277   0.00000   0.00113   0.00155   0.00193   0.00076   0.00183   0.00421   0.00353   0.00120   0.00738   0.00153   0.00457   0.00245   0.00363   0.00491   4.19252   0.75894   0.91202   1.01967  -0.95774  -3.97427   0.02591   1.52411   0.03868  
133  1.5560  27208.385957  x:  0.00535   0.00027   0.00867   0.02068   0.01171   0.01672   0.01495   0.01316   0.01912   0.00814   0.00490   0.01155   0.00000   0.00035   0.00337   0.01193   0.00925   0.00112   0.00406   0.00352   0.00359   0.00249   0.00541   0.00392   0.01672   0.02085   0.00531   0.00755   0.00197   0.00071   0.00150   0.00023   0.00116   0.00073   0.00173   0.00211   0.00841   0.00721   0.00287   0.00277   0.00000   0.00113   0.00155   0.00193   0.00076   0.00183   0.00421   0.00353   0.00120   0.00738   0.00153   0.00457   0.00245   0.00363   0.00491   4.19252   0.75894   0.91202   1.01967  -0.95774  -3.97427   0.02591   1.52411   0.03868  
134  1.7760  27208.385957  x:  0.00535   0.00027   0.00867   0.02068   0.01171   0.01672   0.01495   0.01316   0.01912   0.00814   0.00490   0.01155   0.00000   0.00035   0.00337   0.01193   0.00925   0.00112   0.00406   0.00352   0.00359   0.00249   0.00541   0.00392   0.01672   0.02085   0.00531   0.00755   0.00197   0.00071   0.00150   0.00023   0.00116   0.00073   0.00173   0.00211   0.00841   0.00721   0.00287   0.00277   0.00000   0.00113   0.00155   0.00193   0.00076   0.00183   0.00421   0.00353   0.00120   0.00738   0.00153   0.00457   0.00245   0.00363   0.00491   4.19252   0.75894   0.91202   1.01967  -0.95774  -3.97427   0.02591   1.52411   0.03868  
135  0.9366  27208.385957  x:  0.00535   0.00027   0.00867   0.02068   0.01171   0.01672   0.01495   0.01316   0.01912   0.00814   0.00490   0.01155   0.00000   0.00035   0.00337   0.01193   0.00925   0.00112   0.00406   0.00352   0.00359   0.00249   0.00541   0.00392   0.01672   0.02085   0.00531   0.00755   0.00197   0.00071   0.00150   0.00023   0.00116   0.00073   0.00173   0.00211   0.00841   0.00721   0.00287   0.00277   0.00000   0.00113   0.00155   0.00193   0.00076   0.00183   0.00421   0.00353   0.00120   0.00738   0.00153   0.00457   0.00245   0.00363   0.00491   4.19252   0.75894   0.91202   1.01967  -0.95774  -3.97427   0.02591   1.52411   0.03868  
136  0.5652  27208.385957  x:  0.00535   0.00027   0.00867   0.02068   0.01171   0.01672   0.01495   0.01316   0.01912   0.00814   0.00490   0.01155   0.00000   0.00035   0.00337   0.01193   0.00925   0.00112   0.00406   0.00352   0.00359   0.00249   0.00541   0.00392   0.01672   0.02085   0.00531   0.00755   0.00197   0.00071   0.00150   0.00023   0.00116   0.00073   0.00173   0.00211   0.00841   0.00721   0.00287   0.00277   0.00000   0.00113   0.00155   0.00193   0.00076   0.00183   0.00421   0.00353   0.00120   0.00738   0.00153   0.00457   0.00245   0.00363   0.00491   4.19252   0.75894   0.91202   1.01967  -0.95774  -3.97427   0.02591   1.52412   0.03868  
137  0.1769  27208.385957  x:  0.00535   0.00027   0.00867   0.02068   0.01171   0.01672   0.01495   0.01316   0.01912   0.00814   0.00490   0.01155   0.00000   0.00035   0.00337   0.01193   0.00925   0.00112   0.00406   0.00352   0.00359   0.00249   0.00541   0.00392   0.01672   0.02085   0.00531   0.00755   0.00197   0.00071   0.00150   0.00023   0.00116   0.00073   0.00173   0.00211   0.00841   0.00721   0.00287   0.00277   0.00000   0.00113   0.00155   0.00193   0.00076   0.00183   0.00421   0.00353   0.00120   0.00738   0.00153   0.00457   0.00245   0.00363   0.00491   4.19252   0.75894   0.91202   1.01967  -0.95774  -3.97427   0.02591   1.52412   0.03868  
138  0.1203  27208.385957  x:  0.00535   0.00027   0.00867   0.02068   0.01171   0.01672   0.01495   0.01316   0.01912   0.00814   0.00490   0.01155   0.00000   0.00035   0.00337   0.01193   0.00925   0.00112   0.00406   0.00352   0.00359   0.00249   0.00541   0.00392   0.01672   0.02085   0.00531   0.00755   0.00197   0.00071   0.00150   0.00023   0.00116   0.00073   0.00173   0.00211   0.00841   0.00721   0.00287   0.00277   0.00000   0.00113   0.00155   0.00193   0.00076   0.00183   0.00421   0.00353   0.00120   0.00738   0.00153   0.00457   0.00245   0.00363   0.00491   4.19252   0.75894   0.91202   1.01967  -0.95774  -3.97427   0.02591   1.52412   0.03868  
139  0.1270  27208.385957  x:  0.00535   0.00027   0.00867   0.02068   0.01171   0.01672   0.01495   0.01316   0.01912   0.00814   0.00490   0.01155   0.00000   0.00035   0.00337   0.01193   0.00925   0.00112   0.00406   0.00352   0.00359   0.00249   0.00541   0.00392   0.01672   0.02085   0.00531   0.00755   0.00197   0.00071   0.00150   0.00023   0.00116   0.00073   0.00173   0.00211   0.00841   0.00721   0.00287   0.00277   0.00000   0.00113   0.00155   0.00193   0.00076   0.00183   0.00421   0.00353   0.00120   0.00738   0.00153   0.00457   0.00245   0.00363   0.00491   4.19252   0.75894   0.91202   1.01967  -0.95774  -3.97427   0.02591   1.52412   0.03868  
140  0.1311  27208.385957  x:  0.00535   0.00027   0.00867   0.02068   0.01171   0.01672   0.01495   0.01316   0.01912   0.00814   0.00490   0.01155   0.00000   0.00035   0.00337   0.01193   0.00925   0.00112   0.00406   0.00352   0.00359   0.00249   0.00541   0.00392   0.01672   0.02085   0.00531   0.00755   0.00197   0.00071   0.00150   0.00023   0.00116   0.00073   0.00173   0.00211   0.00841   0.00721   0.00287   0.00277   0.00000   0.00113   0.00155   0.00193   0.00076   0.00183   0.00421   0.00353   0.00120   0.00738   0.00153   0.00457   0.00245   0.00363   0.00491   4.19252   0.75894   0.91202   1.01967  -0.95774  -3.97427   0.02591   1.52412   0.03868  
141  0.3785  27208.385957  x:  0.00535   0.00027   0.00867   0.02068   0.01171   0.01672   0.01495   0.01316   0.01912   0.00814   0.00490   0.01155   0.00000   0.00035   0.00337   0.01193   0.00925   0.00112   0.00406   0.00352   0.00359   0.00249   0.00541   0.00392   0.01672   0.02085   0.00531   0.00755   0.00197   0.00071   0.00150   0.00023   0.00116   0.00073   0.00173   0.00211   0.00841   0.00721   0.00287   0.00277   0.00000   0.00113   0.00155   0.00193   0.00076   0.00183   0.00421   0.00353   0.00120   0.00738   0.00153   0.00457   0.00245   0.00363   0.00491   4.19252   0.75894   0.91202   1.01967  -0.95774  -3.97427   0.02591   1.52412   0.03868  
142  0.5277  27208.385957  x:  0.00535   0.00027   0.00867   0.02068   0.01171   0.01672   0.01495   0.01316   0.01912   0.00814   0.00490   0.01155   0.00000   0.00035   0.00337   0.01193   0.00925   0.00112   0.00406   0.00352   0.00359   0.00249   0.00541   0.00392   0.01672   0.02085   0.00531   0.00755   0.00197   0.00071   0.00150   0.00023   0.00116   0.00073   0.00173   0.00211   0.00841   0.00721   0.00287   0.00277   0.00000   0.00113   0.00155   0.00193   0.00076   0.00183   0.00421   0.00353   0.00120   0.00738   0.00153   0.00457   0.00245   0.00363   0.00491   4.19252   0.75894   0.91202   1.01967  -0.95774  -3.97427   0.02591   1.52412   0.03868  
check convergence!
