

TREE # 1

  0  0.0000   1967.116896  x:  0.00665   0.00232   0.00000   0.00496   0.00078   0.00225   0.01089   0.00398   0.00972   0.01105   0.00351   0.01566   0.01742   0.01516   0.00968   0.00976   0.00269   0.01059   0.00654   0.05701   0.01018   0.00233   0.00087   0.00677   0.00544   0.00618   0.00190   0.00745   0.00334   0.00228   0.00732   0.00265   0.00158   1.03317   0.85321   1.08948   0.86002   1.45089   0.01455   0.07718   0.56963   2.00279  
  1 99.0000   1967.114203  x:  0.00665   0.00232   0.00000   0.00496   0.00078   0.00225   0.01089   0.00398   0.00972   0.01105   0.00351   0.01566   0.01742   0.01516   0.00969   0.00976   0.00269   0.01059   0.00653   0.05701   0.01018   0.00233   0.00087   0.00677   0.00544   0.00618   0.00190   0.00745   0.00334   0.00227   0.00732   0.00265   0.00158   1.03317   0.85321   1.08948   0.86002   1.45089   0.01455   0.07718   0.56963   2.00279  
  2 1100.7832   1965.009537  x:  0.00657   0.00224   0.00000   0.00473   0.00000   0.00148   0.01085   0.00397   0.00974   0.01095   0.00349   0.01561   0.01740   0.01498   0.00976   0.00967   0.00268   0.01045   0.00645   0.05708   0.01009   0.00226   0.00009   0.00668   0.00545   0.00613   0.00113   0.00750   0.00330   0.00150   0.00719   0.00187   0.00080   1.03324   0.85323   1.08950   0.86000   1.45092   0.01453   0.07688   0.56959   2.00279  
  3 10650.2827   1964.806336  x:  0.00656   0.00225   0.00000   0.00472   0.00000   0.00139   0.01084   0.00396   0.00974   0.01095   0.00348   0.01561   0.01740   0.01496   0.00976   0.00966   0.00268   0.01044   0.00644   0.05708   0.01008   0.00226   0.00000   0.00667   0.00545   0.00613   0.00104   0.00750   0.00330   0.00141   0.00718   0.00178   0.00071   1.03325   0.85323   1.08950   0.86000   1.45092   0.01452   0.07685   0.56958   2.00279  
  4 58585.4605   1963.455751  x:  0.00653   0.00225   0.00000   0.00465   0.00000   0.00069   0.01082   0.00396   0.00974   0.01089   0.00348   0.01557   0.01738   0.01484   0.00978   0.00962   0.00268   0.01036   0.00642   0.05713   0.01004   0.00226   0.00000   0.00664   0.00544   0.00612   0.00034   0.00750   0.00331   0.00071   0.00713   0.00108   0.00000   1.03332   0.85326   1.08951   0.85998   1.45095   0.01450   0.07660   0.56954   2.00279  
  5 240087.3939   1963.455751  x:  0.00653   0.00225   0.00000   0.00465   0.00000   0.00069   0.01082   0.00396   0.00974   0.01089   0.00348   0.01557   0.01738   0.01484   0.00978   0.00962   0.00268   0.01036   0.00642   0.05713   0.01004   0.00226   0.00000   0.00664   0.00544   0.00612   0.00034   0.00750   0.00331   0.00071   0.00713   0.00108   0.00000   1.03332   0.85326   1.08951   0.85998   1.45095   0.01450   0.07660   0.56954   2.00279  
  6 427936430.6861   1962.812971  x:  0.00648   0.00233   0.00000   0.00451   0.00000   0.00035   0.01081   0.00410   0.00977   0.01083   0.00368   0.01555   0.01737   0.01475   0.00982   0.00957   0.00269   0.01030   0.00637   0.05716   0.01001   0.00234   0.00000   0.00659   0.00545   0.00609   0.00000   0.00754   0.00325   0.00037   0.00705   0.00074   0.00000   1.03335   0.85327   1.08952   0.85997   1.45096   0.01450   0.07646   0.56952   2.00278  
  7 831.6636   1962.378456  x:  0.00645   0.00228   0.00000   0.00442   0.00000   0.00000   0.01079   0.00410   0.00978   0.01079   0.00367   0.01553   0.01736   0.01467   0.00986   0.00954   0.00269   0.01024   0.00633   0.05719   0.00997   0.00230   0.00000   0.00655   0.00545   0.00607   0.00000   0.00756   0.00324   0.00003   0.00700   0.00039   0.00000   1.03338   0.85328   1.08953   0.85997   1.45097   0.01449   0.07633   0.56950   2.00278  
  8 3430.2241   1962.358938  x:  0.00645   0.00229   0.00000   0.00442   0.00000   0.00000   0.01079   0.00410   0.00978   0.01079   0.00367   0.01553   0.01736   0.01467   0.00986   0.00953   0.00269   0.01024   0.00633   0.05720   0.00997   0.00230   0.00000   0.00655   0.00545   0.00607   0.00000   0.00756   0.00324   0.00000   0.00700   0.00036   0.00000   1.03338   0.85328   1.08953   0.85997   1.45097   0.01448   0.07632   0.56950   2.00278  
  9 8761.8404   1962.201251  x:  0.00645   0.00228   0.00000   0.00443   0.00000   0.00000   0.01079   0.00410   0.00978   0.01078   0.00368   0.01552   0.01735   0.01462   0.00986   0.00953   0.00269   0.01022   0.00633   0.05722   0.00996   0.00230   0.00000   0.00655   0.00545   0.00607   0.00000   0.00755   0.00324   0.00000   0.00699   0.00000   0.00000   1.03341   0.85329   1.08954   0.85996   1.45098   0.01447   0.07619   0.56947   2.00278  
 10 7260.8966   1959.479923  x:  0.00641   0.00266   0.00000   0.00392   0.00000   0.00000   0.01078   0.00471   0.00971   0.01047   0.00312   0.01474   0.01700   0.01176   0.00974   0.00959   0.00248   0.00987   0.00639   0.06002   0.00971   0.00193   0.00000   0.00657   0.00571   0.00584   0.00000   0.00793   0.00062   0.00000   0.00727   0.00000   0.00000   1.03825   0.85492   1.09060   0.85868   1.45294   0.01289   0.05599   0.56597   2.00255  
 11 1656.7040   1953.409555  x:  0.00572   0.00319   0.00000   0.00046   0.00000   0.00000   0.01115   0.00656   0.00959   0.01079   0.00229   0.01379   0.01658   0.00798   0.00975   0.01030   0.00209   0.01043   0.00611   0.06567   0.00984   0.00129   0.00000   0.00606   0.00663   0.00480   0.00000   0.00984   0.00106   0.00000   0.00774   0.00000   0.00000   1.04892   0.85852   1.09294   0.85586   1.45727   0.00935   0.01135   0.55819   2.00205  
 12 6739.3072   1951.479467  x:  0.00512   0.00311   0.00000   0.00057   0.00000   0.00000   0.01119   0.00691   0.00966   0.01087   0.00214   0.01368   0.01656   0.00751   0.01012   0.01033   0.00206   0.01053   0.00564   0.06701   0.00980   0.00136   0.00000   0.00547   0.00693   0.00430   0.00000   0.01077   0.00109   0.00000   0.00734   0.00000   0.00000   1.05161   0.85943   1.09353   0.85515   1.45837   0.00846   0.00000   0.55623   2.00193  
 13 9282.5156   1951.380087  x:  0.00486   0.00289   0.00000   0.00043   0.00000   0.00000   0.01117   0.00657   0.00975   0.01083   0.00241   0.01367   0.01659   0.00760   0.01050   0.01023   0.00224   0.01047   0.00529   0.06813   0.00970   0.00158   0.00000   0.00513   0.00703   0.00433   0.00000   0.01138   0.00101   0.00000   0.00685   0.00000   0.00000   1.05401   0.86024   1.09405   0.85452   1.45936   0.00765   0.00000   0.55447   2.00181  
 14 520.8378   1951.309221  x:  0.00479   0.00322   0.00000   0.00044   0.00000   0.00000   0.01112   0.00644   0.00983   0.01072   0.00257   0.01369   0.01664   0.00784   0.01083   0.01005   0.00219   0.01031   0.00506   0.06887   0.00959   0.00119   0.00000   0.00498   0.00706   0.00447   0.00000   0.01183   0.00101   0.00000   0.00639   0.00000   0.00000   1.05570   0.86081   1.09442   0.85408   1.46006   0.00708   0.00000   0.55324   2.00173  
 15 488.1012   1951.235476  x:  0.00509   0.00313   0.00000   0.00042   0.00000   0.00000   0.01097   0.00692   0.00995   0.01045   0.00228   0.01380   0.01675   0.00833   0.01116   0.00965   0.00180   0.00991   0.00506   0.06947   0.00940   0.00129   0.00000   0.00518   0.00697   0.00469   0.00000   0.01228   0.00101   0.00000   0.00587   0.00000   0.00000   1.05755   0.86144   1.09482   0.85360   1.46085   0.00644   0.00000   0.55189   2.00164  
 16 204.1890   1951.188247  x:  0.00523   0.00316   0.00000   0.00041   0.00000   0.00000   0.01085   0.00722   0.01000   0.01027   0.00207   0.01393   0.01685   0.00858   0.01129   0.00939   0.00232   0.00963   0.00520   0.06969   0.00930   0.00126   0.00000   0.00536   0.00690   0.00460   0.00000   0.01255   0.00102   0.00000   0.00577   0.00000   0.00000   1.05883   0.86187   1.09510   0.85326   1.46140   0.00599   0.00000   0.55096   2.00158  
 17 182.0241   1950.892628  x:  0.00509   0.00317   0.00000   0.00041   0.00000   0.00000   0.01035   0.00673   0.00992   0.00961   0.00237   0.01486   0.01751   0.00901   0.01126   0.00839   0.00205   0.00858   0.00619   0.06981   0.00904   0.00123   0.00000   0.00581   0.00664   0.00330   0.00000   0.01374   0.00102   0.00000   0.00680   0.00000   0.00000   1.06613   0.86437   1.09666   0.85137   1.46459   0.00340   0.00000   0.54566   2.00121  
 18 184.9395   1949.845322  x:  0.00380   0.00297   0.00000   0.00054   0.00000   0.00000   0.00943   0.00639   0.00955   0.00845   0.00247   0.01758   0.01950   0.00848   0.01054   0.00695   0.00216   0.00692   0.00726   0.06905   0.00867   0.00143   0.00000   0.00514   0.00647   0.00637   0.00000   0.01740   0.00110   0.00000   0.00947   0.00000   0.00000   1.09546   0.87438   1.10295   0.84376   1.47746  -0.00705   0.00000   0.52436   1.99972  
 19 765.2434   1945.678129  x:  0.01291   0.00238   0.00000   0.00094   0.00000   0.00000   0.00914   0.00328   0.01004   0.00689   0.00413   0.02160   0.02317   0.00559   0.00986   0.00912   0.00280   0.00680   0.00386   0.06485   0.00719   0.00199   0.00000   0.00469   0.00515   0.00651   0.00000   0.02166   0.00126   0.00000   0.00775   0.00000   0.00000   1.21505   0.91526   1.12858   0.81272   1.53001  -0.04969   0.00000   0.43762   1.99363  
 20 1759.5632   1937.775712  x:  0.00971   0.00192   0.00000   0.00122   0.00000   0.00000   0.00984   0.00131   0.01040   0.00837   0.00503   0.01787   0.02193   0.00809   0.01125   0.00830   0.00305   0.00570   0.00710   0.06073   0.00769   0.00243   0.00000   0.00601   0.00493   0.00605   0.00000   0.01261   0.00141   0.00000   0.00169   0.00000   0.00000   1.37679   0.97058   1.16326   0.77070   1.60104  -0.10726   0.00000   0.32055   1.98537  
 21 3924.7824   1934.491116  x:  0.00870   0.00174   0.00000   0.00130   0.00000   0.00000   0.00940   0.00127   0.01109   0.00793   0.00502   0.01464   0.02031   0.01142   0.01414   0.00702   0.00311   0.00494   0.00413   0.05927   0.00623   0.00260   0.00000   0.00494   0.00400   0.00567   0.00000   0.00559   0.00150   0.00000   0.00413   0.00000   0.00000   1.45905   0.99873   1.18091   0.74932   1.63718  -0.13654   0.00000   0.26109   1.98115  
 22 9378.7964   1934.334426  x:  0.00863   0.00172   0.00000   0.00132   0.00000   0.00000   0.00839   0.00119   0.01058   0.00685   0.00511   0.01413   0.01926   0.01168   0.01401   0.00666   0.00314   0.00616   0.00404   0.05956   0.00629   0.00263   0.00000   0.00523   0.00422   0.00571   0.00000   0.00575   0.00151   0.00000   0.00414   0.00000   0.00000   1.46324   1.00019   1.18180   0.74823   1.63907  -0.13803   0.00000   0.25826   1.98091  
 23 317.8274   1934.241827  x:  0.00878   0.00170   0.00000   0.00133   0.00000   0.00000   0.00775   0.00121   0.00971   0.00690   0.00518   0.01386   0.01767   0.01210   0.01341   0.00712   0.00316   0.00574   0.00407   0.06015   0.00644   0.00264   0.00000   0.00490   0.00377   0.00571   0.00000   0.00617   0.00152   0.00000   0.00416   0.00000   0.00000   1.46601   1.00120   1.18239   0.74750   1.64040  -0.13903   0.00000   0.25672   1.98072  
 24 131.7407   1934.184903  x:  0.00897   0.00169   0.00000   0.00134   0.00000   0.00000   0.00791   0.00116   0.00942   0.00715   0.00523   0.01408   0.01671   0.01228   0.01299   0.00696   0.00318   0.00548   0.00395   0.06081   0.00623   0.00266   0.00000   0.00495   0.00451   0.00572   0.00000   0.00629   0.00153   0.00000   0.00423   0.00000   0.00000   1.46806   1.00198   1.18282   0.74696   1.64144  -0.13976   0.00000   0.25579   1.98054  
 25 126.0866   1934.024156  x:  0.00895   0.00170   0.00000   0.00134   0.00000   0.00000   0.00881   0.00120   0.00960   0.00754   0.00517   0.01538   0.01532   0.01228   0.01221   0.00620   0.00317   0.00611   0.00392   0.06306   0.00588   0.00265   0.00000   0.00489   0.00384   0.00571   0.00000   0.00612   0.00153   0.00000   0.00416   0.00000   0.00000   1.47432   1.00440   1.18413   0.74530   1.64470  -0.14203   0.00000   0.25333   1.97997  
 26 165.3548   1933.531579  x:  0.00865   0.00174   0.00000   0.00133   0.00000   0.00000   0.00891   0.00128   0.01131   0.00667   0.00494   0.01742   0.01474   0.01244   0.01199   0.00812   0.00312   0.00620   0.00438   0.07007   0.00768   0.00263   0.00000   0.00511   0.00430   0.00573   0.00000   0.00530   0.00154   0.00000   0.00439   0.00000   0.00000   1.49570   1.01274   1.18858   0.73961   1.65596  -0.14976   0.00000   0.24542   1.97795  
 27 355.9194   1932.688417  x:  0.00837   0.00176   0.00000   0.00135   0.00000   0.00000   0.00821   0.00145   0.01043   0.00972   0.00536   0.01433   0.01765   0.01231   0.01179   0.00887   0.00316   0.00717   0.00464   0.07897   0.00691   0.00263   0.00000   0.00737   0.00422   0.00605   0.00000   0.00653   0.00156   0.00000   0.00497   0.00000   0.00000   1.53418   1.02780   1.19661   0.72934   1.67625  -0.16363   0.00000   0.23157   1.97427  
 28 637.3792   1932.154175  x:  0.00932   0.00182   0.00000   0.00131   0.00000   0.00000   0.00914   0.00186   0.00824   0.00912   0.00525   0.01264   0.01949   0.01254   0.01048   0.00787   0.00312   0.00753   0.00556   0.08043   0.00758   0.00257   0.00000   0.00530   0.00483   0.00589   0.00000   0.00599   0.00155   0.00000   0.00484   0.00000   0.00000   1.55789   1.03707   1.20158   0.72300   1.68867  -0.17211   0.00000   0.22305   1.97201  
 29 661.4731   1930.523726  x:  0.00743   0.00208   0.00000   0.00108   0.00000   0.00000   0.01121   0.00271   0.01005   0.00697   0.00478   0.00984   0.01641   0.01126   0.00764   0.00763   0.00291   0.00667   0.00403   0.07121   0.00863   0.00224   0.00000   0.00814   0.00485   0.00572   0.00000   0.00718   0.00142   0.00000   0.00469   0.00000   0.00000   1.63570   1.06748   1.21799   0.70207   1.72904  -0.19954   0.00000   0.19569   1.96458  
 30 608.3998   1929.497174  x:  0.00748   0.00227   0.00000   0.00093   0.00000   0.00000   0.00942   0.00350   0.01014   0.00799   0.00464   0.01089   0.01305   0.00913   0.01085   0.00780   0.00273   0.00733   0.00606   0.06412   0.00735   0.00201   0.00000   0.00817   0.00558   0.00587   0.00000   0.00687   0.00132   0.00000   0.00471   0.00000   0.00000   1.68675   1.08745   1.22879   0.68830   1.75539  -0.21738   0.00000   0.17823   1.95970  
 31 1861.7142   1929.457744  x:  0.00729   0.00228   0.00000   0.00092   0.00000   0.00000   0.00868   0.00362   0.00985   0.00823   0.00463   0.01143   0.01325   0.00906   0.01045   0.00774   0.00273   0.00729   0.00565   0.06385   0.00731   0.00199   0.00000   0.00831   0.00565   0.00579   0.00000   0.00640   0.00131   0.00000   0.00451   0.00000   0.00000   1.68893   1.08832   1.22928   0.68769   1.75638  -0.21798   0.00000   0.17803   1.95947  
 32 110.8367   1928.814387  x:  0.00761   0.00231   0.00000   0.00091   0.00000   0.00000   0.00902   0.00365   0.00831   0.00952   0.00468   0.01187   0.01248   0.00866   0.01206   0.00611   0.00276   0.00721   0.00444   0.06214   0.01127   0.00196   0.00000   0.00958   0.00549   0.00594   0.00000   0.00661   0.00129   0.00000   0.00485   0.00000   0.00000   1.74432   1.11170   1.24417   0.66925   1.77107  -0.22010   0.00000   0.21875   1.95227  
 33 33.0505   1925.652825  x:  0.00635   0.00250   0.00000   0.00076   0.00000   0.00000   0.00953   0.00479   0.00907   0.00916   0.00462   0.01205   0.01076   0.01224   0.00907   0.01082   0.00270   0.00969   0.00661   0.05347   0.00613   0.00180   0.00000   0.00941   0.00657   0.00609   0.00000   0.00639   0.00122   0.00000   0.00530   0.00000   0.00000   2.03114   1.23284   1.32137   0.57365   1.84679  -0.23061   0.00000   0.43067   1.91491  
 34 2241.7061   1925.604791  x:  0.00665   0.00250   0.00000   0.00075   0.00000   0.00000   0.00895   0.00478   0.01006   0.00962   0.00462   0.01173   0.01066   0.01229   0.00862   0.01039   0.00271   0.00976   0.00682   0.05334   0.00639   0.00181   0.00000   0.00894   0.00667   0.00609   0.00000   0.00648   0.00122   0.00000   0.00535   0.00000   0.00000   2.03508   1.23454   1.32246   0.57228   1.84788  -0.23074   0.00000   0.43360   1.91435  
 35 224.5483   1923.543531  x:  0.00625   0.00308   0.00000   0.00069   0.00000   0.00000   0.00905   0.00484   0.01070   0.00927   0.00423   0.01260   0.01257   0.01162   0.00890   0.01041   0.00255   0.00982   0.00690   0.05555   0.00629   0.00177   0.00000   0.00807   0.00675   0.00585   0.00000   0.00719   0.00130   0.00000   0.00554   0.00000   0.00000   1.96360   1.38055   1.49824   0.28905   2.17611  -0.17309   0.00000   0.49745   1.69395  
 36  3.5984   1919.942161  x:  0.00406   0.00401   0.00000   0.00086   0.00000   0.00000   0.00866   0.00616   0.01371   0.00812   0.00356   0.01378   0.01650   0.01090   0.01156   0.01039   0.00232   0.01033   0.00569   0.06417   0.00573   0.00208   0.00000   0.00519   0.00767   0.00451   0.00000   0.00907   0.00177   0.00000   0.00539   0.00000   0.00000   2.03226   1.67233   1.82373   0.72266   3.22709   0.04358   0.00000   0.70176   0.95109  
 37  7.1917   1917.772431  x:  0.00699   0.00337   0.00000   0.00112   0.00000   0.00000   0.01022   0.00586   0.01291   0.00851   0.00510   0.01810   0.02125   0.01451   0.01252   0.00931   0.00279   0.01004   0.00486   0.06237   0.00965   0.00246   0.00000   0.00514   0.00690   0.00556   0.00000   0.01026   0.00213   0.00000   0.00581   0.00000   0.00000   2.35130   1.83720   2.06429   0.85478   3.32014   0.78721   0.00000   0.55802   0.40008  
 38  4.4499   1916.309048  x:  0.00619   0.00366   0.00000   0.00098   0.00000   0.00000   0.01048   0.00516   0.01123   0.00923   0.00472   0.01629   0.02140   0.01259   0.01147   0.00896   0.00252   0.00945   0.00594   0.06466   0.01016   0.00227   0.00000   0.00558   0.00598   0.00562   0.00000   0.00891   0.00216   0.00000   0.00610   0.00000   0.00000   2.62214   1.79604   2.10571   0.88356   3.52339   0.97590   0.00000   0.58630   0.00000  
 39  1.6249   1915.202627  x:  0.00542   0.00175   0.00000   0.00143   0.00000   0.00000   0.00950   0.00641   0.01064   0.00926   0.00619   0.01306   0.01881   0.01374   0.01273   0.00826   0.00291   0.00892   0.00543   0.06682   0.00950   0.00266   0.00000   0.00663   0.00588   0.00559   0.00000   0.00703   0.00252   0.00000   0.00516   0.00000   0.00000   2.84839   1.73612   2.11227   0.84244   3.89043   1.07937   0.00000   0.69452   0.00000  
 40  1.8019   1914.139607  x:  0.00523   0.00466   0.00000   0.00165   0.00000   0.00000   0.00912   0.00657   0.00922   0.00885   0.00664   0.01156   0.01646   0.01215   0.01183   0.00755   0.00292   0.00773   0.00527   0.06626   0.00845   0.00324   0.00000   0.00557   0.00494   0.00529   0.00000   0.00617   0.00291   0.00000   0.00487   0.00000   0.00000   3.39133   1.81003   2.08354   0.88851   4.31405   1.21894   0.00000   0.84641   0.00000  
 41  0.8831   1913.433084  x:  0.00471   0.00342   0.00000   0.00158   0.00000   0.00000   0.01012   0.00640   0.00873   0.00875   0.00591   0.01424   0.01678   0.01008   0.00976   0.00779   0.00251   0.00759   0.00565   0.06131   0.00865   0.00276   0.00000   0.00438   0.00449   0.00502   0.00000   0.00764   0.00289   0.00000   0.00547   0.00000   0.00000   3.78078   1.91003   2.08534   0.95926   4.56279   1.31866   0.00000   0.92450   0.00000  
 42  1.0479   1912.796613  x:  0.00580   0.00236   0.00000   0.00183   0.00000   0.00000   0.00971   0.00679   0.01011   0.00840   0.00640   0.01555   0.01755   0.01049   0.01098   0.00781   0.00252   0.00728   0.00513   0.06366   0.00753   0.00265   0.00000   0.00577   0.00484   0.00549   0.00000   0.00857   0.00291   0.00000   0.00558   0.00000   0.00000   4.29622   2.10645   2.13791   1.06162   4.74367   1.72733   0.00000   0.98348   0.00000  
 43  0.4848   1912.499783  x:  0.00510   0.00253   0.00000   0.00214   0.00000   0.00000   0.00960   0.00683   0.01042   0.00996   0.00656   0.01429   0.01685   0.01132   0.01151   0.00879   0.00268   0.00843   0.00480   0.06273   0.00830   0.00277   0.00000   0.00509   0.00539   0.00539   0.00000   0.00818   0.00294   0.00000   0.00561   0.00000   0.00000   4.83163   2.13033   2.20320   1.13771   5.07286   1.92760   0.00000   1.12089   0.00000  
 44  0.4056   1912.346295  x:  0.00535   0.00278   0.00000   0.00235   0.00000   0.00000   0.00950   0.00640   0.00987   0.00911   0.00637   0.01382   0.01668   0.01045   0.01088   0.00817   0.00267   0.00800   0.00574   0.06389   0.00818   0.00271   0.00000   0.00521   0.00531   0.00535   0.00000   0.00774   0.00281   0.00000   0.00556   0.00000   0.00000   5.28994   2.21060   2.35695   1.26240   5.33341   2.15770   0.00000   1.22688   0.00000  
 45  0.3773   1912.289870  x:  0.00512   0.00269   0.00000   0.00250   0.00000   0.00000   0.00980   0.00622   0.00999   0.00857   0.00607   0.01449   0.01687   0.01091   0.01090   0.00828   0.00266   0.00802   0.00511   0.06316   0.00842   0.00265   0.00000   0.00553   0.00534   0.00520   0.00000   0.00802   0.00267   0.00000   0.00539   0.00000   0.00000   5.55358   2.14769   2.39610   1.32214   5.48680   2.27044   0.00000   1.29303   0.00000  
 46  0.1957   1912.266767  x:  0.00551   0.00263   0.00000   0.00257   0.00000   0.00000   0.00970   0.00595   0.01021   0.00876   0.00586   0.01435   0.01704   0.01107   0.01105   0.00820   0.00266   0.00814   0.00513   0.06335   0.00830   0.00261   0.00000   0.00511   0.00536   0.00522   0.00000   0.00805   0.00258   0.00000   0.00530   0.00000   0.00000   5.63498   2.08460   2.42260   1.35405   5.54171   2.29964   0.00000   1.32564   0.00000  
 47  0.0956   1912.244452  x:  0.00530   0.00275   0.00000   0.00263   0.00000   0.00000   0.00966   0.00553   0.01011   0.00910   0.00577   0.01422   0.01694   0.01111   0.01112   0.00814   0.00272   0.00808   0.00535   0.06323   0.00832   0.00266   0.00000   0.00542   0.00524   0.00540   0.00000   0.00798   0.00253   0.00000   0.00522   0.00000   0.00000   5.60021   2.00493   2.47373   1.38765   5.53815   2.28294   0.00000   1.34407   0.00000  
 48  0.0583   1912.220480  x:  0.00533   0.00251   0.00000   0.00264   0.00000   0.00000   0.00966   0.00537   0.00996   0.00881   0.00587   0.01439   0.01661   0.01089   0.01112   0.00816   0.00271   0.00791   0.00528   0.06344   0.00813   0.00271   0.00000   0.00543   0.00530   0.00539   0.00000   0.00801   0.00262   0.00000   0.00511   0.00000   0.00000   5.35122   2.01227   2.53679   1.42132   5.46882   2.17974   0.00000   1.35123   0.00000  
 49  0.0865   1912.199946  x:  0.00527   0.00267   0.00000   0.00268   0.00000   0.00000   0.00962   0.00518   0.01006   0.00873   0.00601   0.01440   0.01694   0.01097   0.01119   0.00816   0.00269   0.00798   0.00509   0.06312   0.00825   0.00277   0.00000   0.00523   0.00540   0.00530   0.00000   0.00800   0.00272   0.00000   0.00512   0.00000   0.00000   5.20663   2.11396   2.60432   1.49109   5.41606   2.15791   0.00000   1.37280   0.00000  
 50  0.1000   1912.180868  x:  0.00531   0.00268   0.00000   0.00281   0.00000   0.00000   0.00964   0.00521   0.01020   0.00886   0.00608   0.01433   0.01699   0.01088   0.01114   0.00827   0.00266   0.00822   0.00518   0.06304   0.00838   0.00273   0.00000   0.00531   0.00555   0.00520   0.00000   0.00806   0.00276   0.00000   0.00528   0.00000   0.00000   5.24701   2.22625   2.67878   1.58923   5.49676   2.16143   0.00000   1.46111   0.00000  
 51  0.1086   1912.159090  x:  0.00525   0.00252   0.00000   0.00290   0.00000   0.00000   0.00963   0.00535   0.01002   0.00895   0.00608   0.01426   0.01684   0.01088   0.01097   0.00817   0.00263   0.00813   0.00525   0.06345   0.00827   0.00259   0.00000   0.00536   0.00529   0.00529   0.00000   0.00800   0.00273   0.00000   0.00537   0.00000   0.00000   5.23153   2.34411   2.66430   1.68996   5.51342   2.17829   0.00000   1.54655   0.00000  
 52  0.0570   1912.149323  x:  0.00533   0.00272   0.00000   0.00293   0.00000   0.00000   0.00962   0.00559   0.01005   0.00886   0.00605   0.01435   0.01675   0.01097   0.01109   0.00814   0.00266   0.00806   0.00520   0.06349   0.00819   0.00259   0.00000   0.00535   0.00527   0.00532   0.00000   0.00804   0.00271   0.00000   0.00534   0.00000   0.00000   5.18250   2.34741   2.61609   1.71482   5.50552   2.13320   0.00000   1.58950   0.00000  
 53  0.0715   1912.146429  x:  0.00530   0.00266   0.00000   0.00289   0.00000   0.00000   0.00970   0.00565   0.01004   0.00891   0.00594   0.01433   0.01692   0.01092   0.01111   0.00818   0.00267   0.00806   0.00520   0.06309   0.00833   0.00258   0.00000   0.00529   0.00529   0.00531   0.00000   0.00799   0.00266   0.00000   0.00531   0.00000   0.00000   5.17571   2.33712   2.58147   1.71152   5.49402   2.11532   0.00000   1.59781   0.00000  
 54  0.0291   1912.144240  x:  0.00533   0.00265   0.00000   0.00284   0.00000   0.00000   0.00970   0.00568   0.01000   0.00889   0.00590   0.01439   0.01691   0.01094   0.01100   0.00821   0.00270   0.00803   0.00527   0.06350   0.00839   0.00266   0.00000   0.00532   0.00536   0.00532   0.00000   0.00797   0.00263   0.00000   0.00528   0.00000   0.00000   5.16950   2.34623   2.57462   1.70688   5.47283   2.09710   0.00000   1.60577   0.00000  
 55  0.0088   1912.141334  x:  0.00531   0.00265   0.00000   0.00276   0.00000   0.00000   0.00969   0.00566   0.01011   0.00888   0.00585   0.01429   0.01687   0.01091   0.01107   0.00819   0.00267   0.00804   0.00519   0.06321   0.00832   0.00274   0.00000   0.00533   0.00533   0.00531   0.00000   0.00801   0.00262   0.00000   0.00525   0.00000   0.00000   5.18969   2.37278   2.59247   1.71827   5.46530   2.07243   0.00000   1.64150   0.00000  
 56  0.0157   1912.139365  x:  0.00532   0.00265   0.00000   0.00265   0.00000   0.00000   0.00970   0.00564   0.01000   0.00892   0.00589   0.01436   0.01687   0.01099   0.01109   0.00818   0.00267   0.00808   0.00523   0.06326   0.00828   0.00271   0.00000   0.00529   0.00525   0.00533   0.00000   0.00803   0.00264   0.00000   0.00531   0.00000   0.00000   5.18096   2.35680   2.58120   1.70002   5.42567   2.03395   0.00000   1.64951   0.00000  
 57  0.0194   1912.138309  x:  0.00531   0.00266   0.00000   0.00261   0.00000   0.00000   0.00969   0.00561   0.01003   0.00888   0.00593   0.01437   0.01688   0.01097   0.01108   0.00816   0.00268   0.00807   0.00522   0.06333   0.00832   0.00266   0.00000   0.00532   0.00530   0.00530   0.00000   0.00799   0.00266   0.00000   0.00531   0.00000   0.00000   5.20573   2.33309   2.57651   1.68920   5.42194   2.01915   0.00000   1.66047   0.00000  
 58  0.0180   1912.138078  x:  0.00532   0.00266   0.00000   0.00261   0.00000   0.00000   0.00968   0.00560   0.01004   0.00890   0.00597   0.01434   0.01687   0.01097   0.01108   0.00818   0.00269   0.00805   0.00521   0.06327   0.00832   0.00265   0.00000   0.00532   0.00532   0.00531   0.00000   0.00798   0.00266   0.00000   0.00528   0.00000   0.00000   5.20177   2.33090   2.57310   1.68659   5.41271   2.01326   0.00000   1.66378   0.00000  
 59  0.0072   1912.137870  x:  0.00531   0.00265   0.00000   0.00262   0.00000   0.00000   0.00969   0.00559   0.01004   0.00890   0.00600   0.01434   0.01687   0.01098   0.01106   0.00819   0.00268   0.00804   0.00523   0.06331   0.00832   0.00266   0.00000   0.00530   0.00531   0.00533   0.00000   0.00801   0.00265   0.00000   0.00527   0.00000   0.00000   5.20947   2.33027   2.56257   1.68032   5.40602   2.00155   0.00000   1.67353   0.00000  
 60  0.0055   1912.137414  x:  0.00532   0.00266   0.00000   0.00262   0.00000   0.00000   0.00969   0.00558   0.01000   0.00890   0.00603   0.01436   0.01691   0.01092   0.01107   0.00820   0.00266   0.00805   0.00520   0.06331   0.00834   0.00266   0.00000   0.00532   0.00529   0.00531   0.00000   0.00804   0.00264   0.00000   0.00526   0.00000   0.00000   5.20237   2.31824   2.53302   1.64159   5.36423   1.96059   0.00000   1.67218   0.00000  
 61  0.0160   1912.136845  x:  0.00531   0.00266   0.00000   0.00264   0.00000   0.00000   0.00966   0.00558   0.01004   0.00891   0.00603   0.01435   0.01689   0.01096   0.01108   0.00814   0.00267   0.00807   0.00522   0.06327   0.00832   0.00267   0.00000   0.00531   0.00531   0.00531   0.00000   0.00799   0.00263   0.00000   0.00528   0.00000   0.00000   5.18447   2.30050   2.50281   1.59637   5.30541   1.90082   0.00000   1.67667   0.00000  
 62  0.0328   1912.136572  x:  0.00533   0.00265   0.00000   0.00265   0.00000   0.00000   0.00969   0.00557   0.01003   0.00890   0.00598   0.01435   0.01686   0.01098   0.01107   0.00818   0.00268   0.00806   0.00520   0.06331   0.00832   0.00265   0.00000   0.00532   0.00531   0.00531   0.00000   0.00797   0.00263   0.00000   0.00529   0.00000   0.00000   5.19060   2.29293   2.50088   1.58548   5.28264   1.87348   0.00000   1.68941   0.00000  
 63  0.0205   1912.136424  x:  0.00531   0.00266   0.00000   0.00265   0.00000   0.00000   0.00969   0.00558   0.01004   0.00889   0.00596   0.01436   0.01689   0.01096   0.01108   0.00818   0.00268   0.00804   0.00521   0.06328   0.00833   0.00265   0.00000   0.00532   0.00531   0.00532   0.00000   0.00800   0.00265   0.00000   0.00530   0.00000   0.00000   5.18805   2.28268   2.50426   1.57577   5.26072   1.85305   0.00000   1.69140   0.00000  
 64  0.0136   1912.136367  x:  0.00532   0.00266   0.00000   0.00265   0.00000   0.00000   0.00968   0.00559   0.01003   0.00891   0.00596   0.01434   0.01688   0.01096   0.01108   0.00818   0.00268   0.00805   0.00521   0.06331   0.00833   0.00265   0.00000   0.00531   0.00531   0.00531   0.00000   0.00800   0.00266   0.00000   0.00528   0.00000   0.00000   5.19158   2.27099   2.50707   1.57141   5.25181   1.84359   0.00000   1.69121   0.00000  
 65  0.0083   1912.136323  x:  0.00532   0.00265   0.00000   0.00265   0.00000   0.00000   0.00970   0.00560   0.01003   0.00889   0.00596   0.01435   0.01688   0.01096   0.01107   0.00817   0.00267   0.00806   0.00522   0.06331   0.00832   0.00266   0.00000   0.00532   0.00530   0.00531   0.00000   0.00799   0.00266   0.00000   0.00528   0.00000   0.00000   5.19209   2.26540   2.51258   1.57082   5.23326   1.82504   0.00000   1.69394   0.00000  
 66  0.0066   1912.136164  x:  0.00531   0.00267   0.00000   0.00266   0.00000   0.00000   0.00968   0.00560   0.01004   0.00889   0.00598   0.01436   0.01690   0.01094   0.01109   0.00819   0.00268   0.00807   0.00521   0.06331   0.00834   0.00265   0.00000   0.00531   0.00531   0.00532   0.00000   0.00800   0.00264   0.00000   0.00530   0.00000   0.00000   5.19332   2.25611   2.52453   1.57324   5.17078   1.76300   0.00000   1.69588   0.00000  
 67  0.0112   1912.135678  x:  0.00531   0.00265   0.00000   0.00265   0.00000   0.00000   0.00965   0.00563   0.01002   0.00892   0.00601   0.01434   0.01687   0.01092   0.01108   0.00818   0.00269   0.00804   0.00520   0.06332   0.00833   0.00267   0.00000   0.00529   0.00531   0.00531   0.00000   0.00801   0.00259   0.00000   0.00533   0.00000   0.00000   5.19265   2.21023   2.55847   1.55659   4.83163   1.42404   0.00000   1.69732   0.00000  
 68  0.0779   1912.124823  x:  0.00530   0.00262   0.00000   0.00263   0.00000   0.00000   0.00971   0.00570   0.00996   0.00895   0.00606   0.01426   0.01686   0.01096   0.01101   0.00813   0.00270   0.00790   0.00517   0.06330   0.00828   0.00267   0.00000   0.00529   0.00529   0.00525   0.00000   0.00801   0.00255   0.00000   0.00538   0.00000   0.00000   5.18558   2.15217   2.61557   1.53272   3.51141   0.10425   0.00000   1.69875   0.00000  
 69  0.2336   1912.124823  x:  0.00530   0.00262   0.00000   0.00263   0.00000   0.00000   0.00971   0.00570   0.00996   0.00895   0.00606   0.01426   0.01686   0.01096   0.01101   0.00813   0.00270   0.00790   0.00517   0.06330   0.00828   0.00267   0.00000   0.00529   0.00529   0.00525   0.00000   0.00801   0.00255   0.00000   0.00538   0.00000   0.00000   5.18558   2.15217   2.61557   1.53272   3.51141   0.10425   0.00000   1.69875   0.00000  
 70  2.5278   1912.122606  x:  0.00531   0.00267   0.00000   0.00266   0.00000   0.00000   0.00969   0.00564   0.00998   0.00893   0.00602   0.01428   0.01687   0.01096   0.01103   0.00815   0.00267   0.00797   0.00520   0.06330   0.00829   0.00265   0.00000   0.00531   0.00530   0.00529   0.00000   0.00800   0.00270   0.00000   0.00531   0.00000   0.00000   5.18558   2.15217   2.61557   1.53272   3.51141   0.10425   0.00000   1.69875   0.00000  
 71 21.6695   1912.122012  x:  0.00532   0.00266   0.00000   0.00265   0.00000   0.00000   0.00968   0.00558   0.01001   0.00891   0.00598   0.01431   0.01687   0.01096   0.01106   0.00817   0.00267   0.00804   0.00522   0.06330   0.00831   0.00265   0.00000   0.00532   0.00531   0.00533   0.00000   0.00800   0.00265   0.00000   0.00526   0.00000   0.00000   5.18558   2.15217   2.61557   1.53273   3.51141   0.10425   0.00000   1.69875   0.00000  
 72  9.9643   1912.121950  x:  0.00532   0.00265   0.00000   0.00265   0.00000   0.00000   0.00968   0.00558   0.01003   0.00890   0.00596   0.01433   0.01688   0.01095   0.01107   0.00818   0.00268   0.00806   0.00522   0.06330   0.00832   0.00265   0.00000   0.00531   0.00530   0.00531   0.00000   0.00799   0.00266   0.00000   0.00528   0.00000   0.00000   5.18558   2.15217   2.61557   1.53273   3.51141   0.10425   0.00000   1.69875   0.00000  
 73  2.4930   1912.121944  x:  0.00532   0.00266   0.00000   0.00265   0.00000   0.00000   0.00968   0.00559   0.01003   0.00890   0.00596   0.01433   0.01688   0.01095   0.01108   0.00818   0.00267   0.00806   0.00521   0.06330   0.00832   0.00265   0.00000   0.00531   0.00531   0.00531   0.00000   0.00800   0.00266   0.00000   0.00528   0.00000   0.00000   5.18558   2.15217   2.61557   1.53273   3.51141   0.10425   0.00000   1.69875   0.00000  
 74  1.0420   1912.121941  x:  0.00532   0.00266   0.00000   0.00265   0.00000   0.00000   0.00968   0.00559   0.01004   0.00890   0.00597   0.01434   0.01688   0.01095   0.01108   0.00817   0.00268   0.00805   0.00521   0.06330   0.00832   0.00265   0.00000   0.00531   0.00531   0.00531   0.00000   0.00800   0.00266   0.00000   0.00528   0.00000   0.00000   5.18558   2.15217   2.61557   1.53273   3.51141   0.10425   0.00000   1.69875   0.00000  
 75  0.6824   1912.121941  x:  0.00532   0.00266   0.00000   0.00265   0.00000   0.00000   0.00968   0.00559   0.01004   0.00890   0.00597   0.01434   0.01688   0.01095   0.01108   0.00817   0.00268   0.00805   0.00521   0.06330   0.00832   0.00265   0.00000   0.00531   0.00531   0.00531   0.00000   0.00800   0.00266   0.00000   0.00528   0.00000   0.00000   5.18558   2.15217   2.61557   1.53273   3.51141   0.10425   0.00000   1.69875   0.00000  
 76  0.7794   1912.121941  x:  0.00532   0.00266   0.00000   0.00265   0.00000   0.00000   0.00968   0.00559   0.01004   0.00890   0.00597   0.01434   0.01689   0.01095   0.01108   0.00818   0.00268   0.00805   0.00521   0.06330   0.00832   0.00265   0.00000   0.00531   0.00531   0.00532   0.00000   0.00800   0.00266   0.00000   0.00528   0.00000   0.00000   5.18558   2.15217   2.61557   1.53273   3.51141   0.10425   0.00000   1.69875   0.00000  
 77  0.1858   1912.121940  x:  0.00532   0.00266   0.00000   0.00265   0.00000   0.00000   0.00968   0.00559   0.01003   0.00890   0.00597   0.01434   0.01689   0.01095   0.01108   0.00818   0.00268   0.00805   0.00521   0.06329   0.00832   0.00265   0.00000   0.00531   0.00531   0.00531   0.00000   0.00800   0.00266   0.00000   0.00528   0.00000   0.00000   5.18558   2.15217   2.61557   1.53273   3.51141   0.10425   0.00000   1.69875   0.00000  
 78  0.1329   1912.121940  x:  0.00532   0.00266   0.00000   0.00265   0.00000   0.00000   0.00968   0.00559   0.01003   0.00890   0.00597   0.01434   0.01689   0.01095   0.01108   0.00818   0.00268   0.00805   0.00521   0.06329   0.00832   0.00265   0.00000   0.00531   0.00531   0.00531   0.00000   0.00800   0.00266   0.00000   0.00528   0.00000   0.00000   5.18558   2.15217   2.61556   1.53273   3.51141   0.10425   0.00000   1.69875   0.00000  
 79  0.2490   1912.121940  x:  0.00532   0.00266   0.00000   0.00265   0.00000   0.00000   0.00968   0.00559   0.01003   0.00890   0.00597   0.01434   0.01689   0.01095   0.01108   0.00818   0.00268   0.00805   0.00521   0.06328   0.00832   0.00265   0.00000   0.00531   0.00531   0.00532   0.00000   0.00800   0.00266   0.00000   0.00528   0.00000   0.00000   5.18558   2.15217   2.61556   1.53274   3.51140   0.10425   0.00000   1.69875   0.00000  
 80  0.3661   1912.121939  x:  0.00532   0.00266   0.00000   0.00265   0.00000   0.00000   0.00968   0.00559   0.01004   0.00890   0.00597   0.01434   0.01689   0.01095   0.01108   0.00817   0.00268   0.00805   0.00522   0.06327   0.00832   0.00265   0.00000   0.00531   0.00531   0.00531   0.00000   0.00800   0.00266   0.00000   0.00528   0.00000   0.00000   5.18558   2.15218   2.61555   1.53274   3.51140   0.10425   0.00000   1.69875   0.00000  
 81  0.3176   1912.121939  x:  0.00532   0.00266   0.00000   0.00265   0.00000   0.00000   0.00969   0.00559   0.01004   0.00890   0.00596   0.01434   0.01688   0.01095   0.01108   0.00818   0.00268   0.00805   0.00521   0.06327   0.00832   0.00265   0.00000   0.00531   0.00531   0.00531   0.00000   0.00800   0.00266   0.00000   0.00528   0.00000   0.00000   5.18558   2.15218   2.61554   1.53275   3.51139   0.10425   0.00000   1.69875   0.00000  
 82  0.2355   1912.121935  x:  0.00532   0.00265   0.00000   0.00265   0.00000   0.00000   0.00969   0.00559   0.01003   0.00890   0.00597   0.01435   0.01687   0.01096   0.01108   0.00818   0.00268   0.00806   0.00522   0.06327   0.00832   0.00265   0.00000   0.00531   0.00530   0.00531   0.00000   0.00799   0.00266   0.00000   0.00528   0.00000   0.00000   5.18561   2.15223   2.61544   1.53283   3.51131   0.10426   0.00000   1.69873   0.00000  
 83  0.5862   1912.121926  x:  0.00532   0.00266   0.00000   0.00265   0.00000   0.00000   0.00969   0.00559   0.01003   0.00890   0.00597   0.01435   0.01687   0.01096   0.01108   0.00817   0.00268   0.00806   0.00522   0.06327   0.00832   0.00266   0.00000   0.00531   0.00531   0.00531   0.00000   0.00799   0.00266   0.00000   0.00528   0.00000   0.00000   5.18567   2.15232   2.61523   1.53299   3.51115   0.10429   0.00000   1.69869   0.00000  
 84  7.3755   1912.121886  x:  0.00532   0.00266   0.00000   0.00265   0.00000   0.00000   0.00967   0.00558   0.01003   0.00889   0.00596   0.01437   0.01684   0.01096   0.01107   0.00817   0.00268   0.00805   0.00521   0.06327   0.00832   0.00265   0.00000   0.00531   0.00531   0.00531   0.00000   0.00799   0.00266   0.00000   0.00529   0.00000   0.00000   5.18594   2.15278   2.61419   1.53379   3.51037   0.10439   0.00000   1.69851   0.00000  
 85 31.1763   1912.121619  x:  0.00533   0.00265   0.00000   0.00265   0.00000   0.00000   0.00964   0.00562   0.01004   0.00891   0.00595   0.01438   0.01685   0.01095   0.01108   0.00819   0.00268   0.00804   0.00524   0.06329   0.00833   0.00265   0.00000   0.00532   0.00529   0.00532   0.00000   0.00802   0.00266   0.00000   0.00527   0.00000   0.00000   5.18769   2.15573   2.60750   1.53897   3.50530   0.10509   0.00000   1.69735   0.00000  
 86 60.3185   1912.121379  x:  0.00532   0.00265   0.00000   0.00265   0.00000   0.00000   0.00968   0.00559   0.01005   0.00891   0.00598   0.01436   0.01689   0.01095   0.01110   0.00819   0.00268   0.00805   0.00521   0.06332   0.00833   0.00266   0.00000   0.00532   0.00532   0.00532   0.00000   0.00801   0.00266   0.00000   0.00528   0.00000   0.00000   5.18927   2.15838   2.60149   1.54362   3.50075   0.10571   0.00000   1.69631   0.00000  
 87 247.2006   1912.121363  x:  0.00532   0.00265   0.00000   0.00265   0.00000   0.00000   0.00969   0.00559   0.01004   0.00891   0.00597   0.01436   0.01690   0.01096   0.01109   0.00818   0.00268   0.00805   0.00521   0.06332   0.00833   0.00266   0.00000   0.00532   0.00531   0.00532   0.00000   0.00800   0.00266   0.00000   0.00528   0.00000   0.00000   5.18937   2.15856   2.60108   1.54393   3.50044   0.10575   0.00000   1.69623   0.00000  
 88 27.6940   1912.121362  x:  0.00532   0.00265   0.00000   0.00265   0.00000   0.00000   0.00969   0.00560   0.01004   0.00890   0.00597   0.01436   0.01690   0.01096   0.01109   0.00818   0.00268   0.00805   0.00522   0.06332   0.00833   0.00266   0.00000   0.00532   0.00531   0.00532   0.00000   0.00800   0.00266   0.00000   0.00528   0.00000   0.00000   5.18939   2.15858   2.60104   1.54396   3.50041   0.10575   0.00000   1.69623   0.00000  
 89  3.1772   1912.121361  x:  0.00532   0.00265   0.00000   0.00265   0.00000   0.00000   0.00969   0.00559   0.01005   0.00890   0.00597   0.01435   0.01690   0.01096   0.01109   0.00818   0.00268   0.00805   0.00522   0.06332   0.00833   0.00266   0.00000   0.00532   0.00531   0.00532   0.00000   0.00800   0.00266   0.00000   0.00528   0.00000   0.00000   5.18939   2.15859   2.60103   1.54397   3.50041   0.10575   0.00000   1.69622   0.00000  
 90  0.3783   1912.121356  x:  0.00532   0.00265   0.00000   0.00265   0.00000   0.00000   0.00969   0.00559   0.01005   0.00891   0.00597   0.01435   0.01690   0.01097   0.01109   0.00817   0.00268   0.00805   0.00521   0.06332   0.00833   0.00266   0.00000   0.00532   0.00531   0.00532   0.00000   0.00800   0.00266   0.00000   0.00528   0.00000   0.00000   5.18943   2.15867   2.60089   1.54407   3.50036   0.10569   0.00000   1.69617   0.00000  
 91  0.4803   1912.121260  x:  0.00530   0.00265   0.00000   0.00265   0.00000   0.00000   0.00969   0.00559   0.01005   0.00891   0.00597   0.01435   0.01690   0.01100   0.01110   0.00818   0.00268   0.00805   0.00521   0.06332   0.00833   0.00266   0.00000   0.00531   0.00529   0.00535   0.00000   0.00799   0.00266   0.00000   0.00529   0.00000   0.00000   5.19031   2.16027   2.59804   1.54610   3.49954   0.10446   0.00000   1.69508   0.00000  
 92  8.1388   1912.120344  x:  0.00533   0.00265   0.00000   0.00265   0.00000   0.00000   0.00967   0.00560   0.01000   0.00888   0.00598   0.01434   0.01689   0.01105   0.01116   0.00823   0.00268   0.00803   0.00522   0.06330   0.00830   0.00266   0.00000   0.00532   0.00532   0.00530   0.00000   0.00798   0.00265   0.00000   0.00528   0.00000   0.00000   5.19858   2.17538   2.57111   1.56523   3.49177   0.09277   0.00000   1.68475   0.00000  
 93 249.7690   1912.119710  x:  0.00532   0.00266   0.00000   0.00265   0.00000   0.00000   0.00969   0.00560   0.01002   0.00890   0.00597   0.01434   0.01688   0.01096   0.01110   0.00816   0.00268   0.00806   0.00522   0.06329   0.00832   0.00266   0.00000   0.00532   0.00531   0.00531   0.00000   0.00801   0.00265   0.00000   0.00529   0.00000   0.00000   5.20430   2.18585   2.55246   1.57848   3.48639   0.08468   0.00000   1.67760   0.00000  
 94 663.8902   1912.119700  x:  0.00532   0.00266   0.00000   0.00265   0.00000   0.00000   0.00969   0.00560   0.01002   0.00891   0.00597   0.01434   0.01688   0.01095   0.01109   0.00817   0.00268   0.00805   0.00522   0.06329   0.00833   0.00266   0.00000   0.00531   0.00531   0.00531   0.00000   0.00799   0.00265   0.00000   0.00529   0.00000   0.00000   5.20439   2.18601   2.55217   1.57868   3.48630   0.08455   0.00000   1.67749   0.00000  
 95 19.6774   1912.119700  x:  0.00532   0.00266   0.00000   0.00265   0.00000   0.00000   0.00969   0.00560   0.01002   0.00891   0.00597   0.01434   0.01688   0.01095   0.01109   0.00817   0.00268   0.00805   0.00522   0.06329   0.00833   0.00266   0.00000   0.00532   0.00531   0.00531   0.00000   0.00799   0.00265   0.00000   0.00529   0.00000   0.00000   5.20439   2.18601   2.55217   1.57868   3.48630   0.08455   0.00000   1.67749   0.00000  
 96  0.1283   1912.119699  x:  0.00532   0.00266   0.00000   0.00265   0.00000   0.00000   0.00969   0.00560   0.01002   0.00891   0.00597   0.01434   0.01688   0.01095   0.01109   0.00817   0.00268   0.00805   0.00522   0.06329   0.00833   0.00266   0.00000   0.00532   0.00531   0.00531   0.00000   0.00799   0.00265   0.00000   0.00529   0.00000   0.00000   5.20440   2.18604   2.55215   1.57869   3.48629   0.08454   0.00000   1.67748   0.00000  
 97  0.1959   1912.118687  x:  0.00528   0.00266   0.00000   0.00266   0.00000   0.00000   0.00969   0.00560   0.01006   0.00890   0.00598   0.01434   0.01689   0.01097   0.01105   0.00820   0.00268   0.00805   0.00521   0.06331   0.00834   0.00266   0.00000   0.00541   0.00529   0.00529   0.00000   0.00801   0.00265   0.00000   0.00529   0.00000   0.00000   5.21912   2.23345   2.52822   1.58106   3.46487   0.06676   0.00000   1.67323   0.00000  
 98  1.4347   1912.117778  x:  0.00532   0.00266   0.00000   0.00265   0.00000   0.00000   0.00969   0.00560   0.01003   0.00890   0.00597   0.01435   0.01688   0.01096   0.01107   0.00818   0.00268   0.00805   0.00522   0.06331   0.00833   0.00266   0.00000   0.00531   0.00531   0.00531   0.00000   0.00800   0.00265   0.00000   0.00529   0.00000   0.00000   5.23170   2.27646   2.50770   1.58228   3.44524   0.04996   0.00000   1.67081   0.00000  
 99  0.6327   1912.116763  x:  0.00532   0.00265   0.00000   0.00265   0.00000   0.00000   0.00968   0.00558   0.01004   0.00890   0.00597   0.01435   0.01688   0.01096   0.01107   0.00818   0.00268   0.00805   0.00521   0.06331   0.00833   0.00265   0.00000   0.00531   0.00530   0.00532   0.00000   0.00800   0.00267   0.00000   0.00528   0.00000   0.00000   5.21297   2.31281   2.48859   1.59769   3.40716  -0.00749   0.00000   1.71126   0.00000  
100  0.0363   1912.112293  x:  0.00532   0.00267   0.00000   0.00266   0.00000   0.00000   0.00968   0.00561   0.01002   0.00893   0.00598   0.01433   0.01688   0.01099   0.01109   0.00818   0.00266   0.00806   0.00524   0.06334   0.00832   0.00268   0.00000   0.00533   0.00532   0.00532   0.00000   0.00800   0.00260   0.00000   0.00530   0.00000   0.00000   5.12575   2.38842   2.48530   1.62135   3.16644  -0.24118   0.00000   1.69834   0.00000  
101  0.0445   1911.984879  x:  0.00527   0.00271   0.00000   0.00267   0.00000   0.00000   0.00974   0.00576   0.00998   0.00896   0.00600   0.01439   0.01689   0.01100   0.01117   0.00816   0.00272   0.00800   0.00532   0.06323   0.00831   0.00275   0.00000   0.00533   0.00541   0.00529   0.00000   0.00796   0.00253   0.00000   0.00540   0.00000   0.00000   4.06349   3.32831   2.45564   1.99050  -0.52334  -3.84151   0.00000   1.45814   0.00000  
102  0.9750   1911.982995  x:  0.00527   0.00271   0.00000   0.00267   0.00000   0.00000   0.00974   0.00577   0.00998   0.00896   0.00600   0.01439   0.01689   0.01100   0.01117   0.00816   0.00272   0.00799   0.00533   0.06323   0.00831   0.00276   0.00000   0.00533   0.00541   0.00529   0.00000   0.00796   0.00253   0.00000   0.00541   0.00000   0.00000   4.01270   3.37993   2.45343   2.01008  -0.72272  -4.03647   0.00000   1.44786   0.00000  
103 21.9950   1911.591253  x:  0.00535   0.00271   0.00000   0.00268   0.00000   0.00000   0.00972   0.00563   0.01013   0.00902   0.00598   0.01442   0.01688   0.01093   0.01110   0.00816   0.00272   0.00806   0.00529   0.06326   0.00832   0.00272   0.00000   0.00530   0.00539   0.00535   0.00000   0.00800   0.00268   0.00000   0.00534   0.00000   0.00000   4.54480   3.76389   2.53602   2.10096  -2.82530  -6.11024   0.00000   1.60382   0.00000  
104  0.3790   1911.457746  x:  0.00541   0.00272   0.00000   0.00274   0.00000   0.00000   0.00966   0.00553   0.01010   0.00895   0.00603   0.01431   0.01688   0.01107   0.01102   0.00827   0.00269   0.00813   0.00524   0.06348   0.00832   0.00271   0.00000   0.00535   0.00531   0.00538   0.00000   0.00809   0.00267   0.00000   0.00531   0.00000   0.00000   5.18911   3.49048   2.48915   2.15518  -3.33561  -6.82228   0.00000   1.98243   0.00000  
105  0.6358   1911.378397  x:  0.00528   0.00272   0.00000   0.00264   0.00000   0.00000   0.00970   0.00568   0.01018   0.00911   0.00598   0.01442   0.01688   0.01102   0.01122   0.00812   0.00274   0.00804   0.00529   0.06342   0.00833   0.00272   0.00000   0.00532   0.00537   0.00529   0.00000   0.00797   0.00267   0.00000   0.00535   0.00000   0.00000   5.42526   2.64397   2.68535   2.05055  -3.70627  -7.08330   0.00000   1.90331   0.00000  
106  0.3744   1911.359043  x:  0.00534   0.00270   0.00000   0.00270   0.00000   0.00000   0.00972   0.00562   0.01010   0.00898   0.00598   0.01438   0.01692   0.01095   0.01112   0.00818   0.00272   0.00806   0.00526   0.06340   0.00833   0.00271   0.00000   0.00532   0.00536   0.00535   0.00000   0.00799   0.00266   0.00000   0.00533   0.00000   0.00000   5.36022   2.32548   2.80606   1.96154  -3.96580  -7.37760   0.00000   1.90947   0.00000  
107  0.4301   1911.349072  x:  0.00539   0.00269   0.00000   0.00272   0.00000   0.00000   0.00971   0.00556   0.01007   0.00891   0.00598   0.01436   0.01692   0.01095   0.01106   0.00822   0.00271   0.00808   0.00524   0.06338   0.00833   0.00270   0.00000   0.00531   0.00534   0.00538   0.00000   0.00803   0.00269   0.00000   0.00531   0.00000   0.00000   5.22480   2.46256   2.77800   1.92283  -4.23675  -7.67656   0.00000   1.90674   0.00000  
108  0.4948   1911.331242  x:  0.00533   0.00271   0.00000   0.00262   0.00000   0.00000   0.00963   0.00557   0.01024   0.00908   0.00600   0.01437   0.01684   0.01110   0.01115   0.00816   0.00274   0.00808   0.00522   0.06328   0.00832   0.00266   0.00000   0.00531   0.00529   0.00530   0.00000   0.00805   0.00277   0.00000   0.00527   0.00000   0.00000   5.11133   2.30144   2.62165   1.68092  -5.61135  -9.01982   0.00000   1.86548   0.00000  
109  0.4502   1911.323033  x:  0.00535   0.00268   0.00000   0.00269   0.00000   0.00000   0.00969   0.00557   0.01014   0.00898   0.00598   0.01434   0.01689   0.01098   0.01106   0.00820   0.00270   0.00807   0.00523   0.06338   0.00833   0.00268   0.00000   0.00530   0.00533   0.00534   0.00000   0.00802   0.00268   0.00000   0.00532   0.00000   0.00000   5.20476   2.33054   2.44942   1.59789  -6.27211  -9.69487   0.00000   1.91124   0.00000  
110  0.6030   1911.322168  x:  0.00534   0.00268   0.00000   0.00268   0.00000   0.00000   0.00970   0.00558   0.01010   0.00896   0.00598   0.01435   0.01689   0.01097   0.01109   0.00818   0.00270   0.00807   0.00524   0.06340   0.00833   0.00268   0.00000   0.00531   0.00533   0.00534   0.00000   0.00801   0.00268   0.00000   0.00531   0.00000   0.00000   5.20191   2.27948   2.44792   1.53798  -6.54664  -9.97623   0.00000   1.92579   0.00000  
111  0.3603   1911.321924  x:  0.00533   0.00269   0.00000   0.00266   0.00000   0.00000   0.00969   0.00558   0.01012   0.00898   0.00598   0.01436   0.01688   0.01097   0.01110   0.00818   0.00270   0.00807   0.00523   0.06339   0.00833   0.00268   0.00000   0.00532   0.00532   0.00533   0.00000   0.00800   0.00268   0.00000   0.00529   0.00000   0.00000   5.21725   2.25889   2.44252   1.53326  -6.75755  -10.18708   0.00000   1.93290   0.00000  
112  0.1079   1911.320855  x:  0.00533   0.00265   0.00000   0.00266   0.00000   0.00000   0.00969   0.00555   0.01014   0.00896   0.00596   0.01434   0.01688   0.01096   0.01104   0.00818   0.00268   0.00804   0.00520   0.06335   0.00832   0.00266   0.00000   0.00530   0.00530   0.00532   0.00000   0.00800   0.00265   0.00000   0.00528   0.00000   0.00000   5.19732   2.29140   2.46486   1.55509  -7.79989  -11.22576   0.00000   1.92234   0.00000  
113  0.1840   1911.320640  x:  0.00531   0.00264   0.00000   0.00264   0.00000   0.00000   0.00968   0.00556   0.01010   0.00895   0.00596   0.01433   0.01688   0.01096   0.01107   0.00817   0.00267   0.00805   0.00521   0.06337   0.00833   0.00265   0.00000   0.00531   0.00530   0.00531   0.00000   0.00799   0.00264   0.00000   0.00527   0.00000   0.00000   5.20817   2.28968   2.46904   1.56706  -8.11813  -11.54912   0.00000   1.92572   0.00000  
114  0.3349   1911.320616  x:  0.00531   0.00264   0.00000   0.00264   0.00000   0.00000   0.00968   0.00555   0.01010   0.00896   0.00596   0.01433   0.01687   0.01095   0.01106   0.00817   0.00267   0.00805   0.00521   0.06336   0.00832   0.00265   0.00000   0.00531   0.00530   0.00530   0.00000   0.00799   0.00264   0.00000   0.00528   0.00000   0.00000   5.20730   2.28696   2.46704   1.56229  -8.30196  -11.73174   0.00000   1.92337   0.00000  
115  0.1166   1911.320554  x:  0.00531   0.00264   0.00000   0.00265   0.00000   0.00000   0.00968   0.00555   0.01010   0.00895   0.00596   0.01433   0.01687   0.01097   0.01108   0.00816   0.00267   0.00805   0.00521   0.06336   0.00832   0.00264   0.00000   0.00531   0.00530   0.00530   0.00000   0.00799   0.00265   0.00000   0.00528   0.00000   0.00000   5.20692   2.29013   2.46479   1.56378  -8.65614  -12.08686   0.00000   1.92468   0.00000  
116  0.0627   1911.320388  x:  0.00532   0.00265   0.00000   0.00266   0.00000   0.00000   0.00968   0.00556   0.01010   0.00895   0.00597   0.01433   0.01688   0.01098   0.01107   0.00818   0.00268   0.00806   0.00522   0.06338   0.00833   0.00266   0.00000   0.00531   0.00531   0.00531   0.00000   0.00801   0.00266   0.00000   0.00528   0.00000   0.00000   5.20582   2.28835   2.46735   1.56624  -10.28204  -13.71279   0.00000   1.92633   0.00000  
117  0.4619   1911.320357  x:  0.00532   0.00266   0.00000   0.00265   0.00000   0.00000   0.00968   0.00556   0.01011   0.00896   0.00596   0.01434   0.01688   0.01096   0.01107   0.00817   0.00268   0.00805   0.00522   0.06337   0.00833   0.00266   0.00000   0.00531   0.00531   0.00531   0.00000   0.00799   0.00265   0.00000   0.00528   0.00000   0.00000   5.20776   2.28956   2.47006   1.56657  -10.67061  -14.09973   0.00000   1.92323   0.00000  
118  0.3743   1911.320345  x:  0.00532   0.00265   0.00000   0.00265   0.00000   0.00000   0.00969   0.00556   0.01010   0.00895   0.00597   0.01434   0.01688   0.01096   0.01107   0.00817   0.00268   0.00805   0.00521   0.06337   0.00833   0.00266   0.00000   0.00531   0.00531   0.00531   0.00000   0.00800   0.00265   0.00000   0.00528   0.00000   0.00000   5.20899   2.28971   2.47146   1.56893  -11.68562  -15.11573   0.00000   1.92405   0.00000  
119  0.3232   1911.320338  x:  0.00532   0.00265   0.00000   0.00265   0.00000   0.00000   0.00968   0.00556   0.01011   0.00896   0.00596   0.01434   0.01688   0.01096   0.01107   0.00817   0.00268   0.00805   0.00521   0.06337   0.00833   0.00266   0.00000   0.00531   0.00530   0.00531   0.00000   0.00799   0.00265   0.00000   0.00528   0.00000   0.00000   5.20782   2.28954   2.46930   1.56599  -12.47985  -15.90904   0.00000   1.92339   0.00000  
120  0.4883   1911.320336  x:  0.00532   0.00265   0.00000   0.00265   0.00000   0.00000   0.00968   0.00556   0.01010   0.00896   0.00597   0.01434   0.01688   0.01096   0.01107   0.00817   0.00268   0.00805   0.00521   0.06337   0.00833   0.00266   0.00000   0.00531   0.00531   0.00531   0.00000   0.00800   0.00265   0.00000   0.00528   0.00000   0.00000   5.20770   2.28920   2.46998   1.56713  -13.31084  -16.74067   0.00000   1.92413   0.00000  
121  0.4596   1911.320335  x:  0.00532   0.00265   0.00000   0.00265   0.00000   0.00000   0.00968   0.00556   0.01010   0.00896   0.00596   0.01434   0.01688   0.01096   0.01107   0.00817   0.00268   0.00805   0.00521   0.06337   0.00833   0.00266   0.00000   0.00531   0.00531   0.00531   0.00000   0.00799   0.00265   0.00000   0.00528   0.00000   0.00000   5.20759   2.28975   2.46960   1.56663  -14.29592  -17.72536   0.00000   1.92375   0.00000  
122  0.5204   1911.320334  x:  0.00532   0.00265   0.00000   0.00265   0.00000   0.00000   0.00968   0.00556   0.01010   0.00896   0.00597   0.01434   0.01688   0.01096   0.01107   0.00817   0.00268   0.00805   0.00521   0.06337   0.00833   0.00266   0.00000   0.00531   0.00531   0.00531   0.00000   0.00800   0.00265   0.00000   0.00528   0.00000   0.00000   5.20793   2.28928   2.47001   1.56699  -15.45686  -18.88650   0.00000   1.92385   0.00000  
123  0.6146   1911.320334  x:  0.00532   0.00265   0.00000   0.00265   0.00000   0.00000   0.00968   0.00556   0.01010   0.00896   0.00597   0.01434   0.01688   0.01096   0.01107   0.00817   0.00268   0.00805   0.00521   0.06337   0.00833   0.00266   0.00000   0.00531   0.00531   0.00531   0.00000   0.00800   0.00265   0.00000   0.00528   0.00000   0.00000   5.20777   2.28959   2.46969   1.56673  -17.05192  -20.48144   0.00000   1.92376   0.00000  
124  0.7468   1911.320334  x:  0.00532   0.00265   0.00000   0.00265   0.00000   0.00000   0.00968   0.00556   0.01010   0.00896   0.00597   0.01434   0.01688   0.01096   0.01107   0.00817   0.00268   0.00805   0.00521   0.06337   0.00833   0.00266   0.00000   0.00531   0.00531   0.00531   0.00000   0.00800   0.00265   0.00000   0.00528   0.00000   0.00000   5.20778   2.28932   2.46994   1.56688  -21.78918  -25.21878   0.00000   1.92387   0.00000  
125  1.4997   1911.320334  x:  0.00532   0.00265   0.00000   0.00265   0.00000   0.00000   0.00968   0.00556   0.01010   0.00896   0.00597   0.01434   0.01688   0.01096   0.01107   0.00817   0.00268   0.00805   0.00521   0.06337   0.00833   0.00266   0.00000   0.00531   0.00531   0.00531   0.00000   0.00800   0.00265   0.00000   0.00528   0.00000   0.00000   5.20778   2.28932   2.46994   1.56688  -21.78802  -25.21762   0.00000   1.92387   0.00000  
126  6.7061   1911.320334  x:  0.00532   0.00265   0.00000   0.00265   0.00000   0.00000   0.00968   0.00556   0.01010   0.00896   0.00597   0.01434   0.01688   0.01096   0.01107   0.00817   0.00268   0.00805   0.00521   0.06337   0.00833   0.00266   0.00000   0.00531   0.00531   0.00531   0.00000   0.00800   0.00265   0.00000   0.00528   0.00000   0.00000   5.20778   2.28932   2.46994   1.56688  -21.78806  -25.21765   0.00000   1.92387   0.00000  
127 193.5751   1911.320334  x:  0.00532   0.00265   0.00000   0.00265   0.00000   0.00000   0.00968   0.00556   0.01010   0.00896   0.00597   0.01434   0.01688   0.01096   0.01107   0.00817   0.00268   0.00805   0.00521   0.06337   0.00833   0.00266   0.00000   0.00531   0.00531   0.00531   0.00000   0.00800   0.00265   0.00000   0.00528   0.00000   0.00000   5.20776   2.28928   2.46989   1.56684  -21.80725  -25.23684   0.00000   1.92383   0.00000  
128 44.4046   1911.320334  x:  0.00532   0.00265   0.00000   0.00265   0.00000   0.00000   0.00968   0.00556   0.01010   0.00896   0.00597   0.01434   0.01688   0.01096   0.01107   0.00817   0.00268   0.00805   0.00521   0.06337   0.00833   0.00266   0.00000   0.00531   0.00531   0.00531   0.00000   0.00800   0.00265   0.00000   0.00528   0.00000   0.00000   5.20775   2.28928   2.46987   1.56682  -21.81788  -25.24746   0.00000   1.92380   0.00000  
129 197.1440   1911.320334  x:  0.00532   0.00265   0.00000   0.00265   0.00000   0.00000   0.00968   0.00556   0.01010   0.00896   0.00597   0.01434   0.01688   0.01096   0.01107   0.00817   0.00268   0.00805   0.00521   0.06337   0.00833   0.00266   0.00000   0.00531   0.00531   0.00531   0.00000   0.00800   0.00265   0.00000   0.00528   0.00000   0.00000   5.20780   2.28932   2.47005   1.56702  -21.81645  -25.24600   0.00000   1.92373   0.00000  
130  0.5485   1911.320334  x:  0.00532   0.00265   0.00000   0.00265   0.00000   0.00000   0.00968   0.00556   0.01010   0.00896   0.00597   0.01434   0.01688   0.01096   0.01107   0.00817   0.00268   0.00805   0.00521   0.06337   0.00833   0.00266   0.00000   0.00531   0.00531   0.00531   0.00000   0.00800   0.00265   0.00000   0.00528   0.00000   0.00000   5.20780   2.28932   2.47005   1.56702  -21.81645  -25.24600   0.00000   1.92373   0.00000  
131  0.0180   1911.320334  x:  0.00532   0.00265   0.00000   0.00265   0.00000   0.00000   0.00968   0.00556   0.01010   0.00896   0.00597   0.01434   0.01688   0.01096   0.01107   0.00817   0.00268   0.00805   0.00521   0.06337   0.00833   0.00266   0.00000   0.00531   0.00531   0.00531   0.00000   0.00800   0.00265   0.00000   0.00528   0.00000   0.00000   5.20780   2.28932   2.47005   1.56702  -21.81645  -25.24600   0.00000   1.92373   0.00000  
132  0.0010   1911.320334  x:  0.00532   0.00265   0.00000   0.00265   0.00000   0.00000   0.00968   0.00556   0.01010   0.00896   0.00597   0.01434   0.01688   0.01096   0.01107   0.00817   0.00268   0.00805   0.00521   0.06337   0.00833   0.00266   0.00000   0.00531   0.00531   0.00531   0.00000   0.00800   0.00265   0.00000   0.00528   0.00000   0.00000   5.20780   2.28932   2.47005   1.56702  -21.81645  -25.24600   0.00000   1.92373   0.00000  
133  0.0141   1911.320334  x:  0.00532   0.00265   0.00000   0.00265   0.00000   0.00000   0.00968   0.00556   0.01010   0.00896   0.00597   0.01434   0.01688   0.01096   0.01107   0.00817   0.00268   0.00805   0.00521   0.06337   0.00833   0.00266   0.00000   0.00531   0.00531   0.00531   0.00000   0.00800   0.00265   0.00000   0.00528   0.00000   0.00000   5.20780   2.28932   2.47005   1.56702  -21.81645  -25.24600   0.00000   1.92373   0.00000  
check convergence!
