

TREE # 1

  0  0.0000   2469.025451  x:  0.00705   0.00570   0.01626   0.01031   0.01846   0.03253   0.01430   0.01335   0.03442   0.01973   0.00716   0.01237   0.00338   0.00672   0.00217   0.01603   0.01787   0.01301   0.01110   0.00124   0.00765   0.00674   0.01280   0.00000   0.07542   0.02958   0.00086   0.03182   0.00291   0.01057   0.00767   0.01159   0.01278   0.01146   0.00453   0.01332   0.01455   0.00964   0.00773   0.01168   0.00716   0.00179   0.01071   0.00834   0.00403   0.00767   0.00638   0.00751   0.00647   0.01734   0.00894   0.00297   0.00704   0.01207   0.00467   1.14116   0.86390   0.71139   0.95842   1.38936   0.10730   0.28381   2.13845  
  1 99.0000   2469.016696  x:  0.00705   0.00570   0.01626   0.01031   0.01846   0.03253   0.01430   0.01335   0.03442   0.01973   0.00715   0.01237   0.00338   0.00672   0.00217   0.01603   0.01787   0.01301   0.01110   0.00124   0.00765   0.00674   0.01280   0.00000   0.07542   0.02958   0.00085   0.03182   0.00290   0.01057   0.00767   0.01158   0.01278   0.01146   0.00453   0.01332   0.01455   0.00963   0.00772   0.01168   0.00716   0.00179   0.01070   0.00834   0.00403   0.00767   0.00638   0.00751   0.00647   0.01734   0.00894   0.00296   0.00704   0.01207   0.00466   1.14116   0.86390   0.71139   0.95842   1.38936   0.10730   0.28381   2.13845  
  2 1550.1578   2463.928743  x:  0.00670   0.00566   0.01608   0.01028   0.01842   0.03245   0.01420   0.01341   0.03443   0.01957   0.00698   0.01241   0.00281   0.00579   0.00174   0.01574   0.01773   0.01267   0.01061   0.00031   0.00737   0.00655   0.01268   0.00000   0.07545   0.02948   0.00000   0.03175   0.00199   0.01047   0.00749   0.01131   0.01186   0.01084   0.00361   0.01330   0.01444   0.00950   0.00683   0.01140   0.00626   0.00089   0.01029   0.00832   0.00428   0.00676   0.00642   0.00740   0.00633   0.01704   0.00855   0.00205   0.00614   0.01156   0.00481   1.14127   0.86390   0.71141   0.95841   1.38939   0.10728   0.28366   2.13844  
  3 11388.6268   2462.390157  x:  0.00665   0.00566   0.01603   0.01027   0.01842   0.03244   0.01419   0.01344   0.03443   0.01953   0.00695   0.01243   0.00264   0.00549   0.00160   0.01566   0.01769   0.01258   0.01047   0.00000   0.00731   0.00652   0.01266   0.00000   0.07545   0.02945   0.00000   0.03173   0.00168   0.01045   0.00746   0.01124   0.01155   0.01064   0.00330   0.01330   0.01442   0.00947   0.00653   0.01132   0.00596   0.00058   0.01017   0.00831   0.00429   0.00645   0.00642   0.00739   0.00631   0.01696   0.00845   0.00175   0.00584   0.01142   0.00483   1.14131   0.86390   0.71141   0.95841   1.38940   0.10727   0.28362   2.13844  
  4 76329.2253   2459.530311  x:  0.00655   0.00570   0.01589   0.01018   0.01840   0.03238   0.01416   0.01355   0.03443   0.01942   0.00690   0.01250   0.00224   0.00488   0.00129   0.01547   0.01760   0.01235   0.01011   0.00000   0.00721   0.00653   0.01263   0.00000   0.07548   0.02940   0.00000   0.03169   0.00110   0.01045   0.00743   0.01109   0.01096   0.01024   0.00271   0.01330   0.01437   0.00946   0.00595   0.01112   0.00538   0.00000   0.00987   0.00831   0.00417   0.00585   0.00645   0.00738   0.00637   0.01675   0.00820   0.00114   0.00525   0.01104   0.00501   1.14139   0.86390   0.71142   0.95840   1.38942   0.10726   0.28351   2.13844  
  5 51901.1163   2454.773117  x:  0.00671   0.00571   0.01561   0.01022   0.01835   0.03227   0.01425   0.01396   0.03446   0.01924   0.00702   0.01274   0.00120   0.00369   0.00052   0.01508   0.01742   0.01191   0.00920   0.00000   0.00727   0.00682   0.01271   0.00000   0.07566   0.02938   0.00000   0.03172   0.00021   0.01049   0.00760   0.01093   0.01007   0.00957   0.00173   0.01332   0.01437   0.00964   0.00501   0.01063   0.00443   0.00000   0.00918   0.00832   0.00475   0.00471   0.00629   0.00742   0.00668   0.01627   0.00778   0.00000   0.00410   0.01005   0.00453   1.14155   0.86390   0.71144   0.95839   1.38945   0.10724   0.28310   2.13846  
  6 6879.7195   2453.526293  x:  0.00645   0.00559   0.01559   0.01036   0.01833   0.03228   0.01432   0.01405   0.03447   0.01922   0.00704   0.01281   0.00076   0.00326   0.00028   0.01506   0.01741   0.01191   0.00903   0.00000   0.00736   0.00682   0.01274   0.00000   0.07577   0.02940   0.00000   0.03175   0.00000   0.01043   0.00763   0.01095   0.00987   0.00938   0.00146   0.01329   0.01439   0.00964   0.00475   0.01050   0.00418   0.00000   0.00905   0.00829   0.00462   0.00430   0.00631   0.00739   0.00659   0.01619   0.00785   0.00000   0.00368   0.00978   0.00440   1.14161   0.86390   0.71145   0.95839   1.38946   0.10724   0.28284   2.13847  
  7 2365.8750   2452.554873  x:  0.00644   0.00558   0.01558   0.01039   0.01836   0.03232   0.01438   0.01411   0.03447   0.01920   0.00702   0.01287   0.00042   0.00286   0.00000   0.01507   0.01741   0.01193   0.00896   0.00000   0.00738   0.00677   0.01274   0.00000   0.07585   0.02941   0.00000   0.03177   0.00000   0.01038   0.00762   0.01096   0.00971   0.00922   0.00123   0.01327   0.01439   0.00961   0.00454   0.01042   0.00396   0.00000   0.00901   0.00828   0.00465   0.00393   0.00632   0.00738   0.00650   0.01616   0.00790   0.00000   0.00330   0.00965   0.00450   1.14167   0.86390   0.71145   0.95839   1.38946   0.10723   0.28260   2.13849  
  8 4886.4166   2451.163106  x:  0.00633   0.00563   0.01555   0.01029   0.01839   0.03239   0.01443   0.01422   0.03449   0.01918   0.00697   0.01297   0.00000   0.00223   0.00000   0.01506   0.01740   0.01193   0.00894   0.00000   0.00732   0.00670   0.01270   0.00000   0.07595   0.02942   0.00000   0.03177   0.00000   0.01037   0.00758   0.01092   0.00947   0.00896   0.00087   0.01326   0.01437   0.00957   0.00419   0.01035   0.00362   0.00000   0.00899   0.00829   0.00465   0.00334   0.00631   0.00740   0.00649   0.01613   0.00789   0.00000   0.00269   0.00955   0.00451   1.14175   0.86389   0.71146   0.95839   1.38947   0.10722   0.28220   2.13852  
  9 12187.9340   2448.109145  x:  0.00618   0.00558   0.01549   0.01022   0.01839   0.03250   0.01441   0.01431   0.03450   0.01912   0.00690   0.01322   0.00000   0.00071   0.00000   0.01499   0.01736   0.01185   0.00887   0.00000   0.00719   0.00665   0.01264   0.00000   0.07613   0.02941   0.00000   0.03174   0.00000   0.01038   0.00750   0.01080   0.00889   0.00835   0.00000   0.01325   0.01431   0.00953   0.00338   0.01024   0.00282   0.00000   0.00891   0.00829   0.00464   0.00195   0.00639   0.00726   0.00653   0.01606   0.00776   0.00000   0.00124   0.00943   0.00456   1.14196   0.86389   0.71148   0.95839   1.38950   0.10720   0.28127   2.13858  
 10 41574.4788   2446.827863  x:  0.00609   0.00558   0.01546   0.01021   0.01838   0.03253   0.01439   0.01431   0.03449   0.01909   0.00688   0.01323   0.00000   0.00000   0.00000   0.01495   0.01733   0.01180   0.00883   0.00000   0.00715   0.00665   0.01262   0.00000   0.07620   0.02941   0.00000   0.03172   0.00000   0.01038   0.00747   0.01076   0.00863   0.00806   0.00000   0.01324   0.01429   0.00952   0.00299   0.01019   0.00244   0.00000   0.00887   0.00829   0.00464   0.00130   0.00639   0.00727   0.00654   0.01602   0.00770   0.00000   0.00056   0.00938   0.00459   1.14206   0.86389   0.71148   0.95839   1.38951   0.10719   0.28084   2.13861  
 11 72855.2064   2445.979789  x:  0.00604   0.00560   0.01543   0.01014   0.01837   0.03253   0.01439   0.01433   0.03449   0.01907   0.00686   0.01319   0.00000   0.00000   0.00000   0.01492   0.01732   0.01176   0.00879   0.00000   0.00712   0.00663   0.01261   0.00000   0.07623   0.02940   0.00000   0.03170   0.00000   0.01038   0.00746   0.01072   0.00840   0.00783   0.00000   0.01324   0.01428   0.00951   0.00267   0.01016   0.00212   0.00000   0.00883   0.00829   0.00464   0.00077   0.00641   0.00720   0.00653   0.01599   0.00766   0.00000   0.00000   0.00933   0.00460   1.14213   0.86388   0.71149   0.95839   1.38952   0.10718   0.28050   2.13863  
 12 45676.6658   2444.976605  x:  0.00599   0.00555   0.01539   0.01006   0.01837   0.03246   0.01439   0.01444   0.03449   0.01905   0.00682   0.01325   0.00000   0.00000   0.00000   0.01487   0.01729   0.01171   0.00871   0.00000   0.00706   0.00657   0.01258   0.00000   0.07620   0.02938   0.00000   0.03168   0.00000   0.01038   0.00743   0.01068   0.00805   0.00745   0.00000   0.01324   0.01426   0.00947   0.00216   0.01013   0.00162   0.00000   0.00877   0.00830   0.00464   0.00000   0.00649   0.00725   0.00653   0.01593   0.00763   0.00000   0.00000   0.00927   0.00461   1.14224   0.86388   0.71150   0.95838   1.38954   0.10717   0.28005   2.13866  
 13 8783.2702   2442.659260  x:  0.00577   0.00574   0.01529   0.01014   0.01845   0.03232   0.01446   0.01469   0.03451   0.01896   0.00668   0.01360   0.00000   0.00000   0.00000   0.01475   0.01723   0.01158   0.00851   0.00000   0.00684   0.00645   0.01247   0.00000   0.07607   0.02932   0.00000   0.03164   0.00000   0.01040   0.00728   0.01051   0.00692   0.00627   0.00000   0.01324   0.01417   0.00939   0.00054   0.01000   0.00000   0.00000   0.00859   0.00831   0.00461   0.00000   0.00623   0.00715   0.00659   0.01577   0.00746   0.00000   0.00000   0.00904   0.00471   1.14256   0.86387   0.71153   0.95838   1.38961   0.10712   0.27871   2.13875  
 14 9873.9259   2442.116881  x:  0.00574   0.00578   0.01527   0.01010   0.01850   0.03246   0.01450   0.01461   0.03454   0.01892   0.00665   0.01365   0.00000   0.00000   0.00000   0.01475   0.01722   0.01158   0.00851   0.00000   0.00678   0.00648   0.01244   0.00000   0.07614   0.02933   0.00000   0.03165   0.00000   0.01038   0.00721   0.01044   0.00652   0.00589   0.00000   0.01321   0.01415   0.00941   0.00000   0.00987   0.00000   0.00000   0.00856   0.00829   0.00461   0.00000   0.00629   0.00716   0.00662   0.01575   0.00737   0.00000   0.00000   0.00891   0.00470   1.14264   0.86387   0.71154   0.95838   1.38963   0.10710   0.27835   2.13877  
 15 2619.9298   2437.291232  x:  0.00557   0.00423   0.01496   0.00904   0.01823   0.03509   0.01398   0.01489   0.03474   0.01848   0.00652   0.01359   0.00000   0.00000   0.00000   0.01445   0.01707   0.01109   0.00845   0.00000   0.00646   0.00619   0.01236   0.00000   0.07801   0.02947   0.00000   0.03157   0.00000   0.01055   0.00738   0.00979   0.00000   0.00016   0.00000   0.01339   0.01400   0.00920   0.00000   0.00845   0.00000   0.00000   0.00815   0.00865   0.00445   0.00000   0.00497   0.00689   0.00676   0.01564   0.00662   0.00000   0.00000   0.00808   0.00508   1.14386   0.86385   0.71165   0.95834   1.38990   0.10695   0.27376   2.13895  
 16 1951.4686   2437.227307  x:  0.00557   0.00425   0.01496   0.00905   0.01821   0.03515   0.01396   0.01492   0.03473   0.01847   0.00652   0.01359   0.00000   0.00000   0.00000   0.01443   0.01706   0.01107   0.00844   0.00000   0.00646   0.00617   0.01236   0.00000   0.07807   0.02947   0.00000   0.03156   0.00000   0.01055   0.00739   0.00979   0.00000   0.00000   0.00000   0.01340   0.01400   0.00919   0.00000   0.00844   0.00000   0.00000   0.00813   0.00865   0.00445   0.00000   0.00498   0.00689   0.00676   0.01564   0.00661   0.00000   0.00000   0.00808   0.00509   1.14389   0.86385   0.71165   0.95834   1.38991   0.10694   0.27366   2.13895  
 17 1305.3226   2434.436013  x:  0.00515   0.00462   0.01391   0.00778   0.01712   0.03658   0.01360   0.01583   0.03208   0.01792   0.00579   0.01579   0.00000   0.00000   0.00000   0.01219   0.01577   0.01005   0.00300   0.00000   0.00687   0.00861   0.01184   0.00000   0.08588   0.02752   0.00000   0.02851   0.00000   0.00647   0.00494   0.00932   0.00000   0.00000   0.00000   0.01087   0.01400   0.01026   0.00000   0.01141   0.00000   0.00000   0.00487   0.00458   0.00434   0.00000   0.00463   0.00681   0.00475   0.01254   0.00945   0.00000   0.00000   0.00792   0.00573   1.15279   0.86387   0.71273   0.95784   1.39196   0.10589   0.25366   2.13885  
 18 245.1986   2431.214414  x:  0.00468   0.00374   0.01229   0.00867   0.01863   0.03189   0.01611   0.01468   0.02984   0.01751   0.00487   0.01639   0.00000   0.00000   0.00000   0.01043   0.01468   0.00951   0.00357   0.00000   0.00622   0.00968   0.01122   0.00000   0.09342   0.02477   0.00000   0.02664   0.00000   0.00784   0.00390   0.00910   0.00000   0.00000   0.00000   0.00997   0.01383   0.01051   0.00000   0.01381   0.00000   0.00000   0.00224   0.00951   0.00428   0.00000   0.00487   0.00650   0.00267   0.00827   0.01116   0.00000   0.00000   0.00222   0.00636   1.16577   0.86392   0.71434   0.95706   1.39498   0.10432   0.22679   2.13852  
 19 517.1131   2429.023821  x:  0.00439   0.00275   0.01070   0.00955   0.02069   0.02694   0.01887   0.01397   0.02988   0.01682   0.00455   0.01605   0.00000   0.00000   0.00000   0.00973   0.01417   0.00870   0.00147   0.00000   0.00541   0.00836   0.01095   0.00000   0.09858   0.02332   0.00000   0.02713   0.00000   0.00791   0.00449   0.00878   0.00000   0.00000   0.00000   0.01073   0.01358   0.00951   0.00000   0.01204   0.00000   0.00000   0.00549   0.00933   0.00430   0.00000   0.00514   0.00625   0.00409   0.00691   0.01055   0.00000   0.00000   0.00078   0.00667   1.17643   0.86395   0.71567   0.95643   1.39747   0.10302   0.20482   2.13827  
 20 879.7787   2426.848171  x:  0.00396   0.00164   0.00839   0.01029   0.02358   0.02069   0.02307   0.01331   0.03036   0.01575   0.00441   0.01612   0.00000   0.00000   0.00000   0.00869   0.01349   0.00750   0.00062   0.00000   0.00477   0.00728   0.01080   0.00000   0.10493   0.02184   0.00000   0.02836   0.00000   0.00786   0.00497   0.00821   0.00000   0.00000   0.00000   0.01131   0.01337   0.00872   0.00000   0.00826   0.00000   0.00000   0.00591   0.00931   0.00432   0.00000   0.00537   0.00603   0.00469   0.00492   0.00919   0.00000   0.00000   0.00273   0.00695   1.18946   0.86399   0.71729   0.95565   1.40050   0.10143   0.17790   2.13799  
 21 3832.7038   2425.562219  x:  0.00377   0.00108   0.00689   0.01062   0.02491   0.01603   0.02521   0.01350   0.03071   0.01504   0.00451   0.01617   0.00000   0.00000   0.00000   0.00766   0.01288   0.00618   0.00214   0.00000   0.00452   0.00647   0.01081   0.00000   0.10895   0.02086   0.00000   0.02913   0.00000   0.00709   0.00537   0.00785   0.00000   0.00000   0.00000   0.01171   0.01326   0.00819   0.00000   0.00583   0.00000   0.00000   0.00595   0.00776   0.00434   0.00000   0.00546   0.00590   0.00523   0.00417   0.00797   0.00000   0.00000   0.00290   0.00711   1.19834   0.86402   0.71840   0.95512   1.40257   0.10034   0.15960   2.13780  
 22 6051.5089   2423.559069  x:  0.00370   0.00129   0.00694   0.01008   0.02543   0.01052   0.02599   0.01307   0.03179   0.01482   0.00509   0.01701   0.00000   0.00000   0.00000   0.00764   0.01258   0.00540   0.00176   0.00000   0.00437   0.00519   0.01095   0.00000   0.11245   0.02013   0.00000   0.03060   0.00000   0.00728   0.00577   0.00746   0.00000   0.00000   0.00000   0.01243   0.01318   0.00775   0.00000   0.00354   0.00000   0.00000   0.00402   0.00663   0.00436   0.00000   0.00540   0.00588   0.00451   0.00851   0.00515   0.00000   0.00000   0.00252   0.00710   1.21048   0.86405   0.71991   0.95440   1.40543   0.09883   0.13478   2.13752  
 23 1712.6399   2420.728908  x:  0.00402   0.00195   0.00856   0.00932   0.02527   0.00970   0.02533   0.01314   0.03438   0.01551   0.00530   0.01738   0.00000   0.00000   0.00000   0.00840   0.01278   0.00590   0.00170   0.00000   0.00395   0.00376   0.01103   0.00000   0.11203   0.02040   0.00000   0.03355   0.00000   0.00754   0.00558   0.00720   0.00000   0.00000   0.00000   0.01335   0.01303   0.00755   0.00000   0.00510   0.00000   0.00000   0.00293   0.00534   0.00446   0.00000   0.00525   0.00591   0.00429   0.00634   0.00111   0.00000   0.00000   0.00226   0.00695   1.22473   0.86409   0.72169   0.95356   1.40884   0.09700   0.10566   2.13723  
 24 927.4346   2417.410244  x:  0.00464   0.00303   0.00950   0.00839   0.02486   0.00949   0.02275   0.01222   0.03883   0.01595   0.00489   0.01766   0.00000   0.00000   0.00000   0.00750   0.01238   0.00376   0.00167   0.00000   0.00121   0.00286   0.01034   0.00000   0.10914   0.02069   0.00000   0.03785   0.00000   0.00857   0.00430   0.00499   0.00000   0.00000   0.00000   0.01496   0.01198   0.00745   0.00000   0.00557   0.00000   0.00000   0.00126   0.00443   0.00458   0.00000   0.00496   0.00592   0.00584   0.00481   0.00310   0.00000   0.00000   0.00205   0.00648   1.24540   0.86413   0.72429   0.95235   1.41383   0.09431   0.06370   2.13680  
 25 2580.7511   2415.514034  x:  0.00502   0.00388   0.00864   0.00785   0.02484   0.00968   0.02074   0.01218   0.04135   0.01572   0.00358   0.01826   0.00000   0.00000   0.00000   0.00552   0.01149   0.00224   0.00172   0.00000   0.00313   0.00343   0.00915   0.00000   0.10614   0.02037   0.00000   0.03986   0.00000   0.00861   0.00247   0.00310   0.00000   0.00000   0.00000   0.01525   0.01087   0.00728   0.00000   0.00538   0.00000   0.00000   0.00215   0.00531   0.00464   0.00000   0.00466   0.00600   0.00570   0.00455   0.00326   0.00000   0.00000   0.00215   0.00619   1.25869   0.86416   0.72596   0.95156   1.41705   0.09256   0.03711   2.13650  
 26 3221.8721   2414.006203  x:  0.00539   0.00436   0.00616   0.00800   0.02506   0.01017   0.01874   0.01265   0.04271   0.01481   0.00216   0.01830   0.00000   0.00000   0.00000   0.00352   0.01016   0.00429   0.00174   0.00000   0.00234   0.00468   0.00772   0.00000   0.10254   0.01945   0.00000   0.04030   0.00000   0.00767   0.00290   0.00308   0.00000   0.00000   0.00000   0.01477   0.00976   0.00708   0.00000   0.00450   0.00000   0.00000   0.00242   0.00601   0.00473   0.00000   0.00447   0.00602   0.00571   0.00489   0.00292   0.00000   0.00000   0.00221   0.00599   1.26928   0.86418   0.72730   0.95094   1.41963   0.09116   0.01660   2.13625  
 27 2057.1895   2413.008026  x:  0.00563   0.00455   0.00403   0.00830   0.02591   0.01089   0.01762   0.01317   0.04291   0.01367   0.00237   0.01831   0.00000   0.00000   0.00000   0.00551   0.00919   0.00336   0.00172   0.00000   0.00173   0.00533   0.00663   0.00000   0.09891   0.01825   0.00000   0.03939   0.00000   0.00652   0.00336   0.00373   0.00000   0.00000   0.00000   0.01367   0.00905   0.00681   0.00000   0.00350   0.00000   0.00000   0.00252   0.00665   0.00481   0.00000   0.00433   0.00603   0.00553   0.00502   0.00251   0.00000   0.00000   0.00219   0.00591   1.27659   0.86419   0.72824   0.95051   1.42141   0.09018   0.00332   2.13605  
 28 1294.7190   2412.542418  x:  0.00571   0.00447   0.00456   0.00840   0.02664   0.01119   0.01767   0.01328   0.04262   0.01308   0.00272   0.01821   0.00000   0.00000   0.00000   0.00539   0.00917   0.00338   0.00171   0.00000   0.00185   0.00502   0.00669   0.00000   0.09741   0.01773   0.00000   0.03851   0.00000   0.00638   0.00345   0.00357   0.00000   0.00000   0.00000   0.01318   0.00904   0.00662   0.00000   0.00289   0.00000   0.00000   0.00234   0.00660   0.00483   0.00000   0.00432   0.00602   0.00575   0.00502   0.00244   0.00000   0.00000   0.00217   0.00592   1.27877   0.86419   0.72852   0.95038   1.42193   0.08990   0.00000   2.13598  
 29 558.4490   2412.182781  x:  0.00579   0.00419   0.00400   0.00875   0.02789   0.01202   0.01855   0.01330   0.04166   0.01221   0.00183   0.01802   0.00000   0.00000   0.00000   0.00506   0.00986   0.00285   0.00169   0.00000   0.00181   0.00427   0.00796   0.00000   0.09570   0.01758   0.00000   0.03654   0.00000   0.00698   0.00373   0.00323   0.00000   0.00000   0.00000   0.01283   0.00980   0.00688   0.00000   0.00318   0.00000   0.00000   0.00203   0.00604   0.00487   0.00000   0.00432   0.00600   0.00594   0.00563   0.00217   0.00000   0.00000   0.00216   0.00592   1.28256   0.86418   0.72901   0.95016   1.42277   0.08944   0.00000   2.13589  
 30 303.1718   2412.012082  x:  0.00584   0.00416   0.00345   0.00883   0.02817   0.01222   0.01882   0.01330   0.04086   0.01201   0.00275   0.01803   0.00000   0.00000   0.00000   0.00480   0.01008   0.00297   0.00170   0.00000   0.00154   0.00389   0.00827   0.00000   0.09545   0.01802   0.00000   0.03494   0.00000   0.00746   0.00318   0.00301   0.00000   0.00000   0.00000   0.01326   0.01007   0.00707   0.00000   0.00328   0.00000   0.00000   0.00225   0.00586   0.00489   0.00000   0.00430   0.00602   0.00570   0.00578   0.00208   0.00000   0.00000   0.00218   0.00586   1.28519   0.86417   0.72936   0.95002   1.42330   0.08916   0.00000   2.13584  
 31 210.9906   2411.405306  x:  0.00603   0.00426   0.00408   0.00857   0.02846   0.01198   0.01903   0.01253   0.03790   0.01176   0.00210   0.01823   0.00000   0.00000   0.00000   0.00521   0.01003   0.00323   0.00175   0.00000   0.00156   0.00329   0.00764   0.00000   0.09592   0.02014   0.00000   0.02863   0.00000   0.00887   0.00215   0.00408   0.00000   0.00000   0.00000   0.01597   0.00998   0.00731   0.00000   0.00263   0.00000   0.00000   0.00253   0.00521   0.00496   0.00000   0.00421   0.00610   0.00568   0.00554   0.00213   0.00000   0.00000   0.00228   0.00548   1.29550   0.86412   0.73072   0.94944   1.42531   0.08810   0.00000   2.13569  
 32 329.9768   2411.129371  x:  0.00604   0.00436   0.00442   0.00825   0.02906   0.01196   0.01944   0.01166   0.03685   0.01218   0.00234   0.01870   0.00000   0.00000   0.00000   0.00508   0.01010   0.00302   0.00180   0.00000   0.00163   0.00317   0.00699   0.00000   0.09670   0.02082   0.00000   0.02614   0.00000   0.00861   0.00346   0.00348   0.00000   0.00000   0.00000   0.01678   0.00946   0.00648   0.00000   0.00341   0.00000   0.00000   0.00261   0.00526   0.00501   0.00000   0.00413   0.00620   0.00558   0.00565   0.00219   0.00000   0.00000   0.00235   0.00524   1.30158   0.86409   0.73152   0.94911   1.42646   0.08749   0.00000   2.13561  
 33 331.9133   2410.627513  x:  0.00616   0.00407   0.00485   0.00863   0.02962   0.01190   0.01935   0.01161   0.03599   0.01364   0.00224   0.01838   0.00000   0.00000   0.00000   0.00551   0.01066   0.00333   0.00182   0.00000   0.00150   0.00329   0.00836   0.00000   0.09856   0.02053   0.00000   0.02493   0.00000   0.00699   0.00254   0.00317   0.00000   0.00000   0.00000   0.01708   0.00933   0.00467   0.00000   0.00429   0.00000   0.00000   0.00234   0.00629   0.00517   0.00000   0.00418   0.00617   0.00689   0.00622   0.00210   0.00000   0.00000   0.00244   0.00512   1.31346   0.86402   0.73311   0.94846   1.42864   0.08636   0.00000   2.13545  
 34 243.7458   2409.391386  x:  0.00631   0.00389   0.00536   0.00895   0.03072   0.01215   0.01803   0.01075   0.03543   0.01609   0.00256   0.01844   0.00000   0.00000   0.00000   0.00504   0.01198   0.00316   0.00185   0.00000   0.00159   0.00118   0.00918   0.00000   0.10213   0.01859   0.00000   0.02590   0.00000   0.00668   0.00256   0.00489   0.00000   0.00000   0.00000   0.01603   0.00981   0.00604   0.00000   0.00491   0.00000   0.00000   0.00283   0.00658   0.00555   0.00000   0.00419   0.00625   0.00658   0.00648   0.00230   0.00000   0.00000   0.00252   0.00494   1.34161   0.86384   0.73687   0.94692   1.43373   0.08375   0.00000   2.13504  
 35 529.8586   2407.859814  x:  0.00667   0.00323   0.00712   0.00999   0.03230   0.01215   0.01640   0.01145   0.03504   0.01821   0.00249   0.01757   0.00000   0.00000   0.00000   0.00549   0.01425   0.00314   0.00186   0.00000   0.00075   0.00238   0.01003   0.00000   0.10656   0.01627   0.00000   0.02805   0.00000   0.00879   0.00286   0.00489   0.00000   0.00000   0.00000   0.01523   0.01119   0.00603   0.00000   0.00526   0.00000   0.00000   0.00423   0.00509   0.00611   0.00000   0.00434   0.00626   0.00353   0.00660   0.00249   0.00000   0.00000   0.00256   0.00495   1.38117   0.86360   0.74216   0.94474   1.44085   0.08012   0.00000   2.13444  
 36 2135.5138   2407.119616  x:  0.00688   0.00282   0.00681   0.01077   0.03302   0.01209   0.01539   0.01133   0.03527   0.01867   0.00256   0.01704   0.00000   0.00000   0.00000   0.00658   0.01524   0.00421   0.00182   0.00000   0.00165   0.00215   0.00991   0.00000   0.10853   0.01558   0.00000   0.02957   0.00000   0.01045   0.00291   0.00406   0.00000   0.00000   0.00000   0.01536   0.01171   0.00538   0.00000   0.00569   0.00000   0.00000   0.00394   0.00356   0.00640   0.00000   0.00443   0.00624   0.00268   0.00647   0.00291   0.00000   0.00000   0.00245   0.00496   1.40284   0.86346   0.74506   0.94355   1.44472   0.07816   0.00000   2.13409  
 37 2817.8667   2406.058773  x:  0.00745   0.00163   0.00792   0.01232   0.03156   0.01231   0.01767   0.01188   0.03635   0.01458   0.00290   0.01579   0.00000   0.00000   0.00000   0.00662   0.01546   0.00412   0.00172   0.00000   0.00155   0.00191   0.00804   0.00000   0.10934   0.02097   0.00000   0.03302   0.00000   0.00918   0.00255   0.00416   0.00000   0.00000   0.00000   0.01533   0.01327   0.00544   0.00000   0.00745   0.00000   0.00000   0.00377   0.00363   0.00672   0.00000   0.00466   0.00613   0.00184   0.00744   0.00286   0.00000   0.00000   0.00235   0.00517   1.43229   0.86328   0.74901   0.94193   1.44976   0.07569   0.00000   2.13356  
 38 513.0567   2405.907319  x:  0.00755   0.00190   0.00785   0.01200   0.03006   0.01205   0.01783   0.01119   0.03636   0.01399   0.00285   0.01632   0.00000   0.00000   0.00000   0.00674   0.01564   0.00424   0.00173   0.00000   0.00151   0.00180   0.00918   0.00000   0.10894   0.02177   0.00000   0.03330   0.00000   0.00897   0.00292   0.00404   0.00000   0.00000   0.00000   0.01499   0.01346   0.00494   0.00000   0.00697   0.00000   0.00000   0.00408   0.00381   0.00673   0.00000   0.00459   0.00621   0.00136   0.00703   0.00298   0.00000   0.00000   0.00235   0.00507   1.43731   0.86325   0.74968   0.94166   1.45048   0.07541   0.00000   2.13344  
 39 175.5470   2405.609723  x:  0.00785   0.00191   0.00765   0.01193   0.02628   0.01179   0.01924   0.01079   0.03553   0.01435   0.00265   0.01623   0.00000   0.00000   0.00000   0.00688   0.01690   0.00434   0.00175   0.00000   0.00140   0.00150   0.00831   0.00000   0.10817   0.02195   0.00000   0.03337   0.00000   0.00975   0.00292   0.00365   0.00000   0.00000   0.00000   0.01259   0.01364   0.00412   0.00000   0.00642   0.00000   0.00000   0.00427   0.00382   0.00671   0.00000   0.00461   0.00622   0.00181   0.00688   0.00294   0.00000   0.00000   0.00239   0.00502   1.44977   0.86318   0.75134   0.94099   1.45195   0.07499   0.00000   2.13312  
 40 160.6465   2404.718997  x:  0.00810   0.00142   0.00718   0.01234   0.02044   0.01268   0.02317   0.01023   0.03542   0.01616   0.00271   0.01559   0.00000   0.00000   0.00000   0.00652   0.01931   0.00404   0.00166   0.00000   0.00149   0.00182   0.00825   0.00000   0.10393   0.02014   0.00000   0.03323   0.00000   0.00932   0.00291   0.00396   0.00000   0.00000   0.00000   0.01468   0.01007   0.00465   0.00000   0.00560   0.00000   0.00000   0.00389   0.00346   0.00679   0.00000   0.00486   0.00614   0.00133   0.00712   0.00271   0.00000   0.00000   0.00229   0.00540   1.48998   0.86296   0.75669   0.93882   1.45636   0.07397   0.00000   2.13201  
 41 313.8956   2402.016327  x:  0.00765   0.00166   0.00739   0.01169   0.01437   0.01222   0.02186   0.00841   0.03529   0.01401   0.00239   0.01551   0.00000   0.00000   0.00000   0.00767   0.01908   0.00488   0.00169   0.00000   0.00153   0.00197   0.00754   0.00000   0.09583   0.01640   0.00000   0.03165   0.00000   0.00629   0.00357   0.00172   0.00000   0.00000   0.00000   0.01822   0.01611   0.00757   0.00000   0.00565   0.00000   0.00000   0.00402   0.00526   0.00662   0.00000   0.00531   0.00612   0.00191   0.00683   0.00290   0.00000   0.00000   0.00237   0.00588   1.62262   0.86223   0.77430   0.93168   1.47044   0.07104   0.00000   2.12840  
 42 735.8435   2399.604647  x:  0.00683   0.00194   0.00682   0.01092   0.01197   0.01289   0.01920   0.00549   0.03549   0.01201   0.00355   0.01574   0.00000   0.00000   0.00000   0.00615   0.01786   0.00399   0.00168   0.00000   0.00209   0.00329   0.00798   0.00000   0.08799   0.01593   0.00000   0.03071   0.00000   0.00674   0.00327   0.00592   0.00000   0.00000   0.00000   0.01891   0.01968   0.00468   0.00000   0.00656   0.00000   0.00000   0.00354   0.00537   0.00647   0.00000   0.00572   0.00616   0.00273   0.00687   0.00297   0.00000   0.00000   0.00235   0.00632   1.75764   0.86149   0.79222   0.92442   1.48473   0.06811   0.00000   2.12475  
 43 4774.9318   2395.018829  x:  0.00584   0.00124   0.00686   0.01164   0.01257   0.01160   0.01109   0.00542   0.03440   0.01410   0.00356   0.01327   0.00000   0.00000   0.00000   0.00694   0.01104   0.00435   0.00158   0.00000   0.00215   0.00359   0.01356   0.00000   0.07566   0.02566   0.00000   0.02815   0.00000   0.00834   0.00380   0.00525   0.00000   0.00000   0.00000   0.01141   0.01398   0.00802   0.00000   0.00661   0.00000   0.00000   0.00384   0.00543   0.00601   0.00000   0.00667   0.00596   0.00366   0.00669   0.00294   0.00000   0.00000   0.00233   0.00727   1.98275   0.86025   0.82209   0.91233   1.50827   0.06351   0.00000   2.11858  
 44 3258.4802   2394.725161  x:  0.00606   0.00144   0.00647   0.01168   0.01341   0.01122   0.00924   0.00553   0.03261   0.01357   0.00355   0.01314   0.00000   0.00000   0.00000   0.00684   0.01432   0.00432   0.00157   0.00000   0.00223   0.00383   0.01318   0.00000   0.07553   0.02691   0.00000   0.02896   0.00000   0.00753   0.00400   0.00524   0.00000   0.00000   0.00000   0.01154   0.01315   0.00826   0.00000   0.00615   0.00000   0.00000   0.00371   0.00578   0.00597   0.00000   0.00658   0.00604   0.00382   0.00639   0.00296   0.00000   0.00000   0.00230   0.00716   1.99823   0.86015   0.82412   0.91153   1.50956   0.06354   0.00000   2.11805  
 45 226.6271   2394.571364  x:  0.00615   0.00147   0.00641   0.01169   0.01352   0.01121   0.00905   0.00554   0.03223   0.01354   0.00355   0.01310   0.00000   0.00000   0.00163   0.00683   0.01456   0.00431   0.00157   0.00000   0.00224   0.00385   0.01314   0.00000   0.07557   0.02704   0.00000   0.02917   0.00000   0.00743   0.00403   0.00522   0.00000   0.00000   0.00000   0.01159   0.01306   0.00827   0.00000   0.00609   0.00000   0.00000   0.00370   0.00581   0.00596   0.00000   0.00656   0.00607   0.00384   0.00637   0.00296   0.00000   0.00000   0.00230   0.00713   2.00146   0.86013   0.82454   0.91137   1.50980   0.06359   0.00000   2.11793  
 46 446.3006   2393.169157  x:  0.00918   0.00197   0.00564   0.01216   0.01411   0.01230   0.00903   0.00518   0.02425   0.01438   0.00333   0.01185   0.00000   0.00000   0.00222   0.00667   0.01044   0.00406   0.00166   0.00000   0.00220   0.00387   0.01284   0.00000   0.07828   0.02729   0.00000   0.03417   0.00000   0.00675   0.00439   0.00478   0.00000   0.00000   0.00000   0.01311   0.01249   0.00786   0.00000   0.00546   0.00000   0.00000   0.00366   0.00572   0.00587   0.00000   0.00572   0.00690   0.00400   0.00671   0.00288   0.00000   0.00000   0.00242   0.00626   2.07125   0.85960   0.83363   0.90794   1.51424   0.06532   0.00000   2.11508  
 47 251.1088   2391.048006  x:  0.01477   0.00261   0.00428   0.01349   0.01379   0.01203   0.00913   0.00641   0.03445   0.01269   0.00319   0.00897   0.00000   0.00000   0.00325   0.00677   0.00984   0.00415   0.00176   0.00000   0.00233   0.00424   0.01259   0.00000   0.08641   0.02618   0.00000   0.02940   0.00000   0.00619   0.00430   0.00553   0.00000   0.00000   0.00000   0.01092   0.01072   0.00849   0.00000   0.00558   0.00000   0.00000   0.00401   0.00627   0.00557   0.00000   0.00432   0.00825   0.00418   0.00676   0.00319   0.00000   0.00000   0.00257   0.00498   2.18719   0.85866   0.84864   0.90236   1.52106   0.06888   0.00000   2.11023  
 48 607.7882   2390.774674  x:  0.01476   0.00263   0.00373   0.01353   0.01450   0.01241   0.00921   0.00665   0.03554   0.01577   0.00302   0.00903   0.00000   0.00000   0.00310   0.00643   0.00992   0.00391   0.00171   0.00000   0.00238   0.00435   0.01178   0.00000   0.08480   0.02750   0.00000   0.02889   0.00000   0.00559   0.00454   0.00551   0.00000   0.00000   0.00000   0.01126   0.01270   0.00807   0.00000   0.00449   0.00000   0.00000   0.00380   0.00628   0.00551   0.00000   0.00428   0.00826   0.00396   0.00661   0.00309   0.00000   0.00000   0.00249   0.00496   2.20495   0.85847   0.85084   0.90163   1.52182   0.06984   0.00000   2.10944  
 49 115.6132   2386.065504  x:  0.01074   0.00360   0.00355   0.00994   0.01998   0.01538   0.01091   0.01103   0.03740   0.01317   0.00250   0.01164   0.00000   0.00000   0.00000   0.00689   0.00749   0.00432   0.00198   0.00000   0.00208   0.00364   0.00924   0.00000   0.06925   0.02367   0.00000   0.03070   0.00000   0.00633   0.00380   0.00571   0.00000   0.00000   0.00000   0.01214   0.01016   0.00603   0.00000   0.00548   0.00000   0.00000   0.00448   0.00651   0.00489   0.00000   0.00443   0.00745   0.00352   0.00757   0.00341   0.00000   0.00000   0.00272   0.00418   2.47006   0.85527   0.88311   0.89129   1.53207   0.08575   0.00000   2.09808  
 50 318.3643   2385.666290  x:  0.01026   0.00393   0.00390   0.00920   0.02023   0.01567   0.01413   0.01200   0.03720   0.01363   0.00278   0.01279   0.00000   0.00000   0.00000   0.00715   0.00880   0.00456   0.00207   0.00000   0.00232   0.00405   0.01075   0.00000   0.07366   0.02593   0.00000   0.03185   0.00000   0.00651   0.00416   0.00603   0.00000   0.00000   0.00000   0.01216   0.01015   0.00687   0.00000   0.00537   0.00000   0.00000   0.00452   0.00687   0.00413   0.00000   0.00433   0.00763   0.00408   0.00753   0.00361   0.00000   0.00000   0.00280   0.00422   2.50792   0.85370   0.88610   0.89208   1.53033   0.09384   0.00000   2.09576  
 51 16.8533   2385.483670  x:  0.01015   0.00397   0.00392   0.00920   0.02040   0.01582   0.01432   0.01186   0.03738   0.01368   0.00279   0.01296   0.00000   0.00000   0.00000   0.00719   0.00890   0.00459   0.00209   0.00000   0.00232   0.00408   0.01081   0.00000   0.07434   0.02614   0.00000   0.03204   0.00000   0.00652   0.00418   0.00600   0.00000   0.00000   0.00000   0.01215   0.01007   0.00694   0.00000   0.00531   0.00000   0.00000   0.00453   0.00690   0.00408   0.00000   0.00430   0.00767   0.00412   0.00756   0.00361   0.00000   0.00000   0.00281   0.00420   2.51376   0.85300   0.88582   0.89321   1.52756   0.09837   0.01730   2.09520  
 52 20.3280   2385.143257  x:  0.00916   0.00414   0.00383   0.00967   0.02223   0.01724   0.01376   0.00948   0.03964   0.01390   0.00257   0.01392   0.00000   0.00000   0.00000   0.00741   0.00890   0.00472   0.00220   0.00000   0.00220   0.00402   0.01012   0.00000   0.07896   0.02672   0.00000   0.03335   0.00000   0.00648   0.00409   0.00540   0.00000   0.00000   0.00000   0.01208   0.00903   0.00704   0.00000   0.00474   0.00000   0.00000   0.00459   0.00687   0.00419   0.00000   0.00399   0.00790   0.00411   0.00799   0.00347   0.00000   0.00000   0.00289   0.00392   2.54521   0.84630   0.87965   0.90564   1.51713   0.12844   0.01196   2.09001  
 53  4.6443   2384.336431  x:  0.00820   0.00423   0.00429   0.00954   0.02282   0.01795   0.01389   0.00988   0.03936   0.01382   0.00272   0.01204   0.00000   0.00000   0.00000   0.00745   0.00926   0.00476   0.00224   0.00000   0.00221   0.00397   0.00974   0.00000   0.07762   0.02613   0.00000   0.03299   0.00000   0.00660   0.00401   0.00542   0.00000   0.00000   0.00000   0.01177   0.00946   0.00687   0.00000   0.00470   0.00000   0.00000   0.00459   0.00692   0.00367   0.00000   0.00405   0.00846   0.00392   0.00818   0.00345   0.00000   0.00000   0.00293   0.00381   2.59694   0.83030   0.85994   0.94068   1.48232   0.21911   0.00000   2.07895  
 54  5.2052   2383.176017  x:  0.01042   0.00379   0.00474   0.01104   0.02144   0.01879   0.01154   0.01064   0.03911   0.01379   0.00304   0.01557   0.00000   0.00000   0.00000   0.00751   0.00986   0.00474   0.00226   0.00000   0.00228   0.00395   0.00901   0.00000   0.07826   0.02500   0.00000   0.03133   0.00000   0.00731   0.00389   0.00564   0.00000   0.00000   0.00000   0.01125   0.01033   0.00674   0.00000   0.00471   0.00000   0.00000   0.00442   0.00738   0.00166   0.00000   0.00431   0.00813   0.00366   0.00855   0.00328   0.00000   0.00000   0.00298   0.00238   2.67745   0.86744   0.88698   0.95036   1.50536   0.40486   0.00000   2.02427  
 55  3.7158   2381.662103  x:  0.00679   0.00443   0.00506   0.01320   0.02058   0.01990   0.01147   0.01244   0.03692   0.01392   0.00304   0.01429   0.00000   0.00000   0.00000   0.00744   0.01064   0.00462   0.00242   0.00000   0.00225   0.00366   0.00705   0.00000   0.07822   0.02356   0.00000   0.02968   0.00000   0.00834   0.00339   0.00581   0.00000   0.00000   0.00000   0.01139   0.01046   0.00622   0.00000   0.00537   0.00000   0.00000   0.00422   0.00746   0.00165   0.00000   0.00295   0.00782   0.00316   0.00869   0.00311   0.00000   0.00000   0.00311   0.00165   2.78283   0.94385   0.96379   0.93093   1.76901   0.51755   0.00000   1.92500  
 56  4.9221   2381.605125  x:  0.00651   0.00448   0.00510   0.01333   0.02051   0.02003   0.01142   0.01261   0.03674   0.01393   0.00304   0.01417   0.00000   0.00000   0.00000   0.00744   0.01073   0.00461   0.00243   0.00000   0.00225   0.00363   0.00688   0.00000   0.07834   0.02341   0.00000   0.02952   0.00000   0.00843   0.00334   0.00582   0.00000   0.00000   0.00000   0.01140   0.01048   0.00616   0.00000   0.00542   0.00000   0.00000   0.00420   0.00748   0.00168   0.00000   0.00291   0.00777   0.00311   0.00871   0.00309   0.00000   0.00000   0.00312   0.00157   2.79412   0.94990   0.97035   0.93046   1.79378   0.52990   0.01205   1.91543  
 57 16.6004   2380.896601  x:  0.00708   0.00427   0.00541   0.01169   0.02038   0.02108   0.01022   0.01306   0.03684   0.01396   0.00307   0.01384   0.00000   0.00000   0.00000   0.00754   0.01129   0.00463   0.00248   0.00000   0.00223   0.00346   0.00636   0.00000   0.08232   0.02253   0.00000   0.02873   0.00000   0.00896   0.00322   0.00578   0.00000   0.00000   0.00000   0.01165   0.01069   0.00577   0.00000   0.00534   0.00000   0.00000   0.00403   0.00776   0.00247   0.00000   0.00496   0.00736   0.00288   0.00894   0.00290   0.00000   0.00000   0.00314   0.00092   2.87270   0.93696   0.97021   0.97450   1.91462   0.61132   0.01603   1.87083  
 58  4.8134   2379.785072  x:  0.00735   0.00425   0.00603   0.01239   0.01974   0.02283   0.00854   0.01458   0.03657   0.01388   0.00323   0.01485   0.00000   0.00000   0.00000   0.00770   0.01228   0.00467   0.00262   0.00000   0.00222   0.00310   0.00550   0.00000   0.08468   0.02101   0.00000   0.02668   0.00000   0.00971   0.00305   0.00583   0.00000   0.00000   0.00000   0.01251   0.01092   0.00508   0.00000   0.00556   0.00000   0.00000   0.00382   0.00804   0.00323   0.00000   0.00631   0.00734   0.00257   0.00922   0.00267   0.00000   0.00000   0.00326   0.00321   3.05314   0.90024   0.96629   1.06834   2.12327   0.80199   0.02619   1.78807  
 59 11.3377   2379.049535  x:  0.00776   0.00491   0.00652   0.01613   0.02011   0.02362   0.01040   0.01484   0.03634   0.01353   0.00355   0.01519   0.00000   0.00000   0.00000   0.00792   0.01303   0.00489   0.00277   0.00000   0.00231   0.00318   0.00654   0.00000   0.07818   0.02144   0.00000   0.02584   0.00000   0.00824   0.00338   0.00581   0.00000   0.00000   0.00000   0.01249   0.01052   0.00561   0.00000   0.00554   0.00000   0.00000   0.00403   0.00757   0.00506   0.00000   0.00627   0.00592   0.00285   0.00907   0.00288   0.00000   0.00000   0.00339   0.00315   3.18231   0.88586   0.98126   1.06474   2.05509   0.93090   0.00560   1.84314  
 60  1.7096   2378.074993  x:  0.00698   0.00481   0.00742   0.01615   0.02082   0.02566   0.01089   0.01490   0.03716   0.01304   0.00368   0.01292   0.00000   0.00000   0.00000   0.00836   0.01355   0.00527   0.00286   0.00000   0.00223   0.00277   0.00835   0.00000   0.07579   0.02114   0.00000   0.02687   0.00000   0.00691   0.00379   0.00526   0.00000   0.00000   0.00000   0.01440   0.01006   0.00518   0.00000   0.00514   0.00000   0.00000   0.00402   0.00696   0.00436   0.00000   0.00762   0.00965   0.00309   0.00898   0.00282   0.00000   0.00000   0.00335   0.00336   3.36378   0.93905   1.06316   0.94521   2.03766   0.95248   0.00421   2.01459  
 61  1.5723   2377.005100  x:  0.00716   0.00485   0.00778   0.01618   0.01952   0.02693   0.01052   0.01574   0.03674   0.01319   0.00367   0.01195   0.00000   0.00000   0.00000   0.00858   0.01329   0.00543   0.00291   0.00000   0.00219   0.00236   0.00989   0.00000   0.07684   0.02100   0.00000   0.02801   0.00000   0.00631   0.00413   0.00492   0.00000   0.00000   0.00000   0.01643   0.00959   0.00474   0.00000   0.00506   0.00000   0.00000   0.00377   0.00657   0.00247   0.00000   0.00724   0.00918   0.00329   0.00859   0.00268   0.00000   0.00000   0.00326   0.00298   3.60980   0.77806   0.95479   1.05173   2.12833   0.81143   0.02849   2.28068  
 62  2.6705   2376.127916  x:  0.00840   0.00470   0.00867   0.01349   0.01959   0.02933   0.00973   0.01543   0.03615   0.01390   0.00398   0.00909   0.00000   0.00000   0.00000   0.00893   0.01345   0.00574   0.00302   0.00000   0.00232   0.00229   0.01020   0.00000   0.08161   0.02031   0.00000   0.02914   0.00000   0.00678   0.00425   0.00473   0.00000   0.00000   0.00000   0.01553   0.01049   0.00487   0.00000   0.00449   0.00000   0.00000   0.00342   0.00710   0.00219   0.00000   0.00642   0.00681   0.00299   0.00894   0.00248   0.00000   0.00000   0.00325   0.00308   3.88236   0.90527   0.94129   1.01853   1.99086   0.70846   0.02112   2.67147  
 63  2.1272   2375.570580  x:  0.00956   0.00447   0.00912   0.01364   0.01879   0.03016   0.00930   0.01566   0.03503   0.01444   0.00425   0.01108   0.00000   0.00000   0.00000   0.00898   0.01351   0.00583   0.00302   0.00000   0.00251   0.00245   0.00997   0.00000   0.08220   0.01977   0.00000   0.02916   0.00000   0.00728   0.00409   0.00486   0.00000   0.00000   0.00000   0.01374   0.01145   0.00542   0.00000   0.00446   0.00000   0.00000   0.00295   0.00761   0.00326   0.00000   0.00514   0.00875   0.00274   0.00897   0.00235   0.00000   0.00000   0.00315   0.00282   4.08641   0.89415   0.91655   1.04603   1.89529   0.64163   0.01457   2.98517  
 64  3.0328   2375.248731  x:  0.00971   0.00492   0.00921   0.01411   0.01973   0.03030   0.01071   0.01448   0.03413   0.01479   0.00422   0.01100   0.00000   0.00000   0.00000   0.00893   0.01385   0.00586   0.00309   0.00000   0.00258   0.00260   0.00891   0.00000   0.08068   0.01951   0.00000   0.02833   0.00000   0.00709   0.00371   0.00481   0.00000   0.00000   0.00000   0.01144   0.01153   0.00617   0.00000   0.00473   0.00000   0.00000   0.00281   0.00752   0.00252   0.00000   0.00587   0.00898   0.00238   0.00888   0.00237   0.00000   0.00000   0.00316   0.00287   4.20000   0.84213   0.99761   1.04336   1.95738   0.63476   0.02249   3.18839  
 65  1.3967   2374.587095  x:  0.00974   0.00533   0.01006   0.01378   0.01872   0.03198   0.01012   0.01291   0.03547   0.01397   0.00425   0.01305   0.00000   0.00000   0.00000   0.00871   0.01333   0.00571   0.00312   0.00000   0.00266   0.00257   0.00858   0.00000   0.08001   0.02270   0.00000   0.02972   0.00000   0.00630   0.00408   0.00426   0.00000   0.00000   0.00000   0.01199   0.01175   0.00575   0.00000   0.00377   0.00000   0.00000   0.00288   0.00690   0.00266   0.00000   0.00519   0.00798   0.00263   0.00881   0.00264   0.00000   0.00000   0.00299   0.00279   4.60037   0.82208   1.12025   1.06058   2.39662   1.13275   0.02905   3.79246  
 66  0.8885   2374.378778  x:  0.00911   0.00559   0.01003   0.01466   0.01901   0.03144   0.01071   0.01231   0.03532   0.01371   0.00417   0.01297   0.00000   0.00000   0.00000   0.00844   0.01301   0.00557   0.00309   0.00000   0.00274   0.00253   0.00824   0.00000   0.07880   0.02194   0.00000   0.02863   0.00000   0.00698   0.00393   0.00449   0.00000   0.00000   0.00000   0.01275   0.01089   0.00559   0.00000   0.00422   0.00000   0.00000   0.00291   0.00697   0.00243   0.00000   0.00537   0.00825   0.00266   0.00856   0.00283   0.00000   0.00000   0.00292   0.00270   4.81001   0.94008   0.99411   1.07932   2.49422   1.18675   0.03638   4.17824  
 67  0.6283   2374.191395  x:  0.00852   0.00552   0.01020   0.01430   0.01905   0.03118   0.01045   0.01205   0.03519   0.01349   0.00415   0.01207   0.00000   0.00000   0.00000   0.00821   0.01263   0.00545   0.00303   0.00000   0.00285   0.00248   0.00820   0.00000   0.07981   0.02078   0.00000   0.02799   0.00000   0.00775   0.00387   0.00478   0.00000   0.00000   0.00000   0.01352   0.01036   0.00521   0.00000   0.00445   0.00000   0.00000   0.00301   0.00725   0.00273   0.00000   0.00507   0.00812   0.00266   0.00857   0.00296   0.00000   0.00000   0.00285   0.00264   4.99688   0.80800   1.08270   1.00860   2.48519   1.23685   0.03212   4.57645  
 68  1.0615   2374.071998  x:  0.00814   0.00538   0.01023   0.01355   0.01840   0.03016   0.01014   0.01218   0.03501   0.01359   0.00394   0.01201   0.00000   0.00000   0.00000   0.00793   0.01207   0.00528   0.00292   0.00000   0.00289   0.00256   0.00843   0.00000   0.08161   0.02066   0.00000   0.02849   0.00000   0.00670   0.00393   0.00500   0.00000   0.00000   0.00000   0.01268   0.01056   0.00540   0.00000   0.00458   0.00000   0.00000   0.00331   0.00698   0.00274   0.00000   0.00528   0.00823   0.00271   0.00860   0.00291   0.00000   0.00000   0.00279   0.00269   5.16906   0.85056   1.08907   1.03647   2.47175   1.25808   0.03150   4.92970  
 69  0.3299   2373.998874  x:  0.00904   0.00500   0.00995   0.01337   0.01841   0.02872   0.01028   0.01188   0.03579   0.01435   0.00376   0.01197   0.00000   0.00000   0.00000   0.00791   0.01262   0.00528   0.00278   0.00000   0.00293   0.00259   0.00839   0.00000   0.08083   0.02098   0.00000   0.02922   0.00000   0.00713   0.00402   0.00507   0.00000   0.00000   0.00000   0.01296   0.01095   0.00553   0.00000   0.00448   0.00000   0.00000   0.00323   0.00732   0.00267   0.00000   0.00548   0.00840   0.00275   0.00853   0.00272   0.00000   0.00000   0.00275   0.00273   5.28547   0.83724   1.10521   1.03287   2.50995   1.31428   0.03348   5.23017  
 70  0.2982   2373.968018  x:  0.00872   0.00487   0.00955   0.01382   0.01876   0.02753   0.01042   0.01219   0.03602   0.01405   0.00377   0.01229   0.00000   0.00000   0.00000   0.00803   0.01271   0.00535   0.00272   0.00000   0.00287   0.00250   0.00844   0.00000   0.08194   0.02105   0.00000   0.02873   0.00000   0.00710   0.00398   0.00495   0.00000   0.00000   0.00000   0.01309   0.01104   0.00548   0.00000   0.00455   0.00000   0.00000   0.00317   0.00716   0.00273   0.00000   0.00558   0.00807   0.00274   0.00857   0.00267   0.00000   0.00000   0.00281   0.00276   5.34392   0.83121   1.10098   1.02761   2.55325   1.36877   0.03176   5.41973  
 71  0.1222   2373.963106  x:  0.00870   0.00485   0.00943   0.01386   0.01859   0.02738   0.01039   0.01229   0.03599   0.01409   0.00382   0.01216   0.00000   0.00000   0.00000   0.00810   0.01277   0.00538   0.00273   0.00000   0.00283   0.00248   0.00841   0.00000   0.08151   0.02113   0.00000   0.02891   0.00000   0.00710   0.00396   0.00483   0.00000   0.00000   0.00000   0.01293   0.01080   0.00545   0.00000   0.00448   0.00000   0.00000   0.00317   0.00713   0.00274   0.00000   0.00549   0.00813   0.00272   0.00862   0.00269   0.00000   0.00000   0.00286   0.00275   5.34735   0.83891   1.11411   1.04369   2.55885   1.38156   0.03060   5.44910  
 72  0.0378   2373.961302  x:  0.00872   0.00485   0.00941   0.01385   0.01871   0.02735   0.01039   0.01227   0.03606   0.01406   0.00389   0.01210   0.00000   0.00000   0.00000   0.00815   0.01267   0.00541   0.00275   0.00000   0.00281   0.00251   0.00845   0.00000   0.08163   0.02111   0.00000   0.02896   0.00000   0.00708   0.00396   0.00478   0.00000   0.00000   0.00000   0.01291   0.01092   0.00549   0.00000   0.00453   0.00000   0.00000   0.00318   0.00713   0.00269   0.00000   0.00544   0.00818   0.00272   0.00865   0.00272   0.00000   0.00000   0.00290   0.00275   5.34598   0.83532   1.11531   1.03806   2.56526   1.38917   0.03076   5.46711  
 73  0.0198   2373.960698  x:  0.00874   0.00485   0.00938   0.01385   0.01868   0.02737   0.01043   0.01227   0.03606   0.01408   0.00391   0.01212   0.00000   0.00000   0.00000   0.00814   0.01267   0.00539   0.00277   0.00000   0.00279   0.00253   0.00842   0.00000   0.08156   0.02110   0.00000   0.02894   0.00000   0.00705   0.00397   0.00477   0.00000   0.00000   0.00000   0.01296   0.01091   0.00547   0.00000   0.00450   0.00000   0.00000   0.00319   0.00714   0.00269   0.00000   0.00543   0.00815   0.00272   0.00863   0.00272   0.00000   0.00000   0.00292   0.00275   5.34816   0.83347   1.10927   1.02748   2.56576   1.39024   0.03108   5.49700  
 74  0.0165   2373.960286  x:  0.00872   0.00484   0.00936   0.01384   0.01867   0.02739   0.01043   0.01228   0.03603   0.01409   0.00392   0.01213   0.00000   0.00000   0.00000   0.00812   0.01265   0.00538   0.00278   0.00000   0.00276   0.00254   0.00846   0.00000   0.08161   0.02108   0.00000   0.02891   0.00000   0.00708   0.00398   0.00479   0.00000   0.00000   0.00000   0.01297   0.01091   0.00548   0.00000   0.00451   0.00000   0.00000   0.00318   0.00716   0.00271   0.00000   0.00544   0.00817   0.00273   0.00861   0.00271   0.00000   0.00000   0.00293   0.00276   5.34847   0.83673   1.11343   1.03541   2.57569   1.39934   0.03164   5.53201  
 75  0.0218   2373.959997  x:  0.00872   0.00483   0.00936   0.01384   0.01868   0.02744   0.01040   0.01225   0.03604   0.01407   0.00390   0.01213   0.00000   0.00000   0.00000   0.00812   0.01268   0.00537   0.00279   0.00000   0.00273   0.00253   0.00843   0.00000   0.08162   0.02108   0.00000   0.02896   0.00000   0.00706   0.00398   0.00479   0.00000   0.00000   0.00000   0.01295   0.01091   0.00549   0.00000   0.00453   0.00000   0.00000   0.00318   0.00715   0.00270   0.00000   0.00545   0.00816   0.00272   0.00860   0.00271   0.00000   0.00000   0.00293   0.00276   5.34574   0.83449   1.11322   1.03535   2.58189   1.40378   0.03187   5.56608  
 76  0.0204   2373.959801  x:  0.00872   0.00483   0.00936   0.01385   0.01868   0.02746   0.01042   0.01227   0.03607   0.01410   0.00389   0.01212   0.00000   0.00000   0.00000   0.00812   0.01267   0.00537   0.00279   0.00000   0.00273   0.00253   0.00844   0.00000   0.08177   0.02113   0.00000   0.02896   0.00000   0.00708   0.00398   0.00480   0.00000   0.00000   0.00000   0.01294   0.01091   0.00548   0.00000   0.00451   0.00000   0.00000   0.00318   0.00716   0.00270   0.00000   0.00545   0.00817   0.00272   0.00863   0.00272   0.00000   0.00000   0.00291   0.00276   5.34097   0.83512   1.11285   1.03376   2.58619   1.40982   0.03179   5.59458  
 77  0.0132   2373.959677  x:  0.00875   0.00483   0.00937   0.01386   0.01870   0.02745   0.01042   0.01227   0.03608   0.01408   0.00388   0.01211   0.00000   0.00000   0.00000   0.00813   0.01268   0.00538   0.00278   0.00000   0.00273   0.00253   0.00844   0.00000   0.08173   0.02109   0.00000   0.02893   0.00000   0.00706   0.00397   0.00480   0.00000   0.00000   0.00000   0.01296   0.01091   0.00548   0.00000   0.00451   0.00000   0.00000   0.00317   0.00716   0.00270   0.00000   0.00544   0.00816   0.00272   0.00863   0.00272   0.00000   0.00000   0.00290   0.00275   5.33798   0.83653   1.11404   1.03514   2.59048   1.41605   0.03177   5.61866  
 78  0.0146   2373.959595  x:  0.00872   0.00484   0.00938   0.01386   0.01868   0.02744   0.01041   0.01228   0.03607   0.01410   0.00389   0.01212   0.00000   0.00000   0.00000   0.00813   0.01267   0.00538   0.00278   0.00000   0.00274   0.00253   0.00845   0.00000   0.08171   0.02109   0.00000   0.02895   0.00000   0.00707   0.00397   0.00479   0.00000   0.00000   0.00000   0.01295   0.01090   0.00549   0.00000   0.00452   0.00000   0.00000   0.00318   0.00716   0.00270   0.00000   0.00544   0.00815   0.00273   0.00863   0.00271   0.00000   0.00000   0.00290   0.00275   5.33595   0.83499   1.11304   1.03326   2.59475   1.42026   0.03194   5.63926  
 79  0.0131   2373.959562  x:  0.00872   0.00485   0.00939   0.01385   0.01869   0.02744   0.01042   0.01227   0.03607   0.01408   0.00389   0.01212   0.00000   0.00000   0.00000   0.00813   0.01268   0.00538   0.00278   0.00000   0.00275   0.00253   0.00844   0.00000   0.08173   0.02109   0.00000   0.02895   0.00000   0.00707   0.00398   0.00479   0.00000   0.00000   0.00000   0.01295   0.01091   0.00548   0.00000   0.00451   0.00000   0.00000   0.00318   0.00715   0.00270   0.00000   0.00544   0.00816   0.00273   0.00863   0.00271   0.00000   0.00000   0.00290   0.00275   5.33428   0.83570   1.11371   1.03456   2.59686   1.42169   0.03208   5.64830  
 80  0.0056   2373.959554  x:  0.00873   0.00485   0.00939   0.01384   0.01868   0.02744   0.01041   0.01227   0.03607   0.01409   0.00389   0.01212   0.00000   0.00000   0.00000   0.00813   0.01268   0.00538   0.00278   0.00000   0.00275   0.00253   0.00844   0.00000   0.08175   0.02109   0.00000   0.02895   0.00000   0.00707   0.00398   0.00479   0.00000   0.00000   0.00000   0.01295   0.01091   0.00548   0.00000   0.00451   0.00000   0.00000   0.00318   0.00715   0.00270   0.00000   0.00545   0.00816   0.00273   0.00862   0.00271   0.00000   0.00000   0.00291   0.00276   5.33378   0.83555   1.11340   1.03409   2.59739   1.42186   0.03215   5.65096  
 81  0.0021   2373.959553  x:  0.00873   0.00485   0.00939   0.01384   0.01868   0.02744   0.01041   0.01227   0.03607   0.01409   0.00389   0.01212   0.00000   0.00000   0.00000   0.00813   0.01268   0.00538   0.00278   0.00000   0.00276   0.00253   0.00844   0.00000   0.08175   0.02109   0.00000   0.02895   0.00000   0.00707   0.00398   0.00479   0.00000   0.00000   0.00000   0.01295   0.01091   0.00548   0.00000   0.00451   0.00000   0.00000   0.00318   0.00715   0.00270   0.00000   0.00544   0.00816   0.00273   0.00862   0.00272   0.00000   0.00000   0.00291   0.00276   5.33371   0.83558   1.11349   1.03424   2.59726   1.42167   0.03215   5.65149  
 82  0.0006   2373.959552  x:  0.00873   0.00484   0.00938   0.01384   0.01868   0.02744   0.01041   0.01227   0.03607   0.01409   0.00389   0.01212   0.00000   0.00000   0.00000   0.00813   0.01268   0.00538   0.00278   0.00000   0.00276   0.00253   0.00844   0.00000   0.08175   0.02109   0.00000   0.02895   0.00000   0.00707   0.00398   0.00479   0.00000   0.00000   0.00000   0.01295   0.01091   0.00548   0.00000   0.00451   0.00000   0.00000   0.00318   0.00715   0.00270   0.00000   0.00544   0.00816   0.00273   0.00862   0.00272   0.00000   0.00000   0.00291   0.00276   5.33370   0.83554   1.11338   1.03413   2.59734   1.42178   0.03215   5.65176  
 83  0.0002   2373.959552  x:  0.00873   0.00484   0.00938   0.01384   0.01868   0.02744   0.01041   0.01227   0.03607   0.01409   0.00389   0.01212   0.00000   0.00000   0.00000   0.00813   0.01268   0.00538   0.00278   0.00000   0.00276   0.00253   0.00844   0.00000   0.08175   0.02109   0.00000   0.02895   0.00000   0.00707   0.00398   0.00479   0.00000   0.00000   0.00000   0.01295   0.01091   0.00548   0.00000   0.00451   0.00000   0.00000   0.00318   0.00715   0.00270   0.00000   0.00544   0.00816   0.00273   0.00862   0.00272   0.00000   0.00000   0.00291   0.00276   5.33368   0.83555   1.11341   1.03415   2.59733   1.42178   0.03215   5.65170  
 84  0.0002   2373.959552  x:  0.00873   0.00484   0.00938   0.01385   0.01868   0.02744   0.01041   0.01227   0.03607   0.01409   0.00389   0.01212   0.00000   0.00000   0.00000   0.00813   0.01268   0.00538   0.00278   0.00000   0.00276   0.00253   0.00844   0.00000   0.08175   0.02109   0.00000   0.02895   0.00000   0.00707   0.00398   0.00479   0.00000   0.00000   0.00000   0.01295   0.01091   0.00548   0.00000   0.00451   0.00000   0.00000   0.00318   0.00715   0.00270   0.00000   0.00544   0.00816   0.00273   0.00862   0.00272   0.00000   0.00000   0.00291   0.00276   5.33368   0.83555   1.11342   1.03416   2.59733   1.42178   0.03215   5.65169  
 85  0.0001   2373.959552  x:  0.00873   0.00484   0.00938   0.01385   0.01868   0.02744   0.01041   0.01227   0.03607   0.01409   0.00389   0.01212   0.00000   0.00000   0.00000   0.00813   0.01268   0.00538   0.00278   0.00000   0.00276   0.00253   0.00844   0.00000   0.08175   0.02109   0.00000   0.02895   0.00000   0.00707   0.00398   0.00479   0.00000   0.00000   0.00000   0.01295   0.01091   0.00548   0.00000   0.00451   0.00000   0.00000   0.00318   0.00715   0.00270   0.00000   0.00544   0.00816   0.00273   0.00862   0.00272   0.00000   0.00000   0.00291   0.00276   5.33368   0.83555   1.11342   1.03416   2.59733   1.42179   0.03215   5.65168  
 86  0.0001   2373.959552  x:  0.00873   0.00484   0.00938   0.01385   0.01868   0.02744   0.01041   0.01227   0.03607   0.01409   0.00389   0.01212   0.00000   0.00000   0.00000   0.00813   0.01268   0.00538   0.00278   0.00000   0.00276   0.00253   0.00844   0.00000   0.08175   0.02109   0.00000   0.02895   0.00000   0.00707   0.00398   0.00479   0.00000   0.00000   0.00000   0.01295   0.01091   0.00548   0.00000   0.00451   0.00000   0.00000   0.00318   0.00715   0.00270   0.00000   0.00544   0.00816   0.00273   0.00862   0.00272   0.00000   0.00000   0.00291   0.00276   5.33368   0.83555   1.11343   1.03416   2.59733   1.42179   0.03215   5.65168  
 87  0.0001   2373.959552  x:  0.00873   0.00484   0.00938   0.01385   0.01868   0.02744   0.01041   0.01227   0.03607   0.01409   0.00389   0.01212   0.00000   0.00000   0.00000   0.00813   0.01268   0.00538   0.00278   0.00000   0.00276   0.00253   0.00844   0.00000   0.08175   0.02109   0.00000   0.02895   0.00000   0.00707   0.00398   0.00479   0.00000   0.00000   0.00000   0.01295   0.01091   0.00548   0.00000   0.00451   0.00000   0.00000   0.00318   0.00715   0.00270   0.00000   0.00544   0.00816   0.00273   0.00862   0.00272   0.00000   0.00000   0.00291   0.00276   5.33367   0.83555   1.11343   1.03416   2.59733   1.42179   0.03215   5.65167  
 88  0.0001   2373.959552  x:  0.00873   0.00484   0.00938   0.01385   0.01868   0.02744   0.01041   0.01227   0.03607   0.01409   0.00389   0.01212   0.00000   0.00000   0.00000   0.00813   0.01268   0.00538   0.00278   0.00000   0.00276   0.00253   0.00844   0.00000   0.08175   0.02109   0.00000   0.02895   0.00000   0.00707   0.00398   0.00479   0.00000   0.00000   0.00000   0.01295   0.01091   0.00548   0.00000   0.00451   0.00000   0.00000   0.00318   0.00715   0.00270   0.00000   0.00544   0.00816   0.00273   0.00862   0.00272   0.00000   0.00000   0.00291   0.00276   5.33367   0.83555   1.11343   1.03416   2.59733   1.42179   0.03215   5.65167  
 89  0.0000   2373.959552  x:  0.00873   0.00484   0.00938   0.01385   0.01868   0.02744   0.01041   0.01227   0.03607   0.01409   0.00389   0.01212   0.00000   0.00000   0.00000   0.00813   0.01268   0.00538   0.00278   0.00000   0.00276   0.00253   0.00844   0.00000   0.08175   0.02109   0.00000   0.02895   0.00000   0.00707   0.00398   0.00479   0.00000   0.00000   0.00000   0.01295   0.01091   0.00548   0.00000   0.00451   0.00000   0.00000   0.00318   0.00715   0.00270   0.00000   0.00544   0.00816   0.00273   0.00862   0.00272   0.00000   0.00000   0.00291   0.00276   5.33367   0.83555   1.11343   1.03416   2.59733   1.42179   0.03215   5.65167  
 90  0.0000   2373.959552  x:  0.00873   0.00484   0.00938   0.01385   0.01868   0.02744   0.01041   0.01227   0.03607   0.01409   0.00389   0.01212   0.00000   0.00000   0.00000   0.00813   0.01268   0.00538   0.00278   0.00000   0.00276   0.00253   0.00844   0.00000   0.08175   0.02109   0.00000   0.02895   0.00000   0.00707   0.00398   0.00479   0.00000   0.00000   0.00000   0.01295   0.01091   0.00548   0.00000   0.00451   0.00000   0.00000   0.00318   0.00715   0.00270   0.00000   0.00544   0.00816   0.00273   0.00862   0.00272   0.00000   0.00000   0.00291   0.00276   5.33367   0.83555   1.11343   1.03416   2.59733   1.42179   0.03215   5.65167  
 91  0.0000   2373.959552  x:  0.00873   0.00484   0.00938   0.01385   0.01868   0.02744   0.01041   0.01227   0.03607   0.01409   0.00389   0.01212   0.00000   0.00000   0.00000   0.00813   0.01268   0.00538   0.00278   0.00000   0.00276   0.00253   0.00844   0.00000   0.08175   0.02109   0.00000   0.02895   0.00000   0.00707   0.00398   0.00479   0.00000   0.00000   0.00000   0.01295   0.01091   0.00548   0.00000   0.00451   0.00000   0.00000   0.00318   0.00715   0.00270   0.00000   0.00544   0.00816   0.00273   0.00862   0.00272   0.00000   0.00000   0.00291   0.00276   5.33367   0.83555   1.11343   1.03416   2.59733   1.42179   0.03215   5.65167  
 92  0.0000   2373.959552  x:  0.00873   0.00484   0.00938   0.01385   0.01868   0.02744   0.01041   0.01227   0.03607   0.01409   0.00389   0.01212   0.00000   0.00000   0.00000   0.00813   0.01268   0.00538   0.00278   0.00000   0.00276   0.00253   0.00844   0.00000   0.08175   0.02109   0.00000   0.02895   0.00000   0.00707   0.00398   0.00479   0.00000   0.00000   0.00000   0.01295   0.01091   0.00548   0.00000   0.00451   0.00000   0.00000   0.00318   0.00715   0.00270   0.00000   0.00544   0.00816   0.00273   0.00862   0.00272   0.00000   0.00000   0.00291   0.00276   5.33367   0.83555   1.11343   1.03416   2.59733   1.42179   0.03215   5.65167  
 93  0.0000   2373.959552  x:  0.00873   0.00484   0.00938   0.01385   0.01868   0.02744   0.01041   0.01227   0.03607   0.01409   0.00389   0.01212   0.00000   0.00000   0.00000   0.00813   0.01268   0.00538   0.00278   0.00000   0.00276   0.00253   0.00844   0.00000   0.08175   0.02109   0.00000   0.02895   0.00000   0.00707   0.00398   0.00479   0.00000   0.00000   0.00000   0.01295   0.01091   0.00548   0.00000   0.00451   0.00000   0.00000   0.00318   0.00715   0.00270   0.00000   0.00544   0.00816   0.00273   0.00862   0.00272   0.00000   0.00000   0.00291   0.00276   5.33367   0.83555   1.11343   1.03416   2.59733   1.42179   0.03215   5.65167  