Supplemental results for CODEML (seqf: /home/leticiamagpali/phd/evol_models/codeml/small_dataset/cml_align/CNTNAP2_codon_aligned.phy  treef: /home/leticiamagpali/phd/evol_models/codeml/small_dataset/cml_trees/H2_trees/CNTNAP2_tree_H2.tre)

I	J	ij	2Ns_IJ	pMut_IJ	pSub_IJ	2Ns_JI	pMut_JI	pSub_JI

TTC	TTT	CT	0.97900	0.03952	0.06197	-0.97900	0.10519	0.06197	0.06197	0.06197
TTA	TTT	AT	2.15037	0.00177	0.00431	-2.15037	0.01519	0.00431	0.00215	0.00215
TTA	TTC	AC	1.17137	0.00736	0.01250	-1.17137	0.02375	0.01250	0.00625	0.00625
TTG	TTT	GT	1.84924	0.00273	0.00599	-1.84924	0.01735	0.00599	0.00300	0.00300
TTG	TTC	GC	0.87023	0.01136	0.01701	-0.87023	0.02713	0.01701	0.00851	0.00851
TTG	TTA	GA	-0.30113	0.03935	0.03372	0.30113	0.02912	0.03372	0.03372	0.03372
TCT	TTT	CT	1.59790	0.02128	0.04263	-1.59790	0.10519	0.04263	0.02132	0.02132
TCC	TTC	CT	1.71120	0.02971	0.06204	-1.71120	0.16445	0.06204	0.03102	0.03102
TCC	TCT	CT	1.09230	0.02971	0.04883	-1.09230	0.08856	0.04883	0.04883	0.04883
TCA	TTA	CT	0.75347	0.01697	0.02416	-0.75347	0.03605	0.02416	0.01208	0.01208
TCA	TCT	AT	1.30594	0.00347	0.00621	-1.30594	0.01279	0.00621	0.00621	0.00621
TCA	TCC	AC	0.21363	0.01442	0.01602	-0.21363	0.01786	0.01602	0.01602	0.01602
TCG	TTG	CT	1.44076	0.01317	0.02486	-1.44076	0.05564	0.02486	0.01243	0.01243
TCG	TCT	GT	1.69209	0.00269	0.00558	-1.69209	0.01461	0.00558	0.00558	0.00558
TCG	TCC	GC	0.59979	0.01119	0.01488	-0.59979	0.02039	0.01488	0.01488	0.01488
TCG	TCA	GA	0.38615	0.03877	0.04674	-0.38615	0.05704	0.04674	0.04674	0.04674
TAT	TTT	AT	1.37613	0.00384	0.00706	-1.37613	0.01519	0.00706	0.00353	0.00353
TAT	TCT	AC	-0.22177	0.01597	0.01426	0.22177	0.01279	0.01426	0.00713	0.00713
TAC	TTC	AT	0.95014	0.00918	0.01423	-0.95014	0.02375	0.01423	0.00711	0.00711
TAC	TCC	AC	-0.76106	0.03822	0.02550	0.76106	0.01786	0.02550	0.01275	0.01275
TAC	TAT	CT	0.55302	0.04498	0.05855	-0.55302	0.07819	0.05855	0.05855	0.05855
TGT	TTT	GT	2.03037	0.00228	0.00532	-2.03037	0.01735	0.00532	0.00266	0.00266
TGT	TCT	GC	0.43248	0.00948	0.01168	-0.43248	0.01461	0.01168	0.00584	0.00584
TGT	TAT	GA	0.65425	0.03283	0.04474	-0.65425	0.06316	0.04474	0.02237	0.02237
TGC	TTC	GT	1.53572	0.00584	0.01143	-1.53572	0.02713	0.01143	0.00572	0.00572
TGC	TCC	GC	-0.17548	0.02430	0.02223	0.17548	0.02039	0.02223	0.01112	0.01112
TGC	TAC	GA	0.58558	0.08418	0.11122	-0.58558	0.15118	0.11122	0.05561	0.05561
TGC	TGT	CT	0.48435	0.02860	0.03608	-0.48435	0.04642	0.03608	0.03608	0.03608
TGG	TTG	GT	0.56308	0.00523	0.00684	-0.56308	0.00918	0.00684	0.00342	0.00342
TGG	TCG	GC	-0.87768	0.02175	0.01358	0.87768	0.00904	0.01358	0.00679	0.00679
TGG	TGT	GT	0.38194	0.00523	0.00629	-0.38194	0.00766	0.00629	0.00314	0.00314
TGG	TGC	GC	-0.10241	0.02175	0.02065	0.10241	0.01963	0.02065	0.01033	0.01033
CTT	TTT	CT	2.18531	0.01183	0.02912	-2.18531	0.10519	0.02912	0.01456	0.01456
CTC	TTC	CT	1.76734	0.02809	0.05986	-1.76734	0.16445	0.05986	0.02993	0.02993
CTC	CTT	CT	0.56103	0.02809	0.03670	-0.56103	0.04922	0.03670	0.03670	0.03670
CTA	TTA	CT	1.87328	0.00554	0.01226	-1.87328	0.03605	0.01226	0.01226	0.01226
CTA	CTT	AT	1.83834	0.00113	0.00247	-1.83834	0.00711	0.00247	0.00247	0.00247
CTA	CTC	AC	1.27731	0.00471	0.00833	-1.27731	0.01688	0.00833	0.00833	0.00833
CTG	TTG	CT	0.26696	0.04260	0.04854	-0.26696	0.05564	0.04854	0.04854	0.04854
CTG	CTT	GT	-0.06911	0.00870	0.00840	0.06911	0.00812	0.00840	0.00840	0.00840
CTG	CTC	GC	-0.63014	0.03620	0.02599	0.63014	0.01928	0.02599	0.02599	0.02599
CTG	CTA	GA	-1.90745	0.12539	0.04170	1.90745	0.01862	0.04170	0.04170	0.04170
CCT	TCT	CT	1.60669	0.01776	0.03569	-1.60669	0.08856	0.03569	0.01785	0.01785
CCT	CTT	CT	1.01927	0.01776	0.02832	-1.01927	0.04922	0.02832	0.01416	0.01416
CCC	TCC	CT	1.64866	0.02377	0.04853	-1.64866	0.12362	0.04853	0.02426	0.02426
CCC	CTC	CT	1.59252	0.02377	0.04753	-1.59252	0.11687	0.04753	0.02376	0.02376
CCC	CCT	CT	1.13428	0.02377	0.03975	-1.13428	0.07391	0.03975	0.03975	0.03975
CCA	TCA	CT	1.43994	0.01673	0.03158	-1.43994	0.07062	0.03158	0.01579	0.01579
CCA	CTA	CT	0.32012	0.01673	0.01955	-0.32012	0.02305	0.01955	0.00978	0.00978
CCA	CCT	AT	1.13919	0.00342	0.00573	-1.13919	0.01068	0.00573	0.00573	0.00573
CCA	CCC	AC	0.00491	0.01422	0.01425	-0.00491	0.01429	0.01425	0.01425	0.01425
CCG	TCG	CT	2.04661	0.00708	0.01664	-2.04661	0.05482	0.01664	0.00832	0.00832
CCG	CTG	CT	3.22040	0.00708	0.02375	-3.22040	0.17729	0.02375	0.01188	0.01188
CCG	CCT	GT	2.13201	0.00145	0.00350	-2.13201	0.01219	0.00350	0.00350	0.00350
CCG	CCC	GC	0.99773	0.00602	0.00951	-0.99773	0.01632	0.00951	0.00951	0.00951
CCG	CCA	GA	0.99283	0.02084	0.03287	-0.99283	0.05625	0.03287	0.03287	0.03287
CAT	TAT	CT	1.67837	0.01460	0.03012	-1.67837	0.07819	0.03012	0.01506	0.01506
CAT	CTT	AT	0.86918	0.00298	0.00446	-0.86918	0.00711	0.00446	0.00223	0.00223
CAT	CCT	AC	-0.15009	0.01240	0.01150	0.15009	0.01068	0.01150	0.00575	0.00575
CAC	TAC	CT	1.81821	0.03038	0.06594	-1.81821	0.18716	0.06594	0.03297	0.03297
CAC	CTC	AT	1.00101	0.00620	0.00982	-1.00101	0.01688	0.00982	0.00491	0.00491
CAC	CCC	AC	-0.59151	0.02582	0.01893	0.59151	0.01429	0.01893	0.00946	0.00946
CAC	CAT	CT	0.69286	0.03038	0.04211	-0.69286	0.06074	0.04211	0.04211	0.04211
CAA	CTA	AT	-0.26668	0.00435	0.00379	0.26668	0.00333	0.00379	0.00190	0.00190
CAA	CCA	AC	-0.58680	0.01809	0.01330	0.58680	0.01006	0.01330	0.00665	0.00665
CAA	CAT	AT	0.70247	0.00435	0.00605	-0.70247	0.00877	0.00605	0.00302	0.00302
CAA	CAC	AC	0.00962	0.01809	0.01817	-0.00962	0.01826	0.01817	0.00909	0.00909
CAG	CTG	AT	1.08140	0.00868	0.01421	-1.08140	0.02561	0.01421	0.00710	0.00710
CAG	CCG	AC	-2.13901	0.03614	0.01032	2.13901	0.00426	0.01032	0.00516	0.00516
CAG	CAT	GT	0.14310	0.00868	0.00932	-0.14310	0.01002	0.00932	0.00466	0.00466
CAG	CAC	GC	-0.54976	0.03614	0.02711	0.54976	0.02085	0.02711	0.01355	0.01355
CAG	CAA	GA	-0.55938	0.12516	0.09340	0.55938	0.07154	0.09340	0.09340	0.09340
CGT	TGT	CT	2.60185	0.00344	0.00967	-2.60185	0.04642	0.00967	0.00484	0.00484
CGT	CTT	GT	2.44691	0.00070	0.00188	-2.44691	0.00812	0.00188	0.00094	0.00094
CGT	CCT	GC	1.42764	0.00292	0.00549	-1.42764	0.01219	0.00549	0.00275	0.00275
CGT	CAT	GA	1.57773	0.01013	0.02014	-1.57773	0.04907	0.02014	0.01007	0.01007
CGC	TGC	CT	2.09037	0.01472	0.03510	-2.09037	0.11901	0.03510	0.01755	0.01755
CGC	CTC	GT	1.85875	0.00301	0.00662	-1.85875	0.01928	0.00662	0.00331	0.00331
CGC	CCC	GC	0.26623	0.01251	0.01424	-0.26623	0.01632	0.01424	0.00712	0.00712
CGC	CAC	GA	0.85774	0.04331	0.06451	-0.85774	0.10212	0.06451	0.03225	0.03225
CGC	CGT	CT	-0.02713	0.01472	0.01452	0.02713	0.01432	0.01452	0.01452	0.01452
CGA	CTA	GT	1.66538	0.00072	0.00148	-1.66538	0.00380	0.00148	0.00074	0.00074
CGA	CCA	GC	1.34526	0.00299	0.00544	-1.34526	0.01149	0.00544	0.00272	0.00272
CGA	CAA	GA	1.93206	0.01036	0.02341	-1.93206	0.07154	0.02341	0.01171	0.01171
CGA	CGT	AT	1.05681	0.00072	0.00116	-1.05681	0.00207	0.00116	0.00116	0.00116
CGA	CGC	AC	1.08394	0.00299	0.00490	-1.08394	0.00884	0.00490	0.00490	0.00490
CGG	TGG	CT	2.28873	0.01080	0.02750	-2.28873	0.10650	0.02750	0.01375	0.01375
CGG	CTG	GT	2.58484	0.00221	0.00617	-2.58484	0.02924	0.00617	0.00308	0.00308
CGG	CCG	GC	-0.63556	0.00918	0.00657	0.63556	0.00486	0.00657	0.00328	0.00328
CGG	CAG	GA	1.50344	0.03178	0.06145	-1.50344	0.14294	0.06145	0.03073	0.03073
CGG	CGT	GT	0.06881	0.00221	0.00228	-0.06881	0.00236	0.00228	0.00228	0.00228
CGG	CGC	GC	0.09595	0.00918	0.00962	-0.09595	0.01010	0.00962	0.00962	0.00962
CGG	CGA	GA	-0.98799	0.03178	0.01863	0.98799	0.01183	0.01863	0.01863	0.01863
ATT	TTT	AT	1.21150	0.00452	0.00780	-1.21150	0.01519	0.00780	0.00390	0.00390
ATT	CTT	AC	-0.97381	0.01882	0.01112	0.97381	0.00711	0.01112	0.00556	0.00556
ATC	TTC	AT	1.16846	0.00738	0.01252	-1.16846	0.02375	0.01252	0.00626	0.00626
ATC	CTC	AC	-0.59888	0.03072	0.02244	0.59888	0.01688	0.02244	0.01122	0.01122
ATC	ATT	CT	0.93596	0.03615	0.05568	-0.93596	0.09218	0.05568	0.05568	0.05568
ATA	TTA	AT	0.59087	0.00288	0.00382	-0.59087	0.00521	0.00382	0.00191	0.00191
ATA	CTA	AC	-1.28241	0.01200	0.00591	1.28241	0.00333	0.00591	0.00295	0.00295
ATA	ATT	AT	1.52974	0.00288	0.00563	-1.52974	0.01331	0.00563	0.00563	0.00563
ATA	ATC	AC	0.59378	0.01200	0.01591	-0.59378	0.02173	0.01591	0.01591	0.01591
ATG	TTG	AT	0.63918	0.00424	0.00574	-0.63918	0.00804	0.00574	0.00287	0.00287
ATG	CTG	AC	0.37222	0.01765	0.02114	-0.37222	0.02561	0.02114	0.01057	0.01057
ATG	ATT	GT	1.27692	0.00424	0.00751	-1.27692	0.01521	0.00751	0.00375	0.00375
ATG	ATC	GC	0.34096	0.01765	0.02083	-0.34096	0.02482	0.02083	0.01041	0.01041
ATG	ATA	GA	-0.25282	0.06112	0.05372	0.25282	0.04747	0.05372	0.02686	0.02686
ACT	TCT	AT	1.49810	0.00286	0.00552	-1.49810	0.01279	0.00552	0.00276	0.00276
ACT	CCT	AC	-0.10859	0.01190	0.01127	0.10859	0.01068	0.01127	0.00563	0.00563
ACT	ATT	CT	1.88449	0.01400	0.03112	-1.88449	0.09218	0.03112	0.01556	0.01556
ACC	TCC	AT	0.82159	0.00785	0.01151	-0.82159	0.01786	0.01151	0.00576	0.00576
ACC	CCC	AC	-0.82708	0.03267	0.02100	0.82708	0.01429	0.02100	0.01050	0.01050
ACC	ATC	CT	1.36433	0.03845	0.07046	-1.36433	0.15045	0.07046	0.03523	0.03523
ACC	ACT	CT	0.41579	0.03845	0.04699	-0.41579	0.05827	0.04699	0.04699	0.04699
ACA	TCA	AT	1.05877	0.00354	0.00574	-1.05877	0.01020	0.00574	0.00287	0.00287
ACA	CCA	AC	-0.38116	0.01472	0.01210	0.38116	0.01006	0.01210	0.00605	0.00605
ACA	ATA	CT	1.22137	0.01733	0.03001	-1.22137	0.05877	0.03001	0.01500	0.01500
ACA	ACT	AT	0.86661	0.00354	0.00529	-0.86661	0.00842	0.00529	0.00529	0.00529
ACA	ACC	AC	0.45082	0.01472	0.01829	-0.45082	0.02311	0.01829	0.01829	0.01829
ACG	TCG	AT	0.99880	0.00292	0.00461	-0.99880	0.00792	0.00461	0.00231	0.00231
ACG	CCG	AC	-1.04781	0.01214	0.00687	1.04781	0.00426	0.00687	0.00343	0.00343
ACG	ATG	CT	1.80037	0.01428	0.03080	-1.80037	0.08642	0.03080	0.01540	0.01540
ACG	ACT	GT	1.19280	0.00292	0.00499	-1.19280	0.00961	0.00499	0.00499	0.00499
ACG	ACC	GC	0.77700	0.01214	0.01745	-0.77700	0.02639	0.01745	0.01745	0.01745
ACG	ACA	GA	0.32618	0.04203	0.04926	-0.32618	0.05824	0.04926	0.04926	0.04926
AAT	TAT	AT	0.58356	0.00630	0.00832	-0.58356	0.01129	0.00832	0.00416	0.00416
AAT	CAT	AC	-1.09481	0.02622	0.01444	1.09481	0.00877	0.01444	0.00722	0.00722
AAT	ATT	AT	0.74818	0.00630	0.00895	-0.74818	0.01331	0.00895	0.00447	0.00447
AAT	ACT	AC	-1.13631	0.02622	0.01409	1.13631	0.00842	0.01409	0.00704	0.00704
AAC	TAC	AT	0.95484	0.01040	0.01615	-0.95484	0.02703	0.01615	0.00808	0.00808
AAC	CAC	AC	-0.86337	0.04330	0.02726	0.86337	0.01826	0.02726	0.01363	0.01363
AAC	ATC	AT	0.73652	0.01040	0.01470	-0.73652	0.02173	0.01470	0.00735	0.00735
AAC	ACC	AC	-0.62781	0.04330	0.03112	0.62781	0.02311	0.03112	0.01556	0.01556
AAC	AAT	CT	0.92430	0.05095	0.07807	-0.92430	0.12840	0.07807	0.07807	0.07807
AAA	CAA	AC	-0.80369	0.02857	0.01861	0.80369	0.01279	0.01861	0.00931	0.00931
AAA	ATA	AT	0.21204	0.00687	0.00762	-0.21204	0.00849	0.00762	0.00381	0.00381
AAA	ACA	AC	-1.00933	0.02857	0.01654	1.00933	0.01041	0.01654	0.00827	0.00827
AAA	AAT	AT	0.99359	0.00687	0.01083	-0.99359	0.01855	0.01083	0.00542	0.00542
AAA	AAC	AC	0.06929	0.02857	0.02957	-0.06929	0.03062	0.02957	0.01479	0.01479
AAG	CAG	AC	-0.09726	0.02817	0.02682	0.09726	0.02556	0.02682	0.01341	0.01341
AAG	ATG	AT	0.61192	0.00677	0.00905	-0.61192	0.01248	0.00905	0.00453	0.00453
AAG	ACG	AC	-1.18846	0.02817	0.01467	1.18846	0.00858	0.01467	0.00734	0.00734
AAG	AAT	GT	1.14065	0.00677	0.01135	-1.14065	0.02118	0.01135	0.00567	0.00567
AAG	AAC	GC	0.21635	0.02817	0.03133	-0.21635	0.03497	0.03133	0.01566	0.01566
AAG	AAA	GA	0.14706	0.09757	0.10492	-0.14706	0.11302	0.10492	0.10492	0.10492
AGT	TGT	AT	0.28850	0.00502	0.00578	-0.28850	0.00670	0.00578	0.00289	0.00289
AGT	CGT	AC	-2.31335	0.02091	0.00531	2.31335	0.00207	0.00531	0.00266	0.00266
AGT	ATT	GT	1.10737	0.00502	0.00831	-1.10737	0.01521	0.00831	0.00415	0.00415
AGT	ACT	GC	-0.77712	0.02091	0.01383	0.77712	0.00961	0.01383	0.00691	0.00691
AGT	AAT	GA	0.35919	0.07242	0.08620	-0.35919	0.10372	0.08620	0.04310	0.04310
AGC	TGC	AT	0.82133	0.00756	0.01109	-0.82133	0.01719	0.01109	0.00554	0.00554
AGC	CGC	AC	-1.26904	0.03146	0.01561	1.26904	0.00884	0.01561	0.00781	0.00781
AGC	ATC	GT	1.18859	0.00756	0.01292	-1.18859	0.02482	0.01292	0.00646	0.00646
AGC	ACC	GC	-0.17573	0.03146	0.02878	0.17573	0.02639	0.02878	0.01439	0.01439
AGC	AAC	GA	0.45207	0.10898	0.13546	-0.45207	0.17126	0.13546	0.06773	0.06773
AGC	AGT	CT	1.01718	0.03702	0.05899	-1.01718	0.10239	0.05899	0.05899	0.05899
AGA	CGA	AC	-1.84914	0.01345	0.00464	1.84914	0.00212	0.00464	0.00464	0.00464
AGA	ATA	GT	1.09865	0.00323	0.00532	-1.09865	0.00969	0.00532	0.00266	0.00266
AGA	ACA	GC	-0.12272	0.01345	0.01264	0.12272	0.01189	0.01264	0.00632	0.00632
AGA	AAA	GA	0.88661	0.04657	0.07023	-0.88661	0.11302	0.07023	0.03511	0.03511
AGA	AGT	AT	1.52101	0.00323	0.00629	-1.52101	0.01479	0.00629	0.00314	0.00314
AGA	AGC	AC	0.50384	0.01345	0.01712	-0.50384	0.02225	0.01712	0.00856	0.00856
AGG	TGG	AT	1.47884	0.00351	0.00671	-1.47884	0.01538	0.00671	0.00336	0.00336
AGG	CGG	AC	-0.80989	0.01459	0.00947	0.80989	0.00649	0.00947	0.00947	0.00947
AGG	ATG	GT	1.40273	0.00351	0.00652	-1.40273	0.01426	0.00652	0.00326	0.00326
AGG	ACG	GC	-0.39764	0.01459	0.01188	0.39764	0.00980	0.01188	0.00594	0.00594
AGG	AAG	GA	0.79081	0.05053	0.07312	-0.79081	0.11143	0.07312	0.03656	0.03656
AGG	AGT	GT	1.57227	0.00351	0.00696	-1.57227	0.01689	0.00696	0.00348	0.00348
AGG	AGC	GC	0.55510	0.01459	0.01901	-0.55510	0.02542	0.01901	0.00951	0.00951
AGG	AGA	GA	0.05126	0.05053	0.05184	-0.05126	0.05319	0.05184	0.05184	0.05184
GTT	TTT	GT	1.71644	0.00312	0.00652	-1.71644	0.01735	0.00652	0.00326	0.00326
GTT	CTT	GC	-0.46887	0.01298	0.01017	0.46887	0.00812	0.01017	0.00509	0.00509
GTT	ATT	GA	0.50494	0.04494	0.05724	-0.50494	0.07446	0.05724	0.02862	0.02862
GTC	TTC	GT	1.61484	0.00540	0.01088	-1.61484	0.02713	0.01088	0.00544	0.00544
GTC	CTC	GC	-0.15250	0.02246	0.02079	0.15250	0.01928	0.02079	0.01039	0.01039
GTC	ATC	GA	0.44638	0.07777	0.09642	-0.44638	0.12153	0.09642	0.04821	0.04821
GTC	GTT	CT	0.87740	0.02642	0.03969	-0.87740	0.06354	0.03969	0.03969	0.03969
GTA	TTA	GT	1.28824	0.00164	0.00292	-1.28824	0.00595	0.00292	0.00146	0.00146
GTA	CTA	GC	-0.58504	0.00682	0.00502	0.58504	0.00380	0.00502	0.00251	0.00251
GTA	ATA	GA	0.69737	0.02363	0.03283	-0.69737	0.04747	0.03283	0.01641	0.01641
GTA	GTT	AT	1.72217	0.00164	0.00344	-1.72217	0.00918	0.00344	0.00344	0.00344
GTA	GTC	AC	0.84477	0.00682	0.01011	-0.84477	0.01588	0.01011	0.01011	0.01011
GTG	TTG	GT	0.09617	0.00834	0.00874	-0.09617	0.00918	0.00874	0.00437	0.00437
GTG	CTG	GC	-0.17079	0.03469	0.03181	0.17079	0.02924	0.03181	0.01591	0.01591
GTG	ATG	GA	-0.54302	0.12015	0.09047	0.54302	0.06981	0.09047	0.04523	0.04523
GTG	GTT	GT	0.22896	0.00834	0.00933	-0.22896	0.01048	0.00933	0.00933	0.00933
GTG	GTC	GC	-0.64844	0.03469	0.02465	0.64844	0.01814	0.02465	0.02465	0.02465
GTG	GTA	GA	-1.49321	0.12015	0.05198	1.49321	0.02699	0.05198	0.05198	0.05198
GCT	TCT	GT	1.59487	0.00296	0.00593	-1.59487	0.01461	0.00593	0.00297	0.00297
GCT	CCT	GC	-0.01181	0.01234	0.01226	0.01181	0.01219	0.01226	0.00613	0.00613
GCT	ACT	GA	0.09678	0.04273	0.04483	-0.09678	0.04707	0.04483	0.02241	0.02241
GCT	GTT	CT	1.47633	0.01452	0.02778	-1.47633	0.06354	0.02778	0.01389	0.01389
GCC	TCC	GT	0.90525	0.00825	0.01254	-0.90525	0.02039	0.01254	0.00627	0.00627
GCC	CCC	GC	-0.74342	0.03432	0.02313	0.74342	0.01632	0.02313	0.01157	0.01157
GCC	ACC	GA	0.08366	0.11887	0.12391	-0.08366	0.12924	0.12391	0.06196	0.06196
GCC	GTC	CT	1.00160	0.04039	0.06393	-1.00160	0.10996	0.06393	0.03197	0.03197
GCC	GCT	CT	0.40268	0.04039	0.04906	-0.40268	0.06041	0.04906	0.04906	0.04906
GCA	TCA	GT	1.20541	0.00349	0.00601	-1.20541	0.01165	0.00601	0.00300	0.00300
GCA	CCA	GC	-0.23453	0.01452	0.01289	0.23453	0.01149	0.01289	0.00644	0.00644
GCA	ACA	GA	0.14663	0.05030	0.05407	-0.14663	0.05824	0.05407	0.02704	0.02704
GCA	GTA	CT	0.67063	0.01709	0.02345	-0.67063	0.03342	0.02345	0.01173	0.01173
GCA	GCT	AT	0.91647	0.00349	0.00533	-0.91647	0.00873	0.00533	0.00533	0.00533
GCA	GCC	AC	0.51380	0.01452	0.01857	-0.51380	0.02428	0.01857	0.01857	0.01857
GCG	TCG	GT	1.63602	0.00176	0.00358	-1.63602	0.00904	0.00358	0.00179	0.00179
GCG	CCG	GC	-0.41058	0.00733	0.00593	0.41058	0.00486	0.00593	0.00296	0.00296
GCG	ACG	GA	0.63722	0.02538	0.03432	-0.63722	0.04800	0.03432	0.01716	0.01716
GCG	GTG	CT	2.98061	0.00862	0.02708	-2.98061	0.16988	0.02708	0.01354	0.01354
GCG	GCT	GT	1.73324	0.00176	0.00371	-1.73324	0.00997	0.00371	0.00371	0.00371
GCG	GCC	GC	1.33057	0.00733	0.01325	-1.33057	0.02772	0.01325	0.01325	0.01325
GCG	GCA	GA	0.81677	0.02538	0.03714	-0.81677	0.05744	0.03714	0.03714	0.03714
GAT	TAT	GT	0.45403	0.00819	0.01019	-0.45403	0.01290	0.01019	0.00510	0.00510
GAT	CAT	GC	-1.22434	0.03409	0.01738	1.22434	0.01002	0.01738	0.00869	0.00869
GAT	AAT	GA	-0.12952	0.11806	0.11058	0.12952	0.10372	0.11058	0.05529	0.05529
GAT	GTT	AT	0.11372	0.00819	0.00867	-0.11372	0.00918	0.00867	0.00433	0.00433
GAT	GCT	AC	-1.36261	0.03409	0.01598	1.36261	0.00873	0.01598	0.00799	0.00799
GAC	TAC	GT	1.29103	0.00849	0.01512	-1.29103	0.03087	0.01512	0.00756	0.00756
GAC	CAC	GC	-0.52718	0.03533	0.02683	0.52718	0.02085	0.02683	0.01342	0.01342
GAC	AAC	GA	0.33619	0.12237	0.14408	-0.33619	0.17126	0.14408	0.07204	0.07204
GAC	GTC	AT	0.62633	0.00849	0.01142	-0.62633	0.01588	0.01142	0.00571	0.00571
GAC	GCC	AC	-0.37527	0.03533	0.02911	0.37527	0.02428	0.02911	0.01456	0.01456
GAC	GAT	CT	1.39001	0.04157	0.07696	-1.39001	0.16692	0.07696	0.07696	0.07696
GAA	CAA	GC	-0.48381	0.02370	0.01843	0.48381	0.01461	0.01843	0.00921	0.00921
GAA	AAA	GA	0.31988	0.08208	0.09591	-0.31988	0.11302	0.09591	0.04795	0.04795
GAA	GTA	AT	-0.16545	0.00570	0.00524	0.16545	0.00483	0.00524	0.00262	0.00262
GAA	GCA	AC	-0.83609	0.02370	0.01516	0.83609	0.01027	0.01516	0.00758	0.00758
GAA	GAT	AT	1.44300	0.00570	0.01076	-1.44300	0.02411	0.01076	0.00538	0.00538
GAA	GAC	AC	0.05298	0.02370	0.02433	-0.05298	0.02499	0.02433	0.01217	0.01217
GAG	CAG	GC	-0.14813	0.03385	0.03141	0.14813	0.02919	0.03141	0.01570	0.01570
GAG	AAG	GA	-0.05087	0.11724	0.11429	0.05087	0.11143	0.11429	0.05714	0.05714
GAG	GTG	AT	1.10406	0.00813	0.01344	-1.10406	0.02454	0.01344	0.00672	0.00672
GAG	GCG	AC	-1.87655	0.03385	0.01149	1.87655	0.00518	0.01149	0.00574	0.00574
GAG	GAT	GT	1.21930	0.00813	0.01408	-1.21930	0.02753	0.01408	0.00704	0.00704
GAG	GAC	GC	-0.17071	0.03385	0.03104	0.17071	0.02854	0.03104	0.01552	0.01552
GAG	GAA	GA	-0.22369	0.11724	0.10462	0.22369	0.09374	0.10462	0.10462	0.10462
GGT	TGT	GT	1.02828	0.00274	0.00438	-1.02828	0.00766	0.00438	0.00219	0.00219
GGT	CGT	GC	-1.57357	0.01140	0.00469	1.57357	0.00236	0.00469	0.00234	0.00234
GGT	AGT	GA	0.73978	0.03947	0.05585	-0.73978	0.08271	0.05585	0.02793	0.02793
GGT	GTT	GT	1.34221	0.00274	0.00498	-1.34221	0.01048	0.00498	0.00249	0.00249
GGT	GCT	GC	-0.13411	0.01140	0.01065	0.13411	0.00997	0.01065	0.00532	0.00532
GGT	GAT	GA	1.22850	0.03947	0.06856	-1.22850	0.13483	0.06856	0.03428	0.03428
GGC	TGC	GT	0.90620	0.00793	0.01206	-0.90620	0.01963	0.01206	0.00603	0.00603
GGC	CGC	GC	-1.18417	0.03301	0.01724	1.18417	0.01010	0.01724	0.00862	0.00862
GGC	AGC	GA	0.08486	0.11433	0.11925	-0.08486	0.12446	0.11925	0.05963	0.05963
GGC	GTC	GT	0.82707	0.00793	0.01166	-0.82707	0.01814	0.01166	0.00583	0.00583
GGC	GCC	GC	-0.17453	0.03301	0.03021	0.17453	0.02772	0.03021	0.01511	0.01511
GGC	GAC	GA	0.20075	0.11433	0.12619	-0.20075	0.13975	0.12619	0.06310	0.06310
GGC	GGT	CT	0.36226	0.03884	0.04630	-0.36226	0.05580	0.04630	0.04630	0.04630
GGA	CGA	GC	-2.51718	0.02995	0.00662	2.51718	0.00242	0.00662	0.00331	0.00331
GGA	AGA	GA	-0.66804	0.10374	0.07292	0.66804	0.05319	0.07292	0.03646	0.03646
GGA	GTA	GT	-0.26676	0.00720	0.00628	0.26676	0.00551	0.00628	0.00314	0.00314
GGA	GCA	GC	-0.93739	0.02995	0.01808	0.93739	0.01173	0.01808	0.00904	0.00904
GGA	GAA	GA	-0.10131	0.10374	0.09857	0.10131	0.09374	0.09857	0.04929	0.04929
GGA	GGT	AT	0.11319	0.00720	0.00761	-0.11319	0.00806	0.00761	0.00761	0.00761
GGA	GGC	AC	-0.24907	0.02995	0.02638	0.24907	0.02335	0.02638	0.02638	0.02638
GGG	TGG	GT	0.85709	0.00746	0.01110	-0.85709	0.01757	0.01110	0.00555	0.00555
GGG	CGG	GC	-1.43163	0.03103	0.01394	1.43163	0.00741	0.01394	0.00697	0.00697
GGG	AGG	GA	-0.62174	0.10746	0.07750	0.62174	0.05771	0.07750	0.03875	0.03875
GGG	GTG	GT	1.32400	0.00746	0.01345	-1.32400	0.02802	0.01345	0.00673	0.00673
GGG	GCG	GC	-1.65661	0.03103	0.01212	1.65661	0.00592	0.01212	0.00606	0.00606
GGG	GAG	GA	0.21994	0.10746	0.11971	-0.21994	0.13390	0.11971	0.05986	0.05986
GGG	GGT	GT	0.21075	0.00746	0.00827	-0.21075	0.00921	0.00827	0.00827	0.00827
GGG	GGC	GC	-0.15151	0.03103	0.02874	0.15151	0.02667	0.02874	0.02874	0.02874
GGG	GGA	GA	0.09756	0.10746	0.11279	-0.09756	0.11847	0.11279	0.11279	0.11279


Histograms
2Ns	FMut	FSub(CodonUsage)	FSubw(after w)

-3.06705	0.02049	0.00352	0.00275
-2.76034	0.00000	0.00000	0.00000
-2.45364	0.00795	0.00205	0.00161
-2.14693	0.02753	0.00912	0.00733
-1.84023	0.06314	0.02614	0.02444
-1.53352	0.08618	0.04272	0.04071
-1.22682	0.06837	0.04093	0.03917
-0.92011	0.10227	0.07343	0.08134
-0.61341	0.10819	0.09214	0.09195
-0.30670	0.12161	0.12152	0.12232
0.00000	0.15105	0.17684	0.17678
0.30670	0.08923	0.12152	0.12232
0.61341	0.05894	0.09214	0.09195
0.92011	0.04113	0.07343	0.08134
1.22682	0.02019	0.04093	0.03917
1.53352	0.01869	0.04272	0.04071
1.84023	0.01029	0.02614	0.02444
2.14693	0.00320	0.00912	0.00733
2.45364	0.00064	0.00205	0.00161
2.76034	0.00000	0.00000	0.00000
3.06705	0.00093	0.00352	0.00275

Proportion of advantageous (S > 0) mutations:
 0.31507

Proportions of good & bad mutations (|S| > 2.0000) among mutations:
0.00476  0.05597

mean |Ns| = 0.86914	mean Ns+ = 0.60369	mean Ns- = -0.99125
