

TREE # 1

  0  0.0000   9281.943396  x:  0.00357   0.00286   0.01435   0.01196   0.01449   0.01476   0.02090   0.01201   0.02189   0.01752   0.00987   0.01992   0.00406   0.00000   0.00734   0.02493   0.02067   0.00157   0.02695   0.00460   0.00954   0.00847   0.00506   0.00110   0.02536   0.02527   0.00215   0.01739   0.00304   0.00526   0.00242   0.00076   0.00433   0.00357   0.00300   0.00487   0.00993   0.00471   0.00122   0.00551   0.00288   0.00355   0.00603   0.00404   0.00245   0.00553   0.00304   0.00393   0.00045   0.00958   0.00242   0.00298   0.00011   0.00692   0.00152   0.55428   0.56171   0.58843   0.49167   0.52922   0.58300  
  1 99.0000   9278.493407  x:  0.00358   0.00284   0.01435   0.01195   0.01449   0.01476   0.02090   0.01201   0.02189   0.01752   0.00987   0.01993   0.00406   0.00144   0.00734   0.02493   0.02067   0.00159   0.02695   0.00460   0.00953   0.00847   0.00505   0.00112   0.02536   0.02527   0.00216   0.01738   0.00302   0.00525   0.00240   0.00077   0.00431   0.00356   0.00299   0.00487   0.00993   0.00470   0.00119   0.00551   0.00286   0.00353   0.00603   0.00403   0.00247   0.00552   0.00304   0.00391   0.00047   0.00957   0.00240   0.00297   0.00008   0.00690   0.00154   0.55429   0.56171   0.58843   0.49167   0.52921   0.58300  
  2 56018.0710   9277.728823  x:  0.00360   0.00278   0.01435   0.01193   0.01449   0.01475   0.02089   0.01200   0.02188   0.01752   0.00986   0.01995   0.00404   0.00144   0.00732   0.02493   0.02066   0.00163   0.02694   0.00462   0.00952   0.00847   0.00504   0.00115   0.02535   0.02526   0.00217   0.01737   0.00297   0.00523   0.00235   0.00077   0.00428   0.00355   0.00295   0.00488   0.00994   0.00470   0.00110   0.00552   0.00281   0.00349   0.00603   0.00402   0.00250   0.00550   0.00303   0.00387   0.00053   0.00955   0.00236   0.00293   0.00000   0.00686   0.00158   0.55432   0.56170   0.58843   0.49167   0.52919   0.58299  
  3 3590.5380   9272.292787  x:  0.00383   0.00212   0.01428   0.01168   0.01447   0.01464   0.02082   0.01190   0.02181   0.01750   0.00981   0.02024   0.00380   0.00144   0.00708   0.02496   0.02061   0.00194   0.02678   0.00482   0.00931   0.00847   0.00488   0.00136   0.02529   0.02517   0.00232   0.01721   0.00227   0.00493   0.00179   0.00082   0.00383   0.00335   0.00257   0.00501   0.01001   0.00463   0.00000   0.00565   0.00219   0.00306   0.00602   0.00383   0.00282   0.00529   0.00292   0.00339   0.00006   0.00930   0.00187   0.00244   0.00000   0.00638   0.00188   0.55474   0.56168   0.58844   0.49171   0.52895   0.58290  
  4 13940.9879   9267.009433  x:  0.00406   0.00083   0.01415   0.01115   0.01444   0.01441   0.02068   0.01171   0.02166   0.01745   0.00972   0.02088   0.00325   0.00144   0.00662   0.02503   0.02050   0.00130   0.02644   0.00512   0.00889   0.00847   0.00460   0.00046   0.02514   0.02496   0.00237   0.01687   0.00086   0.00440   0.00082   0.00067   0.00303   0.00303   0.00198   0.00521   0.01011   0.00458   0.00000   0.00586   0.00104   0.00233   0.00600   0.00354   0.00291   0.00493   0.00274   0.00246   0.00011   0.00884   0.00104   0.00159   0.00000   0.00538   0.00118   0.55569   0.56162   0.58847   0.49180   0.52841   0.58268  
  5 6416.9493   9266.148803  x:  0.00400   0.00070   0.01409   0.01091   0.01444   0.01431   0.02060   0.01162   0.02159   0.01743   0.00968   0.02122   0.00292   0.00144   0.00645   0.02506   0.02043   0.00089   0.02625   0.00517   0.00871   0.00848   0.00454   0.00097   0.02506   0.02485   0.00228   0.01671   0.00052   0.00426   0.00090   0.00084   0.00284   0.00297   0.00196   0.00522   0.01011   0.00461   0.00000   0.00591   0.00094   0.00225   0.00601   0.00349   0.00270   0.00485   0.00273   0.00218   0.00011   0.00867   0.00102   0.00154   0.00000   0.00496   0.00088   0.55622   0.56158   0.58848   0.49185   0.52810   0.58256  
  6 2055.3881   9263.669152  x:  0.00368   0.00097   0.01389   0.01010   0.01445   0.01398   0.02032   0.01133   0.02133   0.01735   0.00955   0.02241   0.00174   0.00144   0.00592   0.02519   0.02021   0.00091   0.02560   0.00527   0.00811   0.00850   0.00445   0.00076   0.02479   0.02446   0.00200   0.01620   0.00000   0.00388   0.00146   0.00134   0.00245   0.00286   0.00214   0.00521   0.01008   0.00475   0.00000   0.00600   0.00112   0.00224   0.00604   0.00339   0.00196   0.00465   0.00278   0.00150   0.00011   0.00815   0.00124   0.00176   0.00000   0.00366   0.00122   0.55819   0.56145   0.58853   0.49203   0.52696   0.58212  
  7 2442.9082   9261.425314  x:  0.00343   0.00092   0.01364   0.00912   0.01447   0.01355   0.01996   0.01097   0.02098   0.01725   0.00940   0.02408   0.00000   0.00145   0.00538   0.02537   0.01992   0.00139   0.02471   0.00535   0.00742   0.00853   0.00461   0.00070   0.02443   0.02393   0.00215   0.01555   0.00069   0.00362   0.00160   0.00160   0.00230   0.00281   0.00234   0.00517   0.00992   0.00490   0.00000   0.00607   0.00123   0.00233   0.00607   0.00336   0.00214   0.00452   0.00295   0.00155   0.00011   0.00754   0.00149   0.00179   0.00000   0.00249   0.00062   0.56106   0.56126   0.58860   0.49230   0.52529   0.58147  
  8 3347.9845   9258.864521  x:  0.00318   0.00072   0.01331   0.00786   0.01450   0.01297   0.01945   0.01051   0.02049   0.01712   0.00921   0.02658   0.00000   0.00145   0.00481   0.02563   0.01949   0.00070   0.02341   0.00540   0.00657   0.00858   0.00488   0.00071   0.02390   0.02314   0.00235   0.01463   0.00140   0.00349   0.00151   0.00115   0.00233   0.00286   0.00262   0.00512   0.00967   0.00509   0.00000   0.00610   0.00128   0.00252   0.00612   0.00340   0.00257   0.00445   0.00320   0.00212   0.00012   0.00681   0.00172   0.00176   0.00000   0.00177   0.00116   0.56548   0.56097   0.58870   0.49272   0.52272   0.58046  
  9 5498.7883   9255.729328  x:  0.00312   0.00093   0.01300   0.00682   0.01454   0.01242   0.01894   0.01009   0.01998   0.01699   0.00906   0.02923   0.00000   0.00146   0.00451   0.02592   0.01905   0.00097   0.02203   0.00541   0.00593   0.00863   0.00500   0.00086   0.02334   0.02230   0.00220   0.01372   0.00120   0.00355   0.00141   0.00026   0.00239   0.00295   0.00280   0.00511   0.00948   0.00525   0.00000   0.00609   0.00124   0.00267   0.00615   0.00348   0.00236   0.00448   0.00331   0.00241   0.00011   0.00627   0.00192   0.00163   0.00000   0.00253   0.00103   0.57058   0.56063   0.58883   0.49320   0.51974   0.57930  
 10 5755.6120   9252.171827  x:  0.00332   0.00110   0.01250   0.00545   0.01461   0.01154   0.01803   0.00945   0.01909   0.01678   0.00884   0.03407   0.00000   0.00147   0.00440   0.02644   0.01826   0.00100   0.01953   0.00541   0.00516   0.00874   0.00514   0.00073   0.02233   0.02078   0.00192   0.01220   0.00086   0.00391   0.00096   0.00148   0.00268   0.00316   0.00294   0.00512   0.00921   0.00542   0.00000   0.00600   0.00104   0.00287   0.00619   0.00368   0.00216   0.00468   0.00339   0.00304   0.00011   0.00561   0.00204   0.00131   0.00000   0.00457   0.00096   0.58049   0.55997   0.58907   0.49413   0.51396   0.57705  
 11 11925.5430   9241.885335  x:  0.00425   0.00014   0.01217   0.00806   0.01471   0.01093   0.01684   0.00931   0.01780   0.01658   0.00891   0.04260   0.00000   0.00149   0.00645   0.02738   0.01706   0.00111   0.01568   0.00562   0.00701   0.00893   0.00513   0.00059   0.02072   0.01818   0.00286   0.01095   0.00017   0.00472   0.00216   0.00151   0.00313   0.00325   0.00217   0.00512   0.00913   0.00506   0.00000   0.00572   0.00166   0.00262   0.00613   0.00376   0.00277   0.00517   0.00274   0.00252   0.00011   0.00688   0.00139   0.00311   0.00000   0.00463   0.00069   0.60331   0.55845   0.58962   0.49629   0.50053   0.57181  
 12 4548.9754   9238.992302  x:  0.00465   0.00110   0.01207   0.00922   0.01475   0.01076   0.01639   0.00932   0.01731   0.01651   0.00895   0.04609   0.00000   0.00150   0.00728   0.02777   0.01660   0.00096   0.01422   0.00576   0.00782   0.00899   0.00512   0.00055   0.02009   0.01716   0.00330   0.01058   0.00000   0.00497   0.00226   0.00151   0.00321   0.00323   0.00174   0.00516   0.00911   0.00486   0.00000   0.00564   0.00160   0.00237   0.00609   0.00374   0.00323   0.00531   0.00247   0.00228   0.00012   0.00745   0.00091   0.00354   0.00000   0.00442   0.00053   0.61317   0.55779   0.58986   0.49722   0.49472   0.56955  
 13 37393.7051   9227.282946  x:  0.00358   0.00111   0.01251   0.01163   0.01476   0.01160   0.01623   0.01018   0.01696   0.01664   0.00936   0.05252   0.00000   0.00152   0.00848   0.02844   0.01613   0.00119   0.01377   0.00592   0.00937   0.00896   0.00505   0.00090   0.01943   0.01600   0.00207   0.01195   0.00176   0.00484   0.00067   0.00136   0.00294   0.00307   0.00235   0.00514   0.00914   0.00450   0.00000   0.00560   0.00025   0.00222   0.00599   0.00360   0.00124   0.00526   0.00272   0.00170   0.00012   0.00909   0.00132   0.00212   0.00000   0.00369   0.00099   0.63895   0.55605   0.59049   0.49967   0.47937   0.56357  
 14 7633.1239   9223.161174  x:  0.00320   0.00111   0.01274   0.01229   0.01474   0.01203   0.01630   0.01055   0.01693   0.01672   0.00952   0.05477   0.00000   0.00153   0.00871   0.02866   0.01605   0.00119   0.01403   0.00601   0.00976   0.00891   0.00490   0.00096   0.01930   0.01577   0.00147   0.01267   0.00197   0.00463   0.00013   0.00134   0.00266   0.00296   0.00253   0.00517   0.00924   0.00441   0.00000   0.00565   0.00112   0.00218   0.00597   0.00351   0.00121   0.00514   0.00287   0.00148   0.00012   0.00957   0.00143   0.00118   0.00000   0.00357   0.00104   0.64941   0.55534   0.59075   0.50067   0.47311   0.56114  
 15 25325.6167   9219.815323  x:  0.00293   0.00110   0.01294   0.01269   0.01473   0.01239   0.01639   0.01086   0.01695   0.01679   0.00964   0.05641   0.00000   0.00154   0.00881   0.02881   0.01602   0.00117   0.01439   0.00609   0.00999   0.00887   0.00477   0.00094   0.01926   0.01566   0.00106   0.01329   0.00213   0.00442   0.00046   0.00134   0.00242   0.00286   0.00264   0.00522   0.00933   0.00433   0.00000   0.00571   0.00137   0.00211   0.00594   0.00342   0.00140   0.00502   0.00302   0.00142   0.00012   0.00989   0.00146   0.00028   0.00000   0.00361   0.00107   0.65762   0.55479   0.59095   0.50146   0.46818   0.55922  
 16 63770.9085   9201.651898  x:  0.00173   0.00115   0.01421   0.01326   0.01458   0.01471   0.01737   0.01258   0.01755   0.01731   0.01028   0.06404   0.00000   0.00158   0.00819   0.02942   0.01628   0.00112   0.01809   0.00649   0.01005   0.00851   0.00387   0.00078   0.01959   0.01607   0.00018   0.01725   0.00184   0.00281   0.00067   0.00150   0.00073   0.00232   0.00334   0.00559   0.01002   0.00426   0.00000   0.00624   0.00122   0.00182   0.00585   0.00290   0.00305   0.00406   0.00402   0.00156   0.00011   0.01083   0.00216   0.00145   0.00000   0.00463   0.00086   0.70329   0.55168   0.59207   0.50582   0.44067   0.54853  
 17 29500.5418   9194.929196  x:  0.00126   0.00118   0.01476   0.01343   0.01452   0.01573   0.01782   0.01332   0.01784   0.01754   0.01055   0.06729   0.00000   0.00160   0.00788   0.02967   0.01642   0.00107   0.01977   0.00663   0.01003   0.00835   0.00349   0.00071   0.01976   0.01630   0.00081   0.01900   0.00162   0.00214   0.00075   0.00160   0.00017   0.00211   0.00372   0.00574   0.01032   0.00426   0.00000   0.00646   0.00127   0.00177   0.00582   0.00270   0.00337   0.00366   0.00445   0.00155   0.00011   0.01122   0.00251   0.00168   0.00000   0.00511   0.00078   0.72323   0.55033   0.59256   0.50773   0.42865   0.54386  
 18 252948.9490   9182.517742  x:  0.00092   0.00123   0.01601   0.01358   0.01436   0.01804   0.01890   0.01497   0.01854   0.01807   0.01113   0.07441   0.00000   0.00165   0.00691   0.03020   0.01679   0.00105   0.02378   0.00700   0.00978   0.00797   0.00261   0.00057   0.02025   0.01696   0.00163   0.02297   0.00085   0.00066   0.00087   0.00178   0.00172   0.00163   0.00441   0.00612   0.01107   0.00426   0.00000   0.00702   0.00124   0.00157   0.00575   0.00223   0.00411   0.00269   0.00534   0.00130   0.00011   0.01188   0.00308   0.00214   0.00000   0.00564   0.00056   0.76880   0.54723   0.59368   0.51209   0.40115   0.53317  
 19 183105.6859   9160.646007  x:  0.00342   0.00130   0.01767   0.01318   0.01414   0.02117   0.02054   0.01708   0.01969   0.01881   0.01182   0.08361   0.00000   0.00171   0.00514   0.03079   0.01750   0.00105   0.02979   0.00736   0.00898   0.00745   0.00200   0.00042   0.02119   0.01832   0.00217   0.02847   0.00000   0.00311   0.00101   0.00187   0.00239   0.00147   0.00517   0.00649   0.01205   0.00437   0.00000   0.00774   0.00131   0.00168   0.00571   0.00196   0.00442   0.00176   0.00634   0.00110   0.00011   0.01235   0.00361   0.00257   0.00000   0.00532   0.00026   0.83326   0.54284   0.59527   0.51827   0.36214   0.51802  
 20 95893.3935   9160.646007  x:  0.00342   0.00130   0.01767   0.01318   0.01414   0.02117   0.02054   0.01708   0.01969   0.01881   0.01182   0.08361   0.00000   0.00171   0.00514   0.03079   0.01750   0.00105   0.02979   0.00736   0.00898   0.00745   0.00200   0.00042   0.02119   0.01832   0.00217   0.02847   0.00000   0.00311   0.00101   0.00187   0.00239   0.00147   0.00517   0.00649   0.01205   0.00437   0.00000   0.00774   0.00131   0.00168   0.00571   0.00196   0.00442   0.00176   0.00634   0.00110   0.00011   0.01235   0.00361   0.00257   0.00000   0.00532   0.00026   0.83326   0.54284   0.59527   0.51827   0.36214   0.51802  
 21 28920.9120   9151.214676  x:  0.00360   0.00109   0.01753   0.01300   0.01415   0.02096   0.02051   0.01687   0.01969   0.01876   0.01170   0.08325   0.00000   0.00156   0.00523   0.03070   0.01754   0.00172   0.02966   0.00727   0.00891   0.00750   0.00267   0.00169   0.02126   0.01842   0.00240   0.02819   0.00046   0.00323   0.00099   0.00175   0.00238   0.00188   0.00482   0.00640   0.01197   0.00432   0.00000   0.00764   0.00118   0.00180   0.00574   0.00231   0.00431   0.00246   0.00604   0.00139   0.00346   0.01211   0.00322   0.00242   0.00000   0.00519   0.00381   0.83338   0.54282   0.59528   0.51829   0.36201   0.51796  
 22 12271.3255   9138.219481  x:  0.00454   0.00017   0.01670   0.01190   0.01419   0.01967   0.02028   0.01560   0.01970   0.01849   0.01101   0.08100   0.00000   0.00078   0.00570   0.03018   0.01781   0.00337   0.02882   0.00672   0.00846   0.00783   0.00490   0.00232   0.02162   0.01903   0.00305   0.02649   0.00038   0.00382   0.00090   0.00054   0.00225   0.00329   0.00268   0.00587   0.01153   0.00420   0.00000   0.00702   0.00059   0.00235   0.00588   0.00371   0.00370   0.00511   0.00423   0.00219   0.00218   0.01069   0.00121   0.00072   0.00000   0.00404   0.00410   0.83413   0.54274   0.59530   0.51839   0.36116   0.51764  
 23 3084.8610   9135.275287  x:  0.00489   0.00149   0.01627   0.01135   0.01422   0.01900   0.02016   0.01495   0.01971   0.01834   0.01066   0.07978   0.00000   0.00066   0.00590   0.02989   0.01795   0.00388   0.02838   0.00646   0.00824   0.00798   0.00567   0.00254   0.02180   0.01934   0.00323   0.02559   0.00061   0.00403   0.00090   0.00072   0.00225   0.00373   0.00172   0.00563   0.01130   0.00419   0.00000   0.00673   0.00068   0.00251   0.00595   0.00415   0.00347   0.00601   0.00334   0.00238   0.00162   0.00997   0.00052   0.00046   0.00000   0.00352   0.00430   0.83453   0.54270   0.59531   0.51844   0.36070   0.51747  
 24 7367.5708   9131.402471  x:  0.00524   0.00164   0.01560   0.01050   0.01425   0.01792   0.01998   0.01390   0.01972   0.01812   0.01014   0.07774   0.00000   0.00097   0.00615   0.02943   0.01816   0.00425   0.02767   0.00609   0.00792   0.00821   0.00638   0.00270   0.02209   0.01982   0.00329   0.02411   0.00071   0.00420   0.00095   0.00117   0.00235   0.00405   0.00071   0.00533   0.01094   0.00424   0.00000   0.00633   0.00098   0.00256   0.00603   0.00450   0.00328   0.00689   0.00215   0.00241   0.00095   0.00889   0.00119   0.00183   0.00000   0.00290   0.00465   0.83522   0.54262   0.59533   0.51854   0.35993   0.51718  
 25 4994.9822   9124.777611  x:  0.00553   0.00165   0.01408   0.00868   0.01432   0.01537   0.01954   0.01150   0.01976   0.01762   0.00905   0.07259   0.00000   0.00146   0.00651   0.02831   0.01866   0.00414   0.02596   0.00542   0.00727   0.00865   0.00693   0.00260   0.02272   0.02093   0.00296   0.02053   0.00019   0.00423   0.00102   0.00180   0.00281   0.00396   0.00305   0.00488   0.01016   0.00443   0.00000   0.00563   0.00121   0.00223   0.00615   0.00446   0.00326   0.00759   0.00080   0.00203   0.00047   0.00659   0.00127   0.00207   0.00000   0.00241   0.00515   0.83695   0.54243   0.59538   0.51877   0.35796   0.51644  
 26 4016.2292   9121.906586  x:  0.00556   0.00166   0.01368   0.00824   0.01433   0.01468   0.01943   0.01087   0.01977   0.01749   0.00878   0.07110   0.00000   0.00150   0.00658   0.02799   0.01879   0.00404   0.02548   0.00528   0.00712   0.00876   0.00701   0.00251   0.02289   0.02123   0.00289   0.01953   0.00000   0.00422   0.00101   0.00191   0.00285   0.00389   0.00311   0.00480   0.00995   0.00448   0.00000   0.00549   0.00122   0.00215   0.00617   0.00440   0.00327   0.00769   0.00127   0.00199   0.00057   0.00606   0.00129   0.00207   0.00000   0.00240   0.00511   0.83746   0.54238   0.59540   0.51884   0.35738   0.51622  
 27 7625.3488   9115.068319  x:  0.00519   0.00136   0.01242   0.00729   0.01437   0.01224   0.01903   0.00892   0.01986   0.01703   0.00820   0.06447   0.00000   0.00111   0.00654   0.02674   0.01929   0.00303   0.02366   0.00524   0.00688   0.00900   0.00643   0.00191   0.02350   0.02231   0.00266   0.01568   0.00000   0.00389   0.00092   0.00209   0.00257   0.00301   0.00175   0.00494   0.00927   0.00457   0.00000   0.00552   0.00085   0.00198   0.00614   0.00357   0.00359   0.00685   0.00041   0.00180   0.00151   0.00536   0.00131   0.00118   0.00000   0.00353   0.00473   0.83976   0.54213   0.59546   0.51915   0.35476   0.51523  
 28 5673.3215   9109.298829  x:  0.00478   0.00110   0.01185   0.00748   0.01439   0.01087   0.01879   0.00823   0.01997   0.01676   0.00824   0.05846   0.00000   0.00086   0.00631   0.02580   0.01963   0.00264   0.02233   0.00559   0.00703   0.00902   0.00592   0.00238   0.02394   0.02306   0.00295   0.01301   0.00000   0.00372   0.00117   0.00197   0.00244   0.00258   0.00129   0.00528   0.00897   0.00448   0.00000   0.00595   0.00104   0.00233   0.00606   0.00311   0.00367   0.00588   0.00061   0.00206   0.00023   0.00632   0.00107   0.00088   0.00000   0.00389   0.00602   0.84191   0.54189   0.59553   0.51943   0.35230   0.51431  
 29 4379.4946   9102.055409  x:  0.00454   0.00123   0.01155   0.00885   0.01441   0.00955   0.01851   0.00844   0.02022   0.01641   0.00886   0.04627   0.00000   0.00118   0.00587   0.02425   0.02014   0.00318   0.02019   0.00637   0.00757   0.00888   0.00547   0.00257   0.02463   0.02427   0.00395   0.00927   0.00000   0.00395   0.00156   0.00091   0.00247   0.00310   0.00179   0.00579   0.00886   0.00419   0.00000   0.00675   0.00140   0.00320   0.00595   0.00356   0.00320   0.00472   0.00051   0.00272   0.00099   0.00902   0.00060   0.00163   0.00000   0.00246   0.00504   0.84641   0.54140   0.59566   0.52004   0.34715   0.51237  
 30 4992.2764   9096.667368  x:  0.00480   0.00113   0.01183   0.00977   0.01440   0.00978   0.01845   0.00936   0.02042   0.01630   0.00938   0.03649   0.00000   0.00098   0.00570   0.02337   0.02037   0.00399   0.01905   0.00664   0.00785   0.00871   0.00561   0.00263   0.02501   0.02498   0.00422   0.00857   0.00000   0.00421   0.00111   0.00241   0.00229   0.00380   0.00219   0.00590   0.00909   0.00412   0.00000   0.00695   0.00034   0.00295   0.00592   0.00424   0.00312   0.00490   0.00064   0.00244   0.00107   0.01018   0.00195   0.00076   0.00000   0.00249   0.00464   0.85025   0.54098   0.59577   0.52056   0.34276   0.51071  
 31 4814.1363   9093.762578  x:  0.00501   0.00080   0.01213   0.01011   0.01439   0.01032   0.01848   0.01002   0.02054   0.01628   0.00963   0.02981   0.00000   0.00087   0.00568   0.02293   0.02045   0.00429   0.01854   0.00662   0.00790   0.00862   0.00571   0.00244   0.02519   0.02537   0.00401   0.00912   0.00000   0.00426   0.00089   0.00274   0.00216   0.00403   0.00221   0.00584   0.00932   0.00418   0.00000   0.00687   0.00175   0.00243   0.00594   0.00447   0.00328   0.00522   0.00066   0.00202   0.00115   0.01034   0.00213   0.00027   0.00000   0.00294   0.00447   0.85306   0.54067   0.59585   0.52094   0.33953   0.50949  
 32 6832.8795   9090.454363  x:  0.00516   0.00064   0.01253   0.01026   0.01438   0.01112   0.01856   0.01068   0.02066   0.01631   0.00981   0.02262   0.00000   0.00050   0.00568   0.02258   0.02047   0.00431   0.01822   0.00650   0.00786   0.00853   0.00577   0.00211   0.02532   0.02569   0.00354   0.01036   0.00000   0.00417   0.00090   0.00246   0.00204   0.00398   0.00228   0.00572   0.00958   0.00429   0.00000   0.00669   0.00158   0.00171   0.00596   0.00443   0.00361   0.00561   0.00067   0.00164   0.00104   0.01006   0.00113   0.00116   0.00000   0.00381   0.00449   0.85631   0.54032   0.59594   0.52138   0.33579   0.50808  
 33 8092.9290   9089.122779  x:  0.00514   0.00065   0.01274   0.01016   0.01437   0.01157   0.01864   0.01092   0.02071   0.01637   0.00981   0.01956   0.00000   0.00176   0.00569   0.02256   0.02043   0.00409   0.01830   0.00636   0.00777   0.00852   0.00571   0.00204   0.02533   0.02576   0.00323   0.01119   0.00000   0.00405   0.00121   0.00188   0.00220   0.00374   0.00209   0.00562   0.00969   0.00436   0.00000   0.00654   0.00118   0.00185   0.00598   0.00421   0.00369   0.00567   0.00065   0.00185   0.00095   0.00966   0.00106   0.00097   0.00000   0.00389   0.00460   0.85813   0.54012   0.59599   0.52163   0.33369   0.50729  
 34 3528.0041   9087.639741  x:  0.00494   0.00080   0.01292   0.00986   0.01437   0.01195   0.01879   0.01095   0.02074   0.01648   0.00968   0.01779   0.00000   0.00106   0.00567   0.02277   0.02031   0.00359   0.01875   0.00619   0.00764   0.00855   0.00554   0.00217   0.02526   0.02570   0.00311   0.01195   0.00000   0.00394   0.00097   0.00102   0.00249   0.00330   0.00213   0.00555   0.00971   0.00438   0.00000   0.00639   0.00095   0.00263   0.00599   0.00379   0.00351   0.00544   0.00062   0.00224   0.00091   0.00900   0.00174   0.00072   0.00000   0.00310   0.00461   0.86045   0.53986   0.59606   0.52194   0.33099   0.50627  
 35 1528.1546   9086.795469  x:  0.00476   0.00054   0.01303   0.00967   0.01437   0.01214   0.01891   0.01093   0.02076   0.01657   0.00959   0.01701   0.00000   0.00077   0.00562   0.02299   0.02020   0.00325   0.01918   0.00613   0.00758   0.00857   0.00541   0.00225   0.02517   0.02560   0.00319   0.01232   0.00091   0.00389   0.00103   0.00119   0.00261   0.00305   0.00208   0.00553   0.00971   0.00434   0.00000   0.00636   0.00086   0.00301   0.00600   0.00354   0.00333   0.00517   0.00060   0.00245   0.00094   0.00863   0.00166   0.00061   0.00000   0.00243   0.00451   0.86249   0.53964   0.59612   0.52222   0.32861   0.50537  
 36 2555.5729   9083.292554  x:  0.00451   0.00007   0.01318   0.00941   0.01438   0.01225   0.01922   0.01078   0.02080   0.01681   0.00943   0.01685   0.00000   0.00095   0.00542   0.02364   0.01992   0.00316   0.02033   0.00620   0.00764   0.00859   0.00508   0.00243   0.02491   0.02525   0.00361   0.01220   0.00073   0.00404   0.00057   0.00107   0.00205   0.00319   0.00217   0.00572   0.00989   0.00410   0.00000   0.00656   0.00072   0.00275   0.00597   0.00368   0.00300   0.00468   0.00062   0.00205   0.00089   0.00824   0.00138   0.00056   0.00000   0.00226   0.00419   0.86888   0.53893   0.59629   0.52310   0.32116   0.50255  
 37 2146.5572   9079.514783  x:  0.00433   0.00009   0.01330   0.00915   0.01438   0.01226   0.01955   0.01056   0.02084   0.01705   0.00928   0.01670   0.00000   0.00084   0.00522   0.02433   0.01963   0.00329   0.02152   0.00634   0.00773   0.00859   0.00501   0.00258   0.02463   0.02488   0.00414   0.01193   0.00153   0.00417   0.00102   0.00018   0.00151   0.00348   0.00243   0.00595   0.01004   0.00386   0.00000   0.00683   0.00060   0.00224   0.00594   0.00394   0.00293   0.00452   0.00065   0.00179   0.00083   0.00795   0.00186   0.00047   0.00000   0.00281   0.00389   0.87637   0.53810   0.59650   0.52412   0.31241   0.49923  
 38 12054.3939   9075.647104  x:  0.00420   0.00000   0.01336   0.00897   0.01436   0.01218   0.01983   0.01027   0.02088   0.01725   0.00917   0.01659   0.00000   0.00070   0.00511   0.02491   0.01938   0.00344   0.02251   0.00649   0.00781   0.00858   0.00513   0.00261   0.02437   0.02454   0.00440   0.01170   0.00143   0.00411   0.00156   0.00034   0.00155   0.00361   0.00269   0.00622   0.01020   0.00374   0.00000   0.00710   0.00071   0.00249   0.00590   0.00402   0.00317   0.00475   0.00065   0.00254   0.00089   0.00788   0.00196   0.00054   0.00000   0.00354   0.00356   0.88357   0.53731   0.59670   0.52511   0.30400   0.49605  
 39 10773.8066   9065.314818  x:  0.00371   0.00013   0.01348   0.00840   0.01426   0.01178   0.02067   0.00924   0.02099   0.01786   0.00886   0.01587   0.00000   0.00099   0.00474   0.02666   0.01863   0.00376   0.02553   0.00701   0.00808   0.00853   0.00567   0.00278   0.02358   0.02349   0.00524   0.01099   0.00213   0.00380   0.00015   0.00036   0.00135   0.00387   0.00336   0.00717   0.01063   0.00339   0.00000   0.00798   0.00103   0.00311   0.00578   0.00409   0.00375   0.00555   0.00065   0.00445   0.00091   0.00778   0.00215   0.00094   0.00000   0.00536   0.00302   0.90675   0.53474   0.59733   0.52829   0.27690   0.48578  
 40 34929.5406   9038.373404  x:  0.00347   0.00029   0.01353   0.00749   0.01391   0.01066   0.02247   0.00718   0.02125   0.01906   0.00837   0.01389   0.00000   0.00105   0.00445   0.03038   0.01704   0.00364   0.03189   0.00790   0.00853   0.00838   0.00643   0.00289   0.02183   0.02116   0.00621   0.00950   0.00122   0.00318   0.00126   0.00101   0.00010   0.00381   0.00342   0.00917   0.01163   0.00352   0.00000   0.00956   0.00122   0.00280   0.00559   0.00374   0.00304   0.00673   0.00069   0.00327   0.00101   0.00776   0.00218   0.00093   0.00000   0.00471   0.00306   0.96772   0.52798   0.59900   0.53666   0.20556   0.45873  
 41 27363.0564   9020.414265  x:  0.00330   0.00041   0.01357   0.00663   0.01355   0.00946   0.02437   0.00510   0.02154   0.02032   0.00790   0.01192   0.00000   0.00106   0.00416   0.03428   0.01538   0.00358   0.03858   0.00887   0.00904   0.00819   0.00715   0.00298   0.01999   0.01870   0.00727   0.00779   0.00030   0.00263   0.00217   0.00154   0.00119   0.00386   0.00318   0.01128   0.01269   0.00364   0.00000   0.01125   0.00134   0.00202   0.00540   0.00349   0.00227   0.00787   0.00074   0.00149   0.00110   0.00786   0.00213   0.00085   0.00000   0.00418   0.00314   1.03297   0.52074   0.60078   0.54563   0.12920   0.42978  
 42 695070.6712   9007.041224  x:  0.00509   0.00035   0.01267   0.00750   0.01364   0.00863   0.02427   0.00768   0.02161   0.02004   0.00812   0.01253   0.00000   0.00098   0.00533   0.03446   0.01576   0.00324   0.03901   0.00826   0.00878   0.00818   0.00669   0.00209   0.02013   0.01889   0.00609   0.00716   0.00052   0.00443   0.00186   0.00129   0.00102   0.00350   0.00299   0.01039   0.01188   0.00452   0.00000   0.01044   0.00121   0.00170   0.00575   0.00372   0.00469   0.00726   0.00068   0.00224   0.00098   0.00795   0.00205   0.00074   0.00000   0.00342   0.00369   1.07071   0.51654   0.60178   0.55084   0.08550   0.41292  
 43 17607.9606   9002.625830  x:  0.00426   0.00033   0.01230   0.00807   0.01383   0.00915   0.02353   0.00729   0.02156   0.01941   0.00850   0.01340   0.00000   0.00100   0.00498   0.03321   0.01661   0.00380   0.03703   0.00768   0.00864   0.00816   0.00651   0.00237   0.02091   0.01987   0.00513   0.00828   0.00084   0.00307   0.00171   0.00124   0.00092   0.00380   0.00312   0.00906   0.01113   0.00388   0.00000   0.00939   0.00122   0.00301   0.00577   0.00402   0.00278   0.00701   0.00072   0.00182   0.00103   0.00846   0.00200   0.00087   0.00000   0.00447   0.00345   1.08414   0.51502   0.60210   0.55274   0.07165   0.40679  
 44 4713.3007   9001.540050  x:  0.00355   0.00033   0.01275   0.00787   0.01387   0.00990   0.02320   0.00640   0.02153   0.01923   0.00858   0.01371   0.00000   0.00098   0.00446   0.03256   0.01679   0.00382   0.03595   0.00771   0.00876   0.00813   0.00658   0.00273   0.02115   0.02013   0.00518   0.00867   0.00072   0.00303   0.00169   0.00122   0.00090   0.00381   0.00309   0.00877   0.01127   0.00383   0.00000   0.00922   0.00119   0.00183   0.00559   0.00370   0.00293   0.00706   0.00068   0.00260   0.00103   0.00878   0.00208   0.00079   0.00000   0.00400   0.00332   1.08844   0.51452   0.60216   0.55338   0.06936   0.40474  
 45 1282.8204   8998.878960  x:  0.00397   0.00031   0.01425   0.00691   0.01387   0.01114   0.02275   0.00566   0.02148   0.01919   0.00841   0.01423   0.00488   0.00107   0.00421   0.03147   0.01663   0.00342   0.03394   0.00824   0.00916   0.00808   0.00697   0.00273   0.02123   0.02012   0.00595   0.00872   0.00081   0.00367   0.00166   0.00117   0.00089   0.00359   0.00316   0.00895   0.01217   0.00408   0.00000   0.00955   0.00116   0.00279   0.00532   0.00309   0.00382   0.00756   0.00072   0.00178   0.00107   0.00899   0.00204   0.00084   0.00000   0.00400   0.00323   1.09756   0.51343   0.60226   0.55478   0.06844   0.40026  
 46 1142.7444   8996.538236  x:  0.00405   0.00032   0.01486   0.00678   0.01384   0.01077   0.02261   0.00711   0.02141   0.01940   0.00804   0.01440   0.00863   0.00104   0.00513   0.03119   0.01618   0.00294   0.03295   0.00847   0.00914   0.00814   0.00687   0.00228   0.02090   0.01957   0.00629   0.00842   0.00079   0.00275   0.00167   0.00118   0.00090   0.00324   0.00317   0.00933   0.01267   0.00390   0.00000   0.00988   0.00121   0.00215   0.00562   0.00371   0.00235   0.00750   0.00069   0.00265   0.00102   0.00820   0.00208   0.00084   0.00000   0.00415   0.00346   1.10672   0.51233   0.60232   0.55621   0.06930   0.39567  
 47 1699.1760   8991.377655  x:  0.00204   0.00035   0.01419   0.00895   0.01390   0.00850   0.02251   0.00739   0.02106   0.01996   0.00791   0.01431   0.01195   0.00096   0.00513   0.03168   0.01531   0.00439   0.03182   0.00803   0.00837   0.00832   0.00581   0.00299   0.01994   0.01789   0.00587   0.00957   0.00070   0.00275   0.00182   0.00126   0.00095   0.00397   0.00295   0.00939   0.01237   0.00294   0.00000   0.00981   0.00117   0.00235   0.00627   0.00489   0.00359   0.00637   0.00066   0.00248   0.00095   0.00636   0.00200   0.00080   0.00000   0.00392   0.00337   1.13412   0.50900   0.60252   0.56051   0.07222   0.38185  
 48 2195.4752   8982.205441  x:  0.00582   0.00034   0.01237   0.01179   0.01409   0.00663   0.02228   0.00540   0.02030   0.02089   0.00832   0.01440   0.01488   0.00082   0.00367   0.03297   0.01420   0.00636   0.02992   0.00710   0.00713   0.00860   0.00369   0.00457   0.01838   0.01504   0.00469   0.01157   0.00084   0.00294   0.00174   0.00126   0.00094   0.00484   0.00280   0.00886   0.01110   0.00362   0.00000   0.00925   0.00114   0.00196   0.00644   0.00509   0.00286   0.00384   0.00058   0.00351   0.00090   0.00556   0.00197   0.00078   0.00000   0.00424   0.00305   1.19584   0.50150   0.60295   0.57020   0.07785   0.35066  
 49 9799.4056   8941.796634  x:  0.00402   0.00028   0.00614   0.01284   0.01471   0.01265   0.02119   0.00624   0.01813   0.02252   0.00918   0.01681   0.01311   0.00089   0.00738   0.03704   0.01383   0.00772   0.02343   0.00491   0.00566   0.00964   0.00463   0.00547   0.01572   0.01072   0.00132   0.01010   0.00101   0.00424   0.00141   0.00106   0.00092   0.00419   0.00273   0.00522   0.00615   0.00562   0.00000   0.00587   0.00103   0.00190   0.00468   0.00128   0.00160   0.00465   0.00061   0.00318   0.00103   0.00974   0.00180   0.00080   0.00000   0.00459   0.00257   1.43742   0.47211   0.60469   0.60810   0.09569   0.22832  
 50 15149.2178   8906.168881  x:  0.00442   0.00026   0.00702   0.01117   0.01525   0.01674   0.01934   0.00600   0.01667   0.02245   0.00975   0.01983   0.00615   0.00098   0.00714   0.03875   0.01575   0.00539   0.01625   0.00444   0.00595   0.01021   0.00433   0.00464   0.01624   0.01254   0.00416   0.01102   0.00070   0.00136   0.00146   0.00104   0.00099   0.00125   0.00256   0.00242   0.00498   0.00583   0.00000   0.00291   0.00084   0.00254   0.00461   0.00675   0.00419   0.00403   0.00061   0.00277   0.00107   0.01148   0.00164   0.00075   0.00000   0.00398   0.00310   1.67673   0.44297   0.60643   0.64564   0.11058   0.10688  
 51 51306.8586   8888.089970  x:  0.00413   0.00029   0.00859   0.01003   0.01549   0.01750   0.01809   0.00640   0.01639   0.02160   0.00981   0.02159   0.00177   0.00097   0.00625   0.03814   0.01741   0.00370   0.01265   0.00475   0.00622   0.01029   0.00402   0.00377   0.01778   0.01525   0.00360   0.01246   0.00074   0.00361   0.00160   0.00107   0.00107   0.00262   0.00252   0.00410   0.00609   0.00504   0.00000   0.00384   0.00083   0.00302   0.00531   0.00715   0.00337   0.00389   0.00060   0.00319   0.00103   0.01088   0.00160   0.00079   0.00000   0.00406   0.00360   1.79156   0.42898   0.60726   0.66367   0.11713   0.04860  
 52 62890.5613   8884.107335  x:  0.00470   0.00026   0.00904   0.01052   0.01544   0.01651   0.01787   0.00726   0.01694   0.02078   0.00996   0.02224   0.00113   0.00098   0.00549   0.03666   0.01797   0.00465   0.01367   0.00563   0.00657   0.00991   0.00467   0.00368   0.01897   0.01656   0.00276   0.01258   0.00078   0.00201   0.00156   0.00098   0.00107   0.00233   0.00249   0.00346   0.00691   0.00466   0.00000   0.00470   0.00077   0.00283   0.00537   0.00533   0.00392   0.00456   0.00061   0.00293   0.00103   0.01059   0.00163   0.00074   0.00000   0.00348   0.00349   1.81698   0.42585   0.60742   0.66768   0.11895   0.03664  
 53 7954.6044   8882.792587  x:  0.00459   0.00027   0.00929   0.01096   0.01531   0.01584   0.01804   0.00737   0.01750   0.02015   0.01011   0.02236   0.00123   0.00102   0.00541   0.03527   0.01814   0.00503   0.01520   0.00550   0.00671   0.00955   0.00496   0.00353   0.01969   0.01719   0.00349   0.01285   0.00068   0.00265   0.00158   0.00103   0.00108   0.00155   0.00254   0.00351   0.00674   0.00466   0.00000   0.00355   0.00079   0.00273   0.00522   0.00481   0.00351   0.00460   0.00062   0.00294   0.00106   0.01066   0.00164   0.00076   0.00000   0.00370   0.00346   1.82604   0.42472   0.60746   0.66913   0.11986   0.03406  
 54 2215.3261   8881.507143  x:  0.00447   0.00028   0.00930   0.01104   0.01509   0.01560   0.01848   0.00724   0.01823   0.01932   0.01024   0.02245   0.00142   0.00103   0.00595   0.03318   0.01828   0.00454   0.01715   0.00466   0.00673   0.00914   0.00491   0.00309   0.02045   0.01773   0.00426   0.01320   0.00058   0.00230   0.00160   0.00106   0.00109   0.00289   0.00254   0.00353   0.00597   0.00524   0.00000   0.00321   0.00078   0.00271   0.00496   0.00455   0.00365   0.00427   0.00062   0.00297   0.00105   0.01093   0.00164   0.00075   0.00000   0.00376   0.00363   1.83678   0.42336   0.60749   0.67086   0.12099   0.03299  
 55 2223.1518   8879.571678  x:  0.00436   0.00028   0.00860   0.01108   0.01484   0.01581   0.01918   0.00669   0.01903   0.01822   0.01036   0.02273   0.00123   0.00104   0.00663   0.02981   0.01852   0.00426   0.01901   0.00357   0.00654   0.00882   0.00475   0.00295   0.02116   0.01793   0.00427   0.01386   0.00053   0.00275   0.00161   0.00108   0.00111   0.00229   0.00258   0.00325   0.00547   0.00555   0.00000   0.00518   0.00077   0.00270   0.00506   0.00554   0.00358   0.00446   0.00063   0.00299   0.00108   0.01133   0.00167   0.00075   0.00000   0.00374   0.00367   1.85416   0.42114   0.60754   0.67367   0.12245   0.03356  
 56 2664.1750   8874.967016  x:  0.00452   0.00027   0.00766   0.01072   0.01457   0.01655   0.02025   0.00635   0.01980   0.01696   0.01027   0.02341   0.00000   0.00099   0.00707   0.02446   0.01890   0.00393   0.02048   0.00467   0.00643   0.00885   0.00434   0.00318   0.02148   0.01732   0.00289   0.01421   0.00076   0.00250   0.00160   0.00100   0.00111   0.00216   0.00253   0.00458   0.00666   0.00542   0.00000   0.00456   0.00071   0.00285   0.00546   0.00668   0.00393   0.00467   0.00061   0.00302   0.00107   0.01170   0.00167   0.00072   0.00000   0.00341   0.00367   1.88697   0.41694   0.60764   0.67898   0.12458   0.03686  
 57 4318.4273   8869.136625  x:  0.00455   0.00029   0.01011   0.00988   0.01445   0.01661   0.02121   0.00748   0.02018   0.01636   0.00983   0.02424   0.00000   0.00098   0.00550   0.01912   0.01937   0.00373   0.02102   0.00467   0.00699   0.00921   0.00444   0.00323   0.02125   0.01658   0.00260   0.01374   0.00068   0.00320   0.00168   0.00105   0.00114   0.00277   0.00243   0.00224   0.00755   0.00434   0.00000   0.00438   0.00073   0.00310   0.00548   0.00593   0.00365   0.00425   0.00059   0.00313   0.00104   0.01113   0.00156   0.00076   0.00000   0.00363   0.00378   1.94071   0.41004   0.60781   0.68766   0.12759   0.04417  
 58 6476.1386   8864.230840  x:  0.00484   0.00028   0.01213   0.00990   0.01462   0.01649   0.02108   0.00889   0.02026   0.01609   0.00983   0.02534   0.00000   0.00109   0.00403   0.01619   0.02030   0.00469   0.02005   0.00295   0.00738   0.00926   0.00537   0.00304   0.02160   0.01738   0.00355   0.01406   0.00052   0.00239   0.00174   0.00105   0.00118   0.00220   0.00243   0.00420   0.00645   0.00412   0.00000   0.00477   0.00073   0.00304   0.00512   0.00415   0.00389   0.00442   0.00061   0.00292   0.00104   0.01031   0.00151   0.00078   0.00000   0.00342   0.00370   1.99154   0.40350   0.60795   0.69590   0.13049   0.05206  
 59 11094.3084   8858.203449  x:  0.00471   0.00027   0.01290   0.01122   0.01494   0.01508   0.01939   0.00854   0.02059   0.01586   0.01065   0.02644   0.00000   0.00119   0.00581   0.01790   0.02216   0.00527   0.01920   0.00594   0.00768   0.00818   0.00586   0.00205   0.02396   0.02190   0.00534   0.01614   0.00031   0.00232   0.00172   0.00106   0.00121   0.00214   0.00255   0.00398   0.00577   0.00580   0.00000   0.00566   0.00069   0.00289   0.00515   0.00221   0.00359   0.00480   0.00065   0.00286   0.00107   0.00944   0.00159   0.00078   0.00000   0.00327   0.00383   2.05168   0.39569   0.60807   0.70570   0.13476   0.06353  
 60 6709.0794   8854.278240  x:  0.00476   0.00027   0.01225   0.01178   0.01497   0.01403   0.01740   0.00872   0.02125   0.01580   0.01125   0.02679   0.00000   0.00112   0.00515   0.02242   0.02303   0.00442   0.02054   0.00381   0.00794   0.00720   0.00612   0.00185   0.02703   0.02676   0.00378   0.01619   0.00048   0.00234   0.00172   0.00102   0.00123   0.00223   0.00249   0.00376   0.00817   0.00542   0.00000   0.00509   0.00064   0.00282   0.00456   0.00237   0.00356   0.00519   0.00063   0.00288   0.00109   0.01059   0.00160   0.00072   0.00000   0.00310   0.00395   2.08614   0.39114   0.60811   0.71138   0.13841   0.07190  
 61 4135.3228   8853.705394  x:  0.00490   0.00027   0.01229   0.01152   0.01489   0.01424   0.01721   0.00898   0.02137   0.01587   0.01110   0.02674   0.00000   0.00112   0.00454   0.02337   0.02290   0.00428   0.02120   0.00417   0.00799   0.00764   0.00620   0.00206   0.02783   0.02788   0.00308   0.01602   0.00042   0.00245   0.00176   0.00105   0.00125   0.00227   0.00246   0.00383   0.00700   0.00482   0.00000   0.00502   0.00065   0.00274   0.00519   0.00266   0.00362   0.00512   0.00063   0.00286   0.00109   0.01079   0.00158   0.00072   0.00000   0.00309   0.00391   2.09015   0.39058   0.60810   0.71206   0.13910   0.07323  
 62 999.5100   8853.636621  x:  0.00498   0.00028   0.01216   0.01145   0.01484   0.01450   0.01743   0.00905   0.02129   0.01593   0.01087   0.02673   0.00000   0.00111   0.00465   0.02344   0.02256   0.00458   0.02122   0.00419   0.00781   0.00804   0.00606   0.00214   0.02820   0.02829   0.00319   0.01599   0.00040   0.00245   0.00179   0.00107   0.00126   0.00227   0.00244   0.00383   0.00708   0.00459   0.00000   0.00507   0.00066   0.00274   0.00499   0.00259   0.00365   0.00486   0.00063   0.00288   0.00109   0.01072   0.00157   0.00073   0.00000   0.00312   0.00390   2.09074   0.39046   0.60809   0.71218   0.13915   0.07337  
 63 159.7377   8853.617296  x:  0.00492   0.00028   0.01215   0.01150   0.01482   0.01460   0.01761   0.00907   0.02120   0.01602   0.01078   0.02675   0.00000   0.00111   0.00455   0.02343   0.02221   0.00469   0.02118   0.00418   0.00777   0.00806   0.00596   0.00206   0.02838   0.02847   0.00319   0.01591   0.00041   0.00244   0.00178   0.00107   0.00126   0.00226   0.00243   0.00382   0.00713   0.00480   0.00000   0.00505   0.00066   0.00277   0.00510   0.00259   0.00363   0.00488   0.00063   0.00289   0.00108   0.01069   0.00156   0.00073   0.00000   0.00312   0.00393   2.09095   0.39039   0.60809   0.71224   0.13916   0.07340  
 64 89.6674   8853.609357  x:  0.00495   0.00028   0.01219   0.01157   0.01482   0.01460   0.01771   0.00903   0.02112   0.01608   0.01078   0.02677   0.00000   0.00111   0.00460   0.02338   0.02190   0.00464   0.02112   0.00418   0.00780   0.00794   0.00594   0.00207   0.02848   0.02855   0.00314   0.01590   0.00042   0.00244   0.00178   0.00106   0.00125   0.00226   0.00243   0.00383   0.00709   0.00473   0.00000   0.00504   0.00066   0.00276   0.00504   0.00260   0.00363   0.00494   0.00063   0.00289   0.00109   0.01068   0.00156   0.00072   0.00000   0.00311   0.00393   2.09110   0.39031   0.60808   0.71230   0.13914   0.07340  
 65 53.3993   8853.607580  x:  0.00495   0.00028   0.01215   0.01156   0.01482   0.01459   0.01768   0.00903   0.02109   0.01608   0.01082   0.02677   0.00000   0.00111   0.00459   0.02336   0.02178   0.00460   0.02111   0.00418   0.00781   0.00795   0.00601   0.00208   0.02851   0.02855   0.00316   0.01592   0.00041   0.00244   0.00178   0.00106   0.00125   0.00226   0.00244   0.00382   0.00710   0.00472   0.00000   0.00504   0.00066   0.00276   0.00508   0.00258   0.00364   0.00492   0.00063   0.00289   0.00109   0.01069   0.00157   0.00073   0.00000   0.00312   0.00392   2.09114   0.39026   0.60808   0.71234   0.13914   0.07340  
 66 21.8970   8853.606614  x:  0.00494   0.00028   0.01215   0.01154   0.01483   0.01457   0.01763   0.00904   0.02108   0.01606   0.01084   0.02677   0.00000   0.00111   0.00457   0.02336   0.02172   0.00460   0.02111   0.00420   0.00782   0.00797   0.00603   0.00206   0.02853   0.02854   0.00315   0.01593   0.00041   0.00244   0.00178   0.00106   0.00125   0.00226   0.00244   0.00382   0.00710   0.00474   0.00000   0.00505   0.00066   0.00276   0.00504   0.00260   0.00363   0.00491   0.00063   0.00289   0.00109   0.01069   0.00157   0.00073   0.00000   0.00311   0.00392   2.09115   0.39019   0.60807   0.71238   0.13913   0.07340  
 67 16.3003   8853.603494  x:  0.00494   0.00028   0.01219   0.01147   0.01484   0.01454   0.01751   0.00903   0.02109   0.01600   0.01087   0.02677   0.00000   0.00111   0.00462   0.02335   0.02161   0.00465   0.02111   0.00419   0.00781   0.00800   0.00595   0.00205   0.02855   0.02849   0.00315   0.01595   0.00042   0.00244   0.00178   0.00106   0.00125   0.00226   0.00244   0.00382   0.00710   0.00474   0.00000   0.00504   0.00065   0.00276   0.00507   0.00259   0.00364   0.00494   0.00063   0.00289   0.00109   0.01074   0.00157   0.00072   0.00000   0.00310   0.00393   2.09117   0.38984   0.60802   0.71259   0.13912   0.07339  
 68 17.2213   8853.578051  x:  0.00493   0.00028   0.01218   0.01138   0.01484   0.01460   0.01736   0.00915   0.02123   0.01586   0.01068   0.02676   0.00000   0.00111   0.00457   0.02341   0.02154   0.00465   0.02107   0.00424   0.00768   0.00774   0.00589   0.00227   0.02875   0.02829   0.00322   0.01592   0.00041   0.00244   0.00178   0.00107   0.00126   0.00226   0.00243   0.00383   0.00709   0.00481   0.00000   0.00506   0.00066   0.00277   0.00503   0.00260   0.00364   0.00492   0.00063   0.00287   0.00109   0.01069   0.00156   0.00073   0.00000   0.00314   0.00386   2.09097   0.38667   0.60763   0.71446   0.13905   0.07335  
 69 42.6836   8853.451780  x:  0.00498   0.00028   0.01217   0.01160   0.01483   0.01480   0.01740   0.00899   0.02171   0.01571   0.01034   0.02675   0.00000   0.00111   0.00453   0.02366   0.02153   0.00466   0.02093   0.00427   0.00786   0.00764   0.00607   0.00179   0.02935   0.02753   0.00327   0.01587   0.00039   0.00245   0.00178   0.00107   0.00125   0.00227   0.00243   0.00384   0.00709   0.00458   0.00000   0.00507   0.00066   0.00278   0.00510   0.00260   0.00365   0.00480   0.00063   0.00289   0.00108   0.01060   0.00157   0.00072   0.00000   0.00309   0.00402   2.08964   0.37120   0.60570   0.72359   0.13879   0.07324  
 70 545.3901   8853.345985  x:  0.00493   0.00028   0.01239   0.01170   0.01481   0.01465   0.01767   0.00898   0.02177   0.01591   0.01061   0.02677   0.00000   0.00111   0.00466   0.02373   0.02165   0.00446   0.02091   0.00421   0.00802   0.00814   0.00606   0.00210   0.02959   0.02731   0.00319   0.01584   0.00041   0.00243   0.00177   0.00106   0.00125   0.00225   0.00244   0.00386   0.00712   0.00484   0.00000   0.00507   0.00066   0.00277   0.00506   0.00264   0.00364   0.00495   0.00064   0.00286   0.00109   0.01054   0.00156   0.00073   0.00000   0.00312   0.00391   2.08840   0.35791   0.60405   0.73142   0.13858   0.07313  
 71 1353.1356   8853.276419  x:  0.00493   0.00028   0.01222   0.01139   0.01481   0.01454   0.01783   0.00907   0.02128   0.01623   0.01102   0.02676   0.00000   0.00111   0.00454   0.02365   0.02176   0.00449   0.02105   0.00426   0.00767   0.00798   0.00594   0.00200   0.02914   0.02762   0.00329   0.01588   0.00040   0.00245   0.00178   0.00107   0.00125   0.00227   0.00244   0.00385   0.00712   0.00470   0.00000   0.00507   0.00066   0.00276   0.00505   0.00261   0.00364   0.00502   0.00064   0.00286   0.00109   0.01062   0.00156   0.00073   0.00000   0.00310   0.00394   2.08738   0.34939   0.60299   0.73646   0.13850   0.07309  
 72 691.7916   8853.253488  x:  0.00492   0.00028   0.01225   0.01132   0.01482   0.01455   0.01776   0.00905   0.02102   0.01623   0.01088   0.02675   0.00000   0.00111   0.00464   0.02359   0.02174   0.00463   0.02116   0.00423   0.00783   0.00786   0.00603   0.00204   0.02873   0.02791   0.00318   0.01588   0.00040   0.00246   0.00178   0.00107   0.00125   0.00226   0.00243   0.00386   0.00713   0.00475   0.00000   0.00508   0.00066   0.00276   0.00509   0.00264   0.00364   0.00484   0.00064   0.00286   0.00109   0.01064   0.00156   0.00073   0.00000   0.00310   0.00393   2.08708   0.34663   0.60265   0.73811   0.13847   0.07307  
 73 327.6457   8853.244382  x:  0.00494   0.00028   0.01218   0.01145   0.01482   0.01458   0.01767   0.00905   0.02096   0.01613   0.01070   0.02675   0.00000   0.00111   0.00460   0.02356   0.02168   0.00455   0.02120   0.00423   0.00788   0.00793   0.00597   0.00206   0.02843   0.02809   0.00323   0.01589   0.00040   0.00246   0.00178   0.00107   0.00125   0.00228   0.00243   0.00385   0.00713   0.00474   0.00000   0.00508   0.00066   0.00276   0.00507   0.00263   0.00364   0.00493   0.00064   0.00286   0.00109   0.01064   0.00156   0.00073   0.00000   0.00310   0.00393   2.08698   0.34561   0.60254   0.73875   0.13845   0.07307  
 74 128.7852   8853.241227  x:  0.00494   0.00028   0.01224   0.01151   0.01481   0.01461   0.01766   0.00903   0.02109   0.01608   0.01073   0.02676   0.00000   0.00111   0.00461   0.02357   0.02162   0.00454   0.02119   0.00423   0.00776   0.00794   0.00601   0.00205   0.02828   0.02818   0.00320   0.01586   0.00040   0.00246   0.00178   0.00107   0.00125   0.00227   0.00243   0.00385   0.00713   0.00474   0.00000   0.00507   0.00066   0.00276   0.00507   0.00263   0.00364   0.00492   0.00064   0.00286   0.00109   0.01063   0.00156   0.00073   0.00000   0.00311   0.00393   2.08700   0.34540   0.60252   0.73894   0.13845   0.07306  
 75 22.6912   8853.236429  x:  0.00494   0.00028   0.01218   0.01145   0.01480   0.01463   0.01772   0.00905   0.02134   0.01606   0.01082   0.02676   0.00000   0.00111   0.00459   0.02359   0.02154   0.00457   0.02113   0.00423   0.00787   0.00792   0.00596   0.00207   0.02813   0.02827   0.00321   0.01586   0.00040   0.00246   0.00178   0.00107   0.00125   0.00227   0.00243   0.00385   0.00713   0.00473   0.00000   0.00507   0.00066   0.00276   0.00507   0.00262   0.00364   0.00491   0.00064   0.00286   0.00109   0.01058   0.00156   0.00073   0.00000   0.00311   0.00393   2.08705   0.34532   0.60255   0.73917   0.13844   0.07306  
 76 15.1370   8853.165819  x:  0.00492   0.00028   0.01216   0.01114   0.01491   0.01417   0.01792   0.00911   0.02184   0.01652   0.01029   0.02683   0.00000   0.00111   0.00462   0.02354   0.02143   0.00452   0.02096   0.00424   0.00777   0.00797   0.00608   0.00205   0.02795   0.02836   0.00318   0.01624   0.00039   0.00246   0.00177   0.00107   0.00125   0.00226   0.00245   0.00384   0.00712   0.00476   0.00000   0.00505   0.00065   0.00272   0.00506   0.00261   0.00366   0.00494   0.00064   0.00282   0.00111   0.01111   0.00158   0.00072   0.00000   0.00307   0.00390   2.08824   0.34633   0.60334   0.74199   0.13843   0.07307  
 77 13.6337   8844.129682  x:  0.00487   0.00033   0.01387   0.01023   0.01576   0.01618   0.01655   0.00962   0.02192   0.02086   0.01009   0.02959   0.00000   0.00115   0.00538   0.02470   0.01990   0.00287   0.02424   0.00512   0.00821   0.00783   0.00507   0.00175   0.02515   0.02664   0.00396   0.01566   0.00000   0.00300   0.00193   0.00123   0.00133   0.00255   0.00206   0.00466   0.00848   0.00473   0.00000   0.00581   0.00069   0.00264   0.00547   0.00333   0.00377   0.00493   0.00090   0.00217   0.00118   0.00837   0.00122   0.00077   0.00000   0.00274   0.00421   2.20440   0.45997   0.68627   1.02679   0.13836   0.07486  
 78 270.0573   8844.129682  x:  0.00487   0.00033   0.01387   0.01023   0.01576   0.01618   0.01655   0.00962   0.02192   0.02086   0.01009   0.02959   0.00000   0.00115   0.00538   0.02470   0.01990   0.00287   0.02424   0.00512   0.00821   0.00783   0.00507   0.00175   0.02515   0.02664   0.00396   0.01566   0.00000   0.00300   0.00193   0.00123   0.00133   0.00255   0.00206   0.00466   0.00848   0.00473   0.00000   0.00581   0.00069   0.00264   0.00547   0.00333   0.00377   0.00493   0.00090   0.00217   0.00118   0.00837   0.00122   0.00077   0.00000   0.00274   0.00421   2.20440   0.45997   0.68627   1.02679   0.13836   0.07486  
 79 5725.7994   8841.323730  x:  0.00481   0.00148   0.01384   0.01010   0.01567   0.01597   0.01677   0.00977   0.02184   0.02067   0.00999   0.02958   0.00000   0.00110   0.00543   0.02476   0.01987   0.00279   0.02420   0.00528   0.00818   0.00788   0.00494   0.00152   0.02510   0.02650   0.00366   0.01558   0.00009   0.00331   0.00161   0.00151   0.00195   0.00262   0.00200   0.00498   0.00869   0.00465   0.00000   0.00591   0.00095   0.00245   0.00559   0.00329   0.00373   0.00482   0.00306   0.00214   0.00080   0.00824   0.00140   0.00122   0.00000   0.00300   0.00384   2.20443   0.45996   0.68628   1.02679   0.13831   0.07490  
 80 2986.6562   8840.700410  x:  0.00477   0.00123   0.01382   0.01001   0.01560   0.01582   0.01692   0.00986   0.02178   0.02054   0.00993   0.02957   0.00000   0.00109   0.00546   0.02480   0.01985   0.00274   0.02417   0.00537   0.00816   0.00791   0.00487   0.00141   0.02507   0.02641   0.00347   0.01553   0.00000   0.00344   0.00144   0.00150   0.00208   0.00265   0.00195   0.00513   0.00883   0.00461   0.00000   0.00597   0.00090   0.00236   0.00565   0.00328   0.00370   0.00475   0.00318   0.00204   0.00077   0.00815   0.00141   0.00121   0.00000   0.00313   0.00361   2.20445   0.45996   0.68628   1.02678   0.13828   0.07492  
 81 1147.9280   8840.184574  x:  0.00469   0.00118   0.01374   0.00966   0.01531   0.01515   0.01758   0.01022   0.02152   0.01989   0.00970   0.02952   0.00000   0.00115   0.00553   0.02501   0.01974   0.00271   0.02400   0.00562   0.00808   0.00801   0.00483   0.00146   0.02493   0.02596   0.00318   0.01534   0.00000   0.00348   0.00174   0.00209   0.00198   0.00264   0.00193   0.00529   0.00921   0.00450   0.00000   0.00613   0.00128   0.00244   0.00581   0.00326   0.00363   0.00456   0.00310   0.00205   0.00131   0.00780   0.00122   0.00148   0.00000   0.00315   0.00297   2.20457   0.45994   0.68631   1.02678   0.13812   0.07507  
 82 778.7371   8839.744518  x:  0.00467   0.00150   0.01364   0.00929   0.01494   0.01429   0.01836   0.01058   0.02118   0.01904   0.00945   0.02946   0.00000   0.00113   0.00556   0.02530   0.01959   0.00275   0.02378   0.00580   0.00799   0.00810   0.00492   0.00164   0.02476   0.02533   0.00314   0.01512   0.00000   0.00332   0.00203   0.00206   0.00172   0.00260   0.00201   0.00528   0.00952   0.00445   0.00000   0.00622   0.00104   0.00256   0.00588   0.00328   0.00364   0.00446   0.00285   0.00217   0.00078   0.00747   0.00109   0.00157   0.00000   0.00312   0.00261   2.20476   0.45991   0.68635   1.02676   0.13787   0.07529  
 83 758.1955   8839.515895  x:  0.00471   0.00166   0.01358   0.00911   0.01466   0.01363   0.01895   0.01077   0.02090   0.01832   0.00932   0.02939   0.00000   0.00110   0.00552   0.02556   0.01945   0.00279   0.02357   0.00580   0.00795   0.00814   0.00502   0.00170   0.02459   0.02473   0.00333   0.01494   0.00000   0.00325   0.00198   0.00165   0.00184   0.00260   0.00207   0.00518   0.00959   0.00449   0.00000   0.00620   0.00095   0.00255   0.00584   0.00329   0.00371   0.00454   0.00284   0.00222   0.00109   0.00738   0.00128   0.00148   0.00000   0.00316   0.00290   2.20495   0.45988   0.68639   1.02675   0.13761   0.07553  
 84 559.4972   8839.407893  x:  0.00475   0.00154   0.01355   0.00911   0.01452   0.01330   0.01924   0.01078   0.02073   0.01787   0.00932   0.02935   0.00000   0.00114   0.00547   0.02573   0.01935   0.00280   0.02343   0.00572   0.00794   0.00813   0.00506   0.00166   0.02447   0.02429   0.00346   0.01485   0.00000   0.00329   0.00184   0.00177   0.00187   0.00261   0.00201   0.00510   0.00951   0.00454   0.00000   0.00613   0.00123   0.00251   0.00577   0.00330   0.00372   0.00463   0.00286   0.00219   0.00094   0.00745   0.00125   0.00136   0.00000   0.00310   0.00322   2.20513   0.45985   0.68642   1.02674   0.13738   0.07574  
 85 424.7462   8839.356394  x:  0.00477   0.00146   0.01356   0.00922   0.01447   0.01322   0.01933   0.01069   0.02065   0.01764   0.00940   0.02931   0.00000   0.00113   0.00544   0.02585   0.01929   0.00278   0.02333   0.00564   0.00797   0.00810   0.00503   0.00164   0.02438   0.02395   0.00347   0.01484   0.00000   0.00334   0.00182   0.00196   0.00183   0.00261   0.00197   0.00507   0.00935   0.00456   0.00000   0.00607   0.00102   0.00250   0.00572   0.00329   0.00369   0.00467   0.00292   0.00216   0.00096   0.00758   0.00127   0.00143   0.00000   0.00301   0.00329   2.20531   0.45982   0.68646   1.02673   0.13715   0.07595  
 86 247.1792   8839.283434  x:  0.00476   0.00145   0.01360   0.00950   0.01448   0.01331   0.01934   0.01045   0.02056   0.01736   0.00959   0.02924   0.00000   0.00111   0.00542   0.02606   0.01919   0.00274   0.02316   0.00558   0.00803   0.00804   0.00493   0.00168   0.02422   0.02326   0.00333   0.01488   0.00000   0.00333   0.00195   0.00182   0.00184   0.00261   0.00205   0.00513   0.00905   0.00455   0.00000   0.00602   0.00109   0.00255   0.00571   0.00328   0.00364   0.00464   0.00292   0.00215   0.00097   0.00783   0.00124   0.00138   0.00000   0.00304   0.00305   2.20578   0.45975   0.68656   1.02669   0.13657   0.07648  
 87 216.7046   8839.225682  x:  0.00473   0.00152   0.01363   0.00957   0.01457   0.01353   0.01921   0.01035   0.02056   0.01731   0.00966   0.02918   0.00000   0.00122   0.00548   0.02621   0.01913   0.00280   0.02305   0.00570   0.00805   0.00803   0.00497   0.00173   0.02410   0.02268   0.00337   0.01495   0.00000   0.00328   0.00180   0.00180   0.00180   0.00261   0.00191   0.00518   0.00907   0.00453   0.00000   0.00610   0.00111   0.00247   0.00578   0.00330   0.00374   0.00459   0.00280   0.00218   0.00097   0.00779   0.00122   0.00154   0.00000   0.00319   0.00305   2.20640   0.45965   0.68669   1.02665   0.13583   0.07716  
 88 190.8459   8839.153536  x:  0.00472   0.00152   0.01366   0.00952   0.01468   0.01381   0.01900   0.01033   0.02062   0.01739   0.00965   0.02913   0.00000   0.00105   0.00554   0.02635   0.01908   0.00283   0.02296   0.00585   0.00804   0.00805   0.00506   0.00176   0.02396   0.02206   0.00346   0.01502   0.00000   0.00329   0.00179   0.00190   0.00193   0.00261   0.00201   0.00516   0.00924   0.00452   0.00000   0.00619   0.00106   0.00248   0.00584   0.00331   0.00380   0.00458   0.00277   0.00220   0.00099   0.00763   0.00110   0.00141   0.00000   0.00317   0.00312   2.20731   0.45951   0.68688   1.02659   0.13476   0.07815  
 89 415.7263   8839.076710  x:  0.00473   0.00138   0.01367   0.00937   0.01477   0.01401   0.01879   0.01042   0.02070   0.01755   0.00957   0.02909   0.00000   0.00113   0.00554   0.02645   0.01906   0.00277   0.02291   0.00589   0.00799   0.00809   0.00509   0.00174   0.02386   0.02156   0.00348   0.01508   0.00000   0.00334   0.00192   0.00188   0.00184   0.00261   0.00208   0.00508   0.00943   0.00455   0.00000   0.00621   0.00109   0.00256   0.00582   0.00329   0.00375   0.00463   0.00282   0.00215   0.00095   0.00748   0.00139   0.00137   0.00000   0.00300   0.00314   2.20846   0.45933   0.68713   1.02651   0.13344   0.07935  
 90 568.6230   8838.996789  x:  0.00476   0.00135   0.01365   0.00922   0.01480   0.01401   0.01868   0.01057   0.02078   0.01775   0.00945   0.02908   0.00000   0.00121   0.00546   0.02646   0.01906   0.00271   0.02292   0.00576   0.00794   0.00812   0.00501   0.00174   0.02383   0.02140   0.00338   0.01508   0.00000   0.00333   0.00194   0.00175   0.00169   0.00261   0.00194   0.00505   0.00950   0.00455   0.00000   0.00610   0.00106   0.00255   0.00572   0.00327   0.00358   0.00466   0.00289   0.00216   0.00100   0.00746   0.00117   0.00133   0.00000   0.00293   0.00320   2.20975   0.45913   0.68740   1.02642   0.13203   0.08066  
 91 492.9191   8838.847275  x:  0.00480   0.00137   0.01359   0.00905   0.01478   0.01378   0.01862   0.01083   0.02091   0.01811   0.00926   0.02911   0.00000   0.00107   0.00531   0.02639   0.01911   0.00272   0.02303   0.00544   0.00790   0.00814   0.00486   0.00180   0.02387   0.02153   0.00323   0.01500   0.00000   0.00323   0.00194   0.00182   0.00191   0.00260   0.00195   0.00510   0.00941   0.00457   0.00000   0.00588   0.00110   0.00249   0.00556   0.00327   0.00349   0.00470   0.00262   0.00219   0.00096   0.00761   0.00122   0.00153   0.00000   0.00312   0.00322   2.21239   0.45871   0.68795   1.02624   0.12924   0.08326  
 92 858.5258   8838.693017  x:  0.00477   0.00138   0.01354   0.00911   0.01468   0.01343   0.01874   0.01090   0.02097   0.01832   0.00924   0.02917   0.00000   0.00124   0.00533   0.02622   0.01921   0.00285   0.02319   0.00540   0.00795   0.00811   0.00492   0.00179   0.02398   0.02205   0.00337   0.01489   0.00000   0.00331   0.00181   0.00192   0.00178   0.00260   0.00210   0.00515   0.00918   0.00456   0.00000   0.00590   0.00104   0.00252   0.00563   0.00331   0.00381   0.00465   0.00256   0.00221   0.00100   0.00781   0.00123   0.00126   0.00000   0.00318   0.00304   2.21527   0.45826   0.68855   1.02605   0.12635   0.08597  
 93 932.1008   8838.598696  x:  0.00473   0.00122   0.01353   0.00928   0.01460   0.01325   0.01889   0.01079   0.02095   0.01831   0.00935   0.02922   0.00000   0.00108   0.00545   0.02608   0.01928   0.00284   0.02331   0.00558   0.00801   0.00807   0.00502   0.00173   0.02407   0.02252   0.00351   0.01484   0.00000   0.00334   0.00187   0.00178   0.00175   0.00261   0.00203   0.00513   0.00908   0.00454   0.00000   0.00606   0.00109   0.00256   0.00577   0.00331   0.00390   0.00461   0.00257   0.00216   0.00099   0.00786   0.00116   0.00146   0.00000   0.00300   0.00304   2.21715   0.45796   0.68895   1.02592   0.12461   0.08764  
 94 924.6405   8838.551515  x:  0.00474   0.00124   0.01356   0.00941   0.01457   0.01328   0.01902   0.01061   0.02088   0.01814   0.00948   0.02925   0.00000   0.00119   0.00551   0.02599   0.01931   0.00274   0.02335   0.00574   0.00804   0.00805   0.00504   0.00171   0.02414   0.02287   0.00347   0.01484   0.00000   0.00327   0.00199   0.00182   0.00186   0.00260   0.00196   0.00508   0.00913   0.00455   0.00000   0.00616   0.00105   0.00253   0.00581   0.00328   0.00370   0.00463   0.00252   0.00214   0.00098   0.00777   0.00119   0.00137   0.00000   0.00305   0.00314   2.21822   0.45779   0.68917   1.02585   0.12382   0.08846  
 95 415.4282   8838.528071  x:  0.00476   0.00126   0.01359   0.00945   0.01458   0.01339   0.01909   0.01048   0.02080   0.01795   0.00956   0.02927   0.00000   0.00109   0.00549   0.02596   0.01931   0.00274   0.02335   0.00575   0.00804   0.00805   0.00502   0.00173   0.02419   0.02307   0.00339   0.01487   0.00000   0.00327   0.00190   0.00183   0.00173   0.00260   0.00202   0.00508   0.00922   0.00456   0.00000   0.00615   0.00107   0.00252   0.00577   0.00328   0.00363   0.00466   0.00250   0.00218   0.00099   0.00767   0.00123   0.00135   0.00000   0.00308   0.00317   2.21886   0.45769   0.68930   1.02581   0.12352   0.08884  
 96 251.5877   8838.507520  x:  0.00477   0.00123   0.01363   0.00943   0.01460   0.01357   0.01913   0.01040   0.02072   0.01772   0.00959   0.02929   0.00000   0.00117   0.00544   0.02594   0.01929   0.00280   0.02332   0.00568   0.00802   0.00805   0.00499   0.00174   0.02422   0.02327   0.00336   0.01493   0.00000   0.00330   0.00188   0.00181   0.00179   0.00260   0.00208   0.00509   0.00933   0.00456   0.00000   0.00607   0.00107   0.00255   0.00570   0.00330   0.00370   0.00467   0.00249   0.00222   0.00099   0.00758   0.00119   0.00140   0.00000   0.00301   0.00316   2.21958   0.45758   0.68945   1.02576   0.12336   0.08914  
 97 205.1921   8838.487422  x:  0.00476   0.00123   0.01365   0.00936   0.01464   0.01374   0.01914   0.01040   0.02064   0.01751   0.00957   0.02930   0.00000   0.00112   0.00541   0.02595   0.01925   0.00282   0.02328   0.00558   0.00799   0.00807   0.00500   0.00172   0.02425   0.02341   0.00343   0.01498   0.00000   0.00328   0.00194   0.00182   0.00179   0.00260   0.00194   0.00509   0.00936   0.00456   0.00000   0.00601   0.00107   0.00255   0.00568   0.00330   0.00380   0.00465   0.00249   0.00215   0.00099   0.00757   0.00121   0.00135   0.00000   0.00303   0.00311   2.22044   0.45744   0.68962   1.02571   0.12335   0.08939  
 98 192.2871   8838.434562  x:  0.00470   0.00118   0.01367   0.00918   0.01475   0.01403   0.01905   0.01062   0.02053   0.01715   0.00940   0.02932   0.00000   0.00116   0.00547   0.02600   0.01917   0.00268   0.02314   0.00554   0.00796   0.00812   0.00504   0.00164   0.02428   0.02364   0.00358   0.01509   0.00000   0.00324   0.00197   0.00181   0.00174   0.00261   0.00210   0.00508   0.00925   0.00454   0.00000   0.00605   0.00106   0.00248   0.00581   0.00325   0.00371   0.00459   0.00248   0.00210   0.00099   0.00777   0.00116   0.00142   0.00000   0.00314   0.00313   2.22313   0.45701   0.69015   1.02554   0.12365   0.08992  
 99 231.2862   8838.314934  x:  0.00471   0.00120   0.01365   0.00905   0.01491   0.01423   0.01882   0.01100   0.02044   0.01680   0.00920   0.02934   0.00000   0.00113   0.00557   0.02612   0.01905   0.00279   0.02291   0.00577   0.00798   0.00815   0.00502   0.00178   0.02432   0.02389   0.00344   0.01516   0.00000   0.00338   0.00181   0.00181   0.00183   0.00260   0.00194   0.00509   0.00900   0.00456   0.00000   0.00621   0.00105   0.00262   0.00591   0.00330   0.00355   0.00464   0.00234   0.00235   0.00099   0.00804   0.00124   0.00132   0.00000   0.00291   0.00313   2.22957   0.45598   0.69144   1.02513   0.12460   0.09101  
100 603.5681   8837.836614  x:  0.00494   0.00088   0.01349   0.00934   0.01511   0.01397   0.01823   0.01148   0.02043   0.01667   0.00918   0.02937   0.00000   0.00114   0.00550   0.02656   0.01876   0.00319   0.02230   0.00639   0.00812   0.00807   0.00487   0.00183   0.02434   0.02429   0.00285   0.01513   0.00000   0.00303   0.00208   0.00181   0.00166   0.00259   0.00208   0.00497   0.00878   0.00466   0.00000   0.00635   0.00103   0.00256   0.00555   0.00342   0.00399   0.00489   0.00227   0.00199   0.00099   0.00793   0.00116   0.00129   0.00000   0.00307   0.00343   2.25556   0.45181   0.69661   1.02349   0.12876   0.09503  
101 1454.6426   8837.003962  x:  0.00493   0.00095   0.01333   0.00991   0.01514   0.01325   0.01772   0.01132   0.02056   0.01710   0.00957   0.02937   0.00000   0.00114   0.00530   0.02713   0.01841   0.00266   0.02164   0.00631   0.00812   0.00797   0.00493   0.00143   0.02431   0.02455   0.00341   0.01493   0.00000   0.00356   0.00211   0.00173   0.00163   0.00263   0.00205   0.00507   0.00906   0.00462   0.00000   0.00604   0.00104   0.00241   0.00529   0.00319   0.00392   0.00481   0.00154   0.00206   0.00103   0.00742   0.00111   0.00130   0.00000   0.00297   0.00316   2.30020   0.44467   0.70551   1.02067   0.13589   0.10168  
102 5340.1277   8836.656946  x:  0.00481   0.00053   0.01334   0.00993   0.01504   0.01306   0.01780   0.01099   0.02063   0.01738   0.00971   0.02936   0.00000   0.00115   0.00532   0.02723   0.01838   0.00264   0.02162   0.00599   0.00806   0.00797   0.00504   0.00178   0.02430   0.02454   0.00370   0.01485   0.00000   0.00322   0.00205   0.00176   0.00164   0.00258   0.00201   0.00507   0.00924   0.00457   0.00000   0.00593   0.00101   0.00258   0.00550   0.00324   0.00374   0.00467   0.00163   0.00242   0.00103   0.00734   0.00116   0.00127   0.00000   0.00309   0.00306   2.31826   0.44179   0.70911   1.01953   0.13868   0.10426  
103 6687.6463   8836.344496  x:  0.00464   0.00062   0.01348   0.00960   0.01480   0.01315   0.01832   0.01044   0.02071   0.01771   0.00971   0.02934   0.00000   0.00115   0.00552   0.02708   0.01857   0.00288   0.02202   0.00555   0.00796   0.00804   0.00503   0.00185   0.02427   0.02430   0.00350   0.01480   0.00000   0.00299   0.00184   0.00176   0.00163   0.00259   0.00206   0.00504   0.00941   0.00452   0.00000   0.00602   0.00099   0.00269   0.00598   0.00339   0.00359   0.00453   0.00144   0.00193   0.00105   0.00759   0.00117   0.00121   0.00000   0.00281   0.00316   2.33541   0.43906   0.71253   1.01843   0.14111   0.10649  
104 3669.3786   8836.085100  x:  0.00469   0.00055   0.01368   0.00916   0.01452   0.01348   0.01907   0.01000   0.02075   0.01796   0.00957   0.02930   0.00000   0.00115   0.00565   0.02666   0.01896   0.00297   0.02276   0.00546   0.00792   0.00814   0.00500   0.00170   0.02424   0.02392   0.00324   0.01484   0.00000   0.00338   0.00220   0.00173   0.00157   0.00259   0.00204   0.00492   0.00936   0.00456   0.00000   0.00620   0.00098   0.00254   0.00606   0.00334   0.00381   0.00462   0.00135   0.00225   0.00103   0.00793   0.00116   0.00121   0.00000   0.00300   0.00338   2.35048   0.43668   0.71555   1.01747   0.14292   0.10817  
105 2720.0719   8835.783430  x:  0.00492   0.00054   0.01384   0.00901   0.01431   0.01401   0.01990   0.01010   0.02075   0.01800   0.00937   0.02927   0.00000   0.00114   0.00543   0.02581   0.01956   0.00260   0.02387   0.00591   0.00803   0.00815   0.00502   0.00177   0.02423   0.02338   0.00350   0.01495   0.00000   0.00304   0.00195   0.00174   0.00161   0.00258   0.00204   0.00511   0.00904   0.00463   0.00000   0.00618   0.00101   0.00256   0.00541   0.00315   0.00390   0.00483   0.00132   0.00219   0.00105   0.00802   0.00113   0.00121   0.00000   0.00286   0.00312   2.36844   0.43388   0.71916   1.01630   0.14448   0.10972  
106 1883.8405   8835.373602  x:  0.00473   0.00053   0.01379   0.00960   0.01440   0.01428   0.02025   0.01086   0.02069   0.01771   0.00938   0.02923   0.00000   0.00116   0.00516   0.02473   0.02015   0.00299   0.02496   0.00589   0.00822   0.00792   0.00508   0.00193   0.02424   0.02284   0.00377   0.01508   0.00000   0.00347   0.00205   0.00172   0.00159   0.00260   0.00205   0.00497   0.00881   0.00456   0.00000   0.00589   0.00098   0.00275   0.00545   0.00359   0.00348   0.00462   0.00142   0.00191   0.00104   0.00760   0.00109   0.00128   0.00000   0.00315   0.00316   2.39268   0.43013   0.72405   1.01470   0.14576   0.11120  
107 1990.2731   8834.641198  x:  0.00449   0.00066   0.01352   0.01046   0.01476   0.01419   0.02010   0.01181   0.02056   0.01711   0.00962   0.02919   0.00000   0.00114   0.00529   0.02335   0.02072   0.00286   0.02608   0.00521   0.00832   0.00765   0.00491   0.00147   0.02425   0.02227   0.00336   0.01519   0.00000   0.00299   0.00202   0.00176   0.00164   0.00262   0.00204   0.00489   0.00891   0.00450   0.00000   0.00581   0.00101   0.00230   0.00611   0.00333   0.00378   0.00442   0.00152   0.00245   0.00103   0.00714   0.00127   0.00115   0.00000   0.00274   0.00329   2.43563   0.42354   0.73272   1.01186   0.14736   0.11332  
108 4494.3588   8833.228793  x:  0.00501   0.00089   0.01314   0.01052   0.01529   0.01336   0.01906   0.01167   0.02039   0.01639   0.01001   0.02914   0.00000   0.00114   0.00595   0.02218   0.02101   0.00213   0.02677   0.00447   0.00811   0.00782   0.00500   0.00234   0.02435   0.02199   0.00311   0.01510   0.00000   0.00348   0.00193   0.00178   0.00167   0.00249   0.00200   0.00524   0.00970   0.00464   0.00000   0.00641   0.00097   0.00311   0.00622   0.00255   0.00423   0.00493   0.00187   0.00205   0.00101   0.00752   0.00110   0.00134   0.00000   0.00316   0.00346   2.52021   0.41061   0.74983   1.00624   0.14964   0.11673  
109 6787.4293   8830.302708  x:  0.00547   0.00129   0.01289   0.00907   0.01569   0.01180   0.01721   0.00971   0.02017   0.01583   0.01029   0.02910   0.00000   0.00115   0.00622   0.02166   0.02092   0.00292   0.02686   0.00496   0.00767   0.00844   0.00527   0.00166   0.02439   0.02213   0.00382   0.01473   0.00000   0.00333   0.00213   0.00181   0.00175   0.00277   0.00202   0.00551   0.01068   0.00471   0.00000   0.00678   0.00110   0.00221   0.00526   0.00410   0.00350   0.00526   0.00271   0.00226   0.00099   0.00883   0.00112   0.00149   0.00000   0.00314   0.00262   2.69740   0.38360   0.78570   0.99442   0.15370   0.12312  
110 17284.8037   8827.506616  x:  0.00421   0.00175   0.01356   0.00787   0.01477   0.01199   0.01771   0.00829   0.02031   0.01694   0.00966   0.02920   0.00000   0.00114   0.00502   0.02364   0.02013   0.00294   0.02546   0.00643   0.00785   0.00851   0.00481   0.00121   0.02434   0.02303   0.00361   0.01436   0.00000   0.00335   0.00186   0.00190   0.00190   0.00232   0.00199   0.00491   0.00971   0.00427   0.00000   0.00565   0.00107   0.00300   0.00551   0.00290   0.00362   0.00391   0.00344   0.00236   0.00094   0.00841   0.00122   0.00156   0.00000   0.00335   0.00305   2.85922   0.35906   0.81847   0.98359   0.15675   0.12805  
111 15804.4906   8825.826047  x:  0.00441   0.00199   0.01428   0.00815   0.01362   0.01311   0.01946   0.00851   0.02065   0.01842   0.00921   0.02930   0.00000   0.00112   0.00511   0.02594   0.01932   0.00234   0.02392   0.00625   0.00797   0.00828   0.00490   0.00225   0.02431   0.02389   0.00359   0.01432   0.00000   0.00368   0.00200   0.00189   0.00195   0.00305   0.00199   0.00512   0.00894   0.00444   0.00000   0.00561   0.00114   0.00194   0.00598   0.00331   0.00379   0.00443   0.00389   0.00220   0.00091   0.00759   0.00128   0.00154   0.00000   0.00311   0.00296   2.95976   0.34393   0.83885   0.97683   0.15828   0.13047  
112 15503.5580   8825.160528  x:  0.00488   0.00207   0.01451   0.00866   0.01317   0.01379   0.02059   0.00906   0.02087   0.01919   0.00923   0.02936   0.00000   0.00113   0.00551   0.02710   0.01898   0.00259   0.02318   0.00579   0.00797   0.00814   0.00511   0.00143   0.02422   0.02424   0.00370   0.01444   0.00000   0.00350   0.00193   0.00192   0.00197   0.00268   0.00197   0.00539   0.00898   0.00461   0.00000   0.00609   0.00112   0.00255   0.00580   0.00348   0.00360   0.00483   0.00403   0.00237   0.00090   0.00750   0.00123   0.00163   0.00000   0.00334   0.00289   2.99928   0.33808   0.84687   0.97414   0.15867   0.13098  
113 9233.3489   8824.940873  x:  0.00476   0.00207   0.01433   0.00894   0.01340   0.01395   0.02114   0.00942   0.02099   0.01942   0.00954   0.02937   0.00000   0.00113   0.00553   0.02750   0.01898   0.00285   0.02300   0.00578   0.00792   0.00818   0.00513   0.00163   0.02421   0.02433   0.00377   0.01467   0.00000   0.00355   0.00195   0.00190   0.00198   0.00239   0.00198   0.00522   0.00947   0.00450   0.00000   0.00630   0.00115   0.00225   0.00540   0.00316   0.00352   0.00451   0.00405   0.00232   0.00091   0.00800   0.00127   0.00160   0.00000   0.00324   0.00287   3.01234   0.33634   0.84954   0.97321   0.15844   0.13036  
114 1730.0275   8824.649419  x:  0.00458   0.00207   0.01387   0.00910   0.01402   0.01400   0.02172   0.00971   0.02113   0.01959   0.00994   0.02938   0.00000   0.00113   0.00533   0.02788   0.01908   0.00257   0.02290   0.00599   0.00785   0.00829   0.00500   0.00158   0.02419   0.02438   0.00370   0.01503   0.00000   0.00347   0.00193   0.00190   0.00197   0.00310   0.00198   0.00508   0.00999   0.00443   0.00000   0.00621   0.00113   0.00255   0.00532   0.00343   0.00369   0.00433   0.00398   0.00242   0.00090   0.00858   0.00126   0.00160   0.00000   0.00330   0.00302   3.03054   0.33414   0.85328   0.97185   0.15769   0.12856  
115 1976.6896   8823.592644  x:  0.00485   0.00192   0.01264   0.00885   0.01583   0.01378   0.02240   0.00971   0.02142   0.01956   0.01031   0.02937   0.00000   0.00113   0.00481   0.02850   0.01951   0.00234   0.02292   0.00646   0.00787   0.00841   0.00496   0.00156   0.02418   0.02435   0.00368   0.01585   0.00000   0.00349   0.00197   0.00188   0.00193   0.00210   0.00199   0.00537   0.01000   0.00469   0.00000   0.00538   0.00109   0.00247   0.00633   0.00377   0.00381   0.00523   0.00372   0.00233   0.00091   0.00870   0.00120   0.00158   0.00000   0.00324   0.00299   3.09316   0.32705   0.86620   0.96706   0.15429   0.12051  
116 3320.3910   8821.395500  x:  0.00524   0.00151   0.01180   0.00839   0.01777   0.01328   0.02218   0.00934   0.02171   0.01901   0.00985   0.02932   0.00000   0.00114   0.00532   0.02897   0.02006   0.00343   0.02313   0.00596   0.00802   0.00820   0.00528   0.00144   0.02420   0.02411   0.00377   0.01646   0.00000   0.00340   0.00201   0.00185   0.00183   0.00325   0.00202   0.00546   0.00878   0.00479   0.00000   0.00570   0.00106   0.00237   0.00613   0.00242   0.00331   0.00537   0.00321   0.00221   0.00095   0.00749   0.00119   0.00151   0.00000   0.00322   0.00280   3.22445   0.31253   0.89331   0.95693   0.14670   0.10260  
117 10682.7243   8819.418852  x:  0.00484   0.00122   0.01256   0.00852   0.01783   0.01306   0.02111   0.00935   0.02171   0.01836   0.00912   0.02927   0.00000   0.00114   0.00587   0.02882   0.02013   0.00249   0.02327   0.00538   0.00806   0.00802   0.00513   0.00155   0.02425   0.02382   0.00341   0.01615   0.00000   0.00343   0.00192   0.00183   0.00179   0.00250   0.00200   0.00507   0.00824   0.00446   0.00000   0.00661   0.00104   0.00248   0.00512   0.00356   0.00368   0.00434   0.00268   0.00217   0.00098   0.00686   0.00125   0.00138   0.00000   0.00308   0.00308   3.34222   0.29970   0.91765   0.94780   0.13974   0.08621  
118 18536.9639   8818.286741  x:  0.00475   0.00106   0.01401   0.00922   0.01585   0.01340   0.01979   0.01002   0.02138   0.01801   0.00906   0.02928   0.00000   0.00115   0.00527   0.02809   0.01967   0.00276   0.02325   0.00584   0.00809   0.00799   0.00497   0.00159   0.02428   0.02357   0.00352   0.01514   0.00000   0.00332   0.00207   0.00180   0.00168   0.00267   0.00203   0.00520   0.00934   0.00464   0.00000   0.00615   0.00101   0.00251   0.00572   0.00325   0.00369   0.00491   0.00234   0.00219   0.00099   0.00782   0.00119   0.00136   0.00000   0.00308   0.00306   3.41067   0.29253   0.93181   0.94244   0.13564   0.07654  
119 8089.8422   8818.192209  x:  0.00502   0.00106   0.01352   0.00898   0.01524   0.01362   0.01965   0.01020   0.02120   0.01809   0.00959   0.02930   0.00000   0.00114   0.00545   0.02774   0.01938   0.00275   0.02309   0.00591   0.00803   0.00813   0.00514   0.00159   0.02427   0.02352   0.00342   0.01513   0.00000   0.00333   0.00204   0.00179   0.00169   0.00267   0.00203   0.00512   0.00921   0.00458   0.00000   0.00591   0.00100   0.00251   0.00573   0.00327   0.00370   0.00471   0.00231   0.00218   0.00100   0.00781   0.00120   0.00136   0.00000   0.00307   0.00306   3.41643   0.29224   0.93301   0.94192   0.13531   0.07576  
120 676.3350   8818.165574  x:  0.00478   0.00106   0.01320   0.00893   0.01503   0.01370   0.01965   0.01018   0.02108   0.01817   0.00964   0.02932   0.00000   0.00115   0.00535   0.02751   0.01920   0.00277   0.02295   0.00588   0.00801   0.00814   0.00505   0.00160   0.02426   0.02349   0.00346   0.01520   0.00000   0.00333   0.00206   0.00179   0.00168   0.00266   0.00203   0.00519   0.00917   0.00462   0.00000   0.00607   0.00100   0.00252   0.00569   0.00327   0.00370   0.00483   0.00230   0.00218   0.00100   0.00777   0.00120   0.00135   0.00000   0.00307   0.00308   3.41808   0.29244   0.93337   0.94172   0.13524   0.07559  
121 223.1379   8818.131063  x:  0.00496   0.00105   0.01304   0.00908   0.01504   0.01370   0.01976   0.01005   0.02088   0.01833   0.00929   0.02937   0.00000   0.00115   0.00534   0.02711   0.01893   0.00277   0.02266   0.00591   0.00804   0.00807   0.00496   0.00160   0.02423   0.02345   0.00350   0.01538   0.00000   0.00332   0.00203   0.00179   0.00169   0.00267   0.00203   0.00505   0.00925   0.00459   0.00000   0.00608   0.00100   0.00251   0.00574   0.00327   0.00370   0.00477   0.00230   0.00218   0.00100   0.00782   0.00119   0.00136   0.00000   0.00308   0.00305   3.42030   0.29354   0.93390   0.94128   0.13523   0.07549  
122 111.9470   8818.055110  x:  0.00479   0.00105   0.01331   0.00910   0.01530   0.01361   0.01997   0.01003   0.02064   0.01854   0.00921   0.02944   0.00000   0.00115   0.00554   0.02661   0.01866   0.00280   0.02225   0.00597   0.00805   0.00808   0.00522   0.00161   0.02418   0.02340   0.00339   0.01552   0.00000   0.00333   0.00211   0.00179   0.00166   0.00267   0.00204   0.00542   0.00924   0.00461   0.00000   0.00584   0.00100   0.00252   0.00563   0.00327   0.00369   0.00473   0.00230   0.00219   0.00099   0.00786   0.00122   0.00133   0.00000   0.00305   0.00318   3.42536   0.29679   0.93514   0.94014   0.13526   0.07540  
123 262.2680   8817.806439  x:  0.00474   0.00105   0.01420   0.00875   0.01587   0.01347   0.02027   0.01025   0.02038   0.01884   0.00985   0.02961   0.00000   0.00114   0.00532   0.02601   0.01845   0.00281   0.02162   0.00591   0.00795   0.00828   0.00525   0.00159   0.02407   0.02334   0.00338   0.01543   0.00000   0.00333   0.00196   0.00179   0.00172   0.00267   0.00202   0.00487   0.00900   0.00464   0.00000   0.00606   0.00101   0.00251   0.00570   0.00325   0.00370   0.00500   0.00231   0.00217   0.00100   0.00773   0.00116   0.00138   0.00000   0.00311   0.00294   3.44189   0.30813   0.93923   0.93627   0.13543   0.07525  
124 868.4899   8817.267154  x:  0.00537   0.00105   0.01414   0.00862   0.01578   0.01364   0.02024   0.01031   0.02062   0.01872   0.01008   0.02970   0.00000   0.00115   0.00504   0.02654   0.01890   0.00290   0.02171   0.00592   0.00790   0.00827   0.00432   0.00165   0.02401   0.02341   0.00379   0.01492   0.00000   0.00332   0.00222   0.00181   0.00161   0.00268   0.00206   0.00562   0.00896   0.00450   0.00000   0.00640   0.00099   0.00249   0.00589   0.00327   0.00368   0.00446   0.00234   0.00219   0.00098   0.00766   0.00126   0.00131   0.00000   0.00301   0.00330   3.47817   0.33359   0.94824   0.92765   0.13585   0.07501  
125 1956.7181   8816.598735  x:  0.00480   0.00108   0.01311   0.00905   0.01505   0.01398   0.01988   0.01009   0.02120   0.01828   0.00940   0.02963   0.00000   0.00114   0.00558   0.02790   0.01958   0.00278   0.02250   0.00594   0.00800   0.00805   0.00493   0.00161   0.02404   0.02359   0.00352   0.01454   0.00000   0.00333   0.00209   0.00179   0.00166   0.00266   0.00203   0.00513   0.00924   0.00463   0.00000   0.00592   0.00100   0.00251   0.00566   0.00328   0.00370   0.00483   0.00236   0.00219   0.00099   0.00781   0.00120   0.00136   0.00000   0.00308   0.00305   3.52319   0.36533   0.95941   0.91692   0.13640   0.07474  
126 4916.0053   8816.563322  x:  0.00488   0.00108   0.01317   0.00908   0.01490   0.01387   0.01979   0.01009   0.02124   0.01826   0.00937   0.02950   0.00000   0.00114   0.00530   0.02806   0.01940   0.00275   0.02275   0.00589   0.00803   0.00812   0.00522   0.00160   0.02412   0.02361   0.00341   0.01497   0.00000   0.00333   0.00209   0.00179   0.00167   0.00267   0.00203   0.00518   0.00924   0.00457   0.00000   0.00603   0.00100   0.00250   0.00570   0.00328   0.00369   0.00477   0.00236   0.00219   0.00099   0.00782   0.00121   0.00136   0.00000   0.00307   0.00306   3.52556   0.36701   0.95999   0.91635   0.13643   0.07473  
127 369.0525   8816.554037  x:  0.00486   0.00108   0.01325   0.00907   0.01484   0.01379   0.01977   0.01011   0.02125   0.01825   0.00941   0.02938   0.00000   0.00114   0.00541   0.02813   0.01923   0.00276   0.02290   0.00592   0.00803   0.00812   0.00509   0.00160   0.02419   0.02361   0.00345   0.01523   0.00000   0.00333   0.00208   0.00179   0.00167   0.00267   0.00203   0.00516   0.00924   0.00462   0.00000   0.00599   0.00100   0.00250   0.00569   0.00328   0.00369   0.00478   0.00236   0.00219   0.00099   0.00780   0.00120   0.00136   0.00000   0.00308   0.00306   3.52618   0.36745   0.96013   0.91620   0.13643   0.07473  
128 106.2522   8816.553412  x:  0.00486   0.00108   0.01324   0.00906   0.01485   0.01380   0.01977   0.01011   0.02124   0.01826   0.00941   0.02933   0.00000   0.00114   0.00541   0.02813   0.01918   0.00276   0.02293   0.00592   0.00803   0.00809   0.00509   0.00160   0.02421   0.02361   0.00345   0.01520   0.00000   0.00333   0.00208   0.00179   0.00167   0.00267   0.00203   0.00516   0.00924   0.00457   0.00000   0.00599   0.00100   0.00250   0.00569   0.00328   0.00369   0.00480   0.00236   0.00219   0.00099   0.00780   0.00120   0.00136   0.00000   0.00308   0.00306   3.52623   0.36747   0.96012   0.91620   0.13643   0.07473  
129 12.7741   8816.553043  x:  0.00486   0.00108   0.01324   0.00906   0.01487   0.01380   0.01978   0.01011   0.02123   0.01826   0.00941   0.02928   0.00000   0.00114   0.00540   0.02814   0.01914   0.00276   0.02295   0.00592   0.00803   0.00809   0.00509   0.00160   0.02424   0.02361   0.00345   0.01517   0.00000   0.00333   0.00208   0.00179   0.00167   0.00267   0.00203   0.00516   0.00924   0.00460   0.00000   0.00599   0.00100   0.00250   0.00569   0.00328   0.00369   0.00478   0.00236   0.00219   0.00099   0.00780   0.00120   0.00136   0.00000   0.00308   0.00306   3.52626   0.36749   0.96011   0.91619   0.13643   0.07473  
130 12.6704   8816.552814  x:  0.00486   0.00108   0.01323   0.00907   0.01488   0.01381   0.01978   0.01011   0.02122   0.01827   0.00940   0.02924   0.00000   0.00114   0.00541   0.02814   0.01914   0.00277   0.02295   0.00592   0.00804   0.00813   0.00509   0.00160   0.02425   0.02361   0.00345   0.01516   0.00000   0.00333   0.00208   0.00179   0.00167   0.00267   0.00203   0.00516   0.00924   0.00460   0.00000   0.00599   0.00100   0.00250   0.00569   0.00328   0.00369   0.00479   0.00236   0.00219   0.00099   0.00780   0.00120   0.00136   0.00000   0.00308   0.00306   3.52629   0.36750   0.96007   0.91619   0.13643   0.07473  
131  3.4137   8816.551365  x:  0.00486   0.00108   0.01324   0.00907   0.01485   0.01380   0.01978   0.01011   0.02121   0.01827   0.00941   0.02907   0.00000   0.00114   0.00540   0.02812   0.01925   0.00276   0.02287   0.00592   0.00800   0.00810   0.00509   0.00160   0.02430   0.02362   0.00345   0.01519   0.00000   0.00333   0.00208   0.00179   0.00167   0.00267   0.00203   0.00516   0.00923   0.00460   0.00000   0.00599   0.00100   0.00250   0.00569   0.00328   0.00369   0.00479   0.00236   0.00219   0.00099   0.00780   0.00120   0.00136   0.00000   0.00308   0.00306   3.52652   0.36754   0.95972   0.91622   0.13643   0.07474  
132  6.7747   8816.538640  x:  0.00486   0.00108   0.01325   0.00896   0.01482   0.01380   0.01977   0.01012   0.02126   0.01826   0.00944   0.02894   0.00000   0.00114   0.00540   0.02808   0.01930   0.00275   0.02280   0.00588   0.00835   0.00796   0.00510   0.00160   0.02424   0.02364   0.00345   0.01522   0.00000   0.00333   0.00208   0.00179   0.00167   0.00267   0.00203   0.00516   0.00930   0.00460   0.00000   0.00600   0.00100   0.00250   0.00568   0.00329   0.00369   0.00479   0.00236   0.00219   0.00099   0.00782   0.00120   0.00136   0.00000   0.00308   0.00305   3.52868   0.36788   0.95640   0.91644   0.13641   0.07479  
133 25.2567   8816.155370  x:  0.00481   0.00107   0.01325   0.00909   0.01470   0.01382   0.01984   0.01017   0.02239   0.01789   0.00934   0.02830   0.00000   0.00114   0.00537   0.02766   0.01886   0.00275   0.02286   0.00596   0.00797   0.00809   0.00506   0.00160   0.02270   0.02397   0.00338   0.01510   0.00000   0.00337   0.00200   0.00177   0.00170   0.00267   0.00202   0.00520   0.00930   0.00461   0.00000   0.00601   0.00098   0.00248   0.00571   0.00327   0.00369   0.00474   0.00241   0.00214   0.00098   0.00777   0.00121   0.00135   0.00000   0.00309   0.00302   3.59071   0.37768   0.86070   0.92295   0.13576   0.07625  
134 502.7312   8815.976664  x:  0.00480   0.00106   0.01325   0.00910   0.01465   0.01378   0.01970   0.01026   0.02127   0.01815   0.00935   0.02907   0.00000   0.00113   0.00540   0.02803   0.01918   0.00273   0.02296   0.00595   0.00803   0.00804   0.00506   0.00151   0.02415   0.02360   0.00333   0.01510   0.00000   0.00339   0.00196   0.00176   0.00172   0.00267   0.00201   0.00522   0.00934   0.00462   0.00000   0.00602   0.00097   0.00247   0.00572   0.00327   0.00369   0.00473   0.00244   0.00212   0.00097   0.00776   0.00121   0.00135   0.00000   0.00309   0.00300   3.62035   0.38234   0.81502   0.92601   0.13546   0.07696  
135 1952.9913   8815.952532  x:  0.00480   0.00106   0.01326   0.00910   0.01460   0.01378   0.01979   0.01024   0.02195   0.01795   0.00934   0.02920   0.00000   0.00113   0.00539   0.02783   0.01906   0.00273   0.02275   0.00597   0.00802   0.00805   0.00506   0.00148   0.02472   0.02346   0.00332   0.01509   0.00000   0.00339   0.00196   0.00176   0.00172   0.00267   0.00201   0.00522   0.00934   0.00462   0.00000   0.00602   0.00097   0.00247   0.00572   0.00327   0.00369   0.00473   0.00244   0.00211   0.00097   0.00777   0.00121   0.00135   0.00000   0.00309   0.00300   3.62306   0.38178   0.81505   0.92326   0.13554   0.07715  
136  2.9917   8813.426898  x:  0.00462   0.00094   0.01396   0.00925   0.01376   0.01357   0.01936   0.01102   0.02049   0.01776   0.00935   0.02913   0.00000   0.00108   0.00544   0.02627   0.01865   0.00261   0.02260   0.00612   0.00796   0.00798   0.00466   0.00122   0.02432   0.02304   0.00283   0.01434   0.00000   0.00365   0.00136   0.00157   0.00198   0.00267   0.00192   0.00554   0.00977   0.00457   0.00000   0.00625   0.00087   0.00228   0.00597   0.00325   0.00369   0.00440   0.00276   0.00175   0.00084   0.00755   0.00125   0.00129   0.00000   0.00315   0.00278   3.88265   0.32524   0.82705   0.65307   0.14321   0.09596  
137 188.1878   8813.414076  x:  0.00462   0.00093   0.01397   0.00925   0.01375   0.01357   0.01936   0.01103   0.02047   0.01776   0.00935   0.02913   0.00000   0.00108   0.00544   0.02625   0.01865   0.00261   0.02260   0.00612   0.00796   0.00798   0.00465   0.00121   0.02432   0.02304   0.00283   0.01433   0.00015   0.00365   0.00136   0.00157   0.00198   0.00267   0.00192   0.00554   0.00978   0.00457   0.00000   0.00626   0.00087   0.00228   0.00597   0.00325   0.00369   0.00440   0.00277   0.00174   0.00084   0.00754   0.00125   0.00129   0.00000   0.00315   0.00278   3.88506   0.32472   0.82716   0.65056   0.14328   0.09613  
138 4300.5520   8812.340322  x:  0.00451   0.00084   0.01416   0.00943   0.01317   0.01344   0.01901   0.01145   0.01990   0.01745   0.00920   0.02980   0.00000   0.00105   0.00558   0.02606   0.01862   0.00252   0.02284   0.00617   0.00808   0.00804   0.00449   0.00106   0.02443   0.02276   0.00252   0.01415   0.00043   0.00378   0.00107   0.00143   0.00210   0.00269   0.00186   0.00573   0.01009   0.00435   0.00000   0.00629   0.00082   0.00217   0.00606   0.00324   0.00370   0.00428   0.00291   0.00156   0.00077   0.00742   0.00128   0.00124   0.00000   0.00322   0.00263   4.04798   0.36455   1.03289   0.95070   0.14645   0.10422  
139  3.8448   8811.119164  x:  0.00461   0.00075   0.01376   0.00915   0.01493   0.01306   0.02005   0.01125   0.02041   0.01734   0.00937   0.02957   0.00000   0.00107   0.00563   0.02580   0.01914   0.00270   0.02315   0.00607   0.00800   0.00810   0.00435   0.00162   0.02407   0.02274   0.00282   0.01461   0.00056   0.00373   0.00180   0.00098   0.00217   0.00275   0.00179   0.00610   0.01043   0.00432   0.00000   0.00643   0.00075   0.00223   0.00612   0.00332   0.00353   0.00427   0.00278   0.00212   0.00071   0.00714   0.00126   0.00127   0.00000   0.00381   0.00249   4.46332   0.33625   1.12387   0.93695   0.15194   0.10576  
140  0.3546   8810.668984  x:  0.00470   0.00061   0.01347   0.00902   0.01509   0.01326   0.02018   0.01086   0.02089   0.01756   0.00941   0.02924   0.00000   0.00109   0.00558   0.02625   0.01928   0.00262   0.02327   0.00598   0.00797   0.00812   0.00429   0.00125   0.02405   0.02304   0.00264   0.01484   0.00041   0.00374   0.00135   0.00117   0.00213   0.00274   0.00186   0.00604   0.01057   0.00442   0.00000   0.00641   0.00092   0.00219   0.00597   0.00325   0.00355   0.00446   0.00284   0.00189   0.00088   0.00744   0.00126   0.00131   0.00000   0.00371   0.00266   4.71902   0.30742   1.16032   0.88221   0.15256   0.10221  
141  0.2382   8810.550255  x:  0.00465   0.00082   0.01356   0.00912   0.01429   0.01333   0.01978   0.01084   0.02070   0.01757   0.00932   0.02927   0.00000   0.00109   0.00549   0.02644   0.01909   0.00259   0.02324   0.00604   0.00804   0.00809   0.00442   0.00133   0.02414   0.02308   0.00269   0.01461   0.00041   0.00368   0.00137   0.00117   0.00205   0.00269   0.00188   0.00590   0.01047   0.00442   0.00000   0.00628   0.00083   0.00228   0.00593   0.00320   0.00362   0.00444   0.00288   0.00189   0.00081   0.00749   0.00125   0.00131   0.00000   0.00366   0.00266   4.83759   0.29894   1.19201   0.86851   0.15257   0.10224  
142  0.1277   8810.530038  x:  0.00463   0.00075   0.01356   0.00916   0.01435   0.01328   0.01967   0.01090   0.02061   0.01746   0.00932   0.02934   0.00000   0.00108   0.00555   0.02629   0.01913   0.00260   0.02329   0.00604   0.00805   0.00809   0.00443   0.00128   0.02416   0.02299   0.00269   0.01460   0.00045   0.00369   0.00145   0.00116   0.00204   0.00270   0.00187   0.00587   0.01040   0.00440   0.00000   0.00629   0.00083   0.00224   0.00598   0.00322   0.00362   0.00441   0.00283   0.00184   0.00079   0.00743   0.00126   0.00129   0.00000   0.00356   0.00263   4.88070   0.29830   1.21202   0.86966   0.15234   0.10234  
143  0.0465   8810.526139  x:  0.00463   0.00076   0.01357   0.00916   0.01445   0.01326   0.01972   0.01092   0.02062   0.01746   0.00933   0.02934   0.00000   0.00108   0.00556   0.02624   0.01914   0.00261   0.02329   0.00604   0.00804   0.00809   0.00443   0.00132   0.02414   0.02297   0.00271   0.01463   0.00045   0.00368   0.00140   0.00117   0.00205   0.00272   0.00186   0.00587   0.01038   0.00440   0.00000   0.00630   0.00084   0.00224   0.00600   0.00324   0.00360   0.00441   0.00281   0.00188   0.00080   0.00741   0.00125   0.00129   0.00000   0.00355   0.00263   4.89600   0.29757   1.22326   0.87077   0.15239   0.10257  
144  0.0205   8810.525206  x:  0.00464   0.00077   0.01358   0.00914   0.01446   0.01328   0.01976   0.01092   0.02064   0.01749   0.00934   0.02933   0.00000   0.00108   0.00555   0.02626   0.01913   0.00261   0.02327   0.00604   0.00803   0.00810   0.00443   0.00130   0.02412   0.02299   0.00271   0.01463   0.00044   0.00368   0.00142   0.00118   0.00205   0.00272   0.00186   0.00588   0.01037   0.00440   0.00000   0.00631   0.00084   0.00224   0.00599   0.00324   0.00360   0.00442   0.00282   0.00188   0.00080   0.00743   0.00125   0.00129   0.00000   0.00355   0.00264   4.89998   0.29730   1.23202   0.87336   0.15246   0.10276  
145  0.0087   8810.524805  x:  0.00464   0.00076   0.01357   0.00914   0.01444   0.01328   0.01976   0.01091   0.02065   0.01748   0.00933   0.02932   0.00000   0.00108   0.00555   0.02627   0.01913   0.00261   0.02327   0.00604   0.00803   0.00809   0.00443   0.00131   0.02412   0.02299   0.00271   0.01463   0.00044   0.00369   0.00141   0.00118   0.00205   0.00271   0.00186   0.00588   0.01036   0.00441   0.00000   0.00631   0.00083   0.00224   0.00598   0.00323   0.00361   0.00442   0.00281   0.00187   0.00080   0.00743   0.00125   0.00129   0.00000   0.00355   0.00264   4.89888   0.29746   1.23809   0.87540   0.15249   0.10280  
146  0.0045   8810.524779  x:  0.00464   0.00076   0.01357   0.00914   0.01444   0.01328   0.01975   0.01091   0.02064   0.01748   0.00933   0.02932   0.00000   0.00108   0.00555   0.02627   0.01913   0.00261   0.02327   0.00604   0.00803   0.00809   0.00443   0.00131   0.02412   0.02299   0.00271   0.01463   0.00044   0.00369   0.00141   0.00118   0.00205   0.00271   0.00186   0.00588   0.01037   0.00440   0.00000   0.00631   0.00083   0.00224   0.00598   0.00323   0.00361   0.00442   0.00281   0.00187   0.00080   0.00743   0.00125   0.00129   0.00000   0.00356   0.00263   4.89753   0.29749   1.23801   0.87555   0.15249   0.10277  
147  0.0017   8810.524775  x:  0.00464   0.00076   0.01357   0.00914   0.01444   0.01327   0.01975   0.01091   0.02064   0.01748   0.00934   0.02932   0.00000   0.00108   0.00555   0.02626   0.01913   0.00261   0.02327   0.00604   0.00803   0.00809   0.00443   0.00131   0.02412   0.02299   0.00271   0.01463   0.00044   0.00369   0.00141   0.00118   0.00205   0.00271   0.00186   0.00588   0.01037   0.00440   0.00000   0.00631   0.00083   0.00224   0.00599   0.00323   0.00361   0.00442   0.00281   0.00187   0.00080   0.00743   0.00125   0.00129   0.00000   0.00356   0.00264   4.89682   0.29749   1.23797   0.87560   0.15249   0.10275  