

TREE # 1

  0  0.0000   2480.868677  x:  0.02027   0.01662   0.00000   0.01057   0.01837   0.01082   0.00764   0.00274   0.00020   0.01413   0.01195   0.00503   0.00324   0.01638   0.00870   0.00777   0.00822   0.01144   0.00381   0.00744   0.01150   0.01503   0.00549   0.00749   0.00953   0.00319   0.00840   0.01425   0.03246   0.01701   0.01553   0.00698   0.00077   0.01198   0.00570   0.00996   0.01192   0.06726   0.03161   0.02249   0.01621   0.01055   0.01056   0.01171   0.00537   0.02134   0.01982   0.03098   0.01447   0.01499   0.01244   0.01241   0.00224   0.02669   0.02506   1.08341   0.84393   0.69773   0.99502   1.04003   0.03439   0.20662   2.32771  
  1 99.0000   2477.285558  x:  0.02029   0.01662   0.00435   0.01060   0.01831   0.01065   0.00766   0.00260   0.00000   0.01409   0.01184   0.00482   0.00305   0.01628   0.00859   0.00757   0.00821   0.01129   0.00361   0.00740   0.01145   0.01487   0.00540   0.00728   0.00940   0.00318   0.00819   0.01418   0.03244   0.01686   0.01540   0.00688   0.00057   0.01199   0.00549   0.00982   0.01177   0.06730   0.03157   0.02237   0.01608   0.01035   0.01042   0.01155   0.00525   0.02128   0.01973   0.03101   0.01446   0.01486   0.01243   0.01224   0.00204   0.02669   0.02498   1.08344   0.84393   0.69773   0.99502   1.04003   0.03439   0.20656   2.32771  
  2 7339.4681   2473.237530  x:  0.02032   0.01657   0.00435   0.01057   0.01811   0.01017   0.00772   0.00221   0.00000   0.01399   0.01154   0.00423   0.00248   0.01601   0.00827   0.00697   0.00818   0.01085   0.00301   0.00727   0.01131   0.01439   0.00512   0.00670   0.00903   0.00314   0.00759   0.01399   0.03237   0.01640   0.01503   0.00657   0.00000   0.01204   0.00488   0.00941   0.01134   0.06742   0.03144   0.02200   0.01569   0.00975   0.01000   0.01110   0.00493   0.02110   0.01948   0.03111   0.01445   0.01448   0.01238   0.01174   0.00143   0.02667   0.02471   1.08352   0.84393   0.69774   0.99502   1.04005   0.03437   0.20639   2.32771  
  3 1586.7876   2465.990766  x:  0.02025   0.01645   0.00436   0.01046   0.01786   0.00919   0.00797   0.00167   0.00000   0.01390   0.01126   0.00283   0.00115   0.01546   0.00796   0.00556   0.00814   0.01016   0.00160   0.00741   0.01126   0.01348   0.00550   0.00531   0.00860   0.00340   0.00618   0.01379   0.03223   0.01553   0.01445   0.00659   0.00000   0.01196   0.00343   0.00843   0.01063   0.06753   0.03117   0.02135   0.01509   0.00837   0.00944   0.01043   0.00530   0.02079   0.01916   0.03112   0.01437   0.01382   0.01237   0.01069   0.00000   0.02661   0.02417   1.08372   0.84393   0.69777   0.99500   1.04011   0.03433   0.20621   2.32771  
  4 10006.7261   2460.577348  x:  0.02017   0.01637   0.00436   0.01037   0.01773   0.00843   0.00807   0.00129   0.00000   0.01384   0.01112   0.00162   0.00000   0.01504   0.00781   0.00434   0.00811   0.00973   0.00039   0.00742   0.01123   0.01282   0.00559   0.00412   0.00837   0.00310   0.00496   0.01369   0.03213   0.01488   0.01406   0.00665   0.00000   0.01189   0.00217   0.00759   0.01015   0.06755   0.03095   0.02087   0.01468   0.00717   0.00910   0.00999   0.00551   0.02058   0.01900   0.03108   0.01431   0.01336   0.01239   0.00984   0.00000   0.02656   0.02376   1.08389   0.84394   0.69780   0.99498   1.04016   0.03429   0.20615   2.32770  
  5 42758.6188   2459.035118  x:  0.02015   0.01634   0.00436   0.01034   0.01770   0.00820   0.00809   0.00119   0.00000   0.01382   0.01108   0.00124   0.00000   0.01491   0.00777   0.00394   0.00810   0.00961   0.00000   0.00740   0.01122   0.01263   0.00558   0.00374   0.00831   0.00310   0.00457   0.01367   0.03210   0.01469   0.01396   0.00665   0.00000   0.01187   0.00177   0.00732   0.01002   0.06755   0.03089   0.02074   0.01457   0.00679   0.00901   0.00987   0.00553   0.02053   0.01896   0.03107   0.01429   0.01323   0.01239   0.00958   0.00000   0.02655   0.02364   1.08395   0.84394   0.69781   0.99498   1.04017   0.03427   0.20614   2.32770  
  6 90856.6231   2454.625502  x:  0.02012   0.01629   0.00436   0.01025   0.01758   0.00755   0.00827   0.00093   0.00000   0.01374   0.01090   0.00000   0.00000   0.01455   0.00757   0.00267   0.00807   0.00930   0.00000   0.00745   0.01113   0.01213   0.00568   0.00251   0.00809   0.00308   0.00331   0.01354   0.03200   0.01417   0.01366   0.00650   0.00000   0.01186   0.00046   0.00644   0.00967   0.06753   0.03071   0.02035   0.01425   0.00555   0.00875   0.00956   0.00551   0.02036   0.01886   0.03107   0.01425   0.01288   0.01239   0.00883   0.00000   0.02654   0.02331   1.08412   0.84395   0.69783   0.99496   1.04022   0.03423   0.20616   2.32769  
  7 94391.0631   2453.353188  x:  0.02013   0.01627   0.00436   0.01023   0.01752   0.00739   0.00818   0.00078   0.00000   0.01372   0.01081   0.00000   0.00000   0.01446   0.00747   0.00222   0.00806   0.00921   0.00000   0.00742   0.01112   0.01203   0.00569   0.00210   0.00799   0.00307   0.00289   0.01347   0.03198   0.01405   0.01355   0.00649   0.00000   0.01184   0.00000   0.00614   0.00957   0.06754   0.03067   0.02026   0.01416   0.00514   0.00865   0.00947   0.00559   0.02031   0.01882   0.03111   0.01423   0.01277   0.01239   0.00863   0.00000   0.02655   0.02323   1.08417   0.84395   0.69784   0.99496   1.04024   0.03421   0.20617   2.32769  
  8 18250.9059   2448.319069  x:  0.02007   0.01615   0.00436   0.01015   0.01724   0.00680   0.00880   0.00039   0.00000   0.01372   0.01061   0.00000   0.00000   0.01410   0.00725   0.00000   0.00803   0.00869   0.00000   0.00721   0.01121   0.01167   0.00527   0.00015   0.00758   0.00307   0.00091   0.01331   0.03190   0.01364   0.01298   0.00691   0.00000   0.01169   0.00000   0.00462   0.00902   0.06767   0.03052   0.01985   0.01367   0.00321   0.00811   0.00897   0.00595   0.02004   0.01849   0.03126   0.01410   0.01225   0.01246   0.00796   0.00000   0.02659   0.02294   1.08442   0.84396   0.69788   0.99493   1.04031   0.03415   0.20611   2.32768  
  9 8724.1231   2448.020425  x:  0.02006   0.01614   0.00436   0.01015   0.01724   0.00676   0.00880   0.00034   0.00000   0.01372   0.01063   0.00000   0.00000   0.01407   0.00726   0.00000   0.00803   0.00866   0.00000   0.00723   0.01121   0.01163   0.00528   0.00000   0.00759   0.00307   0.00076   0.01332   0.03190   0.01361   0.01295   0.00691   0.00000   0.01169   0.00000   0.00450   0.00898   0.06768   0.03050   0.01981   0.01363   0.00307   0.00809   0.00893   0.00592   0.02003   0.01847   0.03124   0.01410   0.01221   0.01246   0.00791   0.00000   0.02658   0.02291   1.08444   0.84396   0.69788   0.99493   1.04031   0.03415   0.20609   2.32767  
 10 4703.5934   2446.809838  x:  0.02002   0.01614   0.00436   0.01011   0.01727   0.00653   0.00887   0.00023   0.00000   0.01367   0.01061   0.00000   0.00000   0.01390   0.00725   0.00000   0.00803   0.00861   0.00000   0.00702   0.01114   0.01131   0.00533   0.00000   0.00762   0.00307   0.00000   0.01332   0.03185   0.01334   0.01293   0.00674   0.00000   0.01169   0.00000   0.00390   0.00889   0.06771   0.03040   0.01960   0.01353   0.00232   0.00813   0.00885   0.00604   0.01997   0.01846   0.03112   0.01414   0.01208   0.01244   0.00764   0.00000   0.02650   0.02273   1.08453   0.84396   0.69790   0.99492   1.04034   0.03413   0.20594   2.32767  
 11 3389.4834   2444.222592  x:  0.02008   0.01614   0.00436   0.00999   0.01733   0.00578   0.00886   0.00015   0.00000   0.01357   0.01029   0.00000   0.00000   0.01342   0.00691   0.00000   0.00800   0.00864   0.00000   0.00757   0.01113   0.01048   0.00493   0.00000   0.00742   0.00308   0.00000   0.01311   0.03174   0.01252   0.01306   0.00663   0.00000   0.01163   0.00000   0.00207   0.00894   0.06766   0.03009   0.01909   0.01343   0.00000   0.00816   0.00887   0.00634   0.01990   0.01869   0.03096   0.01414   0.01195   0.01249   0.00667   0.00000   0.02641   0.02217   1.08483   0.84397   0.69793   0.99490   1.04041   0.03407   0.20545   2.32766  
 12 2956.9779   2442.680692  x:  0.02017   0.01604   0.00436   0.00987   0.01722   0.00493   0.00879   0.00028   0.00000   0.01365   0.01008   0.00000   0.00000   0.01305   0.00675   0.00000   0.00798   0.00863   0.00000   0.00732   0.01125   0.01019   0.00524   0.00000   0.00707   0.00308   0.00000   0.01292   0.03170   0.01196   0.01302   0.00710   0.00000   0.01166   0.00000   0.00000   0.00905   0.06744   0.02986   0.01887   0.01344   0.00000   0.00786   0.00889   0.00597   0.01987   0.01904   0.03120   0.01397   0.01201   0.01267   0.00551   0.00000   0.02663   0.02175   1.08517   0.84398   0.69798   0.99488   1.04050   0.03399   0.20502   2.32765  
 13 1342.6587   2439.408271  x:  0.02003   0.01584   0.00437   0.00886   0.01662   0.00116   0.00874   0.00044   0.00000   0.01346   0.01078   0.00000   0.00000   0.01229   0.00745   0.00000   0.00811   0.00761   0.00000   0.00748   0.01042   0.01196   0.00497   0.00000   0.00736   0.00308   0.00000   0.01322   0.03172   0.01165   0.01136   0.00574   0.00000   0.01136   0.00000   0.00000   0.00817   0.06617   0.02963   0.01934   0.01314   0.00000   0.00663   0.00823   0.00692   0.01960   0.02019   0.03292   0.01397   0.01196   0.01315   0.00000   0.00000   0.02859   0.02130   1.08720   0.84404   0.69825   0.99471   1.04116   0.03345   0.20363   2.32760  
 14 539.9195   2438.812401  x:  0.01998   0.01597   0.00438   0.00849   0.01684   0.00000   0.00887   0.00006   0.00000   0.01333   0.01053   0.00000   0.00000   0.01226   0.00707   0.00000   0.00799   0.00743   0.00000   0.00745   0.01063   0.01228   0.00500   0.00000   0.00734   0.00307   0.00000   0.01317   0.03171   0.01190   0.01117   0.00570   0.00000   0.01154   0.00000   0.00000   0.00776   0.06604   0.02972   0.01939   0.01281   0.00000   0.00702   0.00791   0.00698   0.01945   0.02047   0.03285   0.01405   0.01157   0.01359   0.00000   0.00000   0.02895   0.02153   1.08801   0.84407   0.69836   0.99464   1.04143   0.03321   0.20335   2.32757  
 15 277.1960   2438.745382  x:  0.01998   0.01597   0.00438   0.00844   0.01685   0.00000   0.00889   0.00000   0.00000   0.01333   0.01051   0.00000   0.00000   0.01224   0.00705   0.00000   0.00800   0.00742   0.00000   0.00745   0.01062   0.01226   0.00501   0.00000   0.00732   0.00307   0.00000   0.01316   0.03170   0.01190   0.01116   0.00572   0.00000   0.01152   0.00000   0.00000   0.00773   0.06603   0.02972   0.01936   0.01278   0.00000   0.00700   0.00789   0.00698   0.01944   0.02050   0.03284   0.01405   0.01152   0.01355   0.00000   0.00000   0.02898   0.02155   1.08812   0.84407   0.69838   0.99463   1.04147   0.03318   0.20333   2.32757  
 16 246.1168   2428.768300  x:  0.02016   0.01445   0.00430   0.01749   0.01478   0.00000   0.00913   0.00000   0.00000   0.01335   0.00899   0.00000   0.00000   0.00699   0.00657   0.00000   0.00643   0.00468   0.00000   0.00701   0.01058   0.00292   0.00585   0.00000   0.00346   0.00288   0.00000   0.01114   0.03025   0.00530   0.00854   0.00508   0.00000   0.01304   0.00000   0.00000   0.00595   0.06629   0.02761   0.01233   0.00895   0.00000   0.00083   0.00573   0.00876   0.01698   0.02068   0.03265   0.01340   0.00564   0.01247   0.00000   0.00000   0.03018   0.02141   1.10996   0.84480   0.70154   0.99268   1.04901   0.02664   0.19918   2.32695  
 17 532.6431   2427.093728  x:  0.02044   0.01366   0.00428   0.01964   0.01316   0.00000   0.00898   0.00000   0.00000   0.01361   0.00865   0.00000   0.00000   0.00554   0.00665   0.00000   0.00659   0.00358   0.00000   0.00694   0.00999   0.00114   0.00608   0.00000   0.00212   0.00284   0.00000   0.01042   0.02991   0.00313   0.00727   0.00539   0.00000   0.01268   0.00000   0.00000   0.00553   0.06671   0.02682   0.01046   0.00813   0.00000   0.00266   0.00505   0.00901   0.01636   0.01976   0.03369   0.01290   0.00475   0.01128   0.00000   0.00000   0.03036   0.02058   1.11515   0.84498   0.70229   0.99222   1.05079   0.02510   0.19798   2.32680  
 18 1509.0832   2425.919035  x:  0.02065   0.01318   0.00428   0.02095   0.01217   0.00000   0.00875   0.00000   0.00000   0.01363   0.00791   0.00000   0.00000   0.00427   0.00607   0.00000   0.00687   0.00327   0.00000   0.00690   0.00972   0.00268   0.00625   0.00000   0.00267   0.00280   0.00000   0.00977   0.02950   0.00120   0.00707   0.00582   0.00000   0.01230   0.00000   0.00000   0.00522   0.06769   0.02575   0.00835   0.00747   0.00000   0.00302   0.00448   0.00905   0.01585   0.01833   0.03364   0.01270   0.00436   0.01047   0.00000   0.00000   0.02929   0.01872   1.11867   0.84509   0.70280   0.99191   1.05198   0.02408   0.19670   2.32670  
 19 825.4977   2424.426386  x:  0.02097   0.01241   0.00428   0.02230   0.01037   0.00000   0.00812   0.00000   0.00000   0.01352   0.00676   0.00000   0.00000   0.00232   0.00498   0.00000   0.00753   0.00304   0.00000   0.00684   0.00915   0.00307   0.00652   0.00000   0.00390   0.00276   0.00000   0.00886   0.02875   0.00329   0.00666   0.00638   0.00000   0.01142   0.00000   0.00000   0.00452   0.06942   0.02345   0.00530   0.00662   0.00000   0.00324   0.00349   0.00900   0.01499   0.01548   0.03386   0.01244   0.00455   0.00967   0.00000   0.00000   0.02711   0.01408   1.12428   0.84527   0.70362   0.99142   1.05382   0.02251   0.19404   2.32654  
 20 943.8055   2422.762449  x:  0.02103   0.01208   0.00431   0.02183   0.00921   0.00000   0.00727   0.00000   0.00000   0.01311   0.00619   0.00000   0.00000   0.00493   0.00383   0.00000   0.00829   0.00337   0.00000   0.00679   0.00870   0.00252   0.00681   0.00000   0.00428   0.00272   0.00000   0.00873   0.02787   0.00297   0.00614   0.00676   0.00000   0.01017   0.00000   0.00000   0.00308   0.07226   0.02053   0.00671   0.00605   0.00000   0.00292   0.00281   0.00869   0.01397   0.01123   0.03412   0.01250   0.00535   0.01004   0.00000   0.00000   0.02387   0.00698   1.13067   0.84546   0.70455   0.99087   1.05587   0.02077   0.19011   2.32636  
 21 608.1283   2422.233050  x:  0.02086   0.01253   0.00432   0.02064   0.00986   0.00000   0.00722   0.00000   0.00000   0.01284   0.00662   0.00000   0.00000   0.00367   0.00433   0.00000   0.00819   0.00248   0.00000   0.00679   0.00882   0.00294   0.00684   0.00000   0.00271   0.00271   0.00000   0.00909   0.02761   0.00310   0.00588   0.00654   0.00000   0.01024   0.00000   0.00000   0.00391   0.07467   0.01953   0.00744   0.00627   0.00000   0.00285   0.00387   0.00863   0.01362   0.00986   0.03457   0.01259   0.00501   0.01068   0.00000   0.00000   0.02233   0.00529   1.13420   0.84557   0.70507   0.99057   1.05696   0.01987   0.18692   2.32626  
 22 271.6322   2421.802386  x:  0.02086   0.01285   0.00433   0.01961   0.00995   0.00304   0.00726   0.00000   0.00000   0.01271   0.00679   0.00000   0.00000   0.00293   0.00455   0.00000   0.00803   0.00298   0.00000   0.00678   0.00892   0.00287   0.00686   0.00000   0.00245   0.00271   0.00000   0.00918   0.02748   0.00297   0.00560   0.00643   0.00000   0.01039   0.00000   0.00000   0.00422   0.07728   0.01877   0.00773   0.00664   0.00000   0.00276   0.00380   0.00866   0.01347   0.00929   0.03575   0.01253   0.00508   0.01116   0.00000   0.00000   0.02126   0.00538   1.13801   0.84567   0.70563   0.99025   1.05811   0.01892   0.18312   2.32616  
 23 423.8393   2420.033697  x:  0.02122   0.01411   0.00434   0.01538   0.00991   0.00201   0.00752   0.00000   0.00000   0.01256   0.00669   0.00000   0.00000   0.00283   0.00475   0.00000   0.00729   0.00272   0.00000   0.00677   0.00918   0.00186   0.00702   0.00000   0.00416   0.00270   0.00000   0.00885   0.02720   0.00236   0.00582   0.00615   0.00000   0.01108   0.00000   0.00000   0.00544   0.09036   0.01628   0.00740   0.00822   0.00000   0.00239   0.00364   0.00892   0.01344   0.00690   0.04275   0.01188   0.00554   0.01274   0.00000   0.00000   0.01669   0.00983   1.15996   0.84629   0.70884   0.98841   1.06478   0.01344   0.16072   2.32556  
 24 478.9720   2417.980191  x:  0.02122   0.01387   0.00433   0.01593   0.01015   0.00132   0.00824   0.00000   0.00000   0.01289   0.00747   0.00000   0.00000   0.00526   0.00557   0.00000   0.00691   0.00396   0.00000   0.00682   0.00924   0.00318   0.00714   0.00000   0.00142   0.00272   0.00000   0.00929   0.02720   0.00319   0.00703   0.00548   0.00000   0.01204   0.00000   0.00000   0.00427   0.10450   0.01615   0.00576   0.00739   0.00000   0.00275   0.00326   0.00955   0.01394   0.00970   0.04734   0.01205   0.00503   0.01230   0.00000   0.00000   0.01462   0.01103   1.18589   0.84702   0.71263   0.98625   1.07267   0.00697   0.13355   2.32484  
 25 979.1181   2414.153532  x:  0.02223   0.01261   0.00428   0.01996   0.01121   0.00120   0.01012   0.00000   0.00000   0.01376   0.00625   0.00000   0.00000   0.00601   0.00401   0.00000   0.00724   0.00162   0.00000   0.00684   0.01009   0.00332   0.00754   0.00000   0.00464   0.00276   0.00000   0.00908   0.02809   0.00393   0.00805   0.00558   0.00000   0.01347   0.00000   0.00000   0.00367   0.13398   0.02036   0.00900   0.00479   0.00000   0.00334   0.00642   0.00994   0.01544   0.01591   0.05463   0.01304   0.00414   0.00961   0.00000   0.00000   0.01802   0.00970   1.24195   0.84860   0.72083   0.98158   1.08975  -0.00702   0.07297   2.32332  
 26 2046.5575   2412.496617  x:  0.02239   0.01267   0.00427   0.02061   0.01157   0.00000   0.01072   0.00000   0.00000   0.01375   0.00623   0.00000   0.00000   0.00470   0.00380   0.00000   0.00766   0.00390   0.00000   0.00686   0.01018   0.00324   0.00768   0.00000   0.00468   0.00278   0.00000   0.00930   0.02857   0.00380   0.00717   0.00554   0.00000   0.01336   0.00000   0.00000   0.00376   0.14218   0.02215   0.00990   0.00541   0.00000   0.00338   0.00589   0.00994   0.01562   0.01603   0.05553   0.01356   0.00456   0.00973   0.00000   0.00000   0.02049   0.00892   1.25935   0.84909   0.72337   0.98014   1.09507  -0.01136   0.05366   2.32285  
 27 2221.8110   2410.695142  x:  0.02292   0.01346   0.00426   0.02095   0.01141   0.00000   0.01102   0.00000   0.00000   0.01346   0.00629   0.00000   0.00000   0.00524   0.00389   0.00000   0.00840   0.00176   0.00000   0.00690   0.00985   0.00329   0.00784   0.00000   0.00395   0.00283   0.00000   0.00936   0.02956   0.00366   0.00787   0.00534   0.00000   0.01222   0.00000   0.00000   0.00513   0.15022   0.02459   0.00892   0.00857   0.00000   0.00326   0.00285   0.00976   0.01618   0.01585   0.05334   0.01421   0.00803   0.01106   0.00000   0.00000   0.02492   0.00876   1.28256   0.84973   0.72676   0.97823   1.10217  -0.01713   0.02684   2.32223  
 28 1379.4535   2409.536227  x:  0.02376   0.01396   0.00425   0.02028   0.00876   0.00000   0.01041   0.00000   0.00000   0.01317   0.00647   0.00000   0.00000   0.00676   0.00469   0.00000   0.00775   0.00177   0.00000   0.00691   0.00926   0.00351   0.00781   0.00000   0.00356   0.00288   0.00000   0.00861   0.03054   0.00382   0.00750   0.00505   0.00000   0.01167   0.00000   0.00000   0.00448   0.15047   0.02495   0.00737   0.00711   0.00000   0.00332   0.00655   0.00949   0.01626   0.01335   0.04986   0.01296   0.00872   0.01247   0.00000   0.00000   0.02760   0.01072   1.29918   0.85017   0.72917   0.97689   1.10721  -0.02117   0.00678   2.32182  
 29 528.4056   2408.886720  x:  0.02409   0.01343   0.00425   0.02063   0.00907   0.00000   0.00980   0.00000   0.00000   0.01334   0.00656   0.00000   0.00000   0.00663   0.00452   0.00000   0.00741   0.00178   0.00000   0.00691   0.00932   0.00377   0.00772   0.00000   0.00339   0.00292   0.00000   0.00870   0.03072   0.00404   0.00752   0.00501   0.00000   0.01218   0.00000   0.00000   0.00505   0.14863   0.02430   0.00837   0.00649   0.00000   0.00344   0.00583   0.00953   0.01632   0.01278   0.04926   0.01244   0.00817   0.01182   0.00000   0.00000   0.02700   0.01143   1.30515   0.85033   0.73003   0.97642   1.10893  -0.02253   0.00000   2.32169  
 30 352.9786   2407.086469  x:  0.02415   0.01206   0.00424   0.02095   0.01119   0.00000   0.00703   0.00000   0.00000   0.01339   0.00567   0.00000   0.00000   0.00598   0.00458   0.00000   0.00863   0.00151   0.00000   0.00691   0.01074   0.00375   0.00735   0.00000   0.00404   0.00314   0.00000   0.00965   0.03016   0.00415   0.00612   0.00544   0.00000   0.01297   0.00000   0.00000   0.00247   0.13588   0.02215   0.00918   0.01061   0.00000   0.00351   0.00615   0.00845   0.01608   0.01549   0.05217   0.01513   0.00499   0.01113   0.00000   0.00000   0.02038   0.01122   1.33569   0.85115   0.73441   0.97405   1.11703  -0.02876   0.00000   2.32107  
 31 361.4461   2405.977133  x:  0.02253   0.01281   0.00426   0.01981   0.01136   0.00000   0.00620   0.00000   0.00000   0.01307   0.00708   0.00000   0.00000   0.00631   0.00428   0.00000   0.00842   0.00207   0.00000   0.00691   0.01125   0.00319   0.00704   0.00000   0.00518   0.00329   0.00000   0.00982   0.02880   0.00379   0.00684   0.00571   0.00000   0.01288   0.00000   0.00000   0.00570   0.12605   0.02131   0.00809   0.00835   0.00000   0.00341   0.00509   0.00772   0.01522   0.01846   0.05693   0.01686   0.00396   0.01240   0.00000   0.00000   0.01658   0.00873   1.35875   0.85178   0.73772   0.97225   1.12285  -0.03320   0.00000   2.32061  
 32 578.5828   2405.467889  x:  0.02104   0.01361   0.00427   0.01949   0.01266   0.00000   0.00651   0.00000   0.00000   0.01316   0.00684   0.00000   0.00000   0.00507   0.00479   0.00000   0.00737   0.00220   0.00000   0.00688   0.01130   0.00289   0.00683   0.00000   0.00516   0.00335   0.00000   0.00994   0.02755   0.00342   0.00918   0.00583   0.00000   0.01344   0.00000   0.00000   0.00422   0.12123   0.02012   0.00825   0.00683   0.00000   0.00333   0.00494   0.00756   0.01518   0.01893   0.05952   0.01637   0.00670   0.01198   0.00000   0.00000   0.01556   0.00776   1.37098   0.85213   0.73947   0.97128   1.12573  -0.03539   0.00000   2.32037  
 33 365.9753   2405.045210  x:  0.01923   0.01400   0.00427   0.02012   0.01355   0.00000   0.00797   0.00000   0.00000   0.01327   0.00663   0.00000   0.00000   0.00577   0.00433   0.00000   0.00734   0.00227   0.00000   0.00680   0.01100   0.00296   0.00665   0.00000   0.00542   0.00338   0.00000   0.01004   0.02581   0.00355   0.01066   0.00577   0.00000   0.01397   0.00000   0.00000   0.00427   0.11709   0.01803   0.00766   0.00847   0.00000   0.00345   0.00519   0.00745   0.01572   0.01815   0.06108   0.01393   0.00517   0.01123   0.00000   0.00000   0.01646   0.00686   1.38420   0.85254   0.74136   0.97022   1.12841  -0.03739   0.00000   2.32009  
 34 183.9968   2404.137528  x:  0.01981   0.01254   0.00425   0.02140   0.01300   0.00000   0.01151   0.00000   0.00000   0.01273   0.00588   0.00000   0.00000   0.00572   0.00415   0.00000   0.01077   0.00204   0.00000   0.00671   0.01083   0.00307   0.00651   0.00000   0.00496   0.00347   0.00000   0.00931   0.02423   0.00363   0.00906   0.00598   0.00000   0.01213   0.00000   0.00000   0.00516   0.11004   0.01767   0.00848   0.00799   0.00000   0.00334   0.00571   0.00625   0.01668   0.01767   0.05972   0.01543   0.00620   0.01059   0.00000   0.00000   0.01306   0.00830   1.42150   0.85375   0.74669   0.96719   1.13469  -0.04187   0.00000   2.31931  
 35 172.0527   2403.825884  x:  0.02077   0.01230   0.00425   0.02145   0.01273   0.00287   0.01244   0.00000   0.00000   0.01278   0.00601   0.00000   0.00000   0.00575   0.00413   0.00000   0.01078   0.00199   0.00000   0.00668   0.01079   0.00308   0.00637   0.00000   0.00490   0.00352   0.00000   0.00918   0.02436   0.00363   0.00885   0.00603   0.00000   0.01187   0.00000   0.00000   0.00525   0.10791   0.01781   0.00852   0.00808   0.00000   0.00333   0.00580   0.00584   0.01678   0.01735   0.05938   0.01615   0.00628   0.01017   0.00000   0.00000   0.01234   0.00840   1.43731   0.85427   0.74895   0.96591   1.13711  -0.04354   0.00000   2.31898  
 36 718.2749   2401.343130  x:  0.02840   0.01325   0.00426   0.01997   0.01153   0.00158   0.01473   0.00000   0.00000   0.01441   0.00796   0.00000   0.00000   0.00616   0.00453   0.00000   0.00510   0.00187   0.00000   0.00658   0.00998   0.00302   0.00515   0.00000   0.00510   0.00391   0.00000   0.00964   0.02896   0.00359   0.01020   0.00602   0.00000   0.01221   0.00000   0.00000   0.00439   0.09955   0.02110   0.00724   0.00962   0.00000   0.00333   0.00573   0.00389   0.01585   0.01441   0.05873   0.02016   0.00475   0.00768   0.00000   0.00000   0.01138   0.00677   1.53052   0.85737   0.76229   0.95836   1.15005  -0.05211   0.00000   2.31705  
 37 787.3198   2397.505477  x:  0.03228   0.01231   0.00427   0.01896   0.01280   0.00133   0.01432   0.00000   0.00000   0.01569   0.00720   0.00000   0.00000   0.00642   0.00774   0.00000   0.01125   0.00196   0.00000   0.00682   0.00795   0.00266   0.00297   0.00000   0.00510   0.00460   0.00000   0.01115   0.03300   0.00326   0.01295   0.00409   0.00000   0.01394   0.00000   0.00000   0.00369   0.09380   0.02068   0.00558   0.00746   0.00000   0.00313   0.00557   0.00095   0.01390   0.01188   0.05748   0.01972   0.00373   0.01144   0.00000   0.00000   0.01432   0.00650   1.67106   0.86206   0.78242   0.94701   1.16805  -0.06354   0.00000   2.31417  
 38 1413.4095   2396.216007  x:  0.02977   0.01279   0.00429   0.01813   0.01125   0.00115   0.01373   0.00000   0.00000   0.01466   0.00781   0.00000   0.00000   0.00645   0.00763   0.00000   0.01036   0.00186   0.00000   0.00679   0.00820   0.00268   0.00226   0.00000   0.00519   0.00479   0.00000   0.01026   0.03173   0.00325   0.01063   0.00355   0.00000   0.01538   0.00000   0.00000   0.00381   0.09346   0.02035   0.00568   0.00795   0.00000   0.00312   0.00564   0.00021   0.01380   0.01311   0.05528   0.01830   0.00493   0.01079   0.00000   0.00000   0.01424   0.00636   1.71132   0.86342   0.78817   0.94376   1.17297  -0.06659   0.00000   2.31334  
 39 1255.0598   2395.452772  x:  0.02842   0.01280   0.00431   0.01631   0.00975   0.00094   0.01340   0.00000   0.00000   0.01497   0.00770   0.00000   0.00000   0.00687   0.00849   0.00000   0.01082   0.00181   0.00000   0.00678   0.00699   0.00262   0.00139   0.00000   0.00538   0.00491   0.00000   0.00903   0.03047   0.00320   0.00838   0.00387   0.00000   0.02055   0.00000   0.00000   0.00423   0.09289   0.02112   0.00540   0.00847   0.00000   0.00306   0.00561   0.00050   0.01373   0.01392   0.05330   0.01739   0.00618   0.01014   0.00000   0.00000   0.01396   0.00556   1.74311   0.86449   0.79270   0.94120   1.17683  -0.06897   0.00000   2.31269  
 40 1614.9181   2394.930922  x:  0.02656   0.01257   0.00432   0.01581   0.00878   0.00108   0.01282   0.00000   0.00000   0.01611   0.00666   0.00000   0.00000   0.00713   0.00964   0.00000   0.01026   0.00177   0.00000   0.00674   0.00835   0.00273   0.00115   0.00000   0.00513   0.00495   0.00000   0.01001   0.02510   0.00329   0.00879   0.00337   0.00000   0.02047   0.00000   0.00000   0.00445   0.09197   0.02348   0.00523   0.00813   0.00000   0.00308   0.00545   0.00051   0.01507   0.01206   0.05303   0.01944   0.00561   0.00974   0.00000   0.00000   0.01486   0.00604   1.76667   0.86533   0.79595   0.93933   1.17888  -0.06996   0.00000   2.31220  
 41 148.6783   2394.371484  x:  0.02523   0.01309   0.00431   0.01674   0.00988   0.00125   0.01236   0.00000   0.00000   0.01585   0.00775   0.00000   0.00000   0.00710   0.00938   0.00000   0.00935   0.00166   0.00000   0.00673   0.00564   0.00291   0.00100   0.00000   0.00503   0.00496   0.00000   0.00889   0.02214   0.00344   0.00862   0.00415   0.00000   0.01900   0.00000   0.00000   0.00395   0.09115   0.02484   0.00546   0.00802   0.00000   0.00316   0.00552   0.00047   0.01530   0.01126   0.05264   0.02005   0.00517   0.01075   0.00000   0.00000   0.01494   0.00678   1.79257   0.86626   0.79949   0.93729   1.18095  -0.07087   0.00000   2.31167  
 42 385.6166   2392.077279  x:  0.02184   0.01472   0.00431   0.01797   0.01180   0.00131   0.01174   0.00000   0.00000   0.01362   0.01248   0.00000   0.00000   0.00732   0.00983   0.00000   0.00959   0.00139   0.00000   0.00643   0.00896   0.00305   0.00058   0.00000   0.00525   0.00491   0.00000   0.00660   0.02261   0.00356   0.00639   0.00186   0.00000   0.01355   0.00000   0.00000   0.00264   0.08749   0.02629   0.00489   0.00761   0.00000   0.00326   0.00560   0.00070   0.01316   0.01063   0.05076   0.01603   0.00593   0.01082   0.00000   0.00000   0.01502   0.00746   1.90490   0.87033   0.81477   0.92845   1.18991  -0.07478   0.00000   2.30935  
 43 769.1385   2390.645792  x:  0.01893   0.01584   0.00431   0.01859   0.00913   0.00134   0.01152   0.00000   0.00000   0.01025   0.01195   0.00000   0.00000   0.00657   0.00997   0.00000   0.00839   0.00129   0.00000   0.00627   0.00781   0.00309   0.00032   0.00000   0.00528   0.00486   0.00000   0.01158   0.02474   0.00353   0.00579   0.00203   0.00000   0.01048   0.00000   0.00000   0.00241   0.08561   0.02448   0.00562   0.00738   0.00000   0.00327   0.00545   0.00078   0.01263   0.01180   0.04869   0.01461   0.00591   0.01130   0.00000   0.00000   0.01510   0.00819   1.97949   0.87304   0.82490   0.92258   1.19581  -0.07732   0.00000   2.30780  
 44 1880.1116   2389.589524  x:  0.01664   0.01637   0.00432   0.01880   0.00839   0.00107   0.01140   0.00000   0.00000   0.01192   0.01059   0.00000   0.00000   0.00670   0.01181   0.00000   0.00633   0.00138   0.00000   0.00637   0.00733   0.00325   0.00051   0.00000   0.00543   0.00475   0.00000   0.01042   0.02657   0.00365   0.00418   0.00146   0.00000   0.00870   0.00000   0.00000   0.00289   0.08460   0.01899   0.00607   0.00698   0.00000   0.00339   0.00519   0.00082   0.01460   0.01279   0.04657   0.01731   0.00589   0.01194   0.00000   0.00000   0.01678   0.00843   2.03453   0.87505   0.83236   0.91828   1.19982  -0.07884   0.00000   2.30666  
 45 586.6839   2389.072446  x:  0.01628   0.01620   0.00432   0.01869   0.00711   0.00089   0.01112   0.00000   0.00000   0.00875   0.01204   0.00000   0.00000   0.00638   0.01173   0.00000   0.00684   0.00137   0.00000   0.00646   0.00769   0.00327   0.00069   0.00000   0.00527   0.00467   0.00000   0.00968   0.02631   0.00365   0.00530   0.00186   0.00000   0.00929   0.00000   0.00000   0.00251   0.08388   0.01744   0.00650   0.00711   0.00000   0.00339   0.00521   0.00086   0.01464   0.01258   0.04585   0.01888   0.00567   0.01140   0.00000   0.00000   0.01790   0.00884   2.06182   0.87606   0.83605   0.91615   1.20159  -0.07936   0.00000   2.30609  
 46 593.0807   2388.575705  x:  0.01684   0.01508   0.00432   0.01857   0.00801   0.00087   0.01070   0.00000   0.00000   0.00754   0.01309   0.00000   0.00000   0.00675   0.00956   0.00000   0.00683   0.00121   0.00000   0.00657   0.00754   0.00316   0.00099   0.00000   0.00524   0.00457   0.00000   0.01248   0.02485   0.00351   0.00434   0.00172   0.00000   0.00960   0.00000   0.00000   0.00261   0.08284   0.01852   0.00532   0.00717   0.00000   0.00334   0.00610   0.00089   0.01348   0.01225   0.04515   0.01754   0.00705   0.01126   0.00000   0.00000   0.01796   0.00920   2.08933   0.87709   0.83973   0.91402   1.20296  -0.07950   0.00000   2.30552  
 47 405.5179   2388.399311  x:  0.01678   0.01498   0.00433   0.01843   0.00713   0.00092   0.01058   0.00000   0.00000   0.00831   0.01358   0.00000   0.00000   0.00630   0.00876   0.00000   0.00709   0.00116   0.00000   0.00660   0.00735   0.00313   0.00111   0.00000   0.00517   0.00454   0.00000   0.01301   0.02438   0.00347   0.00496   0.00131   0.00000   0.00939   0.00000   0.00000   0.00230   0.08255   0.01954   0.00564   0.00752   0.00000   0.00332   0.00618   0.00090   0.01283   0.01249   0.04456   0.01638   0.00705   0.01172   0.00000   0.00000   0.01736   0.00925   2.09902   0.87747   0.84102   0.91327   1.20335  -0.07946   0.00000   2.30532  
 48 427.4914   2388.209341  x:  0.01617   0.01749   0.00432   0.01907   0.00719   0.00120   0.01022   0.00000   0.00000   0.00763   0.01187   0.00000   0.00000   0.00646   0.00986   0.00000   0.00735   0.00120   0.00000   0.00657   0.00722   0.00318   0.00123   0.00000   0.00518   0.00449   0.00000   0.01276   0.02491   0.00354   0.00497   0.00141   0.00000   0.00895   0.00000   0.00000   0.00246   0.08204   0.02164   0.00578   0.00754   0.00000   0.00335   0.00596   0.00089   0.01291   0.01227   0.04394   0.01491   0.00663   0.01151   0.00000   0.00000   0.01637   0.00905   2.11100   0.87799   0.84255   0.91234   1.20314  -0.07877   0.00000   2.30505  
 49 92.5856   2387.104411  x:  0.01276   0.01731   0.00432   0.02013   0.00764   0.00152   0.00869   0.00000   0.00000   0.01011   0.01163   0.00000   0.00000   0.00673   0.00644   0.00000   0.00752   0.00106   0.00000   0.00585   0.00757   0.00305   0.00126   0.00000   0.00470   0.00422   0.00000   0.01295   0.02728   0.00338   0.00633   0.00248   0.00000   0.00841   0.00000   0.00000   0.00295   0.08249   0.02189   0.00486   0.00842   0.00000   0.00335   0.00766   0.00087   0.01221   0.01100   0.03743   0.01546   0.00780   0.01165   0.00000   0.00000   0.01610   0.00994   2.18673   0.88150   0.85196   0.90653   1.19904  -0.07178   0.00000   2.30331  
 50 121.6426   2386.351592  x:  0.01663   0.01595   0.00432   0.02009   0.00768   0.00135   0.00798   0.00000   0.00000   0.01004   0.01104   0.00000   0.00000   0.00656   0.00693   0.00000   0.00633   0.00123   0.00000   0.00532   0.00815   0.00289   0.00126   0.00000   0.00493   0.00404   0.00000   0.01252   0.02515   0.00327   0.00686   0.00289   0.00000   0.00705   0.00000   0.00000   0.00310   0.08391   0.02060   0.00476   0.00901   0.00000   0.00338   0.00789   0.00088   0.01390   0.01221   0.03223   0.01297   0.00817   0.01330   0.00000   0.00000   0.01594   0.00955   2.23840   0.88392   0.85836   0.90257   1.19595  -0.06674   0.00000   2.30212  
 51 806.9373   2386.332186  x:  0.01692   0.01639   0.00432   0.02029   0.00765   0.00134   0.00799   0.00000   0.00000   0.01020   0.01090   0.00000   0.00000   0.00663   0.00703   0.00000   0.00636   0.00124   0.00000   0.00532   0.00819   0.00292   0.00126   0.00000   0.00494   0.00402   0.00000   0.01256   0.02479   0.00331   0.00681   0.00294   0.00000   0.00706   0.00000   0.00000   0.00318   0.08385   0.02025   0.00486   0.00905   0.00000   0.00341   0.00792   0.00089   0.01292   0.01233   0.03215   0.01311   0.00821   0.01316   0.00000   0.00000   0.01609   0.00967   2.23981   0.88404   0.85847   0.90249   1.19517  -0.06594   0.00000   2.30207  
 52 17.1034   2385.657240  x:  0.01831   0.01745   0.00431   0.02055   0.00785   0.00132   0.00684   0.00000   0.00000   0.01024   0.01016   0.00000   0.00000   0.00659   0.00479   0.00000   0.00669   0.00121   0.00000   0.00553   0.00801   0.00308   0.00120   0.00000   0.00444   0.00343   0.00000   0.01234   0.02585   0.00336   0.00709   0.00270   0.00000   0.00757   0.00000   0.00000   0.00353   0.07831   0.01950   0.00507   0.00902   0.00000   0.00342   0.00840   0.00089   0.01426   0.01185   0.03420   0.01277   0.00869   0.01286   0.00000   0.00000   0.01668   0.01022   2.28282   0.88888   0.86021   0.90034   1.15578  -0.02660   0.01849   2.30052  
 53 31.4329   2385.592602  x:  0.01792   0.01608   0.00431   0.02043   0.00799   0.00135   0.00678   0.00000   0.00000   0.00979   0.00941   0.00000   0.00000   0.00670   0.00526   0.00000   0.00607   0.00125   0.00000   0.00554   0.00788   0.00312   0.00118   0.00000   0.00444   0.00336   0.00000   0.01186   0.02615   0.00339   0.00737   0.00259   0.00000   0.00742   0.00000   0.00000   0.00378   0.07776   0.01981   0.00513   0.00922   0.00000   0.00345   0.00843   0.00088   0.01342   0.01176   0.03443   0.01264   0.00866   0.01304   0.00000   0.00000   0.01669   0.01023   2.28703   0.88937   0.86037   0.90013   1.15200  -0.02280   0.01900   2.30036  
 54 125.2092   2385.097933  x:  0.01865   0.01622   0.00431   0.02053   0.00814   0.00134   0.00608   0.00000   0.00000   0.00970   0.00865   0.00000   0.00000   0.00671   0.00412   0.00000   0.00600   0.00125   0.00000   0.00571   0.00775   0.00323   0.00115   0.00000   0.00414   0.00290   0.00000   0.01155   0.02683   0.00344   0.00761   0.00244   0.00000   0.00771   0.00000   0.00000   0.00408   0.07403   0.01946   0.00532   0.00928   0.00000   0.00347   0.00870   0.00088   0.01369   0.01147   0.03579   0.01234   0.00893   0.01296   0.00000   0.00000   0.01707   0.01059   2.31668   0.89307   0.86127   0.89869   1.12637   0.00342   0.00000   2.29909  
 55 50.9536   2384.479556  x:  0.01870   0.01541   0.00432   0.01972   0.00823   0.00137   0.00642   0.00000   0.00000   0.01050   0.00941   0.00000   0.00000   0.00634   0.00449   0.00000   0.00582   0.00126   0.00000   0.00659   0.00832   0.00344   0.00123   0.00000   0.00408   0.00161   0.00000   0.01198   0.02699   0.00360   0.00685   0.00290   0.00000   0.00890   0.00000   0.00000   0.00376   0.06975   0.01986   0.00622   0.00852   0.00000   0.00355   0.00772   0.00091   0.01365   0.01104   0.03561   0.01069   0.00849   0.01370   0.00000   0.00000   0.01681   0.01090   2.37037   0.90445   0.85731   0.89807   1.07277   0.06494   0.00000   2.29509  
 56  7.3324   2381.859283  x:  0.01826   0.01598   0.00435   0.01591   0.00888   0.00110   0.00782   0.00000   0.00000   0.00975   0.00658   0.00000   0.00000   0.00503   0.00155   0.00000   0.00417   0.00162   0.00000   0.00660   0.00894   0.00331   0.00124   0.00000   0.00337   0.00382   0.00000   0.01101   0.02764   0.00338   0.00592   0.00280   0.00000   0.01312   0.00000   0.00000   0.00299   0.06996   0.02101   0.00709   0.00675   0.00000   0.00350   0.00625   0.00098   0.01263   0.01089   0.02824   0.01139   0.00719   0.01695   0.00000   0.00000   0.01706   0.01088   2.48427   0.96145   0.81770   0.90384   1.09730   0.12558   0.00000   2.26810  
 57  2.3441   2380.641194  x:  0.01751   0.01578   0.00438   0.01310   0.00771   0.00056   0.00946   0.00000   0.00000   0.01043   0.00637   0.00000   0.00000   0.00427   0.00182   0.00000   0.00358   0.00171   0.00000   0.00681   0.00966   0.00296   0.00136   0.00000   0.00337   0.00299   0.00000   0.01046   0.02623   0.00302   0.00454   0.00387   0.00000   0.01280   0.00000   0.00000   0.00180   0.07252   0.02337   0.00678   0.00646   0.00000   0.00320   0.00573   0.00098   0.01149   0.01238   0.03029   0.01115   0.00698   0.01946   0.00000   0.00000   0.01767   0.00973   2.49753   0.97928   0.80874   0.90564   1.23671   0.04407   0.00000   2.25476  
 58  7.6086   2379.514846  x:  0.01728   0.01667   0.00438   0.01189   0.00877   0.00037   0.00958   0.00000   0.00000   0.00952   0.00490   0.00000   0.00000   0.00421   0.00307   0.00000   0.00438   0.00202   0.00000   0.00468   0.00911   0.00268   0.00129   0.00000   0.00338   0.00170   0.00000   0.01006   0.02678   0.00283   0.00503   0.00300   0.00000   0.01467   0.00000   0.00000   0.00192   0.07702   0.02275   0.00663   0.00587   0.00000   0.00312   0.00509   0.00100   0.01182   0.01217   0.02517   0.01346   0.00636   0.01890   0.00000   0.00000   0.01822   0.00934   2.55154   0.97591   0.81020   0.91709   1.29337   0.05306   0.00000   2.25108  
 59  1.9079   2379.078907  x:  0.01751   0.01641   0.00439   0.01121   0.00894   0.00020   0.00948   0.00000   0.00000   0.00972   0.00475   0.00000   0.00000   0.00404   0.00354   0.00000   0.00480   0.00211   0.00000   0.00389   0.00911   0.00267   0.00132   0.00000   0.00325   0.00208   0.00000   0.00995   0.02704   0.00281   0.00490   0.00306   0.00000   0.01493   0.00000   0.00000   0.00191   0.07625   0.02295   0.00690   0.00554   0.00000   0.00305   0.00468   0.00103   0.01188   0.01210   0.02605   0.01315   0.00631   0.01880   0.00000   0.00000   0.01889   0.00932   2.59426   0.97061   0.81471   0.92317   1.29989   0.07795   0.02721   2.25039  
 60  7.0046   2378.210933  x:  0.01783   0.01598   0.00439   0.01043   0.00904   0.00000   0.00935   0.00000   0.00000   0.01007   0.00471   0.00000   0.00000   0.00382   0.00402   0.00000   0.00528   0.00220   0.00000   0.00313   0.00917   0.00268   0.00137   0.00000   0.00308   0.00272   0.00000   0.00984   0.02732   0.00279   0.00469   0.00323   0.00000   0.01505   0.00000   0.00000   0.00189   0.07479   0.02327   0.00728   0.00518   0.00000   0.00296   0.00420   0.00106   0.01192   0.01204   0.02774   0.01249   0.00629   0.01873   0.00000   0.00000   0.01970   0.00933   2.64502   0.96368   0.82062   0.93008   1.30282   0.10971   0.01380   2.25001  
 61 30.6993   2376.213174  x:  0.01894   0.01488   0.00440   0.00762   0.01047   0.00000   0.00900   0.00000   0.00000   0.01092   0.00414   0.00000   0.00000   0.00316   0.00589   0.00000   0.00756   0.00273   0.00000   0.00869   0.00915   0.00233   0.00144   0.00000   0.00257   0.00423   0.00000   0.00902   0.02825   0.00249   0.00497   0.00338   0.00000   0.01494   0.00000   0.00000   0.00222   0.07749   0.02375   0.00806   0.00403   0.00000   0.00253   0.00245   0.00120   0.01239   0.01194   0.02884   0.01217   0.00598   0.01751   0.00000   0.00000   0.02327   0.00893   2.88113   0.90822   0.85901   0.96637   1.36695   0.22719   0.00639   2.26699  
 62  3.4192   2374.073270  x:  0.01992   0.01270   0.00437   0.00749   0.01172   0.00000   0.00977   0.00000   0.00000   0.01067   0.00760   0.00000   0.00000   0.00326   0.00303   0.00000   0.00942   0.00353   0.00000   0.00732   0.00861   0.00213   0.00155   0.00000   0.00231   0.00237   0.00000   0.00836   0.02814   0.00238   0.00575   0.00315   0.00000   0.01231   0.00000   0.00000   0.00299   0.08534   0.02445   0.00857   0.00519   0.00000   0.00225   0.00251   0.00134   0.01195   0.01205   0.03418   0.01419   0.00587   0.01421   0.00000   0.00000   0.02746   0.00836   3.13266   1.01938   0.92362   0.89465   1.46724   0.34606   0.00797   2.34544  
 63  0.8491   2373.534335  x:  0.02009   0.01296   0.00435   0.00824   0.01185   0.00000   0.00980   0.00000   0.00000   0.01072   0.00763   0.00000   0.00000   0.00367   0.00273   0.00000   0.00944   0.00368   0.00000   0.00699   0.00846   0.00221   0.00160   0.00000   0.00244   0.00213   0.00000   0.00829   0.02778   0.00247   0.00583   0.00315   0.00000   0.01178   0.00000   0.00000   0.00302   0.08644   0.02434   0.00849   0.00578   0.00000   0.00231   0.00279   0.00140   0.01206   0.01224   0.03536   0.01453   0.00585   0.01350   0.00000   0.00000   0.02852   0.00818   3.25967   0.90575   0.81671   1.02176   1.47115   0.34510   0.00607   2.39056  
 64  1.9269   2372.350505  x:  0.02043   0.01380   0.00430   0.00972   0.01208   0.00000   0.00946   0.00000   0.00000   0.01101   0.00661   0.00000   0.00000   0.00455   0.00318   0.00000   0.00896   0.00373   0.00000   0.00682   0.00814   0.00247   0.00170   0.00000   0.00270   0.00242   0.00000   0.00826   0.02713   0.00274   0.00586   0.00310   0.00000   0.01195   0.00000   0.00000   0.00297   0.08371   0.02298   0.00831   0.00635   0.00000   0.00252   0.00298   0.00148   0.01241   0.01207   0.03573   0.01422   0.00557   0.01227   0.00000   0.00000   0.02935   0.00817   3.43036   0.88585   0.90696   1.00441   1.43093   0.33021   0.00000   2.47542  
 65  1.5412   2371.238825  x:  0.02043   0.01467   0.00424   0.00960   0.01221   0.00000   0.00878   0.00000   0.00000   0.01108   0.00537   0.00000   0.00000   0.00515   0.00356   0.00000   0.00784   0.00340   0.00000   0.00577   0.00779   0.00270   0.00196   0.00000   0.00304   0.00253   0.00000   0.00855   0.02565   0.00297   0.00580   0.00300   0.00000   0.01197   0.00000   0.00000   0.00299   0.07783   0.02016   0.00787   0.00559   0.00000   0.00269   0.00209   0.00175   0.01273   0.01242   0.03546   0.01342   0.00466   0.01114   0.00000   0.00000   0.03052   0.00802   3.85576   1.12820   0.68457   0.88735   1.35510   0.26632   0.00000   2.68067  
 66  1.2189   2370.403518  x:  0.02020   0.01466   0.00414   0.00809   0.01197   0.00000   0.00863   0.00000   0.00000   0.01086   0.00474   0.00000   0.00000   0.00517   0.00272   0.00000   0.00690   0.00308   0.00000   0.00439   0.00776   0.00279   0.00222   0.00000   0.00313   0.00221   0.00000   0.00858   0.02496   0.00304   0.00548   0.00304   0.00000   0.01220   0.00000   0.00000   0.00297   0.07371   0.01877   0.00766   0.00491   0.00000   0.00277   0.00213   0.00193   0.01259   0.01287   0.03367   0.01324   0.00393   0.01136   0.00000   0.00000   0.03122   0.00812   4.20047   0.90363   0.91771   0.87902   1.33940   0.24623   0.00000   2.86231  
 67  1.6423   2369.819840  x:  0.02021   0.01367   0.00404   0.00862   0.01166   0.00000   0.00830   0.00000   0.00000   0.01107   0.00553   0.00000   0.00000   0.00507   0.00349   0.00000   0.00723   0.00301   0.00000   0.00486   0.00794   0.00301   0.00248   0.00000   0.00320   0.00308   0.00000   0.00860   0.02634   0.00321   0.00503   0.00321   0.00000   0.01299   0.00000   0.00000   0.00288   0.07388   0.01953   0.00810   0.00577   0.00000   0.00297   0.00374   0.00207   0.01290   0.01248   0.03105   0.01214   0.00528   0.01148   0.00000   0.00000   0.03136   0.00903   4.52771   0.92136   0.93962   0.90328   1.45227   0.34771   0.00000   3.01784  
 68  0.7036   2369.407446  x:  0.02078   0.01400   0.00390   0.01128   0.01201   0.00000   0.00889   0.00000   0.00000   0.01106   0.00507   0.00000   0.00000   0.00430   0.00320   0.00000   0.00715   0.00266   0.00000   0.00518   0.00823   0.00301   0.00275   0.00000   0.00286   0.00303   0.00000   0.00885   0.02771   0.00313   0.00543   0.00327   0.00000   0.01260   0.00000   0.00000   0.00265   0.07809   0.02147   0.00831   0.00509   0.00000   0.00295   0.00296   0.00228   0.01286   0.01155   0.03270   0.01282   0.00533   0.01216   0.00000   0.00000   0.03053   0.00926   4.80255   0.89900   0.99462   0.97429   1.60306   0.50801   0.00000   3.20689  
 69  0.5644   2369.404734  x:  0.02078   0.01400   0.00390   0.01130   0.01201   0.00000   0.00889   0.00000   0.00000   0.01106   0.00506   0.00000   0.00000   0.00430   0.00320   0.00000   0.00714   0.00265   0.00000   0.00518   0.00823   0.00301   0.00275   0.00000   0.00286   0.00303   0.00000   0.00885   0.02772   0.00313   0.00543   0.00327   0.00000   0.01260   0.00000   0.00000   0.00265   0.07812   0.02149   0.00831   0.00508   0.00000   0.00295   0.00296   0.00228   0.01286   0.01155   0.03272   0.01282   0.00533   0.01216   0.00000   0.00000   0.03052   0.00926   4.80499   0.89881   0.99502   0.97486   1.60424   0.50923   0.00264   3.20865  
 70  3.0254   2369.132731  x:  0.02020   0.01420   0.00377   0.00916   0.01200   0.00000   0.00883   0.00000   0.00000   0.01079   0.00580   0.00000   0.00000   0.00425   0.00330   0.00000   0.00706   0.00252   0.00000   0.00545   0.00842   0.00284   0.00297   0.00000   0.00317   0.00303   0.00000   0.00865   0.02702   0.00302   0.00549   0.00309   0.00000   0.01339   0.00000   0.00000   0.00291   0.07989   0.02198   0.00831   0.00578   0.00000   0.00290   0.00232   0.00246   0.01299   0.01242   0.03380   0.01335   0.00513   0.01260   0.00000   0.00000   0.02897   0.00895   5.10244   0.88002   0.99244   1.00709   1.64991   0.52012   0.00690   3.48412  
 71  0.4294   2369.021405  x:  0.02005   0.01422   0.00368   0.00864   0.01188   0.00000   0.00879   0.00000   0.00000   0.01074   0.00523   0.00000   0.00000   0.00428   0.00299   0.00000   0.00724   0.00259   0.00000   0.00554   0.00820   0.00263   0.00307   0.00000   0.00304   0.00281   0.00000   0.00844   0.02679   0.00285   0.00550   0.00297   0.00000   0.01312   0.00000   0.00000   0.00288   0.07987   0.02183   0.00809   0.00553   0.00000   0.00273   0.00298   0.00253   0.01275   0.01252   0.03490   0.01343   0.00525   0.01222   0.00000   0.00000   0.02793   0.00882   5.27142   0.92294   0.96371   0.98251   1.65236   0.51597   0.00739   3.64449  
 72  0.4430   2368.970694  x:  0.01987   0.01396   0.00360   0.00911   0.01183   0.00000   0.00879   0.00000   0.00000   0.01079   0.00572   0.00000   0.00000   0.00429   0.00300   0.00000   0.00732   0.00265   0.00000   0.00554   0.00807   0.00259   0.00313   0.00000   0.00296   0.00277   0.00000   0.00860   0.02668   0.00283   0.00537   0.00290   0.00000   0.01297   0.00000   0.00000   0.00269   0.07882   0.02127   0.00802   0.00518   0.00000   0.00269   0.00282   0.00259   0.01254   0.01210   0.03425   0.01327   0.00519   0.01181   0.00000   0.00000   0.02690   0.00888   5.36851   0.90042   0.93577   0.92517   1.65275   0.51864   0.00664   3.74115  
 73  0.2598   2368.945295  x:  0.02006   0.01387   0.00353   0.00925   0.01168   0.00000   0.00888   0.00000   0.00000   0.01090   0.00538   0.00000   0.00000   0.00443   0.00313   0.00000   0.00712   0.00263   0.00000   0.00546   0.00811   0.00274   0.00314   0.00000   0.00289   0.00276   0.00000   0.00857   0.02675   0.00295   0.00535   0.00290   0.00000   0.01303   0.00000   0.00000   0.00282   0.07882   0.02100   0.00807   0.00543   0.00000   0.00277   0.00269   0.00262   0.01259   0.01207   0.03407   0.01305   0.00532   0.01200   0.00000   0.00000   0.02612   0.00898   5.43102   0.89967   0.91719   0.89764   1.68442   0.56682   0.00517   3.83020  
 74  0.1400   2368.932845  x:  0.02021   0.01415   0.00345   0.00917   0.01176   0.00000   0.00886   0.00000   0.00000   0.01096   0.00552   0.00000   0.00000   0.00444   0.00322   0.00000   0.00699   0.00269   0.00000   0.00543   0.00821   0.00280   0.00311   0.00000   0.00291   0.00276   0.00000   0.00865   0.02669   0.00301   0.00547   0.00290   0.00000   0.01298   0.00000   0.00000   0.00278   0.07897   0.02091   0.00815   0.00533   0.00000   0.00283   0.00275   0.00262   0.01276   0.01224   0.03391   0.01320   0.00528   0.01212   0.00000   0.00000   0.02577   0.00895   5.44723   0.92135   0.92537   0.93953   1.69140   0.59311   0.00290   3.90780  
 75  0.0809   2368.921692  x:  0.02027   0.01409   0.00335   0.00933   0.01169   0.00000   0.00879   0.00000   0.00000   0.01096   0.00546   0.00000   0.00000   0.00437   0.00315   0.00000   0.00708   0.00278   0.00000   0.00542   0.00817   0.00271   0.00304   0.00000   0.00286   0.00273   0.00000   0.00848   0.02663   0.00295   0.00542   0.00291   0.00000   0.01295   0.00000   0.00000   0.00284   0.07964   0.02107   0.00821   0.00540   0.00000   0.00277   0.00276   0.00260   0.01272   0.01250   0.03367   0.01312   0.00526   0.01197   0.00000   0.00000   0.02567   0.00881   5.44153   0.90584   0.91849   0.92573   1.69811   0.62281   0.00000   4.00593  
 76  0.0785   2368.913433  x:  0.02036   0.01405   0.00325   0.00917   0.01174   0.00000   0.00895   0.00000   0.00000   0.01094   0.00549   0.00000   0.00000   0.00448   0.00311   0.00000   0.00717   0.00282   0.00000   0.00546   0.00816   0.00271   0.00296   0.00000   0.00289   0.00273   0.00000   0.00858   0.02679   0.00295   0.00547   0.00292   0.00000   0.01284   0.00000   0.00000   0.00283   0.07942   0.02125   0.00818   0.00538   0.00000   0.00277   0.00276   0.00258   0.01262   0.01233   0.03371   0.01327   0.00527   0.01205   0.00000   0.00000   0.02574   0.00876   5.42846   0.90351   0.91404   0.90670   1.71958   0.66344   0.00000   4.09394  
 77  0.0974   2368.905354  x:  0.02012   0.01397   0.00317   0.00915   0.01177   0.00000   0.00905   0.00000   0.00000   0.01086   0.00551   0.00000   0.00000   0.00446   0.00312   0.00000   0.00721   0.00273   0.00000   0.00546   0.00816   0.00268   0.00290   0.00000   0.00294   0.00275   0.00000   0.00866   0.02669   0.00291   0.00547   0.00293   0.00000   0.01292   0.00000   0.00000   0.00284   0.07948   0.02120   0.00807   0.00533   0.00000   0.00275   0.00270   0.00257   0.01259   0.01222   0.03381   0.01319   0.00530   0.01213   0.00000   0.00000   0.02604   0.00880   5.42252   0.92008   0.92536   0.91756   1.74681   0.67660   0.00000   4.16991  
 78  0.0582   2368.899203  x:  0.01999   0.01406   0.00302   0.00913   0.01179   0.00000   0.00894   0.00000   0.00000   0.01084   0.00546   0.00000   0.00000   0.00438   0.00319   0.00000   0.00711   0.00266   0.00000   0.00544   0.00817   0.00271   0.00281   0.00000   0.00290   0.00278   0.00000   0.00862   0.02661   0.00292   0.00544   0.00294   0.00000   0.01301   0.00000   0.00000   0.00277   0.07951   0.02106   0.00806   0.00537   0.00000   0.00275   0.00274   0.00256   0.01268   0.01218   0.03387   0.01322   0.00530   0.01210   0.00000   0.00000   0.02617   0.00892   5.43419   0.90697   0.92725   0.91330   1.76120   0.69516   0.00000   4.29872  
 79  0.0991   2368.897265  x:  0.02005   0.01408   0.00295   0.00918   0.01175   0.00000   0.00893   0.00000   0.00000   0.01089   0.00549   0.00000   0.00000   0.00442   0.00314   0.00000   0.00717   0.00268   0.00000   0.00542   0.00816   0.00273   0.00277   0.00000   0.00292   0.00275   0.00000   0.00862   0.02665   0.00295   0.00543   0.00294   0.00000   0.01302   0.00000   0.00000   0.00283   0.07959   0.02112   0.00806   0.00537   0.00000   0.00278   0.00275   0.00255   0.01264   0.01225   0.03384   0.01318   0.00528   0.01206   0.00000   0.00000   0.02607   0.00891   5.44225   0.90818   0.92793   0.92089   1.77052   0.70111   0.00000   4.35577  
 80  0.0475   2368.896749  x:  0.02011   0.01407   0.00294   0.00919   0.01179   0.00000   0.00888   0.00000   0.00000   0.01091   0.00548   0.00000   0.00000   0.00442   0.00314   0.00000   0.00716   0.00270   0.00000   0.00544   0.00815   0.00273   0.00276   0.00000   0.00291   0.00275   0.00000   0.00861   0.02667   0.00295   0.00546   0.00293   0.00000   0.01300   0.00000   0.00000   0.00280   0.07945   0.02114   0.00809   0.00539   0.00000   0.00277   0.00274   0.00254   0.01265   0.01227   0.03386   0.01321   0.00528   0.01202   0.00000   0.00000   0.02603   0.00888   5.43925   0.90832   0.92651   0.91809   1.77205   0.69966   0.00000   4.35321  
 81  0.0041   2368.896749  x:  0.02012   0.01407   0.00294   0.00919   0.01179   0.00000   0.00888   0.00000   0.00000   0.01091   0.00548   0.00000   0.00000   0.00442   0.00314   0.00000   0.00716   0.00270   0.00000   0.00544   0.00815   0.00273   0.00276   0.00000   0.00291   0.00275   0.00000   0.00861   0.02667   0.00295   0.00546   0.00293   0.00000   0.01300   0.00000   0.00000   0.00280   0.07945   0.02114   0.00809   0.00539   0.00000   0.00277   0.00274   0.00254   0.01265   0.01227   0.03386   0.01321   0.00528   0.01202   0.00000   0.00000   0.02603   0.00888   5.43919   0.90832   0.92649   0.91805   1.77207   0.69963   0.00006   4.35315  
 82  0.0404   2368.896598  x:  0.02016   0.01405   0.00293   0.00919   0.01177   0.00000   0.00885   0.00000   0.00000   0.01090   0.00548   0.00000   0.00000   0.00443   0.00315   0.00000   0.00712   0.00270   0.00000   0.00545   0.00816   0.00272   0.00274   0.00000   0.00291   0.00276   0.00000   0.00860   0.02667   0.00294   0.00545   0.00292   0.00000   0.01302   0.00000   0.00000   0.00282   0.07945   0.02113   0.00812   0.00534   0.00000   0.00277   0.00274   0.00254   0.01265   0.01226   0.03386   0.01318   0.00528   0.01204   0.00000   0.00000   0.02604   0.00887   5.43206   0.90924   0.92664   0.91817   1.76754   0.69485   0.00000   4.34012  
 83  0.0163   2368.896479  x:  0.02014   0.01406   0.00293   0.00918   0.01177   0.00000   0.00888   0.00000   0.00000   0.01089   0.00548   0.00000   0.00000   0.00442   0.00314   0.00000   0.00713   0.00270   0.00000   0.00544   0.00816   0.00272   0.00274   0.00000   0.00291   0.00275   0.00000   0.00863   0.02668   0.00294   0.00544   0.00292   0.00000   0.01301   0.00000   0.00000   0.00281   0.07942   0.02112   0.00812   0.00537   0.00000   0.00277   0.00275   0.00254   0.01264   0.01224   0.03386   0.01317   0.00528   0.01205   0.00000   0.00000   0.02603   0.00889   5.43276   0.90810   0.92659   0.91840   1.76840   0.69532   0.00000   4.32991  
 84  0.0070   2368.896479  x:  0.02014   0.01406   0.00293   0.00918   0.01177   0.00000   0.00888   0.00000   0.00000   0.01089   0.00548   0.00000   0.00000   0.00442   0.00314   0.00000   0.00713   0.00270   0.00000   0.00544   0.00816   0.00272   0.00274   0.00000   0.00291   0.00275   0.00000   0.00863   0.02668   0.00294   0.00544   0.00292   0.00000   0.01301   0.00000   0.00000   0.00281   0.07942   0.02112   0.00812   0.00537   0.00000   0.00277   0.00275   0.00254   0.01264   0.01224   0.03386   0.01317   0.00528   0.01205   0.00000   0.00000   0.02603   0.00889   5.43276   0.90810   0.92659   0.91840   1.76840   0.69532   0.00000   4.32991  
 85 978.0050   2368.896401  x:  0.02014   0.01406   0.00292   0.00918   0.01177   0.00000   0.00888   0.00000   0.00000   0.01089   0.00548   0.00000   0.00000   0.00442   0.00314   0.00000   0.00713   0.00270   0.00000   0.00544   0.00816   0.00272   0.00271   0.00000   0.00291   0.00275   0.00000   0.00862   0.02667   0.00294   0.00544   0.00292   0.00000   0.01301   0.00000   0.00000   0.00281   0.07942   0.02112   0.00812   0.00537   0.00000   0.00277   0.00274   0.00253   0.01264   0.01224   0.03386   0.01318   0.00528   0.01205   0.00000   0.00000   0.02603   0.00889   5.43276   0.90810   0.92659   0.91840   1.76840   0.69532   0.00000   4.32991  
 86  4.6516   2368.896396  x:  0.02014   0.01406   0.00292   0.00918   0.01177   0.00000   0.00888   0.00000   0.00000   0.01090   0.00548   0.00000   0.00000   0.00442   0.00314   0.00000   0.00714   0.00270   0.00000   0.00544   0.00816   0.00272   0.00271   0.00000   0.00291   0.00275   0.00000   0.00862   0.02667   0.00294   0.00545   0.00292   0.00000   0.01301   0.00000   0.00000   0.00281   0.07942   0.02112   0.00812   0.00536   0.00000   0.00277   0.00274   0.00253   0.01264   0.01225   0.03386   0.01318   0.00528   0.01205   0.00000   0.00000   0.02603   0.00888   5.43276   0.90810   0.92659   0.91840   1.76840   0.69533   0.00000   4.32991  
 87  0.6755   2368.896396  x:  0.02014   0.01406   0.00292   0.00918   0.01177   0.00000   0.00888   0.00000   0.00000   0.01090   0.00548   0.00000   0.00000   0.00442   0.00314   0.00000   0.00714   0.00270   0.00000   0.00544   0.00816   0.00272   0.00271   0.00000   0.00291   0.00275   0.00000   0.00862   0.02667   0.00294   0.00545   0.00292   0.00000   0.01301   0.00000   0.00000   0.00281   0.07942   0.02112   0.00812   0.00536   0.00000   0.00277   0.00274   0.00253   0.01264   0.01225   0.03386   0.01318   0.00528   0.01205   0.00000   0.00000   0.02603   0.00888   5.43276   0.90810   0.92659   0.91840   1.76840   0.69533   0.00000   4.32991  
 88 157.3426   2368.896395  x:  0.02014   0.01406   0.00292   0.00918   0.01177   0.00000   0.00888   0.00000   0.00000   0.01090   0.00548   0.00000   0.00000   0.00442   0.00314   0.00000   0.00714   0.00270   0.00000   0.00544   0.00816   0.00272   0.00271   0.00000   0.00291   0.00275   0.00000   0.00862   0.02667   0.00294   0.00545   0.00292   0.00000   0.01301   0.00000   0.00000   0.00281   0.07942   0.02112   0.00812   0.00537   0.00000   0.00277   0.00274   0.00253   0.01264   0.01225   0.03386   0.01318   0.00528   0.01205   0.00000   0.00000   0.02603   0.00888   5.43276   0.90810   0.92659   0.91840   1.76840   0.69533   0.00000   4.32991  
 89  0.4940   2368.896395  x:  0.02014   0.01406   0.00292   0.00918   0.01177   0.00000   0.00888   0.00000   0.00000   0.01090   0.00548   0.00000   0.00000   0.00442   0.00314   0.00000   0.00714   0.00270   0.00000   0.00544   0.00816   0.00272   0.00271   0.00000   0.00291   0.00275   0.00000   0.00862   0.02667   0.00294   0.00545   0.00292   0.00000   0.01301   0.00000   0.00000   0.00281   0.07942   0.02112   0.00812   0.00537   0.00000   0.00277   0.00274   0.00253   0.01264   0.01225   0.03386   0.01318   0.00528   0.01205   0.00000   0.00000   0.02603   0.00888   5.43276   0.90810   0.92659   0.91840   1.76840   0.69533   0.00000   4.32991  
 90 79.6524   2368.896394  x:  0.02013   0.01406   0.00292   0.00918   0.01177   0.00000   0.00888   0.00000   0.00000   0.01090   0.00548   0.00000   0.00000   0.00442   0.00314   0.00000   0.00714   0.00270   0.00000   0.00544   0.00816   0.00272   0.00271   0.00000   0.00291   0.00275   0.00000   0.00862   0.02667   0.00294   0.00545   0.00292   0.00000   0.01301   0.00000   0.00000   0.00281   0.07943   0.02112   0.00812   0.00537   0.00000   0.00277   0.00274   0.00253   0.01264   0.01225   0.03386   0.01318   0.00528   0.01205   0.00000   0.00000   0.02603   0.00888   5.43276   0.90810   0.92659   0.91840   1.76840   0.69533   0.00000   4.32991  
 91  0.2540   2368.896394  x:  0.02013   0.01406   0.00292   0.00918   0.01177   0.00000   0.00888   0.00000   0.00000   0.01090   0.00548   0.00000   0.00000   0.00442   0.00314   0.00000   0.00714   0.00270   0.00000   0.00544   0.00816   0.00272   0.00271   0.00000   0.00291   0.00275   0.00000   0.00862   0.02667   0.00294   0.00545   0.00292   0.00000   0.01301   0.00000   0.00000   0.00281   0.07943   0.02112   0.00812   0.00537   0.00000   0.00277   0.00274   0.00253   0.01264   0.01225   0.03386   0.01318   0.00528   0.01205   0.00000   0.00000   0.02603   0.00888   5.43276   0.90810   0.92659   0.91840   1.76840   0.69533   0.00000   4.32991  
 92 13.6897   2368.896394  x:  0.02013   0.01406   0.00292   0.00918   0.01177   0.00000   0.00888   0.00000   0.00000   0.01090   0.00548   0.00000   0.00000   0.00442   0.00314   0.00000   0.00714   0.00270   0.00000   0.00544   0.00816   0.00272   0.00271   0.00000   0.00291   0.00275   0.00000   0.00862   0.02667   0.00294   0.00545   0.00292   0.00000   0.01301   0.00000   0.00000   0.00281   0.07943   0.02112   0.00812   0.00537   0.00000   0.00277   0.00274   0.00253   0.01264   0.01225   0.03386   0.01318   0.00528   0.01205   0.00000   0.00000   0.02603   0.00888   5.43276   0.90810   0.92659   0.91840   1.76840   0.69533   0.00000   4.32991  
 93  0.3577   2368.896394  x:  0.02013   0.01406   0.00292   0.00918   0.01177   0.00000   0.00888   0.00000   0.00000   0.01090   0.00548   0.00000   0.00000   0.00442   0.00314   0.00000   0.00714   0.00270   0.00000   0.00544   0.00816   0.00272   0.00271   0.00000   0.00291   0.00275   0.00000   0.00862   0.02667   0.00294   0.00545   0.00292   0.00000   0.01301   0.00000   0.00000   0.00281   0.07943   0.02112   0.00812   0.00537   0.00000   0.00277   0.00274   0.00253   0.01264   0.01225   0.03386   0.01318   0.00528   0.01205   0.00000   0.00000   0.02603   0.00888   5.43276   0.90810   0.92659   0.91840   1.76840   0.69533   0.00000   4.32991  
 94 35.0459   2368.896394  x:  0.02013   0.01406   0.00292   0.00918   0.01177   0.00000   0.00888   0.00000   0.00000   0.01090   0.00548   0.00000   0.00000   0.00442   0.00314   0.00000   0.00714   0.00270   0.00000   0.00544   0.00816   0.00272   0.00271   0.00000   0.00291   0.00275   0.00000   0.00862   0.02667   0.00294   0.00545   0.00292   0.00000   0.01301   0.00000   0.00000   0.00281   0.07943   0.02113   0.00812   0.00537   0.00000   0.00277   0.00274   0.00253   0.01264   0.01225   0.03386   0.01318   0.00528   0.01204   0.00000   0.00000   0.02603   0.00888   5.43276   0.90810   0.92659   0.91840   1.76840   0.69533   0.00000   4.32991  
 95  0.1338   2368.896394  x:  0.02013   0.01406   0.00292   0.00918   0.01177   0.00000   0.00888   0.00000   0.00000   0.01090   0.00548   0.00000   0.00000   0.00442   0.00314   0.00000   0.00714   0.00270   0.00000   0.00544   0.00816   0.00272   0.00271   0.00000   0.00291   0.00275   0.00000   0.00862   0.02667   0.00294   0.00545   0.00292   0.00000   0.01301   0.00000   0.00000   0.00281   0.07943   0.02113   0.00812   0.00537   0.00000   0.00277   0.00274   0.00253   0.01264   0.01225   0.03386   0.01318   0.00528   0.01204   0.00000   0.00000   0.02603   0.00888   5.43276   0.90810   0.92659   0.91840   1.76840   0.69533   0.00000   4.32991  
 96  2.1223   2368.896394  x:  0.02013   0.01406   0.00292   0.00918   0.01177   0.00000   0.00888   0.00000   0.00000   0.01090   0.00548   0.00000   0.00000   0.00442   0.00314   0.00000   0.00714   0.00270   0.00000   0.00544   0.00816   0.00272   0.00271   0.00000   0.00291   0.00275   0.00000   0.00862   0.02667   0.00294   0.00545   0.00292   0.00000   0.01301   0.00000   0.00000   0.00281   0.07943   0.02113   0.00812   0.00537   0.00000   0.00277   0.00274   0.00253   0.01264   0.01225   0.03386   0.01318   0.00528   0.01204   0.00000   0.00000   0.02603   0.00888   5.43276   0.90810   0.92659   0.91840   1.76840   0.69533   0.00000   4.32991  
 97  0.1685   2368.896394  x:  0.02013   0.01406   0.00292   0.00918   0.01177   0.00000   0.00888   0.00000   0.00000   0.01090   0.00548   0.00000   0.00000   0.00442   0.00314   0.00000   0.00714   0.00270   0.00000   0.00544   0.00816   0.00272   0.00271   0.00000   0.00291   0.00275   0.00000   0.00862   0.02667   0.00294   0.00545   0.00292   0.00000   0.01301   0.00000   0.00000   0.00281   0.07943   0.02113   0.00812   0.00537   0.00000   0.00277   0.00274   0.00253   0.01264   0.01225   0.03386   0.01318   0.00528   0.01204   0.00000   0.00000   0.02603   0.00888   5.43276   0.90810   0.92659   0.91840   1.76840   0.69533   0.00000   4.32991  
 98  4.7484   2368.896394  x:  0.02013   0.01406   0.00292   0.00918   0.01177   0.00000   0.00888   0.00000   0.00000   0.01090   0.00548   0.00000   0.00000   0.00442   0.00314   0.00000   0.00714   0.00270   0.00000   0.00544   0.00816   0.00272   0.00271   0.00000   0.00291   0.00275   0.00000   0.00862   0.02667   0.00294   0.00545   0.00292   0.00000   0.01301   0.00000   0.00000   0.00281   0.07943   0.02113   0.00812   0.00537   0.00000   0.00277   0.00274   0.00253   0.01264   0.01225   0.03386   0.01318   0.00528   0.01204   0.00000   0.00000   0.02603   0.00888   5.43276   0.90810   0.92659   0.91840   1.76840   0.69533   0.00001   4.32991  
 99  0.1636   2368.896394  x:  0.02013   0.01406   0.00292   0.00918   0.01177   0.00000   0.00888   0.00000   0.00000   0.01090   0.00548   0.00000   0.00000   0.00442   0.00314   0.00000   0.00714   0.00270   0.00000   0.00544   0.00816   0.00272   0.00271   0.00000   0.00291   0.00275   0.00000   0.00862   0.02667   0.00294   0.00545   0.00292   0.00000   0.01301   0.00000   0.00000   0.00281   0.07943   0.02113   0.00812   0.00537   0.00000   0.00277   0.00274   0.00253   0.01264   0.01225   0.03386   0.01318   0.00528   0.01204   0.00000   0.00000   0.02603   0.00888   5.43276   0.90810   0.92659   0.91840   1.76840   0.69533   0.00001   4.32991  
100  4.0967   2368.896393  x:  0.02013   0.01406   0.00292   0.00918   0.01177   0.00000   0.00888   0.00000   0.00000   0.01090   0.00548   0.00000   0.00000   0.00442   0.00314   0.00000   0.00714   0.00270   0.00000   0.00544   0.00816   0.00272   0.00271   0.00000   0.00291   0.00275   0.00000   0.00862   0.02667   0.00294   0.00545   0.00292   0.00000   0.01301   0.00000   0.00000   0.00281   0.07943   0.02113   0.00812   0.00537   0.00000   0.00277   0.00274   0.00253   0.01264   0.01225   0.03386   0.01318   0.00528   0.01204   0.00000   0.00000   0.02603   0.00888   5.43276   0.90810   0.92659   0.91840   1.76840   0.69533   0.00001   4.32991  
101  0.0929   2368.896393  x:  0.02013   0.01406   0.00292   0.00918   0.01177   0.00000   0.00888   0.00000   0.00000   0.01090   0.00548   0.00000   0.00000   0.00442   0.00314   0.00000   0.00714   0.00270   0.00000   0.00544   0.00816   0.00272   0.00271   0.00000   0.00291   0.00275   0.00000   0.00862   0.02667   0.00294   0.00545   0.00292   0.00000   0.01301   0.00000   0.00000   0.00281   0.07943   0.02113   0.00812   0.00537   0.00000   0.00277   0.00274   0.00253   0.01264   0.01225   0.03386   0.01318   0.00528   0.01204   0.00000   0.00000   0.02603   0.00888   5.43276   0.90810   0.92659   0.91840   1.76840   0.69533   0.00001   4.32991  
102  0.7542   2368.896393  x:  0.02013   0.01406   0.00292   0.00918   0.01177   0.00000   0.00888   0.00000   0.00000   0.01090   0.00548   0.00000   0.00000   0.00442   0.00314   0.00000   0.00714   0.00270   0.00000   0.00544   0.00816   0.00272   0.00271   0.00000   0.00291   0.00275   0.00000   0.00862   0.02667   0.00294   0.00545   0.00292   0.00000   0.01301   0.00000   0.00000   0.00281   0.07943   0.02113   0.00812   0.00537   0.00000   0.00277   0.00274   0.00253   0.01264   0.01225   0.03386   0.01318   0.00528   0.01204   0.00000   0.00000   0.02603   0.00888   5.43276   0.90810   0.92659   0.91840   1.76840   0.69533   0.00001   4.32991  
check convergence!
