Supplemental results for CODEML (seqf: /home/leticiamagpali/phd/evol_models/codeml/small_dataset/cml_align/MYL1_codon_aligned.phy  treef: /home/leticiamagpali/phd/evol_models/codeml/small_dataset/cml_trees/gene_trees/H3_gene_trees/MYL1_codon_H3.tre)

I	J	ij	2Ns_IJ	pMut_IJ	pSub_IJ	2Ns_JI	pMut_JI	pSub_JI

TTC	TTT	CT	1.18605	0.07484	0.12779	-1.18605	0.24502	0.12779	0.12779	0.12779
TTA	TTT	AT	2.51711	0.02116	0.05795	-2.51711	0.26227	0.05795	0.02897	0.02897
TTA	TTC	AC	1.33106	0.02683	0.04854	-1.33106	0.10155	0.04854	0.02427	0.02427
TTG	TTT	GT	2.27946	0.00488	0.01240	-2.27946	0.04772	0.01240	0.00620	0.00620
TTG	TTC	GC	1.09341	0.00619	0.01018	-1.09341	0.01848	0.01018	0.00509	0.00509
TTG	TTA	GA	-0.23765	0.02112	0.01871	0.23765	0.01665	0.01871	0.01871	0.01871
TCT	TTT	CT	1.18605	0.07484	0.12779	-1.18605	0.24502	0.12779	0.06389	0.06389
TCC	TTC	CT	0.10984	0.08501	0.08976	-0.10984	0.09488	0.08976	0.04488	0.04488
TCC	TCT	CT	0.10984	0.08501	0.08976	-0.10984	0.09488	0.08976	0.08976	0.08976
TCA	TTA	CT	1.29816	0.01308	0.02335	-1.29816	0.04790	0.02335	0.01168	0.01168
TCA	TCT	AT	2.62921	0.00733	0.02076	-2.62921	0.10155	0.02076	0.02076	0.02076
TCA	TCC	AC	2.51937	0.00929	0.02545	-2.51937	0.11536	0.02545	0.02545	0.02545
TCG	TTG	CT	7.91183	0.00000	0.00000	-7.91183	0.01105	0.00003	0.00000	0.00002
TCG	TCT	GT	9.00524	0.00000	0.00000	-9.00524	0.01848	0.00002	0.00000	0.00002
TCG	TCC	GC	8.89540	0.00000	0.00000	-8.89540	0.02099	0.00003	0.00000	0.00003
TCG	TCA	GA	6.37603	0.00000	0.00000	-6.37603	0.00577	0.00006	0.00000	0.00006
TAT	TTT	AT	2.23424	0.02808	0.07027	-2.23424	0.26227	0.07027	0.03513	0.03513
TAT	TCT	AC	1.04819	0.03560	0.05746	-1.04819	0.10155	0.05746	0.02873	0.02873
TAC	TTC	AT	5.51958	0.00041	0.00226	-5.51958	0.10155	0.00226	0.00113	0.00113
TAC	TCC	AC	5.40974	0.00052	0.00280	-5.40974	0.11536	0.00280	0.00140	0.00140
TAC	TAT	CT	4.47139	0.00073	0.00329	-4.47139	0.06356	0.00329	0.00329	0.00329
TGT	TTT	GT	9.95401	0.00000	0.00000	-9.95401	0.04772	0.00002	0.00000	0.00001
TGT	TCT	GC	8.76796	0.00000	0.00000	-8.76796	0.01848	0.00003	0.00000	0.00001
TGT	TAT	GA	7.71977	0.00000	0.00000	-7.71977	0.02210	0.00008	0.00000	0.00004
TGC	TTC	GT	1.10755	0.00610	0.01010	-1.10755	0.01848	0.01010	0.00505	0.00505
TGC	TCC	GC	0.99771	0.00774	0.01223	-0.99771	0.02099	0.01223	0.00612	0.00612
TGC	TAC	GA	-4.41203	0.02640	0.00143	4.41203	0.00032	0.00143	0.00072	0.00072
TGC	TGT	CT	-7.66041	0.01090	0.00004	7.66041	0.00000	0.00000	0.00004	0.00000
TGG	TTG	GT	0.05634	0.00203	0.00209	-0.05634	0.00215	0.00209	0.00105	0.00105
TGG	TCG	GC	-7.85549	0.00258	0.00001	7.85549	0.00000	0.00000	0.00000	0.00000
TGG	TGT	GT	-7.61821	0.00203	0.00001	7.61821	0.00000	0.00000	0.00000	0.00000
TGG	TGC	GC	0.04220	0.00258	0.00263	-0.04220	0.00269	0.00263	0.00132	0.00132
CTT	TTT	CT	1.21561	0.07266	0.12555	-1.21561	0.24502	0.12555	0.06278	0.06278
CTC	TTC	CT	0.79448	0.04287	0.06213	-0.79448	0.09488	0.06213	0.03106	0.03106
CTC	CTT	CT	0.76492	0.04287	0.06133	-0.76492	0.09211	0.06133	0.06133	0.06133
CTA	TTA	CT	-0.24229	0.06103	0.05394	0.24229	0.04790	0.05394	0.05394	0.05394
CTA	CTT	AT	1.05921	0.03419	0.05543	-1.05921	0.09860	0.05543	0.05543	0.05543
CTA	CTC	AC	0.29429	0.04334	0.05003	-0.29429	0.05817	0.05003	0.05003	0.05003
CTG	TTG	CT	-2.26824	0.10680	0.02797	2.26824	0.01105	0.02797	0.02797	0.02797
CTG	CTT	GT	-1.20439	0.05983	0.03086	1.20439	0.01794	0.03086	0.03086	0.03086
CTG	CTC	GC	-1.96931	0.07585	0.02423	1.96931	0.01058	0.02423	0.02423	0.02423
CTG	CTA	GA	-2.26360	0.25875	0.06797	2.26360	0.02690	0.06797	0.06797	0.06797
CCT	TCT	CT	-0.40610	0.14241	0.11544	0.40610	0.09488	0.11544	0.05772	0.05772
CCT	CTT	CT	-0.43566	0.14241	0.11363	0.43566	0.09211	0.11363	0.05682	0.05682
CCC	TCC	CT	0.10911	0.09663	0.10200	-0.10911	0.10777	0.10200	0.05100	0.05100
CCC	CTC	CT	-0.57553	0.09663	0.07148	0.57553	0.05435	0.07148	0.03574	0.03574
CCC	CCT	CT	0.62505	0.09663	0.12996	-0.62505	0.18054	0.12996	0.12996	0.12996
CCA	TCA	CT	-1.59973	0.08210	0.03324	1.59973	0.01658	0.03324	0.01662	0.01662
CCA	CTA	CT	-0.05929	0.08210	0.07969	0.05929	0.07738	0.07969	0.03985	0.03985
CCA	CCT	AT	1.43558	0.04599	0.08664	-1.43558	0.19325	0.08664	0.08664	0.08664
CCA	CCC	AC	0.81053	0.05830	0.08509	-0.81053	0.13113	0.08509	0.08509	0.08509
CCG	TCG	CT	-8.17123	0.01816	0.00004	8.17123	0.00000	0.00000	0.00002	0.00000
CCG	CTG	CT	2.00884	0.01816	0.04214	-2.00884	0.13541	0.04214	0.02107	0.02107
CCG	CCT	GT	1.24011	0.01017	0.01776	-1.24011	0.03516	0.01776	0.01776	0.01776
CCG	CCC	GC	0.61506	0.01290	0.01727	-0.61506	0.02386	0.01727	0.01727	0.01727
CCG	CCA	GA	-0.19547	0.04400	0.03984	0.19547	0.03619	0.03984	0.03984	0.03984
CAT	TAT	CT	0.62124	0.03415	0.04585	-0.62124	0.06356	0.04585	0.02292	0.02292
CAT	CTT	AT	1.63988	0.01913	0.03892	-1.63988	0.09860	0.03892	0.01946	0.01946
CAT	CCT	AC	2.07554	0.02425	0.05756	-2.07554	0.19325	0.05756	0.02878	0.02878
CAC	TAC	CT	-3.93710	0.04723	0.00370	3.93710	0.00092	0.00370	0.00185	0.00185
CAC	CTC	AT	0.78800	0.02645	0.03823	-0.78800	0.05817	0.03823	0.01912	0.01912
CAC	CCC	AC	1.36353	0.03354	0.06145	-1.36353	0.13113	0.06145	0.03072	0.03072
CAC	CAT	CT	-0.08696	0.04723	0.04520	0.08696	0.04329	0.04520	0.04520	0.04520
CAA	CTA	AT	0.97187	0.03134	0.04899	-0.97187	0.08282	0.04899	0.02450	0.02450
CAA	CCA	AC	1.03115	0.03973	0.06367	-1.03115	0.11141	0.06367	0.03184	0.03184
CAA	CAT	AT	0.39120	0.03134	0.03787	-0.39120	0.04634	0.03787	0.01893	0.01893
CAA	CAC	AC	0.47815	0.03973	0.04998	-0.47815	0.06409	0.04998	0.02499	0.02499
CAG	CTG	AT	1.12170	0.04721	0.07854	-1.12170	0.14494	0.07854	0.03927	0.03927
CAG	CCG	AC	-0.88714	0.05985	0.03718	0.88714	0.02465	0.03718	0.01859	0.01859
CAG	CAT	GT	-1.72257	0.04721	0.01768	1.72257	0.00843	0.01768	0.00884	0.00884
CAG	CAC	GC	-1.63562	0.05985	0.02369	1.63562	0.01166	0.02369	0.01184	0.01184
CAG	CAA	GA	-2.11377	0.20418	0.05929	2.11377	0.02466	0.05929	0.05929	0.05929
CGT	TGT	CT	-8.97771	0.04069	0.00005	8.97771	0.00000	0.00000	0.00002	0.00000
CGT	CTT	GT	-0.23931	0.02279	0.02017	0.23931	0.01794	0.02017	0.01009	0.01009
CGT	CCT	GC	0.19635	0.02889	0.03182	-0.19635	0.03516	0.03182	0.01591	0.01591
CGT	CAT	GA	-1.87919	0.09857	0.03339	1.87919	0.01505	0.03339	0.01669	0.01669
CGC	TGC	CT	8.13498	0.00000	0.00000	-8.13498	0.01382	0.00003	0.00000	0.00002
CGC	CTC	GT	8.44805	0.00000	0.00000	-8.44805	0.01058	0.00002	0.00000	0.00001
CGC	CCC	GC	9.02358	0.00000	0.00000	-9.02358	0.02386	0.00003	0.00000	0.00001
CGC	CAC	GA	7.66005	0.00000	0.00000	-7.66005	0.02082	0.00008	0.00000	0.00004
CGC	CGT	CT	9.45228	0.00000	0.00000	-9.45228	0.05158	0.00004	0.00000	0.00004
CGA	CTA	GT	2.00225	0.00203	0.00471	-2.00225	0.01507	0.00471	0.00236	0.00236
CGA	CCA	GC	2.06154	0.00258	0.00609	-2.06154	0.02027	0.00609	0.00305	0.00305
CGA	CAA	GA	1.03038	0.00880	0.01410	-1.03038	0.02466	0.01410	0.00705	0.00705
CGA	CGT	AT	3.30077	0.00203	0.00697	-3.30077	0.05521	0.00697	0.00697	0.00697
CGA	CGC	AC	-6.15151	0.00258	0.00003	6.15151	0.00000	0.00000	0.00003	0.00000
CGG	TGG	CT	-1.52057	0.02107	0.00896	1.52057	0.00461	0.00896	0.00448	0.00448
CGG	CTG	GT	0.80401	0.01180	0.01718	-0.80401	0.02637	0.01718	0.00859	0.00859
CGG	CCG	GC	-1.20483	0.01496	0.00772	1.20483	0.00449	0.00772	0.00386	0.00386
CGG	CAG	GA	-0.31769	0.05105	0.04337	0.31769	0.03715	0.04337	0.02168	0.02168
CGG	CGT	GT	-0.16107	0.01180	0.01088	0.16107	0.01005	0.01088	0.01088	0.01088
CGG	CGC	GC	-9.61335	0.01496	0.00001	9.61335	0.00000	0.00000	0.00001	0.00000
CGG	CGA	GA	-3.46184	0.05105	0.00572	3.46184	0.00160	0.00572	0.00572	0.00572
ATT	TTT	AT	1.81439	0.04273	0.09263	-1.81439	0.26227	0.09263	0.04631	0.04631
ATT	CTT	AC	0.59878	0.05418	0.07201	-0.59878	0.09860	0.07201	0.03600	0.03600
ATC	TTC	AT	1.30008	0.02767	0.04946	-1.30008	0.10155	0.04946	0.02473	0.02473
ATC	CTC	AC	0.50560	0.03509	0.04470	-0.50560	0.05817	0.04470	0.02235	0.02235
ATC	ATT	CT	0.67174	0.04941	0.06784	-0.67174	0.09672	0.06784	0.06784	0.06784
ATA	TTA	AT	2.35119	0.00488	0.01269	-2.35119	0.05127	0.01269	0.00635	0.00635
ATA	CTA	AC	2.59348	0.00619	0.01736	-2.59348	0.08282	0.01736	0.00868	0.00868
ATA	ATT	AT	3.05391	0.00488	0.01565	-3.05391	0.10353	0.01565	0.01565	0.01565
ATA	ATC	AC	2.38217	0.00619	0.01625	-2.38217	0.06705	0.01625	0.01625	0.01625
ATG	TTG	AT	-1.76014	0.06878	0.02515	1.76014	0.01183	0.02515	0.01258	0.01258
ATG	CTG	AC	0.50810	0.08720	0.11122	-0.50810	0.14494	0.11122	0.05561	0.05561
ATG	ATT	GT	-1.29507	0.06878	0.03360	1.29507	0.01884	0.03360	0.01680	0.01680
ATG	ATC	GC	-1.96680	0.08720	0.02790	1.96680	0.01220	0.02790	0.01395	0.01395
ATG	ATA	GA	-4.34897	0.29747	0.01693	4.34897	0.00384	0.01693	0.00847	0.00847
ACT	TCT	AT	5.51958	0.00041	0.00226	-5.51958	0.10155	0.00226	0.00113	0.00113
ACT	CCT	AC	5.92569	0.00052	0.00307	-5.92569	0.19325	0.00307	0.00153	0.00153
ACT	ATT	CT	4.89124	0.00073	0.00358	-4.89124	0.09672	0.00358	0.00179	0.00179
ACC	TCC	AT	0.93750	0.04518	0.06961	-0.93750	0.11536	0.06961	0.03481	0.03481
ACC	CCC	AC	0.82839	0.05727	0.08423	-0.82839	0.13113	0.08423	0.04212	0.04212
ACC	ATC	CT	-0.25274	0.08065	0.07089	0.25274	0.06264	0.07089	0.03544	0.03544
ACC	ACT	CT	-4.47225	0.08065	0.00417	4.47225	0.00092	0.00417	0.00417	0.00417
ACA	TCA	AT	-0.78912	0.03907	0.02566	0.78912	0.01775	0.02566	0.01283	0.01283
ACA	CCA	AC	0.81061	0.04953	0.07229	-0.81061	0.11141	0.07229	0.03615	0.03615
ACA	ATA	CT	-1.84216	0.06975	0.02420	1.84216	0.01105	0.02420	0.01210	0.01210
ACA	ACT	AT	-3.67949	0.03907	0.00372	3.67949	0.00099	0.00372	0.00372	0.00372
ACA	ACC	AC	0.79275	0.04953	0.07173	-0.79275	0.10944	0.07173	0.07173	0.07173
ACG	TCG	AT	-5.69108	0.00163	0.00003	5.69108	0.00000	0.00000	0.00002	0.00000
ACG	CCG	AC	2.48015	0.00206	0.00559	-2.48015	0.02465	0.00559	0.00279	0.00279
ACG	ATG	CT	3.98089	0.00291	0.01179	-3.98089	0.15567	0.01179	0.00589	0.00589
ACG	ACT	GT	-2.20542	0.00163	0.00044	2.20542	0.00018	0.00044	0.00044	0.00044
ACG	ACC	GC	2.26682	0.00206	0.00522	-2.26682	0.01991	0.00522	0.00522	0.00522
ACG	ACA	GA	1.47407	0.00704	0.01346	-1.47407	0.03075	0.01346	0.01346	0.01346
AAT	TAT	AT	-0.10679	0.07570	0.07173	0.10679	0.06803	0.07173	0.03586	0.03586
AAT	CAT	AC	-0.72803	0.09597	0.06524	0.72803	0.04634	0.06524	0.03262	0.03262
AAT	ATT	AT	0.31307	0.07570	0.08817	-0.31307	0.10353	0.08817	0.04408	0.04408
AAT	ACT	AC	-4.57818	0.09597	0.00456	4.57818	0.00099	0.00456	0.00228	0.00228
AAC	TAC	AT	-4.26844	0.07041	0.00427	4.26844	0.00099	0.00427	0.00213	0.00213
AAC	CAC	AC	-0.33133	0.08926	0.07529	0.33133	0.06409	0.07529	0.03765	0.03765
AAC	ATC	AT	-0.04893	0.07041	0.06870	0.04893	0.06705	0.06870	0.03435	0.03435
AAC	ACC	AC	0.20381	0.08926	0.09867	-0.20381	0.10944	0.09867	0.04933	0.04933
AAC	AAT	CT	0.30974	0.12569	0.14616	-0.30974	0.17133	0.14616	0.14616	0.14616
AAA	CAA	AC	0.10857	0.06811	0.07187	-0.10857	0.07592	0.07187	0.03594	0.03594
AAA	ATA	AT	-1.51304	0.05372	0.02296	1.51304	0.01183	0.02296	0.01148	0.01148
AAA	ACA	AC	0.32912	0.06811	0.07993	-0.32912	0.09465	0.07993	0.03996	0.03996
AAA	AAT	AT	1.22780	0.05372	0.09329	-1.22780	0.18339	0.09329	0.04664	0.04664
AAA	AAC	AC	0.91806	0.06811	0.10409	-0.91806	0.17057	0.10409	0.05205	0.05205
AAG	CAG	AC	-0.36716	0.16511	0.13665	0.36716	0.11437	0.13665	0.06833	0.06833
AAG	ATG	AT	0.24643	0.13023	0.14694	-0.24643	0.16663	0.14694	0.07347	0.07347
AAG	ACG	AC	-3.73446	0.16511	0.01509	3.73446	0.00394	0.01509	0.00754	0.00754
AAG	AAT	GT	-1.36170	0.13023	0.06109	1.36170	0.03337	0.06109	0.03055	0.03055
AAG	AAC	GC	-1.67144	0.16511	0.06389	1.67144	0.03104	0.06389	0.03194	0.03194
AAG	AAA	GA	-2.58950	0.56326	0.11836	2.58950	0.04228	0.11836	0.11836	0.11836
AGT	TGT	AT	0.88485	0.00000	0.00000	-0.88485	0.00000	0.00000	0.00000	0.00000
AGT	CGT	AC	9.86256	0.00000	0.00000	-9.86256	0.05521	0.00003	0.00000	0.00001
AGT	ATT	GT	9.02447	0.00000	0.00000	-9.02447	0.01884	0.00002	0.00000	0.00001
AGT	ACT	GC	4.13323	0.00000	0.00000	-4.13323	0.00018	0.00001	0.00000	0.00001
AGT	AAT	GA	8.71141	0.00000	0.00000	-8.71141	0.05957	0.00009	0.00000	0.00004
AGC	TGC	AT	-0.46754	0.02360	0.01852	0.46754	0.01479	0.01852	0.00926	0.00926
AGC	CGC	AC	-8.60251	0.02993	0.00005	8.60251	0.00000	0.00000	0.00002	0.00000
AGC	ATC	GT	-0.66006	0.02360	0.01667	0.66006	0.01220	0.01667	0.00833	0.00833
AGC	ACC	GC	-0.40732	0.02993	0.02424	0.40732	0.01991	0.02424	0.01212	0.01212
AGC	AAC	GA	-0.61113	0.10209	0.07405	0.61113	0.05541	0.07405	0.03703	0.03703
AGC	AGT	CT	-9.01280	0.04214	0.00005	9.01280	0.00000	0.00000	0.00005	0.00000
AGA	CGA	AC	-1.32651	0.01858	0.00890	1.32651	0.00493	0.00890	0.00890	0.00890
AGA	ATA	GT	-1.91774	0.01465	0.00484	1.91774	0.00215	0.00484	0.00242	0.00242
AGA	ACA	GC	-0.07558	0.01858	0.01788	0.07558	0.01722	0.01788	0.00894	0.00894
AGA	AAA	GA	-0.40470	0.06337	0.05141	0.40470	0.04228	0.05141	0.02570	0.02570
AGA	AGT	AT	-7.88831	0.01465	0.00004	7.88831	0.00000	0.00000	0.00002	0.00000
AGA	AGC	AC	1.12449	0.01858	0.03094	-1.12449	0.05719	0.03094	0.01547	0.01547
AGG	TGG	AT	-1.79617	0.02971	0.01062	1.79617	0.00493	0.01062	0.00531	0.00531
AGG	CGG	AC	-0.27559	0.03767	0.03271	0.27559	0.02859	0.03271	0.03271	0.03271
AGG	ATG	GT	0.02031	0.02971	0.03001	-0.02031	0.03032	0.03001	0.01501	0.01501
AGG	ACG	GC	-3.96058	0.03767	0.00290	3.96058	0.00072	0.00290	0.00145	0.00145
AGG	AAG	GA	-0.22612	0.12849	0.11451	0.22612	0.10249	0.11451	0.05726	0.05726
AGG	AGT	GT	-10.29923	0.02971	0.00001	10.29923	0.00000	0.00000	0.00001	0.00000
AGG	AGC	GC	-1.28643	0.03767	0.01850	1.28643	0.01041	0.01850	0.00925	0.00925
AGG	AGA	GA	-2.41092	0.12849	0.03054	2.41092	0.01153	0.03054	0.03054	0.03054
GTT	TTT	GT	0.01944	0.04680	0.04726	-0.01944	0.04772	0.04726	0.02363	0.02363
GTT	CTT	GC	-1.19617	0.05934	0.03076	1.19617	0.01794	0.03076	0.01538	0.01538
GTT	ATT	GA	-1.79495	0.20242	0.07239	1.79495	0.03363	0.07239	0.03619	0.03619
GTC	TTC	GT	-0.63875	0.03500	0.02500	0.63875	0.01848	0.02500	0.01250	0.01250
GTC	CTC	GC	-1.43322	0.04437	0.01992	1.43322	0.01058	0.01992	0.00996	0.00996
GTC	ATC	GA	-1.93882	0.15138	0.04932	1.93882	0.02178	0.04932	0.02466	0.02466
GTC	GTT	CT	0.52787	0.06248	0.08042	-0.52787	0.10593	0.08042	0.08042	0.08042
GTA	TTA	GT	-0.00338	0.00936	0.00934	0.00338	0.00933	0.00934	0.00467	0.00467
GTA	CTA	GC	0.23891	0.01187	0.01334	-0.23891	0.01507	0.01334	0.00667	0.00667
GTA	ATA	GA	-2.35457	0.04048	0.01000	2.35457	0.00384	0.01000	0.00500	0.00500
GTA	GTT	AT	2.49429	0.00936	0.02545	-2.49429	0.11339	0.02545	0.02545	0.02545
GTA	GTC	AC	1.96642	0.01187	0.02713	-1.96642	0.08479	0.02713	0.02713	0.02713
GTG	TTG	GT	-2.55373	0.02767	0.00596	2.55373	0.00215	0.00596	0.00298	0.00298
GTG	CTG	GC	-0.28549	0.03509	0.03032	0.28549	0.02637	0.03032	0.01516	0.01516
GTG	ATG	GA	-0.79359	0.11969	0.07842	0.79359	0.05413	0.07842	0.03921	0.03921
GTG	GTT	GT	-0.29370	0.02767	0.02381	0.29370	0.02063	0.02381	0.02381	0.02381
GTG	GTC	GC	-0.82157	0.03509	0.02262	0.82157	0.01543	0.02262	0.02262	0.02262
GTG	GTA	GA	-2.78800	0.11969	0.02188	2.78800	0.00737	0.02188	0.02188	0.02188
GCT	TCT	GT	-1.38841	0.07407	0.03418	1.38841	0.01848	0.03418	0.01709	0.01709
GCT	CCT	GC	-0.98230	0.09391	0.05522	0.98230	0.03516	0.05522	0.02761	0.02761
GCT	ACT	GA	-6.90799	0.32035	0.00221	6.90799	0.00032	0.00221	0.00111	0.00111
GCT	GTT	CT	-0.22179	0.13223	0.11811	0.22179	0.10593	0.11811	0.05906	0.05906
GCC	TCC	GT	-1.49068	0.09320	0.04039	1.49068	0.02099	0.04039	0.02019	0.02019
GCC	CCC	GC	-1.59978	0.11816	0.04783	1.59978	0.02386	0.04783	0.02392	0.02392
GCC	ACC	GA	-2.42817	0.40308	0.09467	2.42817	0.03555	0.09467	0.04734	0.04734
GCC	GTC	CT	-0.74209	0.16638	0.11221	0.74209	0.07922	0.11221	0.05611	0.05611
GCC	GCT	CT	0.00757	0.16638	0.16701	-0.00757	0.16765	0.16701	0.16701	0.16701
GCA	TCA	GT	-3.32692	0.08994	0.01114	3.32692	0.00323	0.01114	0.00557	0.00557
GCA	CCA	GC	-1.72719	0.11403	0.04259	1.72719	0.02027	0.04259	0.02129	0.02129
GCA	ACA	GA	-2.53780	0.38900	0.08473	2.53780	0.03075	0.08473	0.04236	0.04236
GCA	GTA	CT	-2.02538	0.16057	0.04943	2.02538	0.02119	0.04943	0.02472	0.02472
GCA	GCT	AT	0.69070	0.08994	0.12455	-0.69070	0.17945	0.12455	0.12455	0.12455
GCA	GCC	AC	0.68313	0.11403	0.15738	-0.68313	0.22579	0.15738	0.15738	0.15738
GCG	TCG	GT	-9.76997	0.01750	0.00001	9.76997	0.00000	0.00000	0.00000	0.00000
GCG	CCG	GC	-1.59874	0.02219	0.00899	1.59874	0.00449	0.00899	0.00449	0.00449
GCG	ACG	GA	-4.07889	0.07569	0.00532	4.07889	0.00128	0.00532	0.00266	0.00266
GCG	GTG	CT	0.69559	0.03124	0.04336	-0.69559	0.06264	0.04336	0.02168	0.02168
GCG	GCT	GT	0.62368	0.01750	0.02352	-0.62368	0.03265	0.02352	0.02352	0.02352
GCG	GCC	GC	0.61611	0.02219	0.02972	-0.61611	0.04108	0.02972	0.02972	0.02972
GCG	GCA	GA	-0.06702	0.07569	0.07318	0.06702	0.07078	0.07318	0.07318	0.07318
GAT	TAT	GT	-1.00386	0.03378	0.01961	1.00386	0.01238	0.01961	0.00981	0.00981
GAT	CAT	GC	-1.62511	0.04283	0.01706	1.62511	0.00843	0.01706	0.00853	0.00853
GAT	AAT	GA	-0.89708	0.14610	0.09023	0.89708	0.05957	0.09023	0.04512	0.04512
GAT	GTT	AT	1.21095	0.03378	0.05826	-1.21095	0.11339	0.05826	0.02913	0.02913
GAT	GCT	AC	1.43274	0.04283	0.08059	-1.43274	0.17945	0.08059	0.04030	0.04030
GAC	TAC	GT	-6.12740	0.08221	0.00110	6.12740	0.00018	0.00110	0.00055	0.00055
GAC	CAC	GC	-2.19029	0.10423	0.02876	2.19029	0.01166	0.02876	0.01438	0.01438
GAC	AAC	GA	-1.85896	0.35556	0.12202	1.85896	0.05541	0.12202	0.06101	0.06101
GAC	GTC	AT	0.03093	0.08221	0.08349	-0.03093	0.08479	0.08349	0.04174	0.04174
GAC	GCC	AC	0.77302	0.10423	0.14965	-0.77302	0.22579	0.14965	0.07483	0.07483
GAC	GAT	CT	-0.65214	0.14676	0.10407	0.65214	0.07645	0.10407	0.10407	0.10407
GAA	CAA	GC	-2.38249	0.14963	0.03626	2.38249	0.01381	0.03626	0.01813	0.01813
GAA	AAA	GA	-2.49106	0.51045	0.11482	2.49106	0.04228	0.11482	0.05741	0.05741
GAA	GTA	AT	-1.64953	0.11802	0.04630	1.64953	0.02268	0.04630	0.02315	0.02315
GAA	GCA	AC	0.37585	0.14963	0.17951	-0.37585	0.21790	0.17951	0.08975	0.08975
GAA	GAT	AT	-0.36619	0.11802	0.09773	0.36619	0.08184	0.09773	0.04887	0.04887
GAA	GAC	AC	0.28596	0.14963	0.17204	-0.28596	0.19917	0.17204	0.08602	0.08602
GAG	CAG	GC	-1.37173	0.08204	0.03825	1.37173	0.02081	0.03825	0.01912	0.01912
GAG	AAG	GA	-1.00457	0.27987	0.16244	1.00457	0.10249	0.16244	0.08122	0.08122
GAG	GTG	AT	0.03546	0.06471	0.06586	-0.03546	0.06705	0.06586	0.03293	0.03293
GAG	GCG	AC	-0.66013	0.08204	0.05792	0.66013	0.04240	0.05792	0.02896	0.02896
GAG	GAT	GT	-1.46919	0.06471	0.02842	1.46919	0.01489	0.02842	0.01421	0.01421
GAG	GAC	GC	-0.81705	0.08204	0.05304	0.81705	0.03624	0.05304	0.02652	0.02652
GAG	GAA	GA	-1.10301	0.27987	0.15334	1.10301	0.09288	0.15334	0.15334	0.15334
GGT	TGT	GT	-10.88397	0.05331	0.00001	10.88397	0.00000	0.00000	0.00001	0.00000
GGT	CGT	GC	-1.90626	0.06759	0.02250	1.90626	0.01005	0.02250	0.01125	0.01125
GGT	AGT	GA	-11.76882	0.23058	0.00002	11.76882	0.00000	0.00000	0.00001	0.00000
GGT	GTT	GT	-0.94939	0.05331	0.03195	0.94939	0.02063	0.03195	0.01598	0.01598
GGT	GCT	GC	-0.72760	0.06759	0.04596	0.72760	0.03265	0.04596	0.02298	0.02298
GGT	GAT	GA	-2.16034	0.23058	0.06491	2.16034	0.02658	0.06491	0.03246	0.03246
GGC	TGC	GT	-3.14803	0.06268	0.00885	3.14803	0.00269	0.00885	0.00443	0.00443
GGC	CGC	GC	-11.28301	0.07946	0.00001	11.28301	0.00000	0.00000	0.00001	0.00000
GGC	AGC	GA	-2.68049	0.27107	0.05346	2.68049	0.01858	0.05346	0.02673	0.02673
GGC	GTC	GT	-1.40173	0.06268	0.02869	1.40173	0.01543	0.02869	0.01434	0.01434
GGC	GCC	GC	-0.65964	0.07946	0.05611	0.65964	0.04108	0.05611	0.02806	0.02806
GGC	GAC	GA	-1.43267	0.27107	0.12175	1.43267	0.06470	0.12175	0.06087	0.06087
GGC	GGT	CT	0.07553	0.11189	0.11617	-0.07553	0.12067	0.11617	0.11617	0.11617
GGA	CGA	GC	-2.77918	0.01445	0.00266	2.77918	0.00090	0.00266	0.00133	0.00133
GGA	AGA	GA	-1.45267	0.04929	0.02186	1.45267	0.01153	0.02186	0.01093	0.01093
GGA	GTA	GT	-1.01584	0.01140	0.00657	1.01584	0.00413	0.00657	0.00329	0.00329
GGA	GCA	GC	1.00955	0.01445	0.02295	-1.00955	0.03965	0.02295	0.01147	0.01147
GGA	GAA	GA	0.63369	0.04929	0.06654	-0.63369	0.09288	0.06654	0.03327	0.03327
GGA	GGT	AT	2.42785	0.01140	0.03034	-2.42785	0.12916	0.03034	0.03034	0.03034
GGA	GGC	AC	2.35232	0.01445	0.03756	-2.35232	0.15184	0.03756	0.03756	0.03756
GGG	TGG	GT	-0.30830	0.00122	0.00104	0.30830	0.00090	0.00104	0.00052	0.00052
GGG	CGG	GC	1.21227	0.00155	0.00267	-1.21227	0.00520	0.00267	0.00134	0.00134
GGG	AGG	GA	1.48786	0.00528	0.01015	-1.48786	0.02338	0.01015	0.00507	0.00507
GGG	GTG	GT	2.30177	0.00122	0.00312	-2.30177	0.01220	0.00312	0.00156	0.00156
GGG	GCG	GC	1.60618	0.00155	0.00311	-1.60618	0.00771	0.00311	0.00156	0.00156
GGG	GAG	GA	2.26631	0.00528	0.01335	-2.26631	0.05092	0.01335	0.00668	0.00668
GGG	GGT	GT	2.95746	0.00122	0.00381	-2.95746	0.02350	0.00381	0.00381	0.00381
GGG	GGC	GC	2.88193	0.00155	0.00473	-2.88193	0.02763	0.00473	0.00473	0.00473
GGG	GGA	GA	0.52961	0.00528	0.00680	-0.52961	0.00897	0.00680	0.00680	0.00680


Histograms
2Ns	FMut	FSub(CodonUsage)	FSubw(after w)

-11.20840	0.01149	0.00000	0.00000
-10.08756	0.00522	0.00000	0.00000
-8.96672	0.01060	0.00002	0.00002
-7.84588	0.00367	0.00002	0.00001
-6.72504	0.01031	0.00010	0.00008
-5.60420	0.01892	0.00053	0.00042
-4.48336	0.03313	0.00282	0.00249
-3.36252	0.01953	0.00344	0.00417
-2.24168	0.22991	0.08788	0.08873
-1.12084	0.28505	0.23323	0.23403
0.00000	0.24253	0.34396	0.34012
1.12084	0.10361	0.23323	0.23403
2.24168	0.02480	0.08788	0.08873
3.36252	0.00070	0.00344	0.00417
4.48336	0.00045	0.00282	0.00249
5.60420	0.00006	0.00052	0.00041
6.72504	0.00001	0.00010	0.00008
7.84588	0.00000	0.00000	0.00000
8.96672	0.00000	0.00000	0.00000
10.08756	0.00000	0.00000	0.00000
11.20840	0.00000	0.00000	0.00000

Proportion of advantageous (S > 0) mutations:
 0.23606

Proportions of good & bad mutations (|S| > 2.0000) among mutations:
0.01742  0.28808

mean |Ns| = 1.73966	mean Ns+ = 0.77865	mean Ns- = -2.03661

