

TREE # 1

  0  0.0000   4190.691907  x:  0.00655   0.00297   0.00421   0.01006   0.00323   0.00515   0.00988   0.02235   0.00537   0.00208   0.00407   0.00044   0.00126   0.00532   0.00253   0.02351   0.01378   0.00267   0.00157   0.00252   0.00495   0.00481   0.00285   0.00320   0.00225   0.00187   0.00169   0.00567   0.00197   0.00000   0.00025   0.00144   0.00242   0.93745   0.75562   1.18886   0.78440   1.59777   0.67956   0.38899   0.62377   0.74894  
  1 99.0000   4190.688255  x:  0.00655   0.00297   0.00421   0.01006   0.00323   0.00515   0.00988   0.02235   0.00537   0.00208   0.00407   0.00044   0.00126   0.00532   0.00253   0.02351   0.01378   0.00267   0.00157   0.00252   0.00495   0.00481   0.00285   0.00320   0.00225   0.00187   0.00169   0.00567   0.00197   0.00000   0.00025   0.00144   0.00242   0.93745   0.75562   1.18886   0.78440   1.59777   0.67956   0.38899   0.62377   0.74894  
  2 1952.9933   4189.674418  x:  0.00661   0.00274   0.00418   0.01001   0.00305   0.00514   0.00981   0.02234   0.00535   0.00206   0.00405   0.00000   0.00129   0.00524   0.00253   0.02350   0.01376   0.00267   0.00162   0.00243   0.00494   0.00481   0.00284   0.00317   0.00223   0.00203   0.00173   0.00564   0.00196   0.00000   0.00018   0.00102   0.00234   0.93748   0.75562   1.18886   0.78440   1.59777   0.67955   0.38895   0.62377   0.74894  
  3 3773.8542   4189.152274  x:  0.00666   0.00258   0.00417   0.00998   0.00295   0.00513   0.00975   0.02233   0.00534   0.00206   0.00405   0.00000   0.00127   0.00520   0.00254   0.02349   0.01375   0.00268   0.00163   0.00240   0.00494   0.00481   0.00285   0.00316   0.00223   0.00215   0.00174   0.00563   0.00198   0.00000   0.00000   0.00064   0.00232   0.93751   0.75562   1.18886   0.78440   1.59778   0.67955   0.38892   0.62376   0.74894  
  4 9367.1901   4188.463880  x:  0.00677   0.00230   0.00417   0.00994   0.00285   0.00513   0.00969   0.02231   0.00533   0.00204   0.00404   0.00000   0.00133   0.00516   0.00253   0.02348   0.01374   0.00267   0.00162   0.00237   0.00494   0.00481   0.00284   0.00315   0.00224   0.00236   0.00172   0.00561   0.00196   0.00000   0.00000   0.00000   0.00230   0.93755   0.75563   1.18886   0.78439   1.59779   0.67954   0.38886   0.62375   0.74894  
  5 22286.2067   4188.387380  x:  0.00699   0.00209   0.00419   0.00987   0.00293   0.00515   0.00956   0.02226   0.00535   0.00200   0.00405   0.00000   0.00096   0.00519   0.00251   0.02343   0.01370   0.00265   0.00152   0.00249   0.00494   0.00481   0.00281   0.00317   0.00226   0.00236   0.00161   0.00563   0.00187   0.00000   0.00000   0.00000   0.00239   0.93776   0.75564   1.18887   0.78438   1.59784   0.67949   0.38859   0.62370   0.74893  
  6 192.2348   4188.226687  x:  0.00761   0.00193   0.00428   0.00948   0.00282   0.00520   0.00878   0.02197   0.00540   0.00221   0.00412   0.00000   0.00113   0.00517   0.00253   0.02320   0.01349   0.00269   0.00129   0.00289   0.00496   0.00480   0.00288   0.00332   0.00233   0.00179   0.00164   0.00567   0.00205   0.00000   0.00000   0.00000   0.00275   0.93896   0.75573   1.18892   0.78433   1.59812   0.67924   0.38708   0.62344   0.74890  
  7 208.0400   4187.935054  x:  0.00813   0.00232   0.00430   0.00890   0.00289   0.00524   0.00758   0.02136   0.00545   0.00199   0.00412   0.00000   0.00118   0.00521   0.00246   0.02268   0.01314   0.00259   0.00213   0.00312   0.00497   0.00481   0.00278   0.00326   0.00222   0.00185   0.00132   0.00572   0.00173   0.00000   0.00000   0.00000   0.00286   0.94225   0.75598   1.18906   0.78417   1.59887   0.67854   0.38295   0.62271   0.74880  
  8 391.0028   4186.927284  x:  0.00822   0.00318   0.00414   0.00817   0.00366   0.00526   0.00599   0.01976   0.00545   0.00128   0.00395   0.00000   0.00113   0.00552   0.00250   0.02129   0.01243   0.00250   0.00122   0.00287   0.00495   0.00482   0.00256   0.00284   0.00227   0.00267   0.00245   0.00581   0.00135   0.00000   0.00000   0.00000   0.00232   0.95385   0.75684   1.18955   0.78362   1.60154   0.67607   0.36834   0.62012   0.74846  
  9 1146.2692   4182.706779  x:  0.00737   0.00299   0.00374   0.00758   0.00549   0.00518   0.00575   0.01533   0.00529   0.00311   0.00367   0.00000   0.00106   0.00606   0.00252   0.01736   0.01106   0.00266   0.00085   0.00123   0.00488   0.00484   0.00270   0.00245   0.00254   0.00283   0.00116   0.00580   0.00271   0.00000   0.00000   0.00000   0.00061   0.99802   0.76014   1.19142   0.78151   1.61172   0.66666   0.31267   0.61028   0.74715  
 10 3927.1218   4179.074304  x:  0.00630   0.00222   0.00341   0.00752   0.00595   0.00501   0.00640   0.01252   0.00503   0.00315   0.00346   0.00000   0.00104   0.00596   0.00252   0.01474   0.01037   0.00265   0.00115   0.00026   0.00481   0.00485   0.00264   0.00219   0.00258   0.00244   0.00133   0.00557   0.00270   0.00000   0.00000   0.00000   0.00209   1.03651   0.76302   1.19305   0.77967   1.62061   0.65845   0.26412   0.60170   0.74602  
 11 20178.2023   4174.788997  x:  0.00435   0.00106   0.00284   0.00756   0.00594   0.00469   0.00765   0.00872   0.00455   0.00291   0.00309   0.00000   0.00104   0.00549   0.00254   0.01112   0.00953   0.00264   0.00164   0.00143   0.00469   0.00486   0.00252   0.00172   0.00256   0.00185   0.00167   0.00509   0.00252   0.00000   0.00000   0.00000   0.00289   1.09516   0.76739   1.19553   0.77687   1.63416   0.64594   0.19013   0.58862   0.74428  
 12 90871.0885   4152.076015  x:  0.00501   0.00181   0.00406   0.00799   0.00479   0.00466   0.00931   0.00752   0.00449   0.00203   0.00393   0.00000   0.00105   0.00426   0.00256   0.00785   0.00924   0.00273   0.00140   0.00135   0.00476   0.00488   0.00295   0.00452   0.00207   0.00187   0.00165   0.00465   0.00178   0.00000   0.00000   0.00000   0.00248   1.24571   0.77863   1.20189   0.76968   1.66899   0.61377   0.00000   0.55502   0.73983  
 13 29389.3475   4129.729814  x:  0.00497   0.00134   0.00275   0.00749   0.00387   0.00551   0.00988   0.00733   0.00536   0.00212   0.00330   0.00000   0.00076   0.00422   0.00299   0.00794   0.00769   0.00295   0.00271   0.00134   0.00532   0.00539   0.00247   0.00046   0.00475   0.00057   0.00288   0.00546   0.00288   0.00000   0.00000   0.00000   0.00222   1.93066   0.82976   1.23084   0.73700   1.82775   0.46720   0.00000   0.40206   0.71956  
 14 33076.4599   4126.074236  x:  0.00359   0.00084   0.00152   0.00701   0.00392   0.00547   0.00916   0.00693   0.00524   0.00213   0.00242   0.00000   0.00072   0.00465   0.00293   0.00905   0.00737   0.00278   0.00292   0.00131   0.00526   0.00545   0.00195   0.00181   0.00533   0.00023   0.00300   0.00559   0.00299   0.00000   0.00000   0.00000   0.00216   2.09113   0.84173   1.23762   0.72935   1.86496   0.43284   0.00000   0.36621   0.71481  
 15 127003.0904   4124.215004  x:  0.00221   0.00137   0.00174   0.00658   0.00333   0.00506   0.00849   0.00654   0.00467   0.00244   0.00198   0.00000   0.00079   0.00465   0.00271   0.00987   0.00756   0.00258   0.00219   0.00141   0.00497   0.00534   0.00186   0.00187   0.00530   0.00065   0.00201   0.00526   0.00296   0.00000   0.00000   0.00000   0.00280   2.16331   0.84711   1.24066   0.72591   1.88172   0.41737   0.00000   0.35007   0.71268  
 16 46226.0578   4123.304017  x:  0.00209   0.00114   0.00195   0.00665   0.00357   0.00406   0.00800   0.00604   0.00345   0.00273   0.00232   0.00000   0.00077   0.00523   0.00241   0.01058   0.00835   0.00239   0.00208   0.00138   0.00430   0.00500   0.00217   0.00168   0.00387   0.00047   0.00209   0.00455   0.00284   0.00000   0.00000   0.00000   0.00277   2.19564   0.84951   1.24202   0.72439   1.88927   0.41040   0.00000   0.34281   0.71171  
 17 8198.8051   4123.188257  x:  0.00224   0.00122   0.00165   0.00669   0.00355   0.00389   0.00799   0.00608   0.00336   0.00285   0.00207   0.00000   0.00077   0.00529   0.00243   0.01054   0.00849   0.00243   0.00197   0.00139   0.00419   0.00491   0.00205   0.00163   0.00344   0.00049   0.00203   0.00436   0.00285   0.00000   0.00000   0.00000   0.00284   2.19978   0.84981   1.24219   0.72420   1.89025   0.40949   0.00000   0.34186   0.71159  
 18 2434.6843   4122.856232  x:  0.00217   0.00118   0.00176   0.00668   0.00356   0.00394   0.00797   0.00610   0.00342   0.00282   0.00213   0.00000   0.00077   0.00529   0.00244   0.01053   0.00845   0.00243   0.00200   0.00138   0.00422   0.00493   0.00205   0.00164   0.00350   0.00047   0.00205   0.00440   0.00285   0.00000   0.00076   0.00000   0.00282   2.19881   0.84974   1.24215   0.72425   1.89003   0.40970   0.00000   0.34207   0.71162  
 19 2101.1702   4122.805065  x:  0.00204   0.00109   0.00182   0.00669   0.00358   0.00396   0.00785   0.00627   0.00358   0.00290   0.00206   0.00000   0.00077   0.00538   0.00249   0.01040   0.00847   0.00246   0.00196   0.00138   0.00422   0.00488   0.00195   0.00161   0.00312   0.00044   0.00203   0.00435   0.00282   0.00000   0.00077   0.00000   0.00282   2.20029   0.84984   1.24221   0.72419   1.89041   0.40935   0.00000   0.34171   0.71157  
 20 721.2889   4122.794540  x:  0.00201   0.00110   0.00175   0.00673   0.00352   0.00403   0.00785   0.00622   0.00366   0.00293   0.00215   0.00000   0.00077   0.00543   0.00249   0.01043   0.00846   0.00243   0.00193   0.00138   0.00426   0.00488   0.00198   0.00160   0.00302   0.00045   0.00202   0.00438   0.00277   0.00000   0.00078   0.00000   0.00283   2.20046   0.84984   1.24221   0.72420   1.89050   0.40926   0.00000   0.34163   0.71156  
 21 80.0500   4122.776950  x:  0.00206   0.00111   0.00181   0.00681   0.00339   0.00413   0.00788   0.00611   0.00371   0.00300   0.00205   0.00000   0.00077   0.00558   0.00248   0.01051   0.00842   0.00240   0.00192   0.00138   0.00433   0.00487   0.00199   0.00159   0.00292   0.00044   0.00205   0.00444   0.00269   0.00000   0.00078   0.00000   0.00282   2.20080   0.84982   1.24220   0.72424   1.89074   0.40904   0.00000   0.34144   0.71154  
 22 112.0092   4122.663702  x:  0.00205   0.00115   0.00182   0.00701   0.00293   0.00415   0.00790   0.00630   0.00336   0.00329   0.00215   0.00000   0.00077   0.00638   0.00244   0.01030   0.00813   0.00251   0.00190   0.00138   0.00440   0.00489   0.00183   0.00161   0.00305   0.00045   0.00210   0.00459   0.00234   0.00000   0.00079   0.00000   0.00283   2.20248   0.84958   1.24209   0.72463   1.89239   0.40752   0.00000   0.34006   0.71139  
 23 137.0194   4122.337376  x:  0.00202   0.00117   0.00179   0.00701   0.00241   0.00371   0.00794   0.00656   0.00380   0.00322   0.00195   0.00000   0.00078   0.00748   0.00257   0.00998   0.00818   0.00244   0.00193   0.00139   0.00413   0.00493   0.00272   0.00165   0.00343   0.00045   0.00206   0.00438   0.00207   0.00000   0.00080   0.00000   0.00282   2.20762   0.84879   1.24172   0.72589   1.89769   0.40264   0.00000   0.33565   0.71091  
 24 585.8454   4120.646442  x:  0.00239   0.00139   0.00213   0.00658   0.00114   0.00325   0.00848   0.00632   0.00504   0.00234   0.00255   0.00000   0.00078   0.00938   0.00286   0.00994   0.00933   0.00239   0.00193   0.00141   0.00350   0.00495   0.00157   0.00181   0.00369   0.00052   0.00187   0.00336   0.00297   0.00000   0.00072   0.00000   0.00283   2.23395   0.84528   1.24012   0.73165   1.92291   0.37943   0.00000   0.31458   0.70861  
 25 2678.0489   4115.155151  x:  0.00260   0.00148   0.00228   0.00566   0.00027   0.00493   0.00903   0.00722   0.00396   0.00047   0.00252   0.00000   0.00077   0.00972   0.00234   0.00956   0.01108   0.00290   0.00168   0.00145   0.00453   0.00486   0.00250   0.00200   0.00257   0.00057   0.00126   0.00364   0.00420   0.00000   0.00066   0.00000   0.00288   2.30202   0.83535   1.23554   0.74765   1.99107   0.31670   0.00000   0.25777   0.70242  
 26 10398.0719   4103.923383  x:  0.00328   0.00180   0.00280   0.00479   0.00000   0.00620   0.00983   0.00877   0.00372   0.00248   0.00301   0.00000   0.00080   0.00629   0.00222   0.00980   0.01351   0.00220   0.00134   0.00147   0.00558   0.00488   0.00299   0.00244   0.00162   0.00068   0.00175   0.00253   0.00126   0.00000   0.00053   0.00000   0.00267   2.44291   0.81493   1.22613   0.78060   2.13166   0.18730   0.00000   0.14054   0.68964  
 27 43275.8475   4102.138461  x:  0.00344   0.00186   0.00297   0.00522   0.00011   0.00641   0.00984   0.00897   0.00365   0.00253   0.00317   0.00000   0.00081   0.00555   0.00267   0.01027   0.01291   0.00286   0.00125   0.00148   0.00595   0.00482   0.00323   0.00254   0.00131   0.00072   0.00165   0.00136   0.00080   0.00000   0.00048   0.00000   0.00267   2.47156   0.81088   1.22426   0.78717   2.15992   0.16130   0.00000   0.11698   0.68707  
 28 50324.6877   4098.978124  x:  0.00368   0.00198   0.00326   0.00734   0.00003   0.00505   0.00946   0.00906   0.00389   0.00215   0.00353   0.00000   0.00081   0.00383   0.00369   0.01117   0.01124   0.00399   0.00104   0.00150   0.00551   0.00439   0.00340   0.00269   0.00047   0.00078   0.00124   0.00194   0.00060   0.00000   0.00040   0.00000   0.00273   2.51681   0.80450   1.22133   0.79752   2.20449   0.12029   0.00000   0.07980   0.68301  
 29 34249.6165   4098.398579  x:  0.00369   0.00199   0.00328   0.00815   0.00000   0.00503   0.00912   0.00911   0.00395   0.00210   0.00354   0.00000   0.00081   0.00358   0.00356   0.01114   0.01122   0.00392   0.00104   0.00151   0.00553   0.00400   0.00339   0.00272   0.00058   0.00079   0.00121   0.00183   0.00070   0.00000   0.00040   0.00000   0.00274   2.52253   0.80368   1.22095   0.79885   2.21017   0.11506   0.00000   0.07506   0.68249  
 30 9889.8494   4098.398579  x:  0.00369   0.00199   0.00328   0.00815   0.00000   0.00503   0.00912   0.00911   0.00395   0.00210   0.00354   0.00000   0.00081   0.00358   0.00356   0.01114   0.01122   0.00392   0.00104   0.00151   0.00553   0.00400   0.00339   0.00272   0.00058   0.00079   0.00121   0.00183   0.00070   0.00000   0.00040   0.00000   0.00274   2.52253   0.80368   1.22095   0.79885   2.21017   0.11506   0.00000   0.07506   0.68249  
 31 800.1783   4094.343699  x:  0.00405   0.00192   0.00332   0.00822   0.00433   0.00503   0.00907   0.00968   0.00405   0.00193   0.00355   0.00000   0.00101   0.00360   0.00343   0.01162   0.01130   0.00377   0.00110   0.00142   0.00548   0.00409   0.00328   0.00267   0.00187   0.00079   0.00121   0.00252   0.00100   0.00000   0.00041   0.00000   0.00251   2.52253   0.80368   1.22095   0.79885   2.21017   0.11505   0.00000   0.07506   0.68249  
 32 9401.4648   4086.220813  x:  0.00671   0.00130   0.00366   0.00842   0.00346   0.00496   0.00859   0.01437   0.00482   0.00058   0.00366   0.00000   0.00180   0.00375   0.00236   0.01536   0.01196   0.00246   0.00145   0.00086   0.00505   0.00480   0.00230   0.00231   0.00341   0.00098   0.00121   0.00616   0.00187   0.00000   0.00013   0.00000   0.00058   2.52256   0.80367   1.22094   0.79887   2.21023   0.11499   0.00000   0.07500   0.68249  
 33 1981.2245   4085.658775  x:  0.00683   0.00127   0.00368   0.00843   0.00344   0.00496   0.00856   0.01466   0.00485   0.00075   0.00366   0.00000   0.00176   0.00375   0.00233   0.01562   0.01202   0.00241   0.00143   0.00092   0.00503   0.00483   0.00227   0.00231   0.00344   0.00103   0.00121   0.00628   0.00183   0.00000   0.00000   0.00000   0.00073   2.52256   0.80366   1.22094   0.79887   2.21024   0.11499   0.00000   0.07500   0.68248  
 34 2070.1761   4084.550491  x:  0.00712   0.00100   0.00365   0.00854   0.00358   0.00494   0.00831   0.01626   0.00489   0.00049   0.00367   0.00000   0.00094   0.00376   0.00253   0.01721   0.01237   0.00251   0.00104   0.00144   0.00494   0.00486   0.00251   0.00246   0.00309   0.00161   0.00121   0.00583   0.00095   0.00000   0.00000   0.00000   0.00067   2.52259   0.80365   1.22093   0.79888   2.21029   0.11494   0.00000   0.07495   0.68248  
 35 1231.7418   4084.171288  x:  0.00711   0.00110   0.00361   0.00859   0.00368   0.00493   0.00818   0.01701   0.00486   0.00076   0.00366   0.00000   0.00096   0.00375   0.00268   0.01804   0.01257   0.00267   0.00109   0.00121   0.00492   0.00483   0.00267   0.00254   0.00278   0.00156   0.00122   0.00528   0.00093   0.00000   0.00000   0.00000   0.00038   2.52261   0.80365   1.22093   0.79889   2.21032   0.11490   0.00000   0.07492   0.68248  
 36 987.2681   4083.668619  x:  0.00705   0.00125   0.00355   0.00867   0.00381   0.00492   0.00799   0.01812   0.00479   0.00059   0.00365   0.00000   0.00115   0.00374   0.00290   0.01929   0.01286   0.00290   0.00123   0.00075   0.00491   0.00476   0.00287   0.00263   0.00231   0.00137   0.00123   0.00440   0.00108   0.00000   0.00000   0.00000   0.00057   2.52265   0.80364   1.22092   0.79891   2.21038   0.11484   0.00000   0.07487   0.68247  
 37 2661.5782   4083.573651  x:  0.00694   0.00124   0.00354   0.00868   0.00381   0.00492   0.00795   0.01835   0.00475   0.00054   0.00365   0.00000   0.00128   0.00373   0.00289   0.01963   0.01294   0.00292   0.00127   0.00104   0.00494   0.00472   0.00285   0.00259   0.00231   0.00120   0.00122   0.00414   0.00126   0.00000   0.00000   0.00000   0.00055   2.52266   0.80363   1.22091   0.79892   2.21041   0.11482   0.00000   0.07484   0.68247  
 38 511.4018   4083.504977  x:  0.00658   0.00107   0.00354   0.00868   0.00374   0.00494   0.00795   0.01846   0.00467   0.00054   0.00365   0.00000   0.00123   0.00372   0.00272   0.02001   0.01303   0.00283   0.00120   0.00095   0.00502   0.00465   0.00264   0.00245   0.00263   0.00114   0.00121   0.00395   0.00128   0.00000   0.00000   0.00000   0.00054   2.52270   0.80362   1.22090   0.79894   2.21049   0.11474   0.00000   0.07477   0.68246  
 39 186.9279   4083.469054  x:  0.00635   0.00128   0.00355   0.00867   0.00371   0.00495   0.00796   0.01849   0.00463   0.00052   0.00365   0.00000   0.00127   0.00372   0.00263   0.02030   0.01309   0.00277   0.00127   0.00096   0.00507   0.00462   0.00255   0.00241   0.00274   0.00126   0.00123   0.00403   0.00125   0.00000   0.00000   0.00000   0.00053   2.52275   0.80360   1.22089   0.79897   2.21057   0.11466   0.00000   0.07470   0.68245  
 40 156.6040   4083.385919  x:  0.00604   0.00112   0.00359   0.00863   0.00371   0.00496   0.00804   0.01844   0.00465   0.00050   0.00365   0.00000   0.00134   0.00373   0.00264   0.02107   0.01322   0.00269   0.00132   0.00095   0.00513   0.00465   0.00262   0.00256   0.00260   0.00117   0.00123   0.00465   0.00130   0.00000   0.00000   0.00000   0.00052   2.52293   0.80354   1.22084   0.79907   2.21089   0.11435   0.00000   0.07441   0.68242  
 41 127.3042   4083.301769  x:  0.00658   0.00124   0.00360   0.00861   0.00365   0.00495   0.00810   0.01842   0.00479   0.00046   0.00366   0.00000   0.00129   0.00375   0.00267   0.02164   0.01326   0.00273   0.00110   0.00090   0.00504   0.00477   0.00259   0.00238   0.00275   0.00114   0.00118   0.00487   0.00151   0.00000   0.00000   0.00000   0.00049   2.52317   0.80345   1.22077   0.79921   2.21133   0.11393   0.00000   0.07401   0.68237  
 42 130.7019   4083.248982  x:  0.00705   0.00112   0.00360   0.00860   0.00361   0.00494   0.00811   0.01848   0.00487   0.00045   0.00367   0.00000   0.00138   0.00376   0.00263   0.02191   0.01325   0.00273   0.00138   0.00090   0.00497   0.00484   0.00253   0.00231   0.00290   0.00120   0.00123   0.00490   0.00145   0.00000   0.00000   0.00000   0.00049   2.52336   0.80338   1.22072   0.79931   2.21166   0.11361   0.00000   0.07371   0.68234  
 43 281.5293   4083.229247  x:  0.00719   0.00114   0.00361   0.00863   0.00361   0.00494   0.00808   0.01869   0.00483   0.00043   0.00367   0.00000   0.00147   0.00375   0.00253   0.02183   0.01319   0.00263   0.00133   0.00089   0.00497   0.00481   0.00248   0.00248   0.00294   0.00111   0.00121   0.00491   0.00136   0.00000   0.00000   0.00000   0.00048   2.52346   0.80335   1.22069   0.79937   2.21184   0.11343   0.00000   0.07354   0.68232  
 44 101.3990   4083.207076  x:  0.00721   0.00110   0.00363   0.00868   0.00360   0.00494   0.00800   0.01913   0.00476   0.00043   0.00366   0.00000   0.00146   0.00375   0.00247   0.02156   0.01310   0.00255   0.00132   0.00088   0.00500   0.00474   0.00248   0.00256   0.00293   0.00124   0.00123   0.00496   0.00151   0.00000   0.00000   0.00000   0.00047   2.52362   0.80329   1.22065   0.79946   2.21212   0.11316   0.00000   0.07329   0.68229  
 45 132.7286   4083.185518  x:  0.00716   0.00114   0.00363   0.00872   0.00360   0.00495   0.00794   0.01962   0.00473   0.00042   0.00367   0.00000   0.00138   0.00375   0.00252   0.02124   0.01301   0.00259   0.00138   0.00087   0.00503   0.00472   0.00249   0.00241   0.00296   0.00114   0.00123   0.00508   0.00150   0.00000   0.00000   0.00000   0.00046   2.52380   0.80323   1.22060   0.79956   2.21244   0.11284   0.00000   0.07299   0.68226  
 46 184.4888   4083.179682  x:  0.00712   0.00112   0.00363   0.00872   0.00359   0.00495   0.00794   0.01974   0.00477   0.00042   0.00367   0.00000   0.00148   0.00375   0.00255   0.02116   0.01301   0.00264   0.00133   0.00087   0.00502   0.00476   0.00249   0.00236   0.00297   0.00117   0.00122   0.00511   0.00146   0.00000   0.00000   0.00000   0.00046   2.52388   0.80320   1.22058   0.79960   2.21258   0.11271   0.00000   0.07287   0.68224  
 47 93.8152   4083.169193  x:  0.00704   0.00113   0.00360   0.00865   0.00358   0.00494   0.00804   0.01986   0.00495   0.00041   0.00368   0.00000   0.00144   0.00377   0.00254   0.02106   0.01309   0.00270   0.00135   0.00087   0.00495   0.00491   0.00247   0.00246   0.00302   0.00116   0.00126   0.00509   0.00149   0.00000   0.00000   0.00000   0.00046   2.52411   0.80312   1.22052   0.79973   2.21299   0.11232   0.00000   0.07250   0.68220  
 48 59.8831   4083.150146  x:  0.00702   0.00112   0.00361   0.00855   0.00359   0.00492   0.00818   0.01993   0.00502   0.00041   0.00367   0.00000   0.00143   0.00376   0.00252   0.02099   0.01325   0.00260   0.00138   0.00087   0.00490   0.00497   0.00250   0.00243   0.00299   0.00118   0.00108   0.00506   0.00150   0.00000   0.00000   0.00000   0.00046   2.52459   0.80295   1.22038   0.80000   2.21383   0.11149   0.00000   0.07172   0.68211  
 49 144.6475   4083.074957  x:  0.00706   0.00112   0.00367   0.00826   0.00364   0.00489   0.00863   0.02006   0.00501   0.00041   0.00366   0.00000   0.00148   0.00374   0.00247   0.02079   0.01383   0.00225   0.00133   0.00086   0.00486   0.00494   0.00258   0.00222   0.00284   0.00115   0.00129   0.00500   0.00146   0.00000   0.00000   0.00000   0.00045   2.52661   0.80224   1.21982   0.80113   2.21741   0.10802   0.00000   0.06845   0.68174  
 50 736.9089   4082.769155  x:  0.00738   0.00111   0.00377   0.00775   0.00361   0.00485   0.00955   0.02028   0.00435   0.00042   0.00364   0.00000   0.00145   0.00369   0.00253   0.02041   0.01545   0.00292   0.00134   0.00088   0.00511   0.00432   0.00228   0.00245   0.00294   0.00116   0.00124   0.00519   0.00148   0.00000   0.00000   0.00000   0.00047   2.53509   0.79924   1.21747   0.80589   2.23244   0.09341   0.00000   0.05471   0.68017  
 51 1528.6068   4081.022828  x:  0.00747   0.00115   0.00305   0.00920   0.00340   0.00505   0.00882   0.02002   0.00427   0.00043   0.00377   0.00000   0.00150   0.00395   0.00268   0.02006   0.01719   0.00276   0.00138   0.00088   0.00576   0.00452   0.00338   0.00262   0.00369   0.00116   0.00125   0.00523   0.00148   0.00000   0.00000   0.00000   0.00049   2.56889   0.78730   1.20809   0.82485   2.29226   0.03525   0.00000   0.00000   0.67393  
 52 3072.2560   4078.644050  x:  0.00729   0.00107   0.00429   0.01105   0.00371   0.00505   0.00662   0.01932   0.00514   0.00042   0.00356   0.00000   0.00138   0.00364   0.00244   0.01978   0.01831   0.00266   0.00131   0.00087   0.00543   0.00497   0.00144   0.00226   0.00237   0.00115   0.00120   0.00515   0.00144   0.00000   0.00000   0.00000   0.00046   2.64696   0.75972   1.18641   0.86865   2.43044  -0.09909   0.00000   0.00000   0.65951  
 53 16338.8357   4076.335767  x:  0.00679   0.00109   0.00570   0.00934   0.00362   0.00451   0.00641   0.01915   0.00509   0.00044   0.00320   0.00000   0.00139   0.00291   0.00151   0.02049   0.01518   0.00321   0.00129   0.00088   0.00329   0.00420   0.00277   0.00217   0.00276   0.00113   0.00123   0.00503   0.00142   0.00000   0.00000   0.00000   0.00047   2.72972   0.73047   1.16342   0.91510   2.57685  -0.24144   0.00000   0.00000   0.64423  
 54 17326.8921   4074.690361  x:  0.00660   0.00112   0.00555   0.00715   0.00354   0.00434   0.00732   0.01922   0.00487   0.00045   0.00340   0.00000   0.00141   0.00338   0.00320   0.02127   0.01156   0.00243   0.00130   0.00088   0.00346   0.00413   0.00239   0.00253   0.00316   0.00114   0.00120   0.00476   0.00142   0.00000   0.00000   0.00000   0.00049   2.79274   0.70819   1.14591   0.95046   2.68830  -0.34980   0.00000   0.00000   0.63260  
 55 31194.9528   4074.233919  x:  0.00670   0.00110   0.00468   0.00658   0.00367   0.00453   0.00801   0.01929   0.00482   0.00045   0.00351   0.00000   0.00136   0.00352   0.00237   0.02154   0.01029   0.00268   0.00128   0.00088   0.00431   0.00449   0.00225   0.00228   0.00264   0.00113   0.00119   0.00472   0.00138   0.00000   0.00000   0.00000   0.00048   2.80905   0.70243   1.14138   0.95962   2.71710  -0.37780   0.00000   0.00000   0.62959  
 56 9509.6371   4074.203166  x:  0.00668   0.00109   0.00431   0.00678   0.00369   0.00456   0.00824   0.01930   0.00476   0.00045   0.00343   0.00000   0.00135   0.00339   0.00238   0.02157   0.01016   0.00266   0.00127   0.00088   0.00407   0.00442   0.00213   0.00226   0.00258   0.00113   0.00119   0.00475   0.00138   0.00000   0.00000   0.00000   0.00048   2.81018   0.70203   1.14106   0.96025   2.71903  -0.37969   0.00000   0.00000   0.62939  
 57 557.0825   4074.201560  x:  0.00667   0.00109   0.00437   0.00687   0.00368   0.00453   0.00834   0.01931   0.00478   0.00045   0.00345   0.00000   0.00135   0.00343   0.00237   0.02157   0.01013   0.00266   0.00127   0.00088   0.00408   0.00440   0.00213   0.00226   0.00258   0.00113   0.00119   0.00474   0.00138   0.00000   0.00000   0.00000   0.00048   2.81027   0.70199   1.14102   0.96031   2.71911  -0.37977   0.00000   0.00000   0.62938  
 58 27.1594   4074.196511  x:  0.00668   0.00109   0.00443   0.00692   0.00368   0.00456   0.00840   0.01932   0.00476   0.00045   0.00340   0.00000   0.00136   0.00331   0.00240   0.02158   0.01011   0.00266   0.00127   0.00088   0.00413   0.00446   0.00215   0.00227   0.00259   0.00113   0.00119   0.00473   0.00138   0.00000   0.00000   0.00000   0.00048   2.81054   0.70186   1.14088   0.96050   2.71910  -0.37978   0.00053   0.00000   0.62936  
 59 16.3961   4074.182831  x:  0.00667   0.00109   0.00440   0.00690   0.00368   0.00459   0.00837   0.01931   0.00473   0.00045   0.00345   0.00000   0.00135   0.00345   0.00237   0.02158   0.01012   0.00267   0.00127   0.00088   0.00406   0.00445   0.00214   0.00226   0.00258   0.00113   0.00119   0.00474   0.00138   0.00000   0.00000   0.00000   0.00048   2.81130   0.70150   1.14047   0.96102   2.71898  -0.37973   0.00217   0.00000   0.62932  
 60 111.7247   4074.181424  x:  0.00668   0.00109   0.00437   0.00689   0.00368   0.00453   0.00835   0.01931   0.00479   0.00045   0.00345   0.00000   0.00135   0.00342   0.00238   0.02158   0.01013   0.00266   0.00127   0.00088   0.00409   0.00439   0.00214   0.00226   0.00258   0.00113   0.00119   0.00474   0.00138   0.00000   0.00000   0.00000   0.00048   2.81141   0.70144   1.14041   0.96110   2.71896  -0.37972   0.00231   0.00000   0.62932  
 61 36.1281   4074.168301  x:  0.00667   0.00109   0.00435   0.00689   0.00368   0.00434   0.00834   0.01931   0.00473   0.00045   0.00323   0.00000   0.00135   0.00351   0.00237   0.02158   0.01013   0.00266   0.00127   0.00088   0.00410   0.00445   0.00213   0.00226   0.00258   0.00113   0.00119   0.00474   0.00138   0.00000   0.00000   0.00000   0.00048   2.81394   0.70023   1.13904   0.96283   2.71861  -0.37960   0.00231   0.00000   0.62917  
 62 13.7325   4073.740561  x:  0.00665   0.00109   0.00419   0.00699   0.00369   0.00323   0.00824   0.01935   0.00408   0.00046   0.00412   0.00000   0.00135   0.00321   0.00234   0.02160   0.01028   0.00264   0.00127   0.00088   0.00399   0.00508   0.00207   0.00223   0.00255   0.00113   0.00119   0.00478   0.00138   0.00000   0.00000   0.00000   0.00048   2.89957   0.65917   1.09283   1.02160   2.70662  -0.37548   0.00166   0.00000   0.62439  
 63 883.6476   4072.216033  x:  0.00672   0.00110   0.00413   0.00713   0.00366   0.00388   0.00824   0.01948   0.00441   0.00049   0.00384   0.00000   0.00135   0.00335   0.00236   0.02167   0.01055   0.00262   0.00127   0.00090   0.00412   0.00483   0.00213   0.00225   0.00260   0.00113   0.00119   0.00482   0.00137   0.00000   0.00000   0.00000   0.00050   3.10985   0.55834   0.97935   1.16589   2.67718  -0.36537   0.00000   0.00000   0.61263  
 64 23742.5599   4069.846489  x:  0.00698   0.00115   0.00368   0.00772   0.00348   0.00443   0.00812   0.02029   0.00473   0.00068   0.00369   0.00000   0.00130   0.00356   0.00236   0.02227   0.01166   0.00242   0.00125   0.00101   0.00451   0.00479   0.00219   0.00226   0.00274   0.00111   0.00118   0.00501   0.00130   0.00000   0.00000   0.00000   0.00063   4.37873   1.09863   0.89033   1.37722   2.52598  -0.34776   0.00000   0.00000   0.51297  
 65  6.4567   4067.993832  x:  0.00743   0.00121   0.00312   0.00872   0.00303   0.00472   0.00811   0.02225   0.00479   0.00105   0.00359   0.00000   0.00114   0.00381   0.00234   0.02340   0.01417   0.00217   0.00116   0.00124   0.00510   0.00486   0.00220   0.00232   0.00282   0.00113   0.00116   0.00531   0.00113   0.00000   0.00000   0.00000   0.00093   4.99494   0.49624   1.86524   1.40584   2.40340  -0.66798   0.00000   0.00000   0.23495  
 66  1.2547   4067.868673  x:  0.00747   0.00121   0.00307   0.00881   0.00299   0.00475   0.00811   0.02244   0.00480   0.00108   0.00359   0.00000   0.00113   0.00383   0.00234   0.02351   0.01441   0.00215   0.00115   0.00126   0.00515   0.00487   0.00220   0.00232   0.00283   0.00113   0.00116   0.00534   0.00111   0.00000   0.00000   0.00000   0.00096   5.05328   0.43923   1.95748   1.40855   2.39180  -0.69829   0.00551   0.00000   0.20874  
 67 1070.0180   4066.959949  x:  0.00736   0.00119   0.00390   0.00895   0.00247   0.00497   0.00755   0.02292   0.00490   0.00126   0.00345   0.00000   0.00114   0.00381   0.00248   0.02406   0.01392   0.00241   0.00111   0.00132   0.00500   0.00468   0.00242   0.00241   0.00279   0.00122   0.00118   0.00515   0.00116   0.00000   0.00000   0.00000   0.00116   5.35918   0.55954   1.79471   1.72093   2.36521  -1.10199   0.01616   0.00000   0.87485  
 68  0.7034   4066.105688  x:  0.00707   0.00115   0.00428   0.00880   0.00192   0.00480   0.00709   0.02260   0.00486   0.00137   0.00351   0.00000   0.00120   0.00365   0.00250   0.02411   0.01274   0.00260   0.00113   0.00130   0.00461   0.00466   0.00250   0.00244   0.00263   0.00127   0.00119   0.00482   0.00124   0.00000   0.00000   0.00000   0.00131   5.65830   0.44743   1.39574   1.65263   2.61212  -1.21030   0.02088   0.00000   0.79724  
 69  0.7156   4065.841647  x:  0.00705   0.00115   0.00402   0.00878   0.00167   0.00485   0.00732   0.02245   0.00486   0.00140   0.00352   0.00000   0.00121   0.00363   0.00246   0.02400   0.01277   0.00259   0.00115   0.00127   0.00458   0.00466   0.00248   0.00243   0.00258   0.00126   0.00119   0.00477   0.00124   0.00000   0.00000   0.00000   0.00136   5.68640   0.56111   1.23706   1.80432   2.73708  -1.22722   0.02730   0.00000   0.58727  
 70  1.0244   4065.400091  x:  0.00710   0.00116   0.00307   0.00856   0.00124   0.00494   0.00817   0.02174   0.00481   0.00138   0.00357   0.00000   0.00121   0.00365   0.00233   0.02332   0.01307   0.00239   0.00120   0.00117   0.00467   0.00469   0.00237   0.00236   0.00252   0.00117   0.00117   0.00481   0.00119   0.00000   0.00000   0.00000   0.00137   5.81556   0.58209   1.51261   2.12213   2.82129  -1.26032   0.02399   0.00000   0.40315  
 71  0.4290   4065.236177  x:  0.00718   0.00119   0.00363   0.00857   0.00079   0.00483   0.00794   0.02172   0.00478   0.00138   0.00360   0.00000   0.00118   0.00372   0.00241   0.02318   0.01320   0.00230   0.00118   0.00115   0.00477   0.00476   0.00235   0.00234   0.00237   0.00115   0.00117   0.00491   0.00117   0.00000   0.00000   0.00000   0.00139   5.89935   0.57113   1.51951   2.27432   2.92514  -1.41070   0.02461   0.00000   0.44580  
 72  0.1864   4065.156830  x:  0.00716   0.00118   0.00349   0.00879   0.00086   0.00473   0.00742   0.02192   0.00481   0.00129   0.00358   0.00000   0.00117   0.00372   0.00242   0.02342   0.01325   0.00241   0.00114   0.00117   0.00483   0.00480   0.00239   0.00236   0.00203   0.00120   0.00118   0.00484   0.00118   0.00000   0.00000   0.00000   0.00133   5.80529   0.57742   1.54999   2.34270   2.95069  -1.56395   0.02652   0.00000   0.56234  
 73  0.1354   4065.047168  x:  0.00717   0.00119   0.00343   0.00882   0.00080   0.00457   0.00757   0.02233   0.00481   0.00112   0.00355   0.00000   0.00121   0.00369   0.00241   0.02363   0.01310   0.00251   0.00116   0.00120   0.00473   0.00474   0.00230   0.00241   0.00249   0.00122   0.00118   0.00483   0.00119   0.00000   0.00000   0.00000   0.00118   5.56872   0.60251   1.57240   2.45930   3.00523  -1.82830   0.02803   0.00000   0.67507  
 74  0.1992   4064.975869  x:  0.00715   0.00118   0.00362   0.00866   0.00095   0.00461   0.00799   0.02211   0.00473   0.00102   0.00358   0.00000   0.00118   0.00365   0.00237   0.02340   0.01304   0.00237   0.00118   0.00119   0.00465   0.00473   0.00233   0.00236   0.00227   0.00116   0.00117   0.00481   0.00116   0.00000   0.00000   0.00000   0.00107   5.44857   0.61881   1.53534   2.50120   3.10192  -1.97940   0.02763   0.00000   0.62977  
 75  0.1426   4064.924671  x:  0.00714   0.00118   0.00348   0.00864   0.00085   0.00475   0.00780   0.02188   0.00475   0.00105   0.00361   0.00000   0.00118   0.00367   0.00236   0.02326   0.01300   0.00225   0.00117   0.00119   0.00468   0.00478   0.00238   0.00231   0.00226   0.00113   0.00117   0.00488   0.00117   0.00000   0.00000   0.00000   0.00107   5.49929   0.62189   1.51040   2.54660   3.18174  -2.20861   0.03089   0.00000   0.55049  
 76  0.1972   4064.856988  x:  0.00715   0.00119   0.00343   0.00860   0.00095   0.00489   0.00738   0.02174   0.00488   0.00115   0.00358   0.00000   0.00121   0.00373   0.00239   0.02327   0.01302   0.00242   0.00115   0.00119   0.00474   0.00479   0.00241   0.00234   0.00242   0.00119   0.00118   0.00498   0.00121   0.00000   0.00000   0.00000   0.00108   5.63074   0.60915   1.49525   2.48047   3.23202  -2.45681   0.02984   0.00000   0.48403  
 77  0.1343   4064.805169  x:  0.00719   0.00119   0.00355   0.00859   0.00105   0.00484   0.00785   0.02203   0.00485   0.00121   0.00355   0.00000   0.00119   0.00372   0.00239   0.02337   0.01336   0.00251   0.00116   0.00120   0.00475   0.00473   0.00235   0.00240   0.00243   0.00121   0.00118   0.00494   0.00119   0.00000   0.00000   0.00000   0.00108   5.71067   0.59271   1.53497   2.45978   3.29767  -2.87782   0.03228   0.00000   0.54667  
 78  0.3092   4064.763299  x:  0.00715   0.00117   0.00345   0.00868   0.00108   0.00469   0.00775   0.02206   0.00475   0.00124   0.00360   0.00000   0.00117   0.00368   0.00241   0.02341   0.01299   0.00226   0.00118   0.00119   0.00471   0.00476   0.00233   0.00237   0.00242   0.00117   0.00117   0.00484   0.00115   0.00000   0.00000   0.00000   0.00109   5.77030   0.58977   1.56421   2.44173   3.36305  -3.30936   0.03157   0.00000   0.67833  
 79  0.2623   4064.739337  x:  0.00713   0.00117   0.00350   0.00866   0.00101   0.00465   0.00773   0.02197   0.00475   0.00124   0.00357   0.00000   0.00121   0.00367   0.00236   0.02334   0.01308   0.00248   0.00115   0.00117   0.00471   0.00474   0.00239   0.00231   0.00235   0.00117   0.00118   0.00489   0.00123   0.00000   0.00000   0.00000   0.00112   5.79706   0.59102   1.56624   2.43939   3.44897  -3.84593   0.03191   0.00000   0.74913  
 80  0.2392   4064.717668  x:  0.00719   0.00119   0.00354   0.00866   0.00100   0.00474   0.00767   0.02189   0.00483   0.00119   0.00357   0.00000   0.00117   0.00371   0.00242   0.02332   0.01318   0.00234   0.00118   0.00119   0.00473   0.00476   0.00237   0.00241   0.00241   0.00119   0.00117   0.00491   0.00114   0.00000   0.00000   0.00000   0.00116   5.70990   0.59236   1.52147   2.35842   3.54248  -4.65254   0.03208   0.00000   0.83053  
 81  0.2674   4064.708813  x:  0.00715   0.00118   0.00348   0.00864   0.00100   0.00476   0.00778   0.02197   0.00478   0.00117   0.00358   0.00000   0.00120   0.00368   0.00238   0.02334   0.01310   0.00236   0.00116   0.00118   0.00471   0.00475   0.00236   0.00236   0.00238   0.00118   0.00117   0.00489   0.00122   0.00000   0.00000   0.00000   0.00119   5.66223   0.58669   1.50142   2.27466   3.58372  -5.14932   0.03170   0.00000   0.86332  
 82  0.2642   4064.705246  x:  0.00714   0.00118   0.00351   0.00865   0.00101   0.00475   0.00771   0.02200   0.00479   0.00117   0.00357   0.00000   0.00120   0.00369   0.00239   0.02336   0.01304   0.00240   0.00116   0.00118   0.00471   0.00474   0.00237   0.00234   0.00237   0.00117   0.00118   0.00488   0.00118   0.00000   0.00000   0.00000   0.00121   5.64746   0.57983   1.50213   2.21053   3.61101  -5.55857   0.03227   0.00000   0.85216  
 83  0.2550   4064.703124  x:  0.00716   0.00118   0.00349   0.00865   0.00099   0.00473   0.00773   0.02198   0.00479   0.00119   0.00357   0.00000   0.00118   0.00369   0.00240   0.02335   0.01312   0.00238   0.00117   0.00118   0.00473   0.00475   0.00236   0.00237   0.00237   0.00118   0.00118   0.00487   0.00118   0.00000   0.00000   0.00000   0.00122   5.64450   0.56972   1.48170   2.14020   3.59040  -5.79267   0.03212   0.00000   0.81815  
 84  0.1312   4064.700675  x:  0.00716   0.00119   0.00351   0.00866   0.00098   0.00472   0.00771   0.02197   0.00479   0.00120   0.00357   0.00000   0.00120   0.00369   0.00240   0.02335   0.01309   0.00235   0.00116   0.00118   0.00471   0.00475   0.00237   0.00237   0.00238   0.00118   0.00117   0.00488   0.00120   0.00000   0.00000   0.00000   0.00118   5.63434   0.56743   1.48437   2.10870   3.50419  -5.87310   0.03228   0.00000   0.72322  
 85  0.0504   4064.697675  x:  0.00714   0.00118   0.00348   0.00867   0.00097   0.00472   0.00774   0.02197   0.00478   0.00121   0.00358   0.00000   0.00119   0.00368   0.00238   0.02335   0.01308   0.00239   0.00117   0.00118   0.00470   0.00474   0.00237   0.00234   0.00237   0.00117   0.00118   0.00488   0.00118   0.00000   0.00000   0.00000   0.00113   5.62964   0.56832   1.47536   2.10766   3.34721  -5.79907   0.03239   0.00000   0.61860  
 86  0.0894   4064.693086  x:  0.00715   0.00117   0.00351   0.00866   0.00098   0.00477   0.00774   0.02203   0.00480   0.00120   0.00356   0.00000   0.00118   0.00369   0.00240   0.02339   0.01311   0.00240   0.00117   0.00119   0.00472   0.00473   0.00236   0.00236   0.00236   0.00118   0.00118   0.00486   0.00117   0.00000   0.00000   0.00000   0.00113   5.63160   0.57121   1.47482   2.11733   3.13836  -5.91649   0.03252   0.00000   0.59252  
 87  0.0698   4064.688158  x:  0.00716   0.00118   0.00352   0.00866   0.00097   0.00479   0.00772   0.02203   0.00481   0.00122   0.00356   0.00000   0.00118   0.00370   0.00241   0.02338   0.01312   0.00238   0.00116   0.00119   0.00473   0.00473   0.00235   0.00237   0.00235   0.00119   0.00117   0.00486   0.00118   0.00000   0.00000   0.00000   0.00113   5.63272   0.56543   1.46577   2.05632   2.81620  -6.30939   0.03285   0.00000   0.41252  
 88  0.3942   4064.684321  x:  0.00716   0.00118   0.00351   0.00864   0.00096   0.00478   0.00771   0.02200   0.00481   0.00121   0.00357   0.00000   0.00120   0.00370   0.00240   0.02336   0.01309   0.00237   0.00116   0.00119   0.00473   0.00474   0.00236   0.00237   0.00235   0.00118   0.00117   0.00487   0.00119   0.00000   0.00000   0.00000   0.00115   5.63666   0.56364   1.46215   2.04440   2.58746  -6.65798   0.03329   0.00000   0.32944  
 89  0.4635   4064.680892  x:  0.00716   0.00119   0.00349   0.00863   0.00096   0.00476   0.00770   0.02196   0.00480   0.00120   0.00358   0.00000   0.00121   0.00369   0.00239   0.02333   0.01306   0.00236   0.00116   0.00118   0.00472   0.00475   0.00237   0.00236   0.00237   0.00118   0.00117   0.00489   0.00120   0.00000   0.00000   0.00000   0.00119   5.64162   0.56418   1.46589   2.06244   2.45749  -6.99503   0.03373   0.00000   0.32528  
 90  0.7274   4064.677960  x:  0.00715   0.00118   0.00349   0.00863   0.00097   0.00474   0.00771   0.02194   0.00479   0.00119   0.00358   0.00000   0.00120   0.00369   0.00239   0.02332   0.01306   0.00237   0.00116   0.00118   0.00471   0.00475   0.00237   0.00235   0.00237   0.00118   0.00117   0.00489   0.00120   0.00000   0.00000   0.00000   0.00120   5.64532   0.56644   1.47375   2.09079   2.21798  -7.26147   0.03426   0.00000   0.24515  
 91  0.6784   4064.675948  x:  0.00715   0.00118   0.00350   0.00865   0.00099   0.00472   0.00773   0.02196   0.00479   0.00117   0.00357   0.00000   0.00119   0.00368   0.00239   0.02335   0.01310   0.00239   0.00117   0.00118   0.00470   0.00474   0.00236   0.00236   0.00238   0.00118   0.00118   0.00488   0.00118   0.00000   0.00000   0.00000   0.00120   5.64491   0.57196   1.48907   2.15411   2.05714  -7.50846   0.03500   0.00000   0.21150  
 92  0.1899   4064.675579  x:  0.00715   0.00118   0.00350   0.00865   0.00099   0.00472   0.00773   0.02198   0.00479   0.00117   0.00357   0.00000   0.00119   0.00369   0.00239   0.02336   0.01311   0.00239   0.00117   0.00118   0.00471   0.00474   0.00236   0.00236   0.00237   0.00118   0.00118   0.00488   0.00118   0.00000   0.00000   0.00000   0.00120   5.64392   0.57251   1.48937   2.15911   2.06434  -7.55746   0.03502   0.00000   0.22202  
 93  0.0807   4064.674656  x:  0.00716   0.00118   0.00350   0.00866   0.00099   0.00474   0.00772   0.02201   0.00479   0.00118   0.00357   0.00000   0.00120   0.00369   0.00239   0.02338   0.01310   0.00238   0.00116   0.00119   0.00472   0.00475   0.00236   0.00236   0.00237   0.00118   0.00117   0.00487   0.00118   0.00000   0.00000   0.00000   0.00120   5.64236   0.57333   1.48733   2.16687   1.89008  -8.02885   0.03549   0.00000   0.19114  
 94  0.3757   4064.674260  x:  0.00716   0.00118   0.00350   0.00866   0.00099   0.00474   0.00772   0.02203   0.00480   0.00118   0.00358   0.00000   0.00120   0.00369   0.00239   0.02338   0.01310   0.00237   0.00116   0.00119   0.00472   0.00475   0.00235   0.00237   0.00237   0.00118   0.00117   0.00487   0.00118   0.00000   0.00000   0.00000   0.00120   5.64155   0.57375   1.48626   2.17084   1.80009  -8.27421   0.03573   0.00262   0.17518  
 95 26.3454   4064.673361  x:  0.00715   0.00118   0.00350   0.00865   0.00098   0.00475   0.00771   0.02201   0.00479   0.00119   0.00357   0.00000   0.00118   0.00369   0.00239   0.02337   0.01308   0.00237   0.00116   0.00118   0.00472   0.00474   0.00236   0.00236   0.00237   0.00117   0.00117   0.00487   0.00118   0.00000   0.00000   0.00000   0.00118   5.63691   0.57497   1.48642   2.17101   1.60925  -8.93209   0.03614   0.00676   0.15265  
 96  0.4398   4064.672919  x:  0.00715   0.00118   0.00350   0.00865   0.00098   0.00474   0.00772   0.02198   0.00479   0.00120   0.00357   0.00000   0.00118   0.00369   0.00239   0.02336   0.01308   0.00238   0.00117   0.00118   0.00471   0.00474   0.00236   0.00236   0.00237   0.00118   0.00117   0.00487   0.00119   0.00000   0.00000   0.00000   0.00118   5.63722   0.57437   1.48701   2.16280   1.55745  -9.20339   0.03621   0.00692   0.15259  
 97  0.3045   4064.672699  x:  0.00715   0.00118   0.00350   0.00864   0.00098   0.00474   0.00773   0.02197   0.00479   0.00120   0.00357   0.00000   0.00119   0.00369   0.00239   0.02335   0.01309   0.00238   0.00117   0.00118   0.00471   0.00474   0.00237   0.00236   0.00237   0.00118   0.00118   0.00488   0.00119   0.00000   0.00000   0.00000   0.00118   5.63734   0.57440   1.48774   2.16307   1.47225  -9.46601   0.03637   0.00782   0.14145  
 98  0.9208   4064.672487  x:  0.00715   0.00118   0.00351   0.00864   0.00098   0.00473   0.00773   0.02196   0.00479   0.00120   0.00357   0.00000   0.00119   0.00369   0.00239   0.02335   0.01310   0.00238   0.00117   0.00118   0.00471   0.00474   0.00237   0.00236   0.00237   0.00118   0.00118   0.00488   0.00118   0.00000   0.00000   0.00000   0.00118   5.63757   0.57419   1.48767   2.16214   1.37978  -9.76180   0.03647   0.00983   0.13240  
 99  0.7440   4064.672166  x:  0.00715   0.00118   0.00350   0.00865   0.00099   0.00473   0.00773   0.02196   0.00479   0.00120   0.00357   0.00000   0.00120   0.00369   0.00239   0.02335   0.01311   0.00238   0.00117   0.00118   0.00471   0.00475   0.00236   0.00236   0.00237   0.00118   0.00118   0.00488   0.00118   0.00000   0.00000   0.00000   0.00118   5.64022   0.57332   1.48714   2.16053   1.21448  -10.31547   0.03655   0.01323   0.12019  
100  0.5153   4064.671861  x:  0.00716   0.00118   0.00350   0.00865   0.00100   0.00473   0.00773   0.02196   0.00479   0.00119   0.00357   0.00000   0.00120   0.00369   0.00239   0.02335   0.01311   0.00238   0.00116   0.00118   0.00471   0.00475   0.00236   0.00237   0.00237   0.00118   0.00118   0.00488   0.00118   0.00000   0.00000   0.00000   0.00118   5.64523   0.57247   1.48719   2.16071   1.13425  -10.62718   0.03646   0.01445   0.11902  
101  0.2508   4064.671509  x:  0.00716   0.00118   0.00350   0.00866   0.00099   0.00473   0.00772   0.02197   0.00479   0.00118   0.00357   0.00000   0.00120   0.00369   0.00239   0.02335   0.01311   0.00238   0.00116   0.00118   0.00471   0.00475   0.00236   0.00237   0.00237   0.00118   0.00118   0.00488   0.00118   0.00000   0.00000   0.00000   0.00118   5.65028   0.57239   1.48866   2.16441   0.96067  -11.22005   0.03654   0.01695   0.10628  
102  1.1072   4064.671305  x:  0.00715   0.00118   0.00350   0.00865   0.00099   0.00474   0.00772   0.02198   0.00479   0.00118   0.00357   0.00000   0.00119   0.00369   0.00239   0.02336   0.01310   0.00238   0.00116   0.00118   0.00471   0.00475   0.00236   0.00236   0.00237   0.00118   0.00117   0.00488   0.00118   0.00000   0.00000   0.00000   0.00118   5.65267   0.57284   1.48991   2.16693   0.86763  -11.55960   0.03651   0.01838   0.10130  
103  0.5172   4064.671169  x:  0.00715   0.00118   0.00350   0.00865   0.00098   0.00474   0.00772   0.02199   0.00479   0.00118   0.00357   0.00000   0.00119   0.00369   0.00239   0.02336   0.01309   0.00238   0.00117   0.00118   0.00471   0.00474   0.00236   0.00236   0.00237   0.00118   0.00117   0.00488   0.00119   0.00000   0.00000   0.00000   0.00118   5.65303   0.57329   1.49058   2.16734   0.86682  -11.58626   0.03642   0.01823   0.10298  
104  0.0505   4064.671059  x:  0.00715   0.00118   0.00350   0.00865   0.00098   0.00474   0.00772   0.02199   0.00479   0.00118   0.00357   0.00000   0.00119   0.00369   0.00239   0.02336   0.01309   0.00238   0.00117   0.00118   0.00471   0.00474   0.00236   0.00235   0.00237   0.00118   0.00117   0.00488   0.00119   0.00000   0.00000   0.00000   0.00118   5.65390   0.57329   1.49060   2.16583   0.78939  -11.87529   0.03632   0.01971   0.10024  
105  0.4407   4064.670941  x:  0.00715   0.00118   0.00350   0.00865   0.00098   0.00474   0.00773   0.02199   0.00479   0.00118   0.00357   0.00000   0.00119   0.00369   0.00239   0.02336   0.01309   0.00238   0.00117   0.00118   0.00471   0.00474   0.00236   0.00236   0.00237   0.00118   0.00117   0.00488   0.00118   0.00000   0.00000   0.00000   0.00118   5.65393   0.57329   1.49025   2.16513   0.69484  -12.22809   0.03626   0.02093   0.09574  
106  1.0075   4064.670808  x:  0.00715   0.00118   0.00350   0.00865   0.00098   0.00474   0.00773   0.02199   0.00479   0.00119   0.00357   0.00000   0.00119   0.00369   0.00239   0.02336   0.01310   0.00238   0.00116   0.00118   0.00471   0.00474   0.00236   0.00236   0.00237   0.00118   0.00117   0.00488   0.00118   0.00000   0.00000   0.00000   0.00117   5.65177   0.57339   1.48926   2.16475   0.59523  -12.60598   0.03615   0.02209   0.09168  
107  0.7604   4064.670623  x:  0.00715   0.00118   0.00350   0.00865   0.00099   0.00473   0.00773   0.02197   0.00479   0.00119   0.00357   0.00000   0.00119   0.00369   0.00239   0.02336   0.01311   0.00238   0.00116   0.00118   0.00471   0.00475   0.00236   0.00236   0.00237   0.00118   0.00117   0.00488   0.00118   0.00000   0.00000   0.00000   0.00117   5.64569   0.57344   1.48740   2.16387   0.49906  -12.98474   0.03592   0.02286   0.08956  
108  0.3460   4064.670521  x:  0.00715   0.00118   0.00350   0.00865   0.00099   0.00473   0.00773   0.02197   0.00479   0.00119   0.00357   0.00000   0.00119   0.00369   0.00239   0.02336   0.01311   0.00238   0.00116   0.00118   0.00471   0.00475   0.00236   0.00236   0.00237   0.00118   0.00117   0.00488   0.00118   0.00000   0.00000   0.00000   0.00117   5.64434   0.57354   1.48750   2.16477   0.39934  -13.36262   0.03575   0.02408   0.08643  
109  0.9841   4064.670462  x:  0.00715   0.00118   0.00350   0.00865   0.00099   0.00473   0.00772   0.02197   0.00479   0.00119   0.00357   0.00000   0.00119   0.00369   0.00239   0.02336   0.01310   0.00238   0.00116   0.00118   0.00471   0.00475   0.00236   0.00236   0.00237   0.00118   0.00117   0.00488   0.00118   0.00000   0.00000   0.00000   0.00118   5.64413   0.57386   1.48872   2.16822   0.29981  -13.74054   0.03557   0.02508   0.08342  
110  0.5837   4064.670412  x:  0.00715   0.00118   0.00350   0.00865   0.00099   0.00474   0.00772   0.02198   0.00479   0.00119   0.00357   0.00000   0.00119   0.00369   0.00239   0.02336   0.01310   0.00238   0.00117   0.00118   0.00471   0.00474   0.00236   0.00236   0.00237   0.00118   0.00117   0.00488   0.00119   0.00000   0.00000   0.00000   0.00118   5.64516   0.57413   1.49018   2.17167   0.27813  -13.82101   0.03547   0.02522   0.08354  
111  0.1091   4064.670374  x:  0.00715   0.00118   0.00350   0.00865   0.00099   0.00474   0.00772   0.02198   0.00479   0.00119   0.00357   0.00000   0.00119   0.00369   0.00239   0.02336   0.01309   0.00238   0.00117   0.00118   0.00471   0.00474   0.00236   0.00236   0.00237   0.00118   0.00118   0.00488   0.00119   0.00000   0.00000   0.00000   0.00118   5.64500   0.57433   1.49060   2.17426   0.19415  -14.14399   0.03530   0.02584   0.08117  
112  0.2672   4064.670352  x:  0.00715   0.00118   0.00350   0.00865   0.00099   0.00474   0.00773   0.02198   0.00479   0.00119   0.00357   0.00000   0.00119   0.00369   0.00239   0.02336   0.01310   0.00238   0.00117   0.00119   0.00471   0.00474   0.00236   0.00236   0.00237   0.00118   0.00118   0.00488   0.00118   0.00000   0.00000   0.00000   0.00118   5.64423   0.57437   1.49017   2.17445   0.11124  -14.46727   0.03508   0.02657   0.07953  
113  0.4839   4064.670314  x:  0.00715   0.00118   0.00350   0.00865   0.00099   0.00473   0.00773   0.02198   0.00479   0.00119   0.00357   0.00000   0.00120   0.00369   0.00239   0.02336   0.01310   0.00238   0.00116   0.00119   0.00471   0.00475   0.00236   0.00236   0.00237   0.00118   0.00118   0.00488   0.00118   0.00000   0.00000   0.00000   0.00118   5.64369   0.57418   1.48894   2.17202   0.03218  -14.79150   0.03486   0.02695   0.07813  
114  0.3003   4064.670291  x:  0.00715   0.00118   0.00350   0.00865   0.00099   0.00473   0.00773   0.02198   0.00479   0.00119   0.00357   0.00000   0.00119   0.00369   0.00239   0.02336   0.01310   0.00238   0.00117   0.00119   0.00471   0.00475   0.00236   0.00236   0.00237   0.00118   0.00118   0.00488   0.00118   0.00000   0.00000   0.00000   0.00118   5.64386   0.57415   1.48892   2.17134  -0.04840  -15.11536   0.03467   0.02753   0.07635  
115  0.5002   4064.670249  x:  0.00715   0.00118   0.00350   0.00865   0.00099   0.00473   0.00772   0.02198   0.00479   0.00119   0.00357   0.00000   0.00119   0.00369   0.00239   0.02336   0.01310   0.00238   0.00117   0.00119   0.00471   0.00475   0.00236   0.00236   0.00237   0.00118   0.00118   0.00488   0.00119   0.00000   0.00000   0.00000   0.00118   5.64612   0.57399   1.48967   2.16979  -0.12632  -15.43987   0.03445   0.02806   0.07530  
116  0.2382   4064.670217  x:  0.00715   0.00118   0.00350   0.00865   0.00099   0.00474   0.00772   0.02198   0.00479   0.00119   0.00357   0.00000   0.00119   0.00369   0.00239   0.02336   0.01310   0.00238   0.00117   0.00118   0.00471   0.00474   0.00236   0.00236   0.00237   0.00118   0.00118   0.00488   0.00119   0.00000   0.00000   0.00000   0.00118   5.64755   0.57385   1.49004   2.16940  -0.11832  -15.42115   0.03449   0.02784   0.07543  
117  0.0158   4064.670191  x:  0.00715   0.00118   0.00350   0.00865   0.00099   0.00474   0.00772   0.02198   0.00479   0.00119   0.00357   0.00000   0.00119   0.00369   0.00239   0.02336   0.01310   0.00238   0.00117   0.00118   0.00471   0.00474   0.00236   0.00236   0.00237   0.00118   0.00117   0.00488   0.00118   0.00000   0.00000   0.00000   0.00118   5.64776   0.57375   1.48972   2.16916  -0.19582  -15.73840   0.03431   0.02828   0.07386  
118  0.3081   4064.670175  x:  0.00715   0.00118   0.00350   0.00865   0.00099   0.00473   0.00773   0.02198   0.00479   0.00119   0.00357   0.00000   0.00119   0.00369   0.00239   0.02336   0.01310   0.00238   0.00116   0.00118   0.00471   0.00475   0.00236   0.00236   0.00237   0.00118   0.00117   0.00488   0.00118   0.00000   0.00000   0.00000   0.00118   5.64732   0.57371   1.48942   2.16926  -0.23603  -15.90878   0.03420   0.02851   0.07356  
119  0.1245   4064.670150  x:  0.00715   0.00118   0.00350   0.00865   0.00099   0.00473   0.00772   0.02198   0.00479   0.00119   0.00357   0.00000   0.00119   0.00369   0.00239   0.02336   0.01310   0.00238   0.00116   0.00118   0.00471   0.00474   0.00236   0.00236   0.00237   0.00118   0.00117   0.00488   0.00118   0.00000   0.00000   0.00000   0.00118   5.64698   0.57381   1.48993   2.17017  -0.31614  -16.26326   0.03408   0.02872   0.07202  
120  0.1157   4064.670134  x:  0.00715   0.00118   0.00350   0.00865   0.00099   0.00473   0.00772   0.02198   0.00479   0.00119   0.00357   0.00000   0.00119   0.00369   0.00239   0.02336   0.01310   0.00238   0.00116   0.00118   0.00471   0.00474   0.00236   0.00236   0.00237   0.00118   0.00117   0.00488   0.00118   0.00000   0.00000   0.00000   0.00118   5.64550   0.57401   1.48971   2.17116  -0.39525  -16.61700   0.03393   0.02901   0.07121  
121  0.1328   4064.670129  x:  0.00715   0.00118   0.00350   0.00865   0.00099   0.00473   0.00772   0.02198   0.00479   0.00119   0.00357   0.00000   0.00119   0.00369   0.00239   0.02336   0.01310   0.00238   0.00116   0.00118   0.00471   0.00474   0.00236   0.00236   0.00237   0.00118   0.00117   0.00488   0.00118   0.00000   0.00000   0.00000   0.00118   5.64522   0.57405   1.48969   2.17140  -0.44301  -16.82780   0.03385   0.02919   0.07050  
122  0.7437   4064.670119  x:  0.00715   0.00118   0.00350   0.00865   0.00099   0.00473   0.00772   0.02198   0.00479   0.00119   0.00357   0.00000   0.00119   0.00369   0.00239   0.02336   0.01310   0.00238   0.00116   0.00118   0.00471   0.00474   0.00236   0.00236   0.00237   0.00118   0.00117   0.00488   0.00118   0.00000   0.00000   0.00000   0.00118   5.64426   0.57421   1.48964   2.17221  -0.54256  -17.28262   0.03372   0.02943   0.06911  
123  1.2578   4064.670110  x:  0.00715   0.00118   0.00350   0.00865   0.00099   0.00473   0.00772   0.02198   0.00479   0.00119   0.00357   0.00000   0.00119   0.00369   0.00239   0.02336   0.01310   0.00238   0.00116   0.00118   0.00471   0.00474   0.00236   0.00236   0.00237   0.00118   0.00117   0.00488   0.00118   0.00000   0.00000   0.00000   0.00118   5.64386   0.57429   1.48962   2.17258  -0.64119  -17.73764   0.03359   0.02966   0.06775  
124  1.2105   4064.670083  x:  0.00715   0.00118   0.00350   0.00865   0.00098   0.00473   0.00772   0.02198   0.00479   0.00119   0.00357   0.00000   0.00119   0.00369   0.00239   0.02336   0.01310   0.00238   0.00116   0.00118   0.00471   0.00474   0.00236   0.00236   0.00237   0.00118   0.00117   0.00488   0.00118   0.00000   0.00000   0.00000   0.00118   5.64414   0.57428   1.48959   2.17225  -0.70154  -18.04617   0.03359   0.02963   0.06711  
125  0.3351   4064.670055  x:  0.00715   0.00118   0.00350   0.00865   0.00098   0.00473   0.00772   0.02198   0.00479   0.00119   0.00357   0.00000   0.00119   0.00369   0.00239   0.02336   0.01310   0.00238   0.00116   0.00118   0.00471   0.00474   0.00236   0.00236   0.00237   0.00118   0.00117   0.00488   0.00118   0.00000   0.00000   0.00000   0.00118   5.64520   0.57410   1.48961   2.17099  -0.78182  -18.42560   0.03348   0.02986   0.06655  
126  0.2770   4064.670037  x:  0.00715   0.00118   0.00350   0.00865   0.00099   0.00473   0.00772   0.02198   0.00479   0.00119   0.00357   0.00000   0.00119   0.00369   0.00239   0.02336   0.01310   0.00238   0.00116   0.00118   0.00471   0.00474   0.00236   0.00236   0.00237   0.00118   0.00117   0.00488   0.00118   0.00000   0.00000   0.00000   0.00118   5.64605   0.57395   1.48958   2.17034  -0.91623  -19.07497   0.03338   0.03007   0.06523  
127  0.4946   4064.670018  x:  0.00715   0.00118   0.00350   0.00865   0.00099   0.00473   0.00773   0.02198   0.00479   0.00119   0.00357   0.00000   0.00119   0.00369   0.00239   0.02336   0.01310   0.00238   0.00116   0.00118   0.00471   0.00474   0.00236   0.00236   0.00237   0.00118   0.00117   0.00488   0.00118   0.00000   0.00000   0.00000   0.00118   5.64754   0.57371   1.48959   2.16929  -1.06196  -19.80262   0.03333   0.03020   0.06403  
128  1.5122   4064.670000  x:  0.00715   0.00118   0.00350   0.00865   0.00099   0.00473   0.00772   0.02198   0.00479   0.00119   0.00357   0.00000   0.00119   0.00369   0.00239   0.02336   0.01310   0.00238   0.00116   0.00118   0.00471   0.00474   0.00236   0.00236   0.00237   0.00118   0.00117   0.00488   0.00118   0.00000   0.00000   0.00000   0.00118   5.64831   0.57362   1.48969   2.16875  -1.20708  -20.53039   0.03329   0.03032   0.06280  
129  0.6096   4064.669982  x:  0.00715   0.00118   0.00350   0.00865   0.00099   0.00474   0.00772   0.02198   0.00479   0.00119   0.00357   0.00000   0.00119   0.00369   0.00239   0.02336   0.01310   0.00238   0.00116   0.00118   0.00471   0.00474   0.00236   0.00236   0.00237   0.00118   0.00117   0.00488   0.00118   0.00000   0.00000   0.00000   0.00118   5.64883   0.57356   1.48978   2.16839  -1.27954  -20.91996   0.03334   0.03028   0.06251  
130  0.7536   4064.669963  x:  0.00715   0.00118   0.00350   0.00865   0.00099   0.00474   0.00772   0.02198   0.00479   0.00119   0.00357   0.00000   0.00119   0.00369   0.00239   0.02336   0.01310   0.00238   0.00116   0.00118   0.00471   0.00474   0.00236   0.00236   0.00237   0.00118   0.00117   0.00488   0.00118   0.00000   0.00000   0.00000   0.00118   5.64891   0.57355   1.48980   2.16818  -1.44552  -21.75836   0.03329   0.03043   0.06141  
131  1.3249   4064.669949  x:  0.00715   0.00118   0.00350   0.00865   0.00099   0.00474   0.00772   0.02198   0.00479   0.00119   0.00357   0.00000   0.00119   0.00369   0.00239   0.02336   0.01310   0.00238   0.00116   0.00118   0.00471   0.00474   0.00236   0.00236   0.00237   0.00118   0.00117   0.00488   0.00118   0.00000   0.00000   0.00000   0.00118   5.64812   0.57365   1.48972   2.16854  -1.61064  -22.59693   0.03325   0.03059   0.06054  
132  1.4326   4064.669935  x:  0.00715   0.00118   0.00350   0.00865   0.00099   0.00473   0.00772   0.02198   0.00479   0.00119   0.00357   0.00000   0.00119   0.00369   0.00239   0.02336   0.01310   0.00238   0.00116   0.00118   0.00471   0.00474   0.00236   0.00236   0.00237   0.00118   0.00117   0.00488   0.00118   0.00000   0.00000   0.00000   0.00118   5.64676   0.57383   1.48962   2.16956  -1.59415  -22.51921   0.03326   0.03058   0.06087  
133  0.1171   4064.669916  x:  0.00715   0.00118   0.00350   0.00865   0.00099   0.00473   0.00772   0.02198   0.00479   0.00119   0.00357   0.00000   0.00119   0.00369   0.00239   0.02336   0.01310   0.00238   0.00116   0.00118   0.00471   0.00474   0.00236   0.00236   0.00237   0.00118   0.00117   0.00488   0.00118   0.00000   0.00000   0.00000   0.00118   5.64528   0.57404   1.48958   2.17115  -1.71699  -23.16695   0.03333   0.03055   0.06022  
134  0.4696   4064.669902  x:  0.00715   0.00118   0.00350   0.00865   0.00099   0.00473   0.00772   0.02198   0.00479   0.00119   0.00357   0.00000   0.00119   0.00369   0.00239   0.02336   0.01310   0.00238   0.00116   0.00118   0.00471   0.00474   0.00236   0.00236   0.00237   0.00118   0.00117   0.00488   0.00118   0.00000   0.00000   0.00000   0.00118   5.64511   0.57409   1.48963   2.17139  -1.88322  -24.03417   0.03336   0.03062   0.05953  
135  0.6155   4064.669887  x:  0.00715   0.00118   0.00350   0.00865   0.00099   0.00473   0.00772   0.02198   0.00479   0.00119   0.00357   0.00000   0.00119   0.00369   0.00239   0.02336   0.01310   0.00238   0.00116   0.00118   0.00471   0.00474   0.00236   0.00236   0.00237   0.00118   0.00117   0.00488   0.00118   0.00000   0.00000   0.00000   0.00118   5.64551   0.57407   1.48971   2.17117  -2.11738  -25.27167   0.03344   0.03071   0.05884  
136  1.4519   4064.669874  x:  0.00715   0.00118   0.00350   0.00865   0.00099   0.00473   0.00772   0.02198   0.00479   0.00119   0.00357   0.00000   0.00119   0.00369   0.00239   0.02336   0.01310   0.00238   0.00116   0.00118   0.00471   0.00474   0.00236   0.00236   0.00237   0.00118   0.00117   0.00488   0.00118   0.00000   0.00000   0.00000   0.00118   5.64667   0.57386   1.48962   2.16986  -2.32467  -26.39904   0.03359   0.03072   0.05858  
137  0.3989   4064.669857  x:  0.00715   0.00118   0.00350   0.00865   0.00099   0.00474   0.00772   0.02198   0.00479   0.00119   0.00357   0.00000   0.00119   0.00369   0.00239   0.02336   0.01310   0.00238   0.00116   0.00118   0.00471   0.00474   0.00236   0.00236   0.00237   0.00118   0.00117   0.00488   0.00118   0.00000   0.00000   0.00000   0.00118   5.64704   0.57378   1.48957   2.16939  -2.53617  -27.52562   0.03369   0.03076   0.05800  
138  4.3854   4064.669853  x:  0.00715   0.00118   0.00350   0.00865   0.00099   0.00474   0.00772   0.02198   0.00479   0.00119   0.00357   0.00000   0.00119   0.00369   0.00239   0.02336   0.01310   0.00238   0.00116   0.00118   0.00471   0.00474   0.00236   0.00236   0.00237   0.00118   0.00117   0.00488   0.00118   0.00000   0.00000   0.00000   0.00118   5.64713   0.57376   1.48955   2.16926  -2.64844  -28.12388   0.03374   0.03079   0.05771  
139  3.5369   4064.669849  x:  0.00715   0.00118   0.00350   0.00865   0.00099   0.00473   0.00772   0.02198   0.00479   0.00119   0.00357   0.00000   0.00119   0.00369   0.00239   0.02336   0.01310   0.00238   0.00116   0.00118   0.00471   0.00474   0.00236   0.00236   0.00237   0.00118   0.00117   0.00488   0.00118   0.00000   0.00000   0.00000   0.00118   5.64658   0.57386   1.48960   2.16987  -2.75522  -28.69243   0.03379   0.03083   0.05753  
140  0.3616   4064.669844  x:  0.00715   0.00118   0.00350   0.00865   0.00099   0.00473   0.00772   0.02198   0.00479   0.00119   0.00357   0.00000   0.00119   0.00369   0.00239   0.02336   0.01310   0.00238   0.00116   0.00118   0.00471   0.00474   0.00236   0.00236   0.00237   0.00118   0.00117   0.00488   0.00118   0.00000   0.00000   0.00000   0.00118   5.64563   0.57404   1.48978   2.17124  -2.90573  -29.51099   0.03391   0.03084   0.05745  
141  0.2813   4064.669841  x:  0.00715   0.00118   0.00350   0.00865   0.00099   0.00473   0.00772   0.02198   0.00479   0.00119   0.00357   0.00000   0.00119   0.00369   0.00239   0.02336   0.01310   0.00238   0.00116   0.00118   0.00471   0.00474   0.00236   0.00236   0.00237   0.00118   0.00117   0.00488   0.00118   0.00000   0.00000   0.00000   0.00118   5.64558   0.57406   1.48979   2.17136  -3.07153  -30.40757   0.03403   0.03085   0.05721  
142  1.9459   4064.669838  x:  0.00715   0.00118   0.00350   0.00865   0.00099   0.00473   0.00772   0.02198   0.00479   0.00119   0.00357   0.00000   0.00119   0.00369   0.00239   0.02336   0.01310   0.00238   0.00116   0.00118   0.00471   0.00474   0.00236   0.00236   0.00237   0.00118   0.00117   0.00488   0.00118   0.00000   0.00000   0.00000   0.00118   5.64607   0.57396   1.48967   2.17062  -3.19901  -31.10076   0.03412   0.03086   0.05703  
143  0.6615   4064.669836  x:  0.00715   0.00118   0.00350   0.00865   0.00099   0.00474   0.00772   0.02198   0.00479   0.00119   0.00357   0.00000   0.00119   0.00369   0.00239   0.02336   0.01310   0.00238   0.00116   0.00118   0.00471   0.00474   0.00236   0.00236   0.00237   0.00118   0.00117   0.00488   0.00118   0.00000   0.00000   0.00000   0.00118   5.64697   0.57377   1.48945   2.16918  -3.38065  -32.09318   0.03427   0.03088   0.05693  
144  0.7031   4064.669834  x:  0.00715   0.00118   0.00350   0.00865   0.00099   0.00474   0.00772   0.02198   0.00479   0.00119   0.00357   0.00000   0.00119   0.00369   0.00239   0.02336   0.01310   0.00238   0.00116   0.00118   0.00471   0.00474   0.00236   0.00236   0.00237   0.00118   0.00117   0.00488   0.00118   0.00000   0.00000   0.00000   0.00118   5.64696   0.57377   1.48947   2.16916  -3.56927  -33.11877   0.03441   0.03090   0.05678  
145  1.0270   4064.669832  x:  0.00715   0.00118   0.00350   0.00865   0.00099   0.00473   0.00772   0.02198   0.00479   0.00119   0.00357   0.00000   0.00119   0.00369   0.00239   0.02336   0.01310   0.00238   0.00116   0.00118   0.00471   0.00474   0.00236   0.00236   0.00237   0.00118   0.00117   0.00488   0.00118   0.00000   0.00000   0.00000   0.00118   5.64665   0.57384   1.48957   2.16967  -3.58977  -33.23382   0.03444   0.03090   0.05683  
146  0.1860   4064.669831  x:  0.00715   0.00118   0.00350   0.00865   0.00099   0.00473   0.00772   0.02198   0.00479   0.00119   0.00357   0.00000   0.00119   0.00369   0.00239   0.02336   0.01310   0.00238   0.00116   0.00118   0.00471   0.00474   0.00236   0.00236   0.00237   0.00118   0.00117   0.00488   0.00118   0.00000   0.00000   0.00000   0.00118   5.64619   0.57394   1.48971   2.17049  -3.82749  -34.52936   0.03463   0.03091   0.05668  
147  1.2575   4064.669830  x:  0.00715   0.00118   0.00350   0.00865   0.00099   0.00473   0.00772   0.02198   0.00479   0.00119   0.00357   0.00000   0.00119   0.00369   0.00239   0.02336   0.01310   0.00238   0.00116   0.00118   0.00471   0.00474   0.00236   0.00236   0.00237   0.00118   0.00117   0.00488   0.00118   0.00000   0.00000   0.00000   0.00118   5.64611   0.57396   1.48972   2.17064  -3.96286  -35.26621   0.03474   0.03092   0.05658  
148  1.0508   4064.669827  x:  0.00715   0.00118   0.00350   0.00865   0.00099   0.00473   0.00772   0.02198   0.00479   0.00119   0.00357   0.00000   0.00119   0.00369   0.00239   0.02336   0.01310   0.00238   0.00116   0.00118   0.00471   0.00474   0.00236   0.00236   0.00237   0.00118   0.00117   0.00488   0.00118   0.00000   0.00000   0.00000   0.00118   5.64636   0.57390   1.48960   2.17027  -4.25226  -36.85064   0.03499   0.03094   0.05647  
149  0.8120   4064.669826  x:  0.00715   0.00118   0.00350   0.00865   0.00099   0.00473   0.00772   0.02198   0.00479   0.00119   0.00357   0.00000   0.00119   0.00369   0.00239   0.02336   0.01310   0.00238   0.00116   0.00118   0.00471   0.00474   0.00236   0.00236   0.00237   0.00118   0.00117   0.00488   0.00118   0.00000   0.00000   0.00000   0.00118   5.64643   0.57388   1.48959   2.17005  -4.34395  -37.35661   0.03508   0.03094   0.05650  
150  0.3214   4064.669825  x:  0.00715   0.00118   0.00350   0.00865   0.00099   0.00473   0.00772   0.02198   0.00479   0.00119   0.00357   0.00000   0.00119   0.00369   0.00239   0.02336   0.01310   0.00238   0.00116   0.00118   0.00471   0.00474   0.00236   0.00236   0.00237   0.00118   0.00117   0.00488   0.00118   0.00000   0.00000   0.00000   0.00118   5.64641   0.57389   1.48961   2.17004  -4.59500  -38.73158   0.03529   0.03095   0.05642  
151  2.0835   4064.669825  x:  0.00715   0.00118   0.00350   0.00865   0.00099   0.00473   0.00772   0.02198   0.00479   0.00119   0.00357   0.00000   0.00119   0.00369   0.00239   0.02336   0.01310   0.00238   0.00116   0.00118   0.00471   0.00474   0.00236   0.00236   0.00237   0.00118   0.00117   0.00488   0.00118   0.00000   0.00000   0.00000   0.00118   5.64639   0.57389   1.48963   2.17011  -4.85483  -40.15526   0.03552   0.03096   0.05634  
152  1.1254   4064.669824  x:  0.00715   0.00118   0.00350   0.00865   0.00099   0.00473   0.00772   0.02198   0.00479   0.00119   0.00357   0.00000   0.00119   0.00369   0.00239   0.02336   0.01310   0.00238   0.00116   0.00118   0.00471   0.00474   0.00236   0.00236   0.00237   0.00118   0.00117   0.00488   0.00118   0.00000   0.00000   0.00000   0.00118   5.64637   0.57391   1.48966   2.17025  -5.26106  -42.38415   0.03589   0.03097   0.05626  
153  3.2982   4064.669817  x:  0.00715   0.00118   0.00350   0.00865   0.00098   0.00473   0.00772   0.02198   0.00479   0.00119   0.00357   0.00000   0.00119   0.00369   0.00239   0.02336   0.01310   0.00238   0.00116   0.00118   0.00471   0.00474   0.00236   0.00236   0.00237   0.00118   0.00117   0.00488   0.00118   0.00000   0.00000   0.00000   0.00118   5.64608   0.57401   1.48983   2.17134  -6.69310  -50.26512   0.03725   0.03096   0.05627  
154  1.4731   4064.669812  x:  0.00715   0.00118   0.00350   0.00865   0.00098   0.00473   0.00772   0.02198   0.00479   0.00119   0.00357   0.00000   0.00119   0.00369   0.00239   0.02336   0.01310   0.00238   0.00116   0.00118   0.00471   0.00474   0.00236   0.00236   0.00237   0.00118   0.00117   0.00488   0.00118   0.00000   0.00000   0.00000   0.00118   5.64599   0.57402   1.48982   2.17140  -8.12727  -58.14569   0.03858   0.03099   0.05617  
155 12.1004   4064.669807  x:  0.00715   0.00118   0.00350   0.00865   0.00098   0.00473   0.00772   0.02198   0.00479   0.00119   0.00357   0.00000   0.00119   0.00369   0.00239   0.02336   0.01310   0.00238   0.00116   0.00118   0.00471   0.00474   0.00236   0.00236   0.00237   0.00118   0.00117   0.00488   0.00118   0.00000   0.00000   0.00000   0.00118   5.64623   0.57392   1.48962   2.17026  -9.22796  -64.20717   0.03962   0.03100   0.05620  
156  5.0442   4064.669806  x:  0.00715   0.00118   0.00350   0.00865   0.00098   0.00473   0.00772   0.02198   0.00479   0.00119   0.00357   0.00000   0.00119   0.00369   0.00239   0.02336   0.01310   0.00238   0.00116   0.00118   0.00471   0.00474   0.00236   0.00236   0.00237   0.00118   0.00117   0.00488   0.00118   0.00000   0.00000   0.00000   0.00118   5.64640   0.57388   1.48958   2.16991  -9.96123  -68.24594   0.04032   0.03100   0.05621  
157  4.4075   4064.669806  x:  0.00715   0.00118   0.00350   0.00865   0.00098   0.00473   0.00772   0.02198   0.00479   0.00119   0.00357   0.00000   0.00119   0.00369   0.00239   0.02336   0.01310   0.00238   0.00116   0.00118   0.00471   0.00474   0.00236   0.00236   0.00237   0.00118   0.00117   0.00488   0.00118   0.00000   0.00000   0.00000   0.00118   5.64641   0.57388   1.48959   2.16992  -10.10308  -69.02691   0.04046   0.03100   0.05621  
158  5.6727   4064.669806  x:  0.00715   0.00118   0.00350   0.00865   0.00098   0.00473   0.00772   0.02198   0.00479   0.00119   0.00357   0.00000   0.00119   0.00369   0.00239   0.02336   0.01310   0.00238   0.00116   0.00118   0.00471   0.00474   0.00236   0.00236   0.00237   0.00118   0.00117   0.00488   0.00118   0.00000   0.00000   0.00000   0.00118   5.64641   0.57388   1.48959   2.16994  -10.16362  -69.36023   0.04051   0.03100   0.05621  
159  4.7769   4064.669806  x:  0.00715   0.00118   0.00350   0.00865   0.00098   0.00473   0.00772   0.02198   0.00479   0.00119   0.00357   0.00000   0.00119   0.00369   0.00239   0.02336   0.01310   0.00238   0.00116   0.00118   0.00471   0.00474   0.00236   0.00236   0.00237   0.00118   0.00117   0.00488   0.00118   0.00000   0.00000   0.00000   0.00118   5.64640   0.57389   1.48962   2.17006  -10.21411  -69.63935   0.04057   0.03099   0.05622  
160  0.6347   4064.669806  x:  0.00715   0.00118   0.00350   0.00865   0.00098   0.00473   0.00772   0.02198   0.00479   0.00119   0.00357   0.00000   0.00119   0.00369   0.00239   0.02336   0.01310   0.00238   0.00116   0.00118   0.00471   0.00474   0.00236   0.00236   0.00237   0.00118   0.00117   0.00488   0.00118   0.00000   0.00000   0.00000   0.00118   5.64640   0.57390   1.48963   2.17012  -10.16285  -69.35784   0.04052   0.03099   0.05623  
161  2.0909   4064.669806  x:  0.00715   0.00118   0.00350   0.00865   0.00098   0.00473   0.00772   0.02198   0.00479   0.00119   0.00357   0.00000   0.00119   0.00369   0.00239   0.02336   0.01310   0.00238   0.00116   0.00118   0.00471   0.00474   0.00236   0.00236   0.00237   0.00118   0.00117   0.00488   0.00118   0.00000   0.00000   0.00000   0.00118   5.64639   0.57390   1.48963   2.17013  -10.19465  -69.53214   0.04055   0.03099   0.05622  
162  0.2146   4064.669806  x:  0.00715   0.00118   0.00350   0.00865   0.00098   0.00473   0.00772   0.02198   0.00479   0.00119   0.00357   0.00000   0.00119   0.00369   0.00239   0.02336   0.01310   0.00238   0.00116   0.00118   0.00471   0.00474   0.00236   0.00236   0.00237   0.00118   0.00117   0.00488   0.00118   0.00000   0.00000   0.00000   0.00118   5.64639   0.57390   1.48963   2.17013  -10.19691  -69.54454   0.04055   0.03099   0.05622  
163  0.6674   4064.669806  x:  0.00715   0.00118   0.00350   0.00865   0.00098   0.00473   0.00772   0.02198   0.00479   0.00119   0.00357   0.00000   0.00119   0.00369   0.00239   0.02336   0.01310   0.00238   0.00116   0.00118   0.00471   0.00474   0.00236   0.00236   0.00237   0.00118   0.00117   0.00488   0.00118   0.00000   0.00000   0.00000   0.00118   5.64639   0.57390   1.48963   2.17014  -10.20295  -69.57760   0.04056   0.03099   0.05622  
164  0.1365   4064.669806  x:  0.00715   0.00118   0.00350   0.00865   0.00098   0.00473   0.00772   0.02198   0.00479   0.00119   0.00357   0.00000   0.00119   0.00369   0.00239   0.02336   0.01310   0.00238   0.00116   0.00118   0.00471   0.00474   0.00236   0.00236   0.00237   0.00118   0.00117   0.00488   0.00118   0.00000   0.00000   0.00000   0.00118   5.64639   0.57390   1.48963   2.17014  -10.20564  -69.59237   0.04056   0.03099   0.05622  
165  0.2665   4064.669806  x:  0.00715   0.00118   0.00350   0.00865   0.00098   0.00473   0.00772   0.02198   0.00479   0.00119   0.00357   0.00000   0.00119   0.00369   0.00239   0.02336   0.01310   0.00238   0.00116   0.00118   0.00471   0.00474   0.00236   0.00236   0.00237   0.00118   0.00117   0.00488   0.00118   0.00000   0.00000   0.00000   0.00118   5.64639   0.57390   1.48963   2.17015  -10.20905  -69.61101   0.04056   0.03099   0.05622  
166  0.4779   4064.669806  x:  0.00715   0.00118   0.00350   0.00865   0.00098   0.00473   0.00772   0.02198   0.00479   0.00119   0.00357   0.00000   0.00119   0.00369   0.00239   0.02336   0.01310   0.00238   0.00116   0.00118   0.00471   0.00474   0.00236   0.00236   0.00237   0.00118   0.00117   0.00488   0.00118   0.00000   0.00000   0.00000   0.00118   5.64639   0.57390   1.48963   2.17015  -10.21239  -69.62931   0.04056   0.03099   0.05622  
167  0.6293   4064.669806  x:  0.00715   0.00118   0.00350   0.00865   0.00098   0.00473   0.00772   0.02198   0.00479   0.00119   0.00357   0.00000   0.00119   0.00369   0.00239   0.02336   0.01310   0.00238   0.00116   0.00118   0.00471   0.00474   0.00236   0.00236   0.00237   0.00118   0.00117   0.00488   0.00118   0.00000   0.00000   0.00000   0.00118   5.64638   0.57390   1.48963   2.17016  -10.21574  -69.64762   0.04057   0.03099   0.05622  
168  0.8223   4064.669806  x:  0.00715   0.00118   0.00350   0.00865   0.00098   0.00473   0.00772   0.02198   0.00479   0.00119   0.00357   0.00000   0.00119   0.00369   0.00239   0.02336   0.01310   0.00238   0.00116   0.00118   0.00471   0.00474   0.00236   0.00236   0.00237   0.00118   0.00117   0.00488   0.00118   0.00000   0.00000   0.00000   0.00118   5.64638   0.57390   1.48964   2.17016  -10.21892  -69.66501   0.04057   0.03099   0.05622  
169  0.9708   4064.669806  x:  0.00715   0.00118   0.00350   0.00865   0.00098   0.00473   0.00772   0.02198   0.00479   0.00119   0.00357   0.00000   0.00119   0.00369   0.00239   0.02336   0.01310   0.00238   0.00116   0.00118   0.00471   0.00474   0.00236   0.00236   0.00237   0.00118   0.00117   0.00488   0.00118   0.00000   0.00000   0.00000   0.00118   5.64638   0.57390   1.48964   2.17016  -10.22200  -69.68189   0.04057   0.03099   0.05621  
170  1.0436   4064.669806  x:  0.00715   0.00118   0.00350   0.00865   0.00098   0.00473   0.00772   0.02198   0.00479   0.00119   0.00357   0.00000   0.00119   0.00369   0.00239   0.02336   0.01310   0.00238   0.00116   0.00118   0.00471   0.00474   0.00236   0.00236   0.00237   0.00118   0.00117   0.00488   0.00118   0.00000   0.00000   0.00000   0.00118   5.64637   0.57390   1.48964   2.17020  -10.22468  -69.69696   0.04058   0.03099   0.05622  
171  0.0055   4064.669806  x:  0.00715   0.00118   0.00350   0.00865   0.00098   0.00473   0.00772   0.02198   0.00479   0.00119   0.00357   0.00000   0.00119   0.00369   0.00239   0.02336   0.01310   0.00238   0.00116   0.00118   0.00471   0.00474   0.00236   0.00236   0.00237   0.00118   0.00117   0.00488   0.00118   0.00000   0.00000   0.00000   0.00118   5.64638   0.57390   1.48963   2.17015  -10.25180  -69.84620   0.04060   0.03099   0.05622  
172  0.0384   4064.669806  x:  0.00715   0.00118   0.00350   0.00865   0.00098   0.00473   0.00772   0.02198   0.00479   0.00119   0.00357   0.00000   0.00119   0.00369   0.00239   0.02336   0.01310   0.00238   0.00116   0.00118   0.00471   0.00474   0.00236   0.00236   0.00237   0.00118   0.00117   0.00488   0.00118   0.00000   0.00000   0.00000   0.00118   5.64639   0.57390   1.48963   2.17011  -10.29432  -70.08035   0.04064   0.03099   0.05622  
173  1.1843   4064.669806  x:  0.00715   0.00118   0.00350   0.00865   0.00098   0.00473   0.00772   0.02198   0.00479   0.00119   0.00357   0.00000   0.00119   0.00369   0.00239   0.02336   0.01310   0.00238   0.00116   0.00118   0.00471   0.00474   0.00236   0.00236   0.00237   0.00118   0.00117   0.00488   0.00118   0.00000   0.00000   0.00000   0.00118   5.64638   0.57390   1.48963   2.17015  -10.28968  -70.05501   0.04064   0.03099   0.05622  
174  0.0198   4064.669806  x:  0.00715   0.00118   0.00350   0.00865   0.00098   0.00473   0.00772   0.02198   0.00479   0.00119   0.00357   0.00000   0.00119   0.00369   0.00239   0.02336   0.01310   0.00238   0.00116   0.00118   0.00471   0.00474   0.00236   0.00236   0.00237   0.00118   0.00117   0.00488   0.00118   0.00000   0.00000   0.00000   0.00118   5.64639   0.57390   1.48964   2.17016  -10.29213  -70.06856   0.04064   0.03099   0.05622  
175  0.0769   4064.669806  x:  0.00715   0.00118   0.00350   0.00865   0.00098   0.00473   0.00772   0.02198   0.00479   0.00119   0.00357   0.00000   0.00119   0.00369   0.00239   0.02336   0.01310   0.00238   0.00116   0.00118   0.00471   0.00474   0.00236   0.00236   0.00237   0.00118   0.00117   0.00488   0.00118   0.00000   0.00000   0.00000   0.00118   5.64639   0.57390   1.48964   2.17017  -10.30019  -70.11295   0.04065   0.03099   0.05622  
176  0.2657   4064.669806  x:  0.00715   0.00118   0.00350   0.00865   0.00098   0.00473   0.00772   0.02198   0.00479   0.00119   0.00357   0.00000   0.00119   0.00369   0.00239   0.02336   0.01310   0.00238   0.00116   0.00118   0.00471   0.00474   0.00236   0.00236   0.00237   0.00118   0.00117   0.00488   0.00118   0.00000   0.00000   0.00000   0.00118   5.64639   0.57390   1.48964   2.17017  -10.31395  -70.18875   0.04066   0.03099   0.05623  
177  1.1911   4064.669806  x:  0.00715   0.00118   0.00350   0.00865   0.00098   0.00473   0.00772   0.02198   0.00479   0.00119   0.00357   0.00000   0.00119   0.00369   0.00239   0.02336   0.01310   0.00238   0.00116   0.00118   0.00471   0.00474   0.00236   0.00236   0.00237   0.00118   0.00117   0.00488   0.00118   0.00000   0.00000   0.00000   0.00118   5.64639   0.57390   1.48964   2.17016  -10.31312  -70.18394   0.04066   0.03099   0.05622  
178  0.0021   4064.669806  x:  0.00715   0.00118   0.00350   0.00865   0.00098   0.00473   0.00772   0.02198   0.00479   0.00119   0.00357   0.00000   0.00119   0.00369   0.00239   0.02336   0.01310   0.00238   0.00116   0.00118   0.00471   0.00474   0.00236   0.00236   0.00237   0.00118   0.00117   0.00488   0.00118   0.00000   0.00000   0.00000   0.00118   5.64639   0.57390   1.48963   2.17014  -10.36107  -70.44753   0.04071   0.03099   0.05622  
179  0.0335   4064.669806  x:  0.00715   0.00118   0.00350   0.00865   0.00098   0.00473   0.00772   0.02198   0.00479   0.00119   0.00357   0.00000   0.00119   0.00369   0.00239   0.02336   0.01310   0.00238   0.00116   0.00118   0.00471   0.00474   0.00236   0.00236   0.00237   0.00118   0.00117   0.00488   0.00118   0.00000   0.00000   0.00000   0.00118   5.64638   0.57390   1.48963   2.17012  -10.49689  -71.19453   0.04083   0.03099   0.05622  
180  5.4363   4064.669806  x:  0.00715   0.00118   0.00350   0.00865   0.00098   0.00473   0.00772   0.02198   0.00479   0.00119   0.00357   0.00000   0.00119   0.00369   0.00239   0.02336   0.01310   0.00238   0.00116   0.00118   0.00471   0.00474   0.00236   0.00236   0.00237   0.00118   0.00117   0.00488   0.00118   0.00000   0.00000   0.00000   0.00118   5.64638   0.57390   1.48963   2.17015  -10.44952  -70.93425   0.04079   0.03099   0.05622  
181  0.2018   4064.669806  x:  0.00715   0.00118   0.00350   0.00865   0.00098   0.00473   0.00772   0.02198   0.00479   0.00119   0.00357   0.00000   0.00119   0.00369   0.00239   0.02336   0.01310   0.00238   0.00116   0.00118   0.00471   0.00474   0.00236   0.00236   0.00237   0.00118   0.00117   0.00488   0.00118   0.00000   0.00000   0.00000   0.00118   5.64638   0.57390   1.48964   2.17018  -10.50159  -71.22097   0.04084   0.03099   0.05622  
182  0.1284   4064.669806  x:  0.00715   0.00118   0.00350   0.00865   0.00098   0.00473   0.00772   0.02198   0.00479   0.00119   0.00357   0.00000   0.00119   0.00369   0.00239   0.02336   0.01310   0.00238   0.00116   0.00118   0.00471   0.00474   0.00236   0.00236   0.00237   0.00118   0.00117   0.00488   0.00118   0.00000   0.00000   0.00000   0.00118   5.64638   0.57390   1.48964   2.17020  -10.59064  -71.71107   0.04092   0.03099   0.05623  
183  4.7055   4064.669806  x:  0.00715   0.00118   0.00350   0.00865   0.00098   0.00473   0.00772   0.02198   0.00479   0.00119   0.00357   0.00000   0.00119   0.00369   0.00239   0.02336   0.01310   0.00238   0.00116   0.00118   0.00471   0.00474   0.00236   0.00236   0.00237   0.00118   0.00117   0.00488   0.00118   0.00000   0.00000   0.00000   0.00118   5.64638   0.57390   1.48964   2.17017  -10.56356  -71.56178   0.04090   0.03099   0.05622  
184  0.1008   4064.669806  x:  0.00715   0.00118   0.00350   0.00865   0.00098   0.00473   0.00772   0.02198   0.00479   0.00119   0.00357   0.00000   0.00119   0.00369   0.00239   0.02336   0.01310   0.00238   0.00116   0.00118   0.00471   0.00474   0.00236   0.00236   0.00237   0.00118   0.00117   0.00488   0.00118   0.00000   0.00000   0.00000   0.00118   5.64639   0.57390   1.48963   2.17012  -10.69158  -72.26577   0.04102   0.03099   0.05622  
185  0.1175   4064.669806  x:  0.00715   0.00118   0.00350   0.00865   0.00098   0.00473   0.00772   0.02198   0.00479   0.00119   0.00357   0.00000   0.00119   0.00369   0.00239   0.02336   0.01310   0.00238   0.00116   0.00118   0.00471   0.00474   0.00236   0.00236   0.00237   0.00118   0.00117   0.00488   0.00118   0.00000   0.00000   0.00000   0.00118   5.64640   0.57389   1.48962   2.17010  -10.87598  -73.28003   0.04119   0.03099   0.05622  
186 12.9909   4064.669806  x:  0.00715   0.00118   0.00350   0.00865   0.00098   0.00473   0.00772   0.02198   0.00479   0.00119   0.00357   0.00000   0.00119   0.00369   0.00239   0.02336   0.01310   0.00238   0.00116   0.00118   0.00471   0.00474   0.00236   0.00236   0.00237   0.00118   0.00117   0.00488   0.00118   0.00000   0.00000   0.00000   0.00118   5.64639   0.57390   1.48963   2.17015  -10.82531  -73.00173   0.04114   0.03099   0.05622  
187  0.1866   4064.669806  x:  0.00715   0.00118   0.00350   0.00865   0.00098   0.00473   0.00772   0.02198   0.00479   0.00119   0.00357   0.00000   0.00119   0.00369   0.00239   0.02336   0.01310   0.00238   0.00116   0.00118   0.00471   0.00474   0.00236   0.00236   0.00237   0.00118   0.00117   0.00488   0.00118   0.00000   0.00000   0.00000   0.00118   5.64638   0.57390   1.48964   2.17018  -10.87631  -73.28254   0.04119   0.03099   0.05622  
188  0.2155   4064.669806  x:  0.00715   0.00118   0.00350   0.00865   0.00098   0.00473   0.00772   0.02198   0.00479   0.00119   0.00357   0.00000   0.00119   0.00369   0.00239   0.02336   0.01310   0.00238   0.00116   0.00118   0.00471   0.00474   0.00236   0.00236   0.00237   0.00118   0.00117   0.00488   0.00118   0.00000   0.00000   0.00000   0.00118   5.64638   0.57390   1.48964   2.17020  -10.97050  -73.80091   0.04128   0.03099   0.05623  
189  7.0694   4064.669806  x:  0.00715   0.00118   0.00350   0.00865   0.00098   0.00473   0.00772   0.02198   0.00479   0.00119   0.00357   0.00000   0.00119   0.00369   0.00239   0.02336   0.01310   0.00238   0.00116   0.00118   0.00471   0.00474   0.00236   0.00236   0.00237   0.00118   0.00117   0.00488   0.00118   0.00000   0.00000   0.00000   0.00118   5.64639   0.57390   1.48964   2.17016  -10.95670  -73.72467   0.04127   0.03099   0.05622  
190  0.0505   4064.669806  x:  0.00715   0.00118   0.00350   0.00865   0.00098   0.00473   0.00772   0.02198   0.00479   0.00119   0.00357   0.00000   0.00119   0.00369   0.00239   0.02336   0.01310   0.00238   0.00116   0.00118   0.00471   0.00474   0.00236   0.00236   0.00237   0.00118   0.00117   0.00488   0.00118   0.00000   0.00000   0.00000   0.00118   5.64639   0.57390   1.48963   2.17014  -10.98927  -73.90370   0.04130   0.03099   0.05622  
191  0.1367   4064.669806  x:  0.00715   0.00118   0.00350   0.00865   0.00098   0.00473   0.00772   0.02198   0.00479   0.00119   0.00357   0.00000   0.00119   0.00369   0.00239   0.02336   0.01310   0.00238   0.00116   0.00118   0.00471   0.00474   0.00236   0.00236   0.00237   0.00118   0.00117   0.00488   0.00118   0.00000   0.00000   0.00000   0.00118   5.64640   0.57390   1.48963   2.17012  -11.05074  -74.24178   0.04136   0.03099   0.05622  
192  4.9130   4064.669806  x:  0.00715   0.00118   0.00350   0.00865   0.00098   0.00473   0.00772   0.02198   0.00479   0.00119   0.00357   0.00000   0.00119   0.00369   0.00239   0.02336   0.01310   0.00238   0.00116   0.00118   0.00471   0.00474   0.00236   0.00236   0.00237   0.00118   0.00117   0.00488   0.00118   0.00000   0.00000   0.00000   0.00118   5.64639   0.57390   1.48963   2.17015  -11.03544  -74.15777   0.04134   0.03099   0.05622  
193  0.0636   4064.669806  x:  0.00715   0.00118   0.00350   0.00865   0.00098   0.00473   0.00772   0.02198   0.00479   0.00119   0.00357   0.00000   0.00119   0.00369   0.00239   0.02336   0.01310   0.00238   0.00116   0.00118   0.00471   0.00474   0.00236   0.00236   0.00237   0.00118   0.00117   0.00488   0.00118   0.00000   0.00000   0.00000   0.00118   5.64638   0.57390   1.48964   2.17016  -11.04532  -74.21222   0.04135   0.03099   0.05622  
194  0.0577   4064.669806  x:  0.00715   0.00118   0.00350   0.00865   0.00098   0.00473   0.00772   0.02198   0.00479   0.00119   0.00357   0.00000   0.00119   0.00369   0.00239   0.02336   0.01310   0.00238   0.00116   0.00118   0.00471   0.00474   0.00236   0.00236   0.00237   0.00118   0.00117   0.00488   0.00118   0.00000   0.00000   0.00000   0.00118   5.64638   0.57390   1.48964   2.17018  -11.06678  -74.33041   0.04137   0.03099   0.05622  
195  1.6556   4064.669806  x:  0.00715   0.00118   0.00350   0.00865   0.00098   0.00473   0.00772   0.02198   0.00479   0.00119   0.00357   0.00000   0.00119   0.00369   0.00239   0.02336   0.01310   0.00238   0.00116   0.00118   0.00471   0.00474   0.00236   0.00236   0.00237   0.00118   0.00117   0.00488   0.00118   0.00000   0.00000   0.00000   0.00118   5.64639   0.57390   1.48964   2.17016  -11.05635  -74.27285   0.04136   0.03099   0.05622  
196  0.0350   4064.669806  x:  0.00715   0.00118   0.00350   0.00865   0.00098   0.00473   0.00772   0.02198   0.00479   0.00119   0.00357   0.00000   0.00119   0.00369   0.00239   0.02336   0.01310   0.00238   0.00116   0.00118   0.00471   0.00474   0.00236   0.00236   0.00237   0.00118   0.00117   0.00488   0.00118   0.00000   0.00000   0.00000   0.00118   5.64638   0.57390   1.48964   2.17017  -11.09322  -74.47581   0.04140   0.03099   0.05622  
197  0.0258   4064.669806  x:  0.00715   0.00118   0.00350   0.00865   0.00098   0.00473   0.00772   0.02198   0.00479   0.00119   0.00357   0.00000   0.00119   0.00369   0.00239   0.02336   0.01310   0.00238   0.00116   0.00118   0.00471   0.00474   0.00236   0.00236   0.00237   0.00118   0.00117   0.00488   0.00118   0.00000   0.00000   0.00000   0.00118   5.64637   0.57390   1.48964   2.17021  -11.33123  -75.78537   0.04162   0.03099   0.05622  
198 21.5878   4064.669806  x:  0.00715   0.00118   0.00350   0.00865   0.00098   0.00473   0.00772   0.02198   0.00479   0.00119   0.00357   0.00000   0.00119   0.00369   0.00239   0.02336   0.01310   0.00238   0.00116   0.00118   0.00471   0.00474   0.00236   0.00236   0.00237   0.00118   0.00117   0.00488   0.00118   0.00000   0.00000   0.00000   0.00118   5.64638   0.57390   1.48963   2.17015  -11.29442  -75.58266   0.04159   0.03099   0.05622  
199  0.1288   4064.669806  x:  0.00715   0.00118   0.00350   0.00865   0.00098   0.00473   0.00772   0.02198   0.00479   0.00119   0.00357   0.00000   0.00119   0.00369   0.00239   0.02336   0.01310   0.00238   0.00116   0.00118   0.00471   0.00474   0.00236   0.00236   0.00237   0.00118   0.00117   0.00488   0.00118   0.00000   0.00000   0.00000   0.00118   5.64639   0.57390   1.48963   2.17013  -11.65471  -77.56468   0.04193   0.03099   0.05622  
200  0.2518   4064.669806  x:  0.00715   0.00118   0.00350   0.00865   0.00098   0.00473   0.00772   0.02198   0.00479   0.00119   0.00357   0.00000   0.00119   0.00369   0.00239   0.02336   0.01310   0.00238   0.00116   0.00118   0.00471   0.00474   0.00236   0.00236   0.00237   0.00118   0.00117   0.00488   0.00118   0.00000   0.00000   0.00000   0.00118   5.64639   0.57390   1.48963   2.17013  -11.74008  -78.03436   0.04201   0.03099   0.05622  
201 72.3597   4064.669806  x:  0.00715   0.00118   0.00350   0.00865   0.00098   0.00473   0.00772   0.02198   0.00479   0.00119   0.00357   0.00000   0.00119   0.00369   0.00239   0.02336   0.01310   0.00238   0.00116   0.00118   0.00471   0.00474   0.00236   0.00236   0.00237   0.00118   0.00117   0.00488   0.00118   0.00000   0.00000   0.00000   0.00118   5.64639   0.57390   1.48963   2.17015  -11.73163  -77.98787   0.04200   0.03099   0.05622  
202  0.0537   4064.669806  x:  0.00715   0.00118   0.00350   0.00865   0.00098   0.00473   0.00772   0.02198   0.00479   0.00119   0.00357   0.00000   0.00119   0.00369   0.00239   0.02336   0.01310   0.00238   0.00116   0.00118   0.00471   0.00474   0.00236   0.00236   0.00237   0.00118   0.00117   0.00488   0.00118   0.00000   0.00000   0.00000   0.00118   5.64639   0.57390   1.48963   2.17015  -11.73338  -77.99753   0.04200   0.03099   0.05622  
203  0.0669   4064.669806  x:  0.00715   0.00118   0.00350   0.00865   0.00098   0.00473   0.00772   0.02198   0.00479   0.00119   0.00357   0.00000   0.00119   0.00369   0.00239   0.02336   0.01310   0.00238   0.00116   0.00118   0.00471   0.00474   0.00236   0.00236   0.00237   0.00118   0.00117   0.00488   0.00118   0.00000   0.00000   0.00000   0.00118   5.64639   0.57390   1.48963   2.17015  -11.73529  -78.00803   0.04200   0.03099   0.05622  
204 24.4659   4064.669806  x:  0.00715   0.00118   0.00350   0.00865   0.00098   0.00473   0.00772   0.02198   0.00479   0.00119   0.00357   0.00000   0.00119   0.00369   0.00239   0.02336   0.01310   0.00238   0.00116   0.00118   0.00471   0.00474   0.00236   0.00236   0.00237   0.00118   0.00117   0.00488   0.00118   0.00000   0.00000   0.00000   0.00118   5.64639   0.57390   1.48963   2.17015  -11.73517  -78.00737   0.04200   0.03099   0.05622  
205  0.0152   4064.669806  x:  0.00715   0.00118   0.00350   0.00865   0.00098   0.00473   0.00772   0.02198   0.00479   0.00119   0.00357   0.00000   0.00119   0.00369   0.00239   0.02336   0.01310   0.00238   0.00116   0.00118   0.00471   0.00474   0.00236   0.00236   0.00237   0.00118   0.00117   0.00488   0.00118   0.00000   0.00000   0.00000   0.00118   5.64639   0.57390   1.48963   2.17015  -11.73514  -78.00721   0.04200   0.03099   0.05622  
206  0.0237   4064.669806  x:  0.00715   0.00118   0.00350   0.00865   0.00098   0.00473   0.00772   0.02198   0.00479   0.00119   0.00357   0.00000   0.00119   0.00369   0.00239   0.02336   0.01310   0.00238   0.00116   0.00118   0.00471   0.00474   0.00236   0.00236   0.00237   0.00118   0.00117   0.00488   0.00118   0.00000   0.00000   0.00000   0.00118   5.64639   0.57390   1.48963   2.17015  -11.73514  -78.00722   0.04200   0.03099   0.05622  
207  0.0040   4064.669806  x:  0.00715   0.00118   0.00350   0.00865   0.00098   0.00473   0.00772   0.02198   0.00479   0.00119   0.00357   0.00000   0.00119   0.00369   0.00239   0.02336   0.01310   0.00238   0.00116   0.00118   0.00471   0.00474   0.00236   0.00236   0.00237   0.00118   0.00117   0.00488   0.00118   0.00000   0.00000   0.00000   0.00118   5.64639   0.57390   1.48963   2.17015  -11.73514  -78.00722   0.04200   0.03099   0.05622  
208  0.0060   4064.669806  x:  0.00715   0.00118   0.00350   0.00865   0.00098   0.00473   0.00772   0.02198   0.00479   0.00119   0.00357   0.00000   0.00119   0.00369   0.00239   0.02336   0.01310   0.00238   0.00116   0.00118   0.00471   0.00474   0.00236   0.00236   0.00237   0.00118   0.00117   0.00488   0.00118   0.00000   0.00000   0.00000   0.00118   5.64639   0.57390   1.48963   2.17015  -11.73514  -78.00722   0.04200   0.03099   0.05622  
209  0.0003   4064.669806  x:  0.00715   0.00118   0.00350   0.00865   0.00098   0.00473   0.00772   0.02198   0.00479   0.00119   0.00357   0.00000   0.00119   0.00369   0.00239   0.02336   0.01310   0.00238   0.00116   0.00118   0.00471   0.00474   0.00236   0.00236   0.00237   0.00118   0.00117   0.00488   0.00118   0.00000   0.00000   0.00000   0.00118   5.64639   0.57390   1.48963   2.17015  -11.73514  -78.00721   0.04200   0.03099   0.05622  
210  0.0019   4064.669806  x:  0.00715   0.00118   0.00350   0.00865   0.00098   0.00473   0.00772   0.02198   0.00479   0.00119   0.00357   0.00000   0.00119   0.00369   0.00239   0.02336   0.01310   0.00238   0.00116   0.00118   0.00471   0.00474   0.00236   0.00236   0.00237   0.00118   0.00117   0.00488   0.00118   0.00000   0.00000   0.00000   0.00118   5.64639   0.57390   1.48963   2.17015  -11.73514  -78.00721   0.04200   0.03099   0.05622  