

TREE # 1

  0  0.0000   8442.694873  x:  0.00605   0.00180   0.00517   0.00676   0.00313   0.00240   0.02004   0.02580   0.00654   0.00620   0.00763   0.00307   0.00527   0.01003   0.01053   0.01886   0.00789   0.00752   0.00263   0.01299   0.00824   0.00523   0.00471   0.00581   0.00000   0.00760   0.00862   0.01224   0.00611   1.01681   0.78529   0.85127   0.92763   1.40809   0.98707   0.29168   0.56245   0.72081  
  1 99.0000   8439.380124  x:  0.00600   0.00171   0.00519   0.00675   0.00312   0.00263   0.02002   0.02581   0.00655   0.00622   0.00760   0.00308   0.00526   0.01005   0.01051   0.01888   0.00790   0.00751   0.00261   0.01299   0.00822   0.00519   0.00470   0.00577   0.00203   0.00758   0.00861   0.01224   0.00609   1.01682   0.78529   0.85127   0.92763   1.40809   0.98707   0.29167   0.56245   0.72081  
  2 29843.5911   8427.987882  x:  0.00496   0.00000   0.00550   0.00655   0.00307   0.00664   0.01967   0.02605   0.00659   0.00656   0.00720   0.00329   0.00508   0.01043   0.01012   0.01921   0.00804   0.00736   0.00208   0.01301   0.00781   0.00433   0.00441   0.00491   0.00199   0.00725   0.00807   0.01228   0.00568   1.01694   0.78529   0.85128   0.92763   1.40815   0.98701   0.29141   0.56241   0.72080  
  3 3776.8672   8424.000657  x:  0.00234   0.00000   0.00605   0.00623   0.00280   0.00599   0.01850   0.02668   0.00614   0.00701   0.00621   0.00339   0.00477   0.01120   0.00916   0.02013   0.00840   0.00700   0.00110   0.01325   0.00687   0.00237   0.00397   0.00263   0.00201   0.00640   0.00670   0.01229   0.00481   1.01736   0.78531   0.85133   0.92763   1.40834   0.98684   0.29059   0.56226   0.72078  
  4 1454.3971   8423.206647  x:  0.00283   0.00000   0.00642   0.00613   0.00297   0.00594   0.01746   0.02724   0.00581   0.00719   0.00580   0.00338   0.00475   0.01169   0.00857   0.02086   0.00868   0.00685   0.00154   0.01348   0.00655   0.00300   0.00415   0.00158   0.00202   0.00593   0.00594   0.01246   0.00468   1.01781   0.78534   0.85138   0.92763   1.40854   0.98665   0.28968   0.56210   0.72075  
  5 712.9500   8422.563201  x:  0.00301   0.00000   0.00684   0.00604   0.00311   0.00591   0.01572   0.02824   0.00535   0.00731   0.00566   0.00332   0.00483   0.01233   0.00796   0.02202   0.00897   0.00678   0.00137   0.01378   0.00639   0.00309   0.00422   0.00269   0.00202   0.00556   0.00538   0.01281   0.00486   1.01878   0.78538   0.85149   0.92763   1.40898   0.98623   0.28774   0.56176   0.72068  
  6 638.0483   8421.535449  x:  0.00298   0.00000   0.00642   0.00612   0.00294   0.00596   0.01311   0.03010   0.00533   0.00713   0.00659   0.00329   0.00498   0.01295   0.00835   0.02376   0.00889   0.00707   0.00138   0.01396   0.00714   0.00280   0.00415   0.00223   0.00201   0.00621   0.00667   0.01304   0.00536   1.02140   0.78552   0.85179   0.92763   1.41017   0.98511   0.28250   0.56085   0.72051  
  7 617.3766   8418.424171  x:  0.00216   0.00000   0.00524   0.00657   0.00328   0.00594   0.01300   0.03425   0.00673   0.00627   0.00562   0.00297   0.00425   0.01253   0.01023   0.02597   0.00775   0.00703   0.00080   0.01366   0.00679   0.00442   0.00445   0.00261   0.00201   0.00681   0.00672   0.01311   0.00338   1.03206   0.78605   0.85298   0.92763   1.41504   0.98052   0.26108   0.55711   0.71981  
  8 839.4870   8408.036147  x:  0.00292   0.00000   0.00424   0.00699   0.00257   0.00586   0.01645   0.04655   0.00995   0.00495   0.00329   0.00335   0.00413   0.01048   0.01395   0.03106   0.00541   0.00661   0.00514   0.01299   0.00503   0.00170   0.00404   0.00346   0.00201   0.00709   0.00509   0.01323   0.00443   1.07233   0.78807   0.85750   0.92764   1.43350   0.96311   0.17991   0.54295   0.71714  
  9 7169.2431   8375.892702  x:  0.00029   0.00000   0.00787   0.00660   0.00192   0.00546   0.02545   0.06752   0.01302   0.00665   0.00896   0.00480   0.00621   0.00722   0.01661   0.03728   0.00585   0.00637   0.00685   0.01204   0.00486   0.00376   0.00256   0.00354   0.00202   0.00545   0.00295   0.01318   0.00743   1.16129   0.79253   0.86749   0.92768   1.47450   0.92450   0.00000   0.51160   0.71123  
 10 20893.1242   8375.702525  x:  0.00039   0.00000   0.00806   0.00658   0.00189   0.00543   0.02593   0.06859   0.01317   0.00675   0.00924   0.00486   0.00629   0.00709   0.01673   0.03758   0.00590   0.00636   0.00674   0.01198   0.00485   0.00374   0.00247   0.00350   0.00203   0.00536   0.00288   0.01317   0.00748   1.16599   0.79277   0.86801   0.92768   1.47666   0.92246   0.00000   0.50995   0.71091  
 11 18392.3427   8374.648187  x:  0.00040   0.00000   0.00891   0.00658   0.00270   0.00533   0.02838   0.07357   0.01342   0.00726   0.00939   0.00483   0.00641   0.00725   0.01660   0.03857   0.00658   0.00652   0.00673   0.01203   0.00512   0.00343   0.00350   0.00348   0.00202   0.00508   0.00390   0.01319   0.00768   1.19187   0.79407   0.87092   0.92769   1.48867   0.91115   0.00000   0.50080   0.70919  
 12 6564.6505   8372.456390  x:  0.00038   0.00000   0.00892   0.00669   0.00154   0.00528   0.03173   0.08085   0.01280   0.00726   0.00845   0.00396   0.00615   0.00884   0.01552   0.03888   0.00732   0.00734   0.00698   0.01252   0.00661   0.00377   0.00265   0.00362   0.00201   0.00646   0.00431   0.01323   0.00798   1.24090   0.79653   0.87641   0.92773   1.51159   0.88961   0.00000   0.48341   0.70590  
 13 6395.9862   8370.165322  x:  0.00036   0.00000   0.00719   0.00720   0.00344   0.00534   0.03345   0.08722   0.01146   0.00640   0.00887   0.00352   0.00618   0.00931   0.01461   0.03803   0.00658   0.00770   0.00698   0.01289   0.00681   0.00355   0.00215   0.00350   0.00201   0.00818   0.00316   0.01316   0.00883   1.29773   0.79940   0.88278   0.92777   1.53830   0.86452   0.00000   0.46320   0.70208  
 14 9209.4871   8367.001190  x:  0.00037   0.00000   0.00492   0.00729   0.00222   0.00552   0.03416   0.09404   0.00978   0.00549   0.00957   0.00390   0.00627   0.00872   0.01385   0.03640   0.00513   0.00729   0.00698   0.01320   0.00535   0.00355   0.00397   0.00357   0.00201   0.00905   0.00267   0.01320   0.00947   1.37066   0.80307   0.89095   0.92783   1.57268   0.83223   0.00000   0.43721   0.69717  
 15 17328.3380   8363.750890  x:  0.00034   0.00000   0.00423   0.00739   0.00213   0.00551   0.03335   0.09922   0.00907   0.00530   0.00902   0.00492   0.00612   0.00719   0.01424   0.03450   0.00436   0.00628   0.00808   0.01328   0.00359   0.00387   0.00241   0.00397   0.00200   0.00824   0.00429   0.01352   0.00914   1.44195   0.80667   0.89894   0.92790   1.60640   0.80058   0.00000   0.41173   0.69235  
 16 15881.6486   8358.441488  x:  0.00028   0.00000   0.00477   0.00764   0.00192   0.00544   0.03029   0.10597   0.01037   0.00554   0.00782   0.00681   0.00569   0.00454   0.01801   0.03101   0.00443   0.00542   0.01052   0.01256   0.00607   0.00313   0.00231   0.00469   0.00200   0.00637   0.00343   0.01387   0.00740   1.56251   0.81276   0.91245   0.92803   1.66358   0.74691   0.00000   0.36853   0.68418  
 17 19546.3396   8354.508035  x:  0.00024   0.00000   0.00598   0.00761   0.00184   0.00517   0.02810   0.10962   0.01352   0.00589   0.00791   0.00788   0.00601   0.00725   0.02315   0.02868   0.00469   0.00656   0.01253   0.01104   0.00460   0.00277   0.00232   0.00542   0.00200   0.00543   0.00256   0.01358   0.00657   1.65652   0.81751   0.92299   0.92815   1.70824   0.70500   0.00000   0.33475   0.67778  
 18 18168.4137   8352.633101  x:  0.00023   0.00000   0.00771   0.00649   0.00185   0.00520   0.02739   0.10848   0.01561   0.00534   0.00685   0.00508   0.00629   0.00632   0.02513   0.03107   0.00505   0.00625   0.01203   0.01038   0.00362   0.00301   0.00256   0.00524   0.00200   0.00643   0.00236   0.01277   0.00825   1.69742   0.81957   0.92758   0.92824   1.72779   0.68665   0.00000   0.31982   0.67495  
 19 3808.7926   8351.546090  x:  0.00022   0.00000   0.00738   0.00650   0.00181   0.00518   0.02781   0.10659   0.01707   0.00560   0.00678   0.00382   0.00636   0.00679   0.02553   0.03414   0.00367   0.00568   0.01199   0.01058   0.00406   0.00310   0.00247   0.00528   0.00200   0.00517   0.00244   0.01238   0.00894   1.72003   0.82071   0.93011   0.92831   1.73862   0.67646   0.00000   0.31142   0.67335  
 20 3431.3195   8350.263234  x:  0.00021   0.00000   0.00565   0.00736   0.00164   0.00517   0.02876   0.10323   0.01905   0.00553   0.00735   0.00391   0.00603   0.00646   0.02550   0.03954   0.00498   0.00603   0.01258   0.01149   0.00381   0.00294   0.00233   0.00557   0.00200   0.00459   0.00227   0.01241   0.00875   1.74814   0.82213   0.93327   0.92844   1.75212   0.66377   0.00000   0.30082   0.67132  
 21 3691.2432   8349.510521  x:  0.00021   0.00000   0.00614   0.00736   0.00169   0.00507   0.02951   0.10078   0.01991   0.00540   0.00762   0.00562   0.00614   0.00638   0.02487   0.04331   0.00429   0.00619   0.01319   0.01155   0.00384   0.00282   0.00238   0.00578   0.00200   0.00589   0.00228   0.01305   0.00787   1.76459   0.82295   0.93512   0.92854   1.76001   0.65633   0.00000   0.29447   0.67010  
 22 2583.8642   8349.368510  x:  0.00020   0.00000   0.00601   0.00696   0.00171   0.00508   0.02970   0.10042   0.01952   0.00480   0.00766   0.00581   0.00634   0.00648   0.02486   0.04392   0.00443   0.00621   0.01329   0.01062   0.00398   0.00279   0.00232   0.00579   0.00200   0.00568   0.00233   0.01324   0.00766   1.76676   0.82305   0.93536   0.92859   1.76100   0.65537   0.00000   0.29343   0.66990  
 23 287.2673   8349.156738  x:  0.00020   0.00000   0.00571   0.00687   0.00173   0.00509   0.02987   0.09999   0.01844   0.00568   0.00761   0.00574   0.00619   0.00644   0.02530   0.04456   0.00450   0.00632   0.01346   0.00945   0.00397   0.00278   0.00232   0.00584   0.00200   0.00582   0.00230   0.01344   0.00753   1.76897   0.82314   0.93561   0.92873   1.76191   0.65443   0.00000   0.29197   0.66960  
 24 211.7163   8347.895217  x:  0.00020   0.00000   0.00693   0.00805   0.00156   0.00541   0.03098   0.09800   0.01240   0.00547   0.00800   0.00554   0.00550   0.00685   0.02931   0.04654   0.00456   0.00603   0.01369   0.00982   0.00388   0.00258   0.00236   0.00573   0.00200   0.00559   0.00223   0.01354   0.00684   1.77839   0.82348   0.93665   0.92968   1.76534   0.65058   0.00000   0.28395   0.66795  
 25 325.6126   8346.522605  x:  0.00020   0.00000   0.00643   0.00645   0.00179   0.00552   0.03169   0.09629   0.00867   0.00614   0.00671   0.00722   0.00705   0.00708   0.03242   0.04777   0.00481   0.00654   0.01267   0.01137   0.00417   0.00300   0.00228   0.00556   0.00200   0.00531   0.00216   0.01289   0.00736   1.78780   0.82378   0.93770   0.93079   1.76854   0.64684   0.00000   0.27513   0.66613  
 26 906.6361   8340.913775  x:  0.00020   0.00000   0.00627   0.00582   0.00203   0.00538   0.03179   0.09186   0.00797   0.00606   0.00624   0.01026   0.00370   0.00844   0.03262   0.04758   0.00594   0.00348   0.01042   0.01108   0.00467   0.00394   0.00231   0.00509   0.00200   0.00555   0.00207   0.01282   0.01032   1.81871   0.82467   0.94110   0.93506   1.77820   0.63488   0.00000   0.24305   0.65947  
 27 849.6627   8325.880093  x:  0.00020   0.00000   0.00780   0.00778   0.00191   0.00536   0.03085   0.08106   0.00727   0.00555   0.00546   0.01285   0.00095   0.00783   0.02941   0.04641   0.00549   0.00676   0.00605   0.01001   0.00491   0.00524   0.00238   0.00366   0.00201   0.00381   0.00222   0.01370   0.01408   1.89524   0.82687   0.94952   0.94576   1.80195   0.60533   0.00000   0.16301   0.64284  
 28 11418.6374   8302.880323  x:  0.00020   0.00000   0.00953   0.01300   0.00143   0.00538   0.02941   0.06461   0.00681   0.00549   0.00439   0.01520   0.00254   0.00765   0.02431   0.04433   0.00602   0.00736   0.00000   0.00813   0.00528   0.00674   0.00250   0.00162   0.00201   0.00268   0.00241   0.01542   0.01766   2.01237   0.83022   0.96241   0.96216   1.83829   0.56011   0.00000   0.04036   0.61737  
 29 96299.1213   8302.880323  x:  0.00020   0.00000   0.00953   0.01300   0.00143   0.00538   0.02941   0.06461   0.00681   0.00549   0.00439   0.01520   0.00254   0.00765   0.02431   0.04433   0.00602   0.00736   0.00000   0.00813   0.00528   0.00674   0.00250   0.00162   0.00201   0.00268   0.00241   0.01542   0.01766   2.01237   0.83022   0.96241   0.96216   1.83829   0.56011   0.00000   0.04036   0.61737  
 30 22690.8739   8290.250833  x:  0.00328   0.00000   0.00950   0.01290   0.00157   0.00553   0.02932   0.06448   0.00678   0.00556   0.00449   0.01508   0.00281   0.00778   0.02417   0.04422   0.00619   0.00738   0.00589   0.00832   0.00538   0.00659   0.00274   0.00169   0.00205   0.00297   0.00275   0.01541   0.01749   2.01238   0.83022   0.96241   0.96216   1.83830   0.56010   0.00000   0.04035   0.61737  
 31 35163.3445   8265.164181  x:  0.00356   0.00000   0.00813   0.00981   0.00512   0.01021   0.02638   0.06062   0.00594   0.00748   0.00733   0.01122   0.00951   0.01141   0.01966   0.04094   0.00934   0.00767   0.00537   0.01257   0.00732   0.00279   0.00649   0.00335   0.00326   0.01054   0.01174   0.01479   0.01218   2.01245   0.83023   0.96240   0.96220   1.83864   0.55976   0.00000   0.04005   0.61731  
 32 3526.4150   8249.582942  x:  0.00419   0.00000   0.00685   0.00662   0.00375   0.01175   0.02309   0.05600   0.00516   0.00804   0.00723   0.00667   0.00852   0.01309   0.01471   0.03718   0.01041   0.00781   0.00504   0.01465   0.00772   0.00244   0.00552   0.00213   0.00000   0.01083   0.01163   0.01406   0.00652   2.01254   0.83024   0.96239   0.96224   1.83906   0.55935   0.00000   0.03967   0.61723  
 33 2339.3460   8244.079957  x:  0.00456   0.00000   0.00612   0.00476   0.00282   0.01256   0.02111   0.05320   0.00473   0.00832   0.00708   0.00394   0.00768   0.01401   0.01174   0.03491   0.01097   0.00788   0.00486   0.01581   0.00790   0.00238   0.00481   0.00138   0.00043   0.01078   0.01130   0.01363   0.00319   2.01259   0.83024   0.96238   0.96227   1.83931   0.55910   0.00000   0.03943   0.61718  
 34 16519.4001   8239.175492  x:  0.00440   0.00000   0.00597   0.00502   0.00376   0.01319   0.01834   0.04853   0.00511   0.00847   0.00695   0.00144   0.00657   0.01486   0.00811   0.03135   0.01120   0.00771   0.00494   0.01676   0.00768   0.00327   0.00455   0.00367   0.00046   0.01030   0.01072   0.01328   0.00419   2.01269   0.83025   0.96238   0.96232   1.83977   0.55865   0.00000   0.03903   0.61710  
 35 1907.2531   8235.701866  x:  0.00412   0.00000   0.00597   0.00558   0.00431   0.01370   0.01543   0.04275   0.00579   0.00860   0.00715   0.00369   0.00591   0.01568   0.00547   0.02717   0.01118   0.00752   0.00508   0.01754   0.00736   0.00273   0.00462   0.00354   0.00052   0.00976   0.01020   0.01282   0.00467   2.01281   0.83025   0.96237   0.96238   1.84037   0.55805   0.00000   0.03850   0.61699  
 36 2096.4914   8232.230022  x:  0.00383   0.00000   0.00638   0.00636   0.00446   0.01385   0.01298   0.03461   0.00598   0.00831   0.00736   0.00307   0.00639   0.01592   0.00812   0.02200   0.01064   0.00734   0.00523   0.01784   0.00710   0.00250   0.00522   0.00214   0.00055   0.00922   0.00998   0.01246   0.00525   2.01302   0.83027   0.96237   0.96248   1.84133   0.55708   0.00000   0.03766   0.61682  
 37 1517.5488   8231.353749  x:  0.00406   0.00000   0.00671   0.00608   0.00385   0.01358   0.01444   0.03101   0.00551   0.00796   0.00728   0.00358   0.00698   0.01538   0.00825   0.02112   0.01007   0.00746   0.00512   0.01732   0.00734   0.00321   0.00500   0.00314   0.00052   0.00929   0.01032   0.01272   0.00467   2.01318   0.83028   0.96237   0.96255   1.84205   0.55636   0.00000   0.03704   0.61670  
 38 594.6430   8230.997485  x:  0.00405   0.00000   0.00663   0.00604   0.00386   0.01334   0.01548   0.02931   0.00539   0.00789   0.00715   0.00332   0.00697   0.01501   0.00788   0.02127   0.00985   0.00749   0.00513   0.01692   0.00733   0.00239   0.00485   0.00299   0.00052   0.00936   0.01046   0.01282   0.00490   2.01330   0.83029   0.96237   0.96260   1.84258   0.55581   0.00000   0.03658   0.61661  
 39 539.8328   8230.834366  x:  0.00395   0.00000   0.00641   0.00607   0.00414   0.01323   0.01596   0.02840   0.00555   0.00804   0.00715   0.00320   0.00685   0.01488   0.00759   0.02168   0.00989   0.00746   0.00518   0.01670   0.00731   0.00278   0.00501   0.00243   0.00052   0.00952   0.01063   0.01282   0.00502   2.01342   0.83030   0.96237   0.96265   1.84312   0.55527   0.00000   0.03612   0.61653  
 40 365.0530   8230.638307  x:  0.00381   0.00000   0.00628   0.00604   0.00429   0.01311   0.01576   0.02747   0.00607   0.00850   0.00728   0.00326   0.00635   0.01486   0.00790   0.02272   0.01039   0.00735   0.00525   0.01648   0.00712   0.00268   0.00515   0.00279   0.00051   0.00964   0.01056   0.01287   0.00463   2.01377   0.83033   0.96237   0.96280   1.84470   0.55367   0.00000   0.03476   0.61627  
 41 204.2152   8230.136984  x:  0.00434   0.00000   0.00655   0.00557   0.00354   0.01307   0.01459   0.02640   0.00570   0.00872   0.00742   0.00336   0.00681   0.01490   0.00791   0.02444   0.01132   0.00749   0.00497   0.01615   0.00739   0.00277   0.00475   0.00273   0.00053   0.00984   0.01042   0.01290   0.00541   2.01500   0.83043   0.96239   0.96331   1.85016   0.54812   0.00000   0.03003   0.61537  
 42 388.0579   8228.042333  x:  0.00421   0.00000   0.00735   0.00759   0.00470   0.01320   0.01301   0.02545   0.00375   0.00724   0.00659   0.00329   0.00823   0.01485   0.00743   0.02652   0.01212   0.00774   0.00503   0.01514   0.00768   0.00269   0.00479   0.00262   0.00051   0.00928   0.00953   0.01295   0.00417   2.02048   0.83089   0.96246   0.96563   1.87465   0.52326   0.00000   0.00882   0.61137  
 43 1208.7134   8226.383711  x:  0.00412   0.00000   0.00730   0.00754   0.00461   0.01340   0.01303   0.02543   0.00401   0.00699   0.00651   0.00326   0.00843   0.01498   0.00739   0.02657   0.01214   0.00772   0.00508   0.01497   0.00768   0.00268   0.00487   0.00263   0.00051   0.00914   0.00947   0.01287   0.00416   2.02276   0.83108   0.96249   0.96659   1.88482   0.51293   0.00000   0.00000   0.60971  
 44 6343.2817   8211.466198  x:  0.00389   0.00000   0.00588   0.00654   0.00518   0.01484   0.01425   0.02567   0.00073   0.00869   0.00859   0.00366   0.00656   0.01658   0.00810   0.02521   0.01191   0.00707   0.00523   0.01418   0.00654   0.00279   0.00451   0.00289   0.00053   0.00842   0.00983   0.01212   0.00484   2.06483   0.83460   0.96298   0.98441   2.07269   0.32207   0.00000   0.00000   0.57895  
 45 33689.6301   8203.164407  x:  0.00632   0.00000   0.00720   0.00763   0.00661   0.01367   0.01470   0.02616   0.00178   0.01103   0.01007   0.00344   0.00563   0.01583   0.00829   0.02366   0.01127   0.00765   0.00399   0.01467   0.00719   0.00281   0.00160   0.00235   0.00051   0.00919   0.01057   0.01279   0.00436   2.09342   0.83699   0.96329   0.99655   2.20034   0.19236   0.00000   0.00000   0.55803  
 46 52624.0367   8198.415526  x:  0.00897   0.00000   0.00922   0.00808   0.00632   0.01066   0.01454   0.02670   0.00221   0.01336   0.01027   0.00304   0.00445   0.01351   0.00759   0.02233   0.01038   0.00844   0.00254   0.01583   0.00812   0.00246   0.00465   0.00203   0.00049   0.01005   0.01039   0.01401   0.00404   2.11466   0.83876   0.96350   1.00560   2.29516   0.09600   0.00000   0.00000   0.54246  
 47 36442.8920   8196.716177  x:  0.00760   0.00000   0.00851   0.00749   0.00613   0.00805   0.01370   0.02692   0.00218   0.01476   0.00835   0.00316   0.00571   0.01102   0.00741   0.02193   0.00990   0.00752   0.00324   0.01763   0.00744   0.00253   0.00433   0.00221   0.00047   0.01123   0.01025   0.01432   0.00402   2.12069   0.83925   0.96350   1.00824   2.32203   0.06868   0.00000   0.00000   0.53798  
 48 4495.0985   8196.535467  x:  0.00716   0.00000   0.00858   0.00755   0.00595   0.00874   0.01354   0.02687   0.00212   0.01495   0.00760   0.00325   0.00533   0.01035   0.00752   0.02206   0.00953   0.00786   0.00347   0.01821   0.00785   0.00256   0.00425   0.00220   0.00047   0.01175   0.01028   0.01451   0.00411   2.12136   0.83929   0.96345   1.00860   2.32495   0.06570   0.00000   0.00000   0.53744  
 49 594.4107   8196.517234  x:  0.00708   0.00000   0.00865   0.00775   0.00576   0.00882   0.01359   0.02681   0.00213   0.01496   0.00778   0.00321   0.00539   0.01045   0.00749   0.02222   0.00924   0.00784   0.00351   0.01856   0.00772   0.00256   0.00425   0.00219   0.00047   0.01192   0.01009   0.01454   0.00411   2.12145   0.83928   0.96335   1.00875   2.32522   0.06540   0.00000   0.00000   0.53729  
 50 64.3030   8196.511258  x:  0.00709   0.00000   0.00861   0.00774   0.00579   0.00872   0.01362   0.02677   0.00212   0.01480   0.00776   0.00323   0.00532   0.01057   0.00753   0.02229   0.00920   0.00783   0.00350   0.01881   0.00783   0.00256   0.00424   0.00220   0.00047   0.01194   0.01008   0.01447   0.00413   2.12151   0.83925   0.96317   1.00899   2.32527   0.06531   0.00000   0.00000   0.53708  
 51 26.0109   8196.498839  x:  0.00726   0.00000   0.00861   0.00764   0.00592   0.00881   0.01367   0.02673   0.00213   0.01459   0.00777   0.00326   0.00530   0.01042   0.00757   0.02237   0.00925   0.00783   0.00342   0.01913   0.00762   0.00257   0.00425   0.00220   0.00047   0.01182   0.01010   0.01441   0.00414   2.12168   0.83913   0.96254   1.00985   2.32529   0.06513   0.00000   0.00000   0.53638  
 52 36.6527   8196.345675  x:  0.00721   0.00000   0.00832   0.00776   0.00597   0.00907   0.01380   0.02668   0.00216   0.01496   0.00817   0.00325   0.00564   0.01000   0.00756   0.02260   0.00930   0.00750   0.00343   0.01978   0.00833   0.00252   0.00431   0.00223   0.00048   0.01058   0.01022   0.01443   0.00414   2.12409   0.83748   0.95348   1.02193   2.32516   0.06301   0.00000   0.00000   0.52642  
 53 109.8477   8195.412704  x:  0.00681   0.00000   0.00847   0.00814   0.00554   0.00878   0.01391   0.02666   0.00215   0.01603   0.00723   0.00324   0.00607   0.01113   0.00759   0.02315   0.00911   0.00927   0.00364   0.02041   0.00754   0.00257   0.00433   0.00223   0.00048   0.00846   0.01177   0.01477   0.00418   2.13902   0.82723   0.89733   1.09688   2.32424   0.04997   0.00000   0.00000   0.46467  
 54 1735.9074   8191.768271  x:  0.00652   0.00000   0.00945   0.00774   0.00524   0.00907   0.01331   0.02732   0.00221   0.01434   0.00703   0.00330   0.00511   0.01129   0.00767   0.02350   0.00862   0.00635   0.00382   0.01825   0.00729   0.00266   0.00428   0.00217   0.00046   0.01041   0.01218   0.01484   0.00434   2.19417   0.78945   0.68989   1.37375   2.32078   0.00187   0.00000   0.00000   0.23642  
 55 9169.1900   8191.126254  x:  0.00623   0.00000   0.00850   0.00746   0.00560   0.00893   0.01344   0.02749   0.00227   0.01400   0.00797   0.00338   0.00544   0.01076   0.00779   0.02323   0.00913   0.00793   0.00396   0.01779   0.00757   0.00264   0.00431   0.00236   0.00047   0.01136   0.01068   0.01439   0.00442   2.20461   0.78235   0.65069   1.42618   2.32010  -0.00724   0.00000   0.00000   0.19312  
 56 9157.7200   8191.098406  x:  0.00644   0.00000   0.00834   0.00761   0.00560   0.00906   0.01365   0.02749   0.00226   0.01420   0.00768   0.00341   0.00555   0.01091   0.00784   0.02314   0.00940   0.00785   0.00385   0.01786   0.00757   0.00263   0.00433   0.00238   0.00048   0.01148   0.01037   0.01438   0.00445   2.20505   0.78211   0.64915   1.42839   2.32005  -0.00764   0.00000   0.00000   0.19120  
 57 343.3119   8191.074736  x:  0.00636   0.00000   0.00824   0.00793   0.00528   0.00901   0.01372   0.02751   0.00226   0.01403   0.00777   0.00339   0.00544   0.01081   0.00781   0.02305   0.00979   0.00785   0.00389   0.01793   0.00752   0.00265   0.00431   0.00237   0.00048   0.01154   0.01053   0.01444   0.00445   2.20538   0.78279   0.64946   1.43015   2.31968  -0.00811   0.00000   0.00000   0.18840  
 58 27.0184   8188.474628  x:  0.00689   0.00000   0.00581   0.00813   0.00515   0.00912   0.01309   0.02773   0.00234   0.01295   0.00783   0.00353   0.00536   0.01099   0.00804   0.02326   0.00916   0.00785   0.00362   0.01723   0.00740   0.00266   0.00438   0.00256   0.00048   0.01182   0.01062   0.01663   0.00457   2.22661   0.83165   0.67847   1.54401   2.29381  -0.03964   0.00000   0.00000   0.00000  
 59 320.0762   8184.461412  x:  0.00369   0.00000   0.00686   0.00579   0.00587   0.00962   0.01412   0.02901   0.00267   0.01008   0.00874   0.00383   0.00561   0.01235   0.00855   0.02343   0.01185   0.00754   0.00525   0.01560   0.00734   0.00284   0.00437   0.00235   0.00053   0.01280   0.00810   0.02016   0.00544   2.34242   1.09843   0.83707   2.16528   2.15253  -0.21175   0.00000   0.00000   0.00000  
 60 13668.3232   8180.335535  x:  0.00326   0.00000   0.00581   0.00679   0.00442   0.01018   0.01399   0.03030   0.00302   0.00890   0.00856   0.00397   0.00560   0.01142   0.00894   0.02441   0.01135   0.00745   0.00551   0.01243   0.00695   0.00294   0.00463   0.00320   0.00056   0.01414   0.00814   0.01184   0.00569   2.45432   1.35627   0.99042   2.76567   2.01595  -0.37812   0.00000   0.00000   0.00000  
 61 27280.5224   8176.070596  x:  0.00295   0.00000   0.00350   0.00555   0.00308   0.01129   0.01344   0.02922   0.00351   0.00543   0.00747   0.00365   0.00546   0.01287   0.00858   0.02329   0.01063   0.00690   0.00563   0.01314   0.00645   0.00290   0.00478   0.00296   0.00050   0.01109   0.00805   0.01262   0.00530   2.29632   1.27527   0.97759   2.81166   1.55262  -1.06109   0.00000   0.00000   0.00000  
 62  2.2043   8172.526397  x:  0.00378   0.00000   0.00467   0.00497   0.00246   0.01147   0.01430   0.02811   0.00368   0.00658   0.00622   0.00320   0.00516   0.01322   0.00813   0.02138   0.00900   0.00660   0.00514   0.01474   0.00618   0.00278   0.00478   0.00244   0.00050   0.00692   0.00800   0.01204   0.00484   2.76315   1.39656   0.97753   2.71689   1.47719  -1.22842   0.00000   0.00000   0.00000  
 63  2.7023   8170.902318  x:  0.00413   0.00000   0.00598   0.00522   0.00286   0.01108   0.01528   0.02846   0.00369   0.00759   0.00603   0.00325   0.00507   0.01272   0.00835   0.02107   0.00842   0.00675   0.00492   0.01398   0.00625   0.00276   0.00472   0.00228   0.00058   0.00618   0.00699   0.01187   0.00503   2.52235   1.18212   1.17946   2.84669   1.62197  -1.21612   0.00000   0.00000   0.00000  
 64  2.2785   8170.597906  x:  0.00397   0.00000   0.00635   0.00573   0.00287   0.01084   0.01562   0.02869   0.00377   0.00749   0.00582   0.00338   0.00512   0.01263   0.00857   0.02185   0.00811   0.00671   0.00497   0.01339   0.00622   0.00279   0.00469   0.00226   0.00064   0.00562   0.00729   0.01229   0.00520   2.46307   1.32327   1.11558   2.84090   1.60531  -1.25645   0.00000   0.00000   0.00000  
 65  0.8718   8170.261478  x:  0.00366   0.00000   0.00628   0.00635   0.00291   0.01040   0.01592   0.02886   0.00391   0.00682   0.00575   0.00349   0.00505   0.01232   0.00874   0.02255   0.00805   0.00684   0.00505   0.01267   0.00632   0.00282   0.00456   0.00214   0.00070   0.00594   0.00680   0.01292   0.00524   2.61100   1.28526   1.17606   2.91023   1.52159  -1.30868   0.00000   0.00000   0.00000  
 66  0.7122   8169.990567  x:  0.00331   0.00000   0.00639   0.00642   0.00287   0.00997   0.01588   0.02877   0.00405   0.00719   0.00583   0.00337   0.00476   0.01196   0.00856   0.02242   0.00820   0.00696   0.00508   0.01300   0.00643   0.00283   0.00429   0.00189   0.00072   0.00619   0.00606   0.01227   0.00486   2.57848   1.38691   1.20615   3.01603   1.57792  -1.24466   0.00000   0.00000   0.00000  
 67  0.3560   8169.614268  x:  0.00311   0.00000   0.00639   0.00609   0.00297   0.00944   0.01572   0.02895   0.00460   0.00732   0.00617   0.00350   0.00447   0.01178   0.00866   0.02281   0.00867   0.00688   0.00480   0.01243   0.00621   0.00296   0.00390   0.00206   0.00085   0.00533   0.00669   0.01181   0.00481   2.57065   1.34553   1.24256   2.95713   1.62209  -1.16386   0.00000   0.00000   0.00000  
 68  0.0946   8169.298282  x:  0.00405   0.00000   0.00647   0.00604   0.00286   0.00924   0.01544   0.02881   0.00509   0.00702   0.00606   0.00357   0.00455   0.01178   0.00865   0.02292   0.00869   0.00688   0.00385   0.01241   0.00615   0.00299   0.00364   0.00215   0.00097   0.00597   0.00668   0.01206   0.00474   2.52363   1.38665   1.27175   2.97099   1.59233  -1.17128   0.00000   0.00000   0.00000  
 69  0.1025   8168.817229  x:  0.00338   0.00000   0.00618   0.00599   0.00253   0.00966   0.01525   0.02859   0.00604   0.00769   0.00561   0.00354   0.00510   0.01211   0.00874   0.02283   0.00824   0.00672   0.00334   0.01328   0.00623   0.00296   0.00341   0.00222   0.00121   0.00611   0.00635   0.01300   0.00501   2.51141   1.30773   1.24654   2.76881   1.50242  -1.25737   0.00000   0.00000   0.00000  
 70  0.2339   8168.489407  x:  0.00339   0.00000   0.00631   0.00579   0.00316   0.01012   0.01531   0.02875   0.00668   0.00676   0.00599   0.00331   0.00511   0.01226   0.00860   0.02231   0.00827   0.00673   0.00262   0.01388   0.00658   0.00283   0.00346   0.00197   0.00138   0.00570   0.00600   0.01277   0.00496   2.53897   1.30393   1.21154   2.68011   1.43337  -1.33156   0.00000   0.00000   0.00000  
 71  0.1676   8168.231602  x:  0.00299   0.00000   0.00657   0.00603   0.00277   0.01024   0.01569   0.02892   0.00718   0.00668   0.00619   0.00309   0.00481   0.01204   0.00847   0.02216   0.00862   0.00693   0.00213   0.01326   0.00657   0.00270   0.00372   0.00193   0.00149   0.00625   0.00639   0.01226   0.00485   2.52937   1.29020   1.17143   2.61458   1.40945  -1.37353   0.00000   0.00000   0.00000  
 72  0.0969   8168.110548  x:  0.00315   0.00000   0.00626   0.00609   0.00289   0.00992   0.01575   0.02889   0.00727   0.00722   0.00601   0.00310   0.00474   0.01166   0.00842   0.02237   0.00883   0.00697   0.00167   0.01315   0.00647   0.00266   0.00399   0.00210   0.00154   0.00603   0.00618   0.01236   0.00472   2.54103   1.29686   1.15456   2.60207   1.39323  -1.38699   0.00000   0.00000   0.00000  
 73  0.0317   8167.979494  x:  0.00284   0.00000   0.00654   0.00606   0.00281   0.00938   0.01564   0.02889   0.00678   0.00701   0.00586   0.00326   0.00476   0.01147   0.00848   0.02259   0.00871   0.00694   0.00164   0.01378   0.00640   0.00276   0.00426   0.00214   0.00148   0.00586   0.00623   0.01245   0.00469   2.52260   1.29961   1.15034   2.66851   1.46661  -1.30389   0.00000   0.00000   0.00000  
 74  0.0770   8167.837770  x:  0.00289   0.00000   0.00648   0.00601   0.00280   0.00951   0.01533   0.02855   0.00606   0.00718   0.00610   0.00331   0.00484   0.01192   0.00850   0.02230   0.00857   0.00684   0.00130   0.01332   0.00662   0.00275   0.00440   0.00190   0.00140   0.00587   0.00631   0.01268   0.00479   2.53268   1.32325   1.17238   2.82051   1.49539  -1.28187   0.00000   0.00000   0.00000  
 75  0.0879   8167.770822  x:  0.00276   0.00000   0.00642   0.00603   0.00295   0.00984   0.01546   0.02873   0.00557   0.00716   0.00593   0.00337   0.00478   0.01214   0.00856   0.02235   0.00865   0.00688   0.00130   0.01350   0.00650   0.00270   0.00426   0.00205   0.00135   0.00605   0.00633   0.01234   0.00484   2.55429   1.33685   1.19395   2.90807   1.51811  -1.27301   0.00000   0.00000   0.00000  
 76  0.0857   8167.758467  x:  0.00278   0.00000   0.00640   0.00608   0.00283   0.00989   0.01557   0.02883   0.00554   0.00710   0.00596   0.00334   0.00479   0.01208   0.00854   0.02241   0.00875   0.00690   0.00121   0.01361   0.00650   0.00268   0.00415   0.00205   0.00135   0.00595   0.00630   0.01239   0.00481   2.55404   1.33304   1.20063   2.90433   1.52062  -1.27377   0.00000   0.00000   0.00000  
 77  0.0125   8167.754545  x:  0.00274   0.00000   0.00637   0.00604   0.00285   0.00986   0.01563   0.02877   0.00551   0.00715   0.00596   0.00332   0.00480   0.01201   0.00852   0.02244   0.00875   0.00690   0.00127   0.01353   0.00649   0.00268   0.00408   0.00204   0.00134   0.00594   0.00631   0.01247   0.00480   2.55077   1.33179   1.19922   2.88505   1.52286  -1.27368   0.00000   0.00000   0.00000  
 78  0.0255   8167.751947  x:  0.00276   0.00000   0.00636   0.00602   0.00287   0.00982   0.01563   0.02872   0.00552   0.00715   0.00596   0.00332   0.00481   0.01196   0.00854   0.02246   0.00871   0.00687   0.00123   0.01353   0.00649   0.00270   0.00405   0.00205   0.00133   0.00596   0.00633   0.01242   0.00483   2.54444   1.32662   1.18903   2.83588   1.52799  -1.26945   0.00000   0.00000   0.00000  
 79  0.0310   8167.749616  x:  0.00277   0.00000   0.00636   0.00605   0.00284   0.00984   0.01558   0.02875   0.00547   0.00713   0.00597   0.00332   0.00480   0.01200   0.00855   0.02243   0.00874   0.00687   0.00126   0.01351   0.00650   0.00271   0.00406   0.00206   0.00131   0.00594   0.00630   0.01241   0.00484   2.54134   1.31971   1.17977   2.78923   1.53373  -1.26467   0.00000   0.00000   0.00000  
 80  0.0349   8167.748433  x:  0.00275   0.00000   0.00636   0.00604   0.00285   0.00985   0.01557   0.02877   0.00547   0.00713   0.00595   0.00332   0.00479   0.01202   0.00854   0.02242   0.00875   0.00690   0.00124   0.01352   0.00649   0.00269   0.00408   0.00204   0.00130   0.00595   0.00631   0.01244   0.00481   2.54085   1.31548   1.17793   2.76388   1.53455  -1.26392   0.00000   0.00000   0.00000  
 81  0.0221   8167.747895  x:  0.00275   0.00000   0.00636   0.00604   0.00285   0.00985   0.01561   0.02878   0.00548   0.00713   0.00597   0.00333   0.00480   0.01201   0.00854   0.02243   0.00873   0.00689   0.00124   0.01353   0.00650   0.00269   0.00410   0.00205   0.00129   0.00596   0.00631   0.01242   0.00482   2.54121   1.31567   1.18304   2.76490   1.53464  -1.26383   0.00000   0.00000   0.00000  
 82  0.0034   8167.747560  x:  0.00276   0.00000   0.00637   0.00604   0.00285   0.00985   0.01560   0.02877   0.00549   0.00712   0.00595   0.00333   0.00480   0.01201   0.00854   0.02242   0.00875   0.00688   0.00124   0.01351   0.00649   0.00269   0.00410   0.00205   0.00127   0.00595   0.00632   0.01243   0.00482   2.54048   1.31766   1.18615   2.77128   1.53380  -1.26439   0.00000   0.00000   0.00000  
 83  0.0032   8167.747032  x:  0.00274   0.00000   0.00636   0.00605   0.00286   0.00985   0.01558   0.02878   0.00551   0.00713   0.00597   0.00332   0.00479   0.01201   0.00854   0.02243   0.00874   0.00689   0.00123   0.01352   0.00649   0.00270   0.00410   0.00206   0.00125   0.00594   0.00633   0.01244   0.00483   2.54081   1.31932   1.18515   2.77592   1.53246  -1.26510   0.00000   0.00000   0.00000  
 84  0.0020   8167.746794  x:  0.00275   0.00000   0.00636   0.00604   0.00285   0.00985   0.01559   0.02878   0.00551   0.00713   0.00596   0.00332   0.00480   0.01201   0.00854   0.02244   0.00873   0.00689   0.00124   0.01352   0.00650   0.00269   0.00409   0.00205   0.00124   0.00595   0.00634   0.01242   0.00483   2.54174   1.31855   1.18408   2.77853   1.53240  -1.26534   0.00000   0.00000   0.00000  
 85  0.0024   8167.746767  x:  0.00275   0.00000   0.00637   0.00604   0.00285   0.00985   0.01560   0.02877   0.00551   0.00712   0.00596   0.00332   0.00480   0.01201   0.00854   0.02243   0.00874   0.00689   0.00123   0.01352   0.00650   0.00269   0.00409   0.00205   0.00124   0.00595   0.00634   0.01243   0.00483   2.54171   1.31830   1.18395   2.77912   1.53214  -1.26573   0.00000   0.00000   0.00000  
 86  0.0009   8167.746765  x:  0.00275   0.00000   0.00637   0.00604   0.00285   0.00985   0.01560   0.02877   0.00551   0.00713   0.00596   0.00332   0.00480   0.01201   0.00854   0.02243   0.00874   0.00689   0.00123   0.01352   0.00650   0.00269   0.00409   0.00205   0.00124   0.00595   0.00634   0.01243   0.00483   2.54172   1.31814   1.18398   2.77903   1.53233  -1.26557   0.00000   0.00000   0.00000  
 87  0.0003   8167.746765  x:  0.00275   0.00000   0.00637   0.00604   0.00285   0.00985   0.01560   0.02877   0.00551   0.00713   0.00596   0.00333   0.00480   0.01201   0.00854   0.02243   0.00874   0.00689   0.00123   0.01352   0.00650   0.00269   0.00409   0.00205   0.00124   0.00595   0.00634   0.01243   0.00483   2.54171   1.31813   1.18395   2.77900   1.53230  -1.26562   0.00000   0.00000   0.00000  