Supplemental results for CODEML (seqf: /home/leticiamagpali/phd/evol_models/codeml/big_dataset/cml_align/CASQ2_codon_aligned.phy  treef: /home/leticiamagpali/phd/evol_models/codeml/big_dataset/cml_trees/gene_trees/M0_gene_trees/CASQ2_tree.tre)

I	J	ij	2Ns_IJ	pMut_IJ	pSub_IJ	2Ns_JI	pMut_JI	pSub_JI

TTC	TTT	CT	0.77758	0.13126	0.18885	-0.77758	0.28566	0.18885	0.18885	0.18885
TTA	TTT	AT	7.21287	0.00003	0.00024	-7.21287	0.04583	0.00024	0.00007	0.00007
TTA	TTC	AC	6.43529	0.00005	0.00035	-6.43529	0.03364	0.00035	0.00010	0.00010
TTG	TTT	GT	0.67682	0.01929	0.02655	-0.67682	0.03795	0.02655	0.00757	0.00757
TTG	TTC	GC	-0.10077	0.03081	0.02928	0.10077	0.02785	0.02928	0.00835	0.00835
TTG	TTA	GA	-6.53606	0.11749	0.00112	6.53606	0.00017	0.00112	0.00112	0.00112
TCT	TTT	CT	1.99461	0.03887	0.08974	-1.99461	0.28566	0.08974	0.02560	0.02560
TCC	TTC	CT	1.74187	0.03673	0.07756	-1.74187	0.20964	0.07756	0.02213	0.02213
TCC	TCT	CT	0.52484	0.03673	0.04721	-0.52484	0.06208	0.04721	0.04721	0.04721
TCA	TTA	CT	-4.60699	0.02635	0.00122	4.60699	0.00026	0.00122	0.00035	0.00035
TCA	TCT	AT	0.61128	0.00540	0.00722	-0.61128	0.00996	0.00722	0.00722	0.00722
TCA	TCC	AC	0.08643	0.00863	0.00901	-0.08643	0.00941	0.00901	0.00901	0.00901
TCG	TTG	CT	6.12242	0.00033	0.00202	-6.12242	0.15019	0.00202	0.00058	0.00058
TCG	TCT	GT	4.80463	0.00007	0.00033	-4.80463	0.00825	0.00033	0.00033	0.00033
TCG	TCC	GC	4.27979	0.00011	0.00047	-4.27979	0.00779	0.00047	0.00047	0.00047
TCG	TCA	GA	4.19336	0.00041	0.00175	-4.19336	0.02726	0.00175	0.00175	0.00175
TAT	TTT	AT	1.22894	0.01341	0.02330	-1.22894	0.04583	0.02330	0.00665	0.00665
TAT	TCT	AC	-0.76567	0.02142	0.01425	0.76567	0.00996	0.01425	0.00407	0.00407
TAC	TTC	AT	0.54910	0.01942	0.02524	-0.54910	0.03364	0.02524	0.00720	0.00720
TAC	TCC	AC	-1.19276	0.03102	0.01611	1.19276	0.00941	0.01611	0.00460	0.00460
TAC	TAT	CT	0.09775	0.09470	0.09941	-0.09775	0.10443	0.09941	0.09941	0.09941
TGT	TTT	GT	3.41329	0.00125	0.00441	-3.41329	0.03795	0.00441	0.00126	0.00126
TGT	TCT	GC	1.41868	0.00200	0.00374	-1.41868	0.00825	0.00374	0.00107	0.00107
TGT	TAT	GA	2.18435	0.00761	0.01874	-2.18435	0.06764	0.01874	0.00535	0.00535
TGC	TTC	GT	1.89452	0.00419	0.00934	-1.89452	0.02785	0.00934	0.00266	0.00266
TGC	TCC	GC	0.15266	0.00669	0.00721	-0.15266	0.00779	0.00721	0.00206	0.00206
TGC	TAC	GA	1.34542	0.02551	0.04642	-1.34542	0.09797	0.04642	0.01324	0.01324
TGC	TGT	CT	-0.74118	0.02042	0.01378	0.74118	0.00973	0.01378	0.01378	0.01378
TGG	TTG	GT	0.47870	0.01236	0.01556	-0.47870	0.01995	0.01556	0.00444	0.00444
TGG	TCG	GC	-5.64372	0.01975	0.00040	5.64372	0.00007	0.00040	0.00011	0.00011
TGG	TGT	GT	-2.25777	0.01236	0.00326	2.25777	0.00129	0.00326	0.00093	0.00093
TGG	TGC	GC	-1.51659	0.01975	0.00842	1.51659	0.00433	0.00842	0.00240	0.00240
CTT	TTT	CT	1.74141	0.05007	0.10572	-1.74141	0.28566	0.10572	0.03016	0.03016
CTC	TTC	CT	1.19320	0.06357	0.10887	-1.19320	0.20964	0.10887	0.03106	0.03106
CTC	CTT	CT	0.22937	0.06357	0.07114	-0.22937	0.07996	0.07114	0.07114	0.07114
CTA	TTA	CT	-4.92089	0.03607	0.00130	4.92089	0.00026	0.00130	0.00130	0.00130
CTA	CTT	AT	0.55057	0.00740	0.00962	-0.55057	0.01283	0.00962	0.00962	0.00962
CTA	CTC	AC	0.32120	0.01182	0.01381	-0.32120	0.01629	0.01381	0.01381	0.01381
CTG	TTG	CT	-0.18019	0.17985	0.16413	0.18019	0.15019	0.16413	0.16413	0.16413
CTG	CTT	GT	-1.24479	0.03689	0.01857	1.24479	0.01062	0.01857	0.01857	0.01857
CTG	CTC	GC	-1.47416	0.05891	0.02579	1.47416	0.01349	0.02579	0.02579	0.02579
CTG	CTA	GA	-1.79536	0.22469	0.08033	1.79536	0.03731	0.08033	0.08033	0.08033
CCT	TCT	CT	0.52484	0.03673	0.04721	-0.52484	0.06208	0.04721	0.01347	0.01347
CCT	CTT	CT	0.77804	0.03673	0.05285	-0.77804	0.07996	0.05285	0.01508	0.01508
CCC	TCC	CT	-0.28162	0.07774	0.06730	0.28162	0.05866	0.06730	0.01920	0.01920
CCC	CTC	CT	0.26704	0.07774	0.08858	-0.26704	0.10153	0.08858	0.02527	0.02527
CCC	CCT	CT	-0.28162	0.07774	0.06730	0.28162	0.05866	0.06730	0.06730	0.06730
CCA	TCA	CT	-0.54342	0.07247	0.05455	0.54342	0.04209	0.05455	0.01556	0.01556
CCA	CTA	CT	-0.22952	0.07247	0.06447	0.22952	0.05761	0.06447	0.01839	0.01839
CCA	CCT	AT	-0.45698	0.01486	0.01172	0.45698	0.00941	0.01172	0.01172	0.01172
CCA	CCC	AC	-0.17536	0.02374	0.02172	0.17536	0.01992	0.02172	0.02172	0.02172
CCG	TCG	CT	-3.18248	0.01268	0.00175	3.18248	0.00053	0.00175	0.00050	0.00050
CCG	CTG	CT	3.12014	0.01268	0.04140	-3.12014	0.28724	0.04140	0.01181	0.01181
CCG	CCT	GT	1.09731	0.00260	0.00428	-1.09731	0.00779	0.00428	0.00428	0.00428
CCG	CCC	GC	1.37894	0.00415	0.00766	-1.37894	0.01649	0.00766	0.00766	0.00766
CCG	CCA	GA	1.55430	0.01584	0.03123	-1.55430	0.07497	0.03123	0.03123	0.03123
CAT	TAT	CT	0.99253	0.03870	0.06104	-0.99253	0.10443	0.06104	0.01741	0.01741
CAT	CTT	AT	0.48006	0.00794	0.01000	-0.48006	0.01283	0.01000	0.00285	0.00285
CAT	CCT	AC	-0.29798	0.01268	0.01088	0.29798	0.00941	0.01088	0.00310	0.00310
CAC	TAC	CT	1.41091	0.03689	0.06884	-1.41091	0.15125	0.06884	0.01964	0.01964
CAC	CTC	AT	0.76681	0.00757	0.01084	-0.76681	0.01629	0.01084	0.00309	0.00309
CAC	CCC	AC	0.49977	0.01208	0.01536	-0.49977	0.01992	0.01536	0.00438	0.00438
CAC	CAT	CT	0.51612	0.03689	0.04723	-0.51612	0.06181	0.04723	0.04723	0.04723
CAA	CTA	AT	0.24571	0.00723	0.00815	-0.24571	0.00924	0.00815	0.00233	0.00233
CAA	CCA	AC	0.47523	0.01155	0.01451	-0.47523	0.01857	0.01451	0.00414	0.00414
CAA	CAT	AT	0.31623	0.00723	0.00843	-0.31623	0.00992	0.00843	0.00241	0.00241
CAA	CAC	AC	-0.19989	0.01155	0.01043	0.19989	0.00945	0.01043	0.00298	0.00298
CAG	CTG	AT	1.04877	0.01615	0.02607	-1.04877	0.04609	0.02607	0.00744	0.00744
CAG	CCG	AC	-2.07137	0.02579	0.00770	2.07137	0.00325	0.00770	0.00220	0.00220
CAG	CAT	GT	-0.67608	0.01615	0.01130	0.67608	0.00821	0.01130	0.00322	0.00322
CAG	CAC	GC	-1.19220	0.02579	0.01340	1.19220	0.00783	0.01340	0.00382	0.00382
CAG	CAA	GA	-0.99230	0.09836	0.05750	0.99230	0.03646	0.05750	0.05750	0.05750
CGT	TGT	CT	0.07177	0.00906	0.00939	-0.07177	0.00973	0.00939	0.00268	0.00268
CGT	CTT	GT	1.74364	0.00186	0.00393	-1.74364	0.01062	0.00393	0.00112	0.00112
CGT	CCT	GC	0.96560	0.00297	0.00463	-0.96560	0.00779	0.00463	0.00132	0.00132
CGT	CAT	GA	1.26358	0.01132	0.01993	-1.26358	0.04004	0.01993	0.00569	0.00569
CGC	TGC	CT	-0.49843	0.05369	0.04142	0.49843	0.03262	0.04142	0.01182	0.01182
CGC	CTC	GT	0.20289	0.01101	0.01217	-0.20289	0.01349	0.01217	0.00347	0.00347
CGC	CCC	GC	-0.06415	0.01759	0.01703	0.06415	0.01649	0.01703	0.00486	0.00486
CGC	CAC	GA	-0.56392	0.06708	0.04993	0.56392	0.03817	0.04993	0.01425	0.01425
CGC	CGT	CT	-1.31138	0.05369	0.02597	1.31138	0.01447	0.02597	0.02597	0.02597
CGA	CTA	GT	8.97684	0.00000	0.00000	-8.97684	0.00765	0.00001	0.00000	0.00000
CGA	CCA	GC	9.20637	0.00000	0.00000	-9.20637	0.01538	0.00001	0.00000	0.00000
CGA	CAA	GA	8.73113	0.00000	0.00000	-8.73113	0.03646	0.00005	0.00000	0.00001
CGA	CGT	AT	7.78378	0.00000	0.00000	-7.78378	0.00232	0.00001	0.00000	0.00001
CGA	CGC	AC	9.09516	0.00000	0.00000	-9.09516	0.01376	0.00001	0.00000	0.00001
CGG	TGG	CT	2.02701	0.01268	0.02961	-2.02701	0.09627	0.02961	0.00845	0.00845
CGG	CTG	GT	2.68591	0.00260	0.00750	-2.68591	0.03816	0.00750	0.00214	0.00214
CGG	CCG	GC	-0.43423	0.00415	0.00332	0.43423	0.00269	0.00332	0.00095	0.00095
CGG	CAG	GA	1.63714	0.01584	0.03220	-1.63714	0.08144	0.03220	0.00919	0.00919
CGG	CGT	GT	-0.30252	0.00260	0.00223	0.30252	0.00192	0.00223	0.00223	0.00223
CGG	CGC	GC	1.00886	0.00415	0.00660	-1.00886	0.01139	0.00660	0.00660	0.00660
CGG	CGA	GA	-8.08630	0.01584	0.00004	8.08630	0.00000	0.00000	0.00004	0.00000
ATT	TTT	AT	0.63085	0.02439	0.03289	-0.63085	0.04583	0.03289	0.00938	0.00938
ATT	CTT	AC	-1.11056	0.03895	0.02125	1.11056	0.01283	0.02125	0.00606	0.00606
ATC	TTC	AT	0.17964	0.02811	0.03071	-0.17964	0.03364	0.03071	0.00876	0.00876
ATC	CTC	AC	-1.01356	0.04489	0.02592	1.01356	0.01629	0.02592	0.00739	0.00739
ATC	ATT	CT	0.32638	0.13703	0.16060	-0.32638	0.18991	0.16060	0.16060	0.16060
ATA	TTA	AT	-4.20820	0.00284	0.00018	4.20820	0.00004	0.00018	0.00005	0.00005
ATA	CTA	AC	0.71269	0.00453	0.00634	-0.71269	0.00924	0.00634	0.00181	0.00181
ATA	ATT	AT	2.37383	0.00284	0.00743	-2.37383	0.03047	0.00743	0.00743	0.00743
ATA	ATC	AC	2.04745	0.00453	0.01065	-2.04745	0.03511	0.01065	0.01065	0.01065
ATG	TTG	AT	0.70638	0.01189	0.01658	-0.70638	0.02410	0.01658	0.00473	0.00473
ATG	CTG	AC	0.88657	0.01899	0.02864	-0.88657	0.04609	0.02864	0.00817	0.00817
ATG	ATT	GT	0.75234	0.01189	0.01692	-0.75234	0.02523	0.01692	0.00483	0.00483
ATG	ATC	GC	0.42597	0.01899	0.02332	-0.42597	0.02908	0.02332	0.00665	0.00665
ATG	ATA	GA	-1.62148	0.07243	0.02892	1.62148	0.01431	0.02892	0.00825	0.00825
ACT	TCT	AT	-0.00391	0.01000	0.00998	0.00391	0.00996	0.00998	0.00285	0.00285
ACT	CCT	AC	-0.52875	0.01597	0.01212	0.52875	0.00941	0.01212	0.00346	0.00346
ACT	ATT	CT	1.35985	0.04875	0.08919	-1.35985	0.18991	0.08919	0.02544	0.02544
ACC	TCC	AT	0.17447	0.00790	0.00861	-0.17447	0.00941	0.00861	0.00246	0.00246
ACC	CCC	AC	0.45609	0.01262	0.01572	-0.45609	0.01992	0.01572	0.00449	0.00449
ACC	ATC	CT	1.73669	0.03854	0.08124	-1.73669	0.21885	0.08124	0.02318	0.02318
ACC	ACT	CT	0.70322	0.03854	0.05367	-0.70322	0.07786	0.05367	0.05367	0.05367
ACA	TCA	AT	-0.55153	0.01172	0.00878	0.55153	0.00675	0.00878	0.00251	0.00251
ACA	CCA	AC	-0.00811	0.01872	0.01864	0.00811	0.01857	0.01864	0.00532	0.00532
ACA	ATA	CT	-0.95033	0.05715	0.03423	0.95033	0.02210	0.03423	0.00977	0.00977
ACA	ACT	AT	0.06365	0.01172	0.01210	-0.06365	0.01249	0.01210	0.01210	0.01210
ACA	ACC	AC	-0.63957	0.01872	0.01337	0.63957	0.00988	0.01337	0.01337	0.01337
ACG	TCG	AT	-3.47868	0.00274	0.00030	3.47868	0.00008	0.00030	0.00009	0.00009
ACG	CCG	AC	-0.29621	0.00437	0.00375	0.29621	0.00325	0.00375	0.00107	0.00107
ACG	ATG	CT	1.93736	0.01334	0.03020	-1.93736	0.09259	0.03020	0.00861	0.00861
ACG	ACT	GT	1.32986	0.00274	0.00495	-1.32986	0.01034	0.00495	0.00495	0.00495
ACG	ACC	GC	0.62664	0.00437	0.00588	-0.62664	0.00818	0.00588	0.00588	0.00588
ACG	ACA	GA	1.26621	0.01667	0.02939	-1.26621	0.05912	0.02939	0.02939	0.02939
AAT	TAT	AT	0.49282	0.01024	0.01296	-0.49282	0.01675	0.01296	0.00370	0.00370
AAT	CAT	AC	-0.49971	0.01635	0.01260	0.49971	0.00992	0.01260	0.00360	0.00360
AAT	ATT	AT	1.09091	0.01024	0.01681	-1.09091	0.03047	0.01681	0.00480	0.00480
AAT	ACT	AC	-0.26894	0.01635	0.01425	0.26894	0.01249	0.01425	0.00406	0.00406
AAC	TAC	AT	0.22610	0.01936	0.02163	-0.22610	0.02427	0.02163	0.00617	0.00617
AAC	CAC	AC	-1.18480	0.03091	0.01613	1.18480	0.00945	0.01613	0.00460	0.00460
AAC	ATC	AT	0.59556	0.01936	0.02569	-0.59556	0.03511	0.02569	0.00733	0.00733
AAC	ACC	AC	-1.14113	0.03091	0.01656	1.14113	0.00988	0.01656	0.00472	0.00472
AAC	AAT	CT	-0.16897	0.09437	0.08662	0.16897	0.07970	0.08662	0.08662	0.08662
AAA	CAA	AC	-1.51291	0.04100	0.01752	1.51291	0.00903	0.01752	0.00500	0.00500
AAA	ATA	AT	-1.97988	0.02567	0.00814	1.97988	0.00355	0.00814	0.00232	0.00232
AAA	ACA	AC	-1.02956	0.04100	0.02345	1.02956	0.01464	0.02345	0.00669	0.00669
AAA	AAT	AT	-0.69697	0.02567	0.01776	0.69697	0.01279	0.01776	0.00507	0.00507
AAA	AAC	AC	-0.52800	0.04100	0.03113	0.52800	0.02418	0.03113	0.00888	0.00888
AAG	CAG	AC	-1.17185	0.06512	0.03425	1.17185	0.02017	0.03425	0.00977	0.00977
AAG	ATG	AT	-1.00964	0.04077	0.02360	1.00964	0.01486	0.02360	0.00673	0.00673
AAG	ACG	AC	-2.94701	0.06512	0.01063	2.94701	0.00342	0.01063	0.00303	0.00303
AAG	AAT	GT	-1.34821	0.04077	0.01928	1.34821	0.01059	0.01928	0.00550	0.00550
AAG	AAC	GC	-1.17924	0.06512	0.03410	1.17924	0.02002	0.03410	0.00973	0.00973
AAG	AAA	GA	-0.65124	0.24836	0.17620	0.65124	0.12949	0.17620	0.17620	0.17620
AGT	TGT	AT	-2.33607	0.01615	0.00404	2.33607	0.00156	0.00404	0.00115	0.00115
AGT	CGT	AC	-2.40784	0.02579	0.00614	2.40784	0.00232	0.00614	0.00175	0.00175
AGT	ATT	GT	0.44636	0.01615	0.02002	-0.44636	0.02523	0.02002	0.00571	0.00571
AGT	ACT	GC	-0.91349	0.02579	0.01578	0.91349	0.01034	0.01578	0.00450	0.00450
AGT	AAT	GA	-0.64455	0.09836	0.07004	0.64455	0.05163	0.07004	0.01998	0.01998
AGC	TGC	AT	-0.13325	0.00598	0.00559	0.13325	0.00523	0.00559	0.00159	0.00159
AGC	CGC	AC	0.36518	0.00955	0.01140	-0.36518	0.01376	0.01140	0.00325	0.00325
AGC	ATC	GT	1.58163	0.00598	0.01190	-1.58163	0.02908	0.01190	0.00340	0.00340
AGC	ACC	GC	-0.15506	0.00955	0.00883	0.15506	0.00818	0.00883	0.00252	0.00252
AGC	AAC	GA	0.98607	0.03642	0.05728	-0.98607	0.09763	0.05728	0.01634	0.01634
AGC	AGT	CT	1.46164	0.02915	0.05547	-1.46164	0.12573	0.05547	0.05547	0.05547
AGA	CGA	AC	-8.34268	0.00507	0.00001	8.34268	0.00000	0.00000	0.00001	0.00000
AGA	ATA	GT	-0.07853	0.00318	0.00305	0.07853	0.00294	0.00305	0.00087	0.00087
AGA	ACA	GC	0.87180	0.00507	0.00760	-0.87180	0.01213	0.00760	0.00217	0.00217
AGA	AAA	GA	1.90135	0.01934	0.04323	-1.90135	0.12949	0.04323	0.01233	0.01233
AGA	AGT	AT	1.84893	0.00318	0.00697	-1.84893	0.02017	0.00697	0.00199	0.00199
AGA	AGC	AC	0.38729	0.00507	0.00612	-0.38729	0.00747	0.00612	0.00175	0.00175
AGG	TGG	AT	1.03150	0.00551	0.00883	-1.03150	0.01545	0.00883	0.00252	0.00252
AGG	CGG	AC	-0.99551	0.00879	0.00513	0.99551	0.00325	0.00513	0.00513	0.00513
AGG	ATG	GT	0.80383	0.00551	0.00801	-0.80383	0.01230	0.00801	0.00229	0.00229
AGG	ACG	GC	-1.13353	0.00879	0.00473	1.13353	0.00283	0.00473	0.00135	0.00135
AGG	AAG	GA	1.81347	0.03354	0.07268	-1.81347	0.20566	0.07268	0.02073	0.02073
AGG	AGT	GT	1.10981	0.00551	0.00912	-1.10981	0.01670	0.00912	0.00260	0.00260
AGG	AGC	GC	-0.35183	0.00879	0.00734	0.35183	0.00619	0.00734	0.00209	0.00209
AGG	AGA	GA	-0.73912	0.03354	0.02266	0.73912	0.01602	0.02266	0.02266	0.02266
GTT	TTT	GT	0.77038	0.01757	0.02519	-0.77038	0.03795	0.02519	0.00719	0.00719
GTT	CTT	GC	-0.97103	0.02805	0.01660	0.97103	0.01062	0.01660	0.00474	0.00474
GTT	ATT	GA	0.13953	0.10700	0.11464	-0.13953	0.12302	0.11464	0.03270	0.03270
GTC	TTC	GT	0.54102	0.01621	0.02099	-0.54102	0.02785	0.02099	0.00599	0.00599
GTC	CTC	GC	-0.65218	0.02590	0.01836	0.65218	0.01349	0.01836	0.00524	0.00524
GTC	ATC	GA	0.36138	0.09877	0.11769	-0.36138	0.14176	0.11769	0.03357	0.03357
GTC	GTT	CT	0.54823	0.07906	0.10270	-0.54823	0.13678	0.10270	0.10270	0.10270
GTA	TTA	GT	-3.70372	0.00142	0.00013	3.70372	0.00003	0.00013	0.00004	0.00004
GTA	CTA	GC	1.21717	0.00227	0.00392	-1.21717	0.00765	0.00392	0.00112	0.00112
GTA	ATA	GA	0.50448	0.00864	0.01100	-0.50448	0.01431	0.01100	0.00314	0.00314
GTA	GTT	AT	2.73878	0.00142	0.00415	-2.73878	0.02195	0.00415	0.00415	0.00415
GTA	GTC	AC	2.19055	0.00227	0.00559	-2.19055	0.02026	0.00559	0.00559	0.00559
GTG	TTG	GT	-0.54524	0.03442	0.02589	0.54524	0.01995	0.02589	0.00739	0.00739
GTG	CTG	GC	-0.36504	0.05498	0.04555	0.36504	0.03816	0.04555	0.01300	0.01300
GTG	ATG	GA	-1.25162	0.20967	0.10514	1.25162	0.05998	0.10514	0.03000	0.03000
GTG	GTT	GT	-0.63880	0.03442	0.02459	0.63880	0.01817	0.02459	0.02459	0.02459
GTG	GTC	GC	-1.18702	0.05498	0.02866	1.18702	0.01677	0.02866	0.02866	0.02866
GTG	GTA	GA	-3.37758	0.20967	0.02502	3.37758	0.00716	0.02502	0.02502	0.02502
GCT	TCT	GT	-0.82478	0.01882	0.01211	0.82478	0.00825	0.01211	0.00346	0.00346
GCT	CCT	GC	-1.34963	0.03005	0.01420	1.34963	0.00779	0.01420	0.00405	0.00405
GCT	ACT	GA	-0.82088	0.11461	0.07393	0.82088	0.05043	0.07393	0.02109	0.02109
GCT	GTT	CT	0.39945	0.09174	0.11128	-0.39945	0.13678	0.11128	0.03175	0.03175
GCC	TCC	GT	-0.26931	0.01020	0.00889	0.26931	0.00779	0.00889	0.00254	0.00254
GCC	CCC	GC	0.01232	0.01629	0.01639	-0.01232	0.01649	0.01639	0.00468	0.00468
GCC	ACC	GA	-0.44378	0.06214	0.04937	0.44378	0.03987	0.04937	0.01408	0.01408
GCC	GTC	CT	0.93154	0.04974	0.07645	-0.93154	0.12626	0.07645	0.02181	0.02181
GCC	GCT	CT	1.08032	0.04974	0.08135	-1.08032	0.14651	0.08135	0.08135	0.08135
GCA	TCA	GT	-0.60461	0.01024	0.00745	0.60461	0.00559	0.00745	0.00213	0.00213
GCA	CCA	GC	-0.06119	0.01635	0.01585	0.06119	0.01538	0.01585	0.00452	0.00452
GCA	ACA	GA	-0.05308	0.06235	0.06071	0.05308	0.05912	0.06071	0.01732	0.01732
GCA	GTA	CT	-1.50788	0.04990	0.02139	1.50788	0.01105	0.02139	0.00610	0.00610
GCA	GCT	AT	0.83145	0.01024	0.01507	-0.83145	0.02351	0.01507	0.01507	0.01507
GCA	GCC	AC	-0.24887	0.01635	0.01440	0.24887	0.01275	0.01440	0.01440	0.01440
GCG	TCG	GT	-4.67558	0.00750	0.00033	4.67558	0.00007	0.00033	0.00009	0.00009
GCG	CCG	GC	-1.49311	0.01198	0.00518	1.49311	0.00269	0.00518	0.00148	0.00148
GCG	ACG	GA	-1.19690	0.04568	0.02367	1.19690	0.01380	0.02367	0.00675	0.00675
GCG	GTG	CT	1.99208	0.03656	0.08434	-1.99208	0.26804	0.08434	0.02406	0.02406
GCG	GCT	GT	0.95384	0.00750	0.01164	-0.95384	0.01947	0.01164	0.01164	0.01164
GCG	GCC	GC	-0.12648	0.01198	0.01124	0.12648	0.01055	0.01124	0.01124	0.01124
GCG	GCA	GA	0.12239	0.04568	0.04853	-0.12239	0.05163	0.04853	0.04853	0.04853
GAT	TAT	GT	-1.57750	0.06719	0.02758	1.57750	0.01387	0.02758	0.00787	0.00787
GAT	CAT	GC	-2.57004	0.10731	0.02286	2.57004	0.00821	0.02286	0.00652	0.00652
GAT	AAT	GA	-2.07032	0.40927	0.12231	2.07032	0.05163	0.12231	0.03490	0.03490
GAT	GTT	AT	-1.11894	0.06719	0.03647	1.11894	0.02195	0.03647	0.01040	0.01040
GAT	GCT	AC	-1.51839	0.10731	0.04571	1.51839	0.02351	0.04571	0.01304	0.01304
GAC	TAC	GT	-1.38989	0.08067	0.03719	1.38989	0.02009	0.03719	0.01061	0.01061
GAC	CAC	GC	-2.80080	0.12883	0.02334	2.80080	0.00783	0.02334	0.00666	0.00666
GAC	AAC	GA	-1.61600	0.49137	0.19689	1.61600	0.09763	0.19689	0.05617	0.05617
GAC	GTC	AT	-1.38181	0.08067	0.03738	1.38181	0.02026	0.03738	0.01066	0.01066
GAC	GCC	AC	-2.31335	0.12883	0.03272	2.31335	0.01275	0.03272	0.00934	0.00934
GAC	GAT	CT	0.28536	0.39330	0.45208	-0.28536	0.52318	0.45208	0.45208	0.45208
GAA	CAA	GC	-2.21188	0.06830	0.01858	2.21188	0.00748	0.01858	0.00530	0.00530
GAA	AAA	GA	-0.69897	0.26050	0.17998	0.69897	0.12949	0.17998	0.05135	0.05135
GAA	GTA	AT	-3.18333	0.04277	0.00589	3.18333	0.00177	0.00589	0.00168	0.00168
GAA	GCA	AC	-1.67545	0.06830	0.02636	1.67545	0.01279	0.02636	0.00752	0.00752
GAA	GAT	AT	0.67439	0.04277	0.05879	-0.67439	0.08394	0.05879	0.01677	0.01677
GAA	GAC	AC	0.38903	0.06830	0.08245	-0.38903	0.10078	0.08245	0.02352	0.02352
GAG	CAG	GC	-2.05738	0.13072	0.03940	2.05738	0.01670	0.03940	0.01124	0.01124
GAG	AAG	GA	-0.88554	0.49857	0.30998	0.88554	0.20566	0.30998	0.08843	0.08843
GAG	GTG	AT	-0.64357	0.08185	0.05832	0.64357	0.04300	0.05832	0.01664	0.01664
GAG	GCG	AC	-2.63565	0.13072	0.02660	2.63565	0.00937	0.02660	0.00759	0.00759
GAG	GAT	GT	-0.16343	0.08185	0.07534	0.16343	0.06951	0.07534	0.02149	0.02149
GAG	GAC	GC	-0.44878	0.13072	0.10357	0.44878	0.08345	0.10357	0.02955	0.02955
GAG	GAA	GA	-0.83781	0.49857	0.31854	0.83781	0.21571	0.31854	0.31854	0.31854
GGT	TGT	GT	-1.44273	0.00547	0.00244	1.44273	0.00129	0.00244	0.00070	0.00070
GGT	CGT	GC	-1.51450	0.00874	0.00373	1.51450	0.00192	0.00373	0.00106	0.00106
GGT	AGT	GA	0.89334	0.03333	0.05041	-0.89334	0.08144	0.05041	0.01438	0.01438
GGT	GTT	GT	1.20018	0.00547	0.00940	-1.20018	0.01817	0.00940	0.00268	0.00268
GGT	GCT	GC	0.80074	0.00874	0.01270	-0.80074	0.01947	0.01270	0.00362	0.00362
GGT	GAT	GA	2.31912	0.03333	0.08574	-2.31912	0.33890	0.08574	0.02446	0.02446
GGC	TGC	GT	-1.02351	0.01206	0.00692	1.02351	0.00433	0.00692	0.00198	0.00198
GGC	CGC	GC	-0.52507	0.01926	0.01464	0.52507	0.01139	0.01464	0.00418	0.00418
GGC	AGC	GA	-0.89026	0.07346	0.04555	0.89026	0.03016	0.04555	0.01299	0.01299
GGC	GTC	GT	0.33000	0.01206	0.01416	-0.33000	0.01677	0.01416	0.00404	0.00404
GGC	GCC	GC	-0.60154	0.01926	0.01404	0.60154	0.01055	0.01404	0.00401	0.00401
GGC	GAC	GA	1.71181	0.07346	0.15345	-1.71181	0.40688	0.15345	0.04378	0.04378
GGC	GGT	CT	-0.32196	0.05880	0.04984	0.32196	0.04261	0.04984	0.04984	0.04984
GGA	CGA	GC	-9.04430	0.00847	0.00001	9.04430	0.00000	0.00000	0.00000	0.00000
GGA	AGA	GA	-0.70162	0.03231	0.02229	0.70162	0.01602	0.02229	0.00636	0.00636
GGA	GTA	GT	-1.28463	0.00530	0.00261	1.28463	0.00147	0.00261	0.00074	0.00074
GGA	GCA	GC	0.22325	0.00847	0.00945	-0.22325	0.01059	0.00945	0.00270	0.00270
GGA	GAA	GA	1.89870	0.03231	0.07214	-1.89870	0.21571	0.07214	0.02058	0.02058
GGA	GGT	AT	0.25397	0.00530	0.00601	-0.25397	0.00684	0.00601	0.00601	0.00601
GGA	GGC	AC	0.57593	0.00847	0.01114	-0.57593	0.01507	0.01114	0.01114	0.01114
GGG	TGG	GT	0.14357	0.01108	0.01189	-0.14357	0.01279	0.01189	0.00339	0.00339
GGG	CGG	GC	-1.88344	0.01770	0.00598	1.88344	0.00269	0.00598	0.00171	0.00171
GGG	AGG	GA	-0.88793	0.06749	0.04190	0.88793	0.02777	0.04190	0.01195	0.01195
GGG	GTG	GT	1.16751	0.01108	0.01878	-1.16751	0.03561	0.01878	0.00536	0.00536
GGG	GCG	GC	-0.82457	0.01770	0.01139	0.82457	0.00776	0.01139	0.00325	0.00325
GGG	GAG	GA	1.81108	0.06749	0.14612	-1.81108	0.41284	0.14612	0.04169	0.04169
GGG	GGT	GT	-0.67147	0.01108	0.00777	0.67147	0.00566	0.00777	0.00777	0.00777
GGG	GGC	GC	-0.34951	0.01770	0.01478	0.34951	0.01248	0.01478	0.01478	0.01478
GGG	GGA	GA	-0.92544	0.06749	0.04101	0.92544	0.02675	0.04101	0.04101	0.04101


Histograms
2Ns	FMut	FSub(CodonUsage)	FSubw(after w)

-8.76797	0.00364	0.00001	0.00001
-7.89117	0.00076	0.00000	0.00000
-7.01437	0.00192	0.00001	0.00001
-6.13758	0.01264	0.00019	0.00019
-5.26078	0.00234	0.00009	0.00015
-4.38398	0.00336	0.00023	0.00032
-3.50719	0.02494	0.00428	0.00426
-2.63039	0.04669	0.01372	0.00848
-1.75359	0.24599	0.11794	0.08211
-0.87680	0.27522	0.22799	0.23098
0.00000	0.21215	0.27107	0.34699
0.87680	0.12154	0.22799	0.23098
1.75359	0.04377	0.11794	0.08211
2.63039	0.00396	0.01372	0.00848
3.50719	0.00099	0.00428	0.00426
4.38398	0.00004	0.00023	0.00032
5.26078	0.00001	0.00009	0.00015
6.13758	0.00002	0.00019	0.00019
7.01437	0.00000	0.00001	0.00001
7.89117	0.00000	0.00000	0.00000
8.76797	0.00000	0.00000	0.00000

Proportion of advantageous (S > 0) mutations:
 0.26353

Proportions of good & bad mutations (|S| > 2.0000) among mutations:
0.00917  0.12924

mean |Ns| = 1.25508	mean Ns+ = 0.78261	mean Ns- = -1.42414
