

TREE # 1

  0  0.0000  28853.456432  x:  0.01154   0.02020   0.00467   0.00809   0.01693   0.00670   0.00666   0.00485   0.00950   0.00510   0.00786   0.00526   0.00241   0.00409   0.00313   0.00186   0.00336   0.00281   0.00338   0.00596   0.00500   0.00739   0.00255   0.00890   0.00420   0.00284   0.00810   0.00995   0.00473   0.00346   0.00392   0.00126   0.00481   0.00174   0.00543   0.00328   0.00472   0.02004   0.01883   0.01041   0.00361   0.00588   0.00355   0.00400   0.00715   0.01039   0.01691   0.01679   0.01149   0.00753   0.01466   0.00000   0.00480   0.01710   0.01073   0.41413   0.51422   0.58676   0.54803   0.52029   0.53516  
  1 99.0000  28853.406308  x:  0.01154   0.02020   0.00467   0.00809   0.01693   0.00670   0.00666   0.00485   0.00949   0.00510   0.00786   0.00526   0.00241   0.00409   0.00313   0.00186   0.00336   0.00281   0.00338   0.00596   0.00500   0.00739   0.00255   0.00890   0.00420   0.00284   0.00810   0.00995   0.00473   0.00346   0.00392   0.00126   0.00481   0.00174   0.00543   0.00328   0.00472   0.02004   0.01883   0.01041   0.00361   0.00588   0.00355   0.00400   0.00715   0.01039   0.01691   0.01679   0.01149   0.00753   0.01466   0.00000   0.00480   0.01710   0.01073   0.41413   0.51422   0.58676   0.54803   0.52029   0.53516  
  2 14117.8544  28799.762483  x:  0.01108   0.01989   0.00432   0.00692   0.01632   0.00529   0.00635   0.00489   0.00941   0.00207   0.00790   0.00418   0.00033   0.00401   0.00140   0.00594   0.00363   0.00375   0.00396   0.00521   0.00518   0.00682   0.00432   0.00674   0.00495   0.00301   0.00819   0.00924   0.00328   0.00043   0.00263   0.00171   0.00342   0.00577   0.00316   0.00054   0.00477   0.02011   0.01824   0.01103   0.00227   0.00552   0.00399   0.00428   0.00547   0.01008   0.01583   0.01720   0.01035   0.00662   0.01448   0.00000   0.00099   0.01698   0.00986   0.41700   0.51427   0.58678   0.54808   0.51854   0.53489  
  3 10207.4766  28792.866137  x:  0.01098   0.01981   0.00423   0.00667   0.01618   0.00500   0.00628   0.00490   0.00940   0.00144   0.00792   0.00396   0.00076   0.00394   0.00120   0.00648   0.00358   0.00380   0.00402   0.00504   0.00519   0.00664   0.00446   0.00625   0.00499   0.00295   0.00822   0.00909   0.00301   0.00095   0.00241   0.00164   0.00316   0.00634   0.00264   0.00074   0.00477   0.02013   0.01810   0.01116   0.00201   0.00542   0.00400   0.00426   0.00512   0.01001   0.01558   0.01730   0.01010   0.00643   0.01442   0.00000   0.00013   0.01696   0.00966   0.41776   0.51428   0.58679   0.54810   0.51807   0.53482  
  4 10237.5027  28788.023462  x:  0.01082   0.01968   0.00410   0.00628   0.01594   0.00456   0.00617   0.00493   0.00944   0.00057   0.00800   0.00365   0.00109   0.00385   0.00119   0.00726   0.00346   0.00384   0.00413   0.00479   0.00520   0.00632   0.00459   0.00542   0.00499   0.00283   0.00829   0.00885   0.00269   0.00145   0.00216   0.00150   0.00283   0.00723   0.00186   0.00122   0.00477   0.02017   0.01785   0.01140   0.00171   0.00528   0.00398   0.00420   0.00460   0.00990   0.01515   0.01746   0.00967   0.00614   0.01431   0.00000   0.00096   0.01692   0.00935   0.41926   0.51431   0.58680   0.54813   0.51714   0.53467  
  5 8973.9294  28779.344302  x:  0.01047   0.01936   0.00393   0.00559   0.01538   0.00387   0.00598   0.00497   0.00968   0.00258   0.00837   0.00331   0.00095   0.00361   0.00230   0.00834   0.00297   0.00354   0.00443   0.00440   0.00516   0.00538   0.00420   0.00366   0.00464   0.00242   0.00860   0.00834   0.00265   0.00174   0.00218   0.00086   0.00268   0.00884   0.00114   0.00190   0.00476   0.02026   0.01718   0.01198   0.00172   0.00501   0.00374   0.00388   0.00383   0.00967   0.01405   0.01785   0.00872   0.00564   0.01400   0.00000   0.00119   0.01683   0.00866   0.42402   0.51439   0.58685   0.54822   0.51419   0.53423  
  6 5972.3133  28763.930012  x:  0.01010   0.01891   0.00388   0.00518   0.01469   0.00373   0.00583   0.00502   0.00992   0.00223   0.00874   0.00338   0.00093   0.00338   0.00265   0.00902   0.00243   0.00282   0.00446   0.00423   0.00509   0.00452   0.00304   0.00314   0.00407   0.00197   0.00902   0.00786   0.00311   0.00178   0.00251   0.00006   0.00309   0.01056   0.00344   0.00207   0.00477   0.02040   0.01622   0.01265   0.00212   0.00484   0.00353   0.00343   0.00382   0.00941   0.01263   0.01838   0.00774   0.00536   0.01355   0.00000   0.00118   0.01673   0.00799   0.43251   0.51453   0.58692   0.54839   0.50889   0.53342  
  7 7851.0601  28755.440466  x:  0.00972   0.01845   0.00377   0.00477   0.01398   0.00360   0.00565   0.00508   0.01012   0.00194   0.00906   0.00339   0.00085   0.00306   0.00291   0.00935   0.00182   0.00193   0.00433   0.00402   0.00501   0.00366   0.00165   0.00273   0.00343   0.00139   0.00940   0.00737   0.00347   0.00182   0.00272   0.00113   0.00342   0.01196   0.00532   0.00221   0.00476   0.02054   0.01524   0.01330   0.00242   0.00462   0.00330   0.00288   0.00381   0.00914   0.01120   0.01892   0.00678   0.00507   0.01303   0.00000   0.00115   0.01664   0.00730   0.44155   0.51468   0.58700   0.54857   0.50324   0.53256  
  8 70304.5733  28650.915630  x:  0.00843   0.01594   0.00355   0.00560   0.01059   0.00553   0.00520   0.00528   0.01083   0.00271   0.01030   0.00350   0.00102   0.00241   0.00296   0.00613   0.00448   0.00039   0.00261   0.00415   0.00478   0.00498   0.00026   0.00970   0.00319   0.00374   0.01096   0.00628   0.00321   0.00205   0.00171   0.00087   0.00337   0.01690   0.00334   0.00214   0.00503   0.02146   0.00973   0.01585   0.00163   0.00419   0.00373   0.00223   0.00543   0.00806   0.00515   0.02206   0.00534   0.00537   0.00981   0.00000   0.00132   0.01631   0.00574   0.51527   0.51595   0.58767   0.55004   0.45678   0.52553  
  9 16898.8028  28616.065203  x:  0.00781   0.01472   0.00331   0.00581   0.00897   0.00628   0.00492   0.00539   0.01109   0.00307   0.01080   0.00346   0.00097   0.00196   0.00287   0.00359   0.00476   0.00127   0.00155   0.00404   0.00464   0.00506   0.00269   0.01234   0.00262   0.00380   0.01162   0.00574   0.00318   0.00227   0.00141   0.00097   0.00343   0.01866   0.00326   0.00220   0.00517   0.02193   0.00716   0.01712   0.00145   0.00387   0.00364   0.00166   0.00606   0.00754   0.00295   0.02367   0.00466   0.00537   0.00818   0.00000   0.00143   0.01615   0.00499   0.55471   0.51663   0.58802   0.55082   0.43187   0.52176  
 10 221795.3809  28497.813554  x:  0.00734   0.01330   0.00329   0.00588   0.00752   0.00689   0.00471   0.00549   0.01127   0.00315   0.01126   0.00326   0.00083   0.00233   0.00252   0.00016   0.00417   0.00211   0.00169   0.00385   0.00464   0.00490   0.00292   0.01435   0.00259   0.00300   0.01223   0.00553   0.00300   0.00237   0.00181   0.00093   0.00328   0.02187   0.00265   0.00217   0.00578   0.02263   0.00522   0.01885   0.00145   0.00374   0.00341   0.00253   0.00619   0.00710   0.00712   0.02600   0.00485   0.00524   0.00666   0.00000   0.00144   0.01598   0.00482   0.62211   0.51779   0.58864   0.55217   0.38910   0.51531  
 11 120892.5729  28342.516238  x:  0.00717   0.01158   0.00289   0.00657   0.00639   0.00826   0.00445   0.00563   0.01096   0.00431   0.01118   0.00291   0.00107   0.00229   0.00117   0.00335   0.00203   0.00266   0.00048   0.00358   0.00452   0.00487   0.00362   0.01887   0.00193   0.00000   0.01239   0.00590   0.00257   0.00288   0.00191   0.00079   0.00301   0.02180   0.00176   0.00215   0.00675   0.02373   0.00446   0.02085   0.00145   0.00344   0.00273   0.00249   0.00688   0.00680   0.01276   0.02955   0.00653   0.00540   0.00472   0.00000   0.00184   0.01583   0.00563   0.74047   0.51984   0.58972   0.55454   0.31374   0.50395  
 12 278771.3141  28302.401331  x:  0.00711   0.01105   0.00270   0.00672   0.00606   0.00861   0.00435   0.00568   0.01082   0.00467   0.01112   0.00275   0.00110   0.00221   0.00070   0.00436   0.00113   0.00281   0.00006   0.00344   0.00447   0.00471   0.00387   0.02010   0.00162   0.00014   0.01240   0.00599   0.00242   0.00305   0.00193   0.00078   0.00290   0.02154   0.00162   0.00215   0.00705   0.02408   0.00429   0.02147   0.00145   0.00330   0.00245   0.00237   0.00703   0.00670   0.01461   0.03067   0.00704   0.00540   0.00411   0.00000   0.00197   0.01578   0.00587   0.77817   0.52049   0.59006   0.55530   0.28973   0.50033  
 13 2951347.7948  28261.067388  x:  0.00706   0.01053   0.00248   0.00686   0.00576   0.00897   0.00423   0.00573   0.01066   0.00500   0.01101   0.00256   0.00111   0.00207   0.00020   0.00531   0.00019   0.00291   0.00071   0.00327   0.00441   0.00455   0.00417   0.02140   0.00130   0.00024   0.01237   0.00609   0.00224   0.00323   0.00188   0.00077   0.00277   0.02104   0.00148   0.00214   0.00734   0.02443   0.00420   0.02210   0.00143   0.00313   0.00217   0.00214   0.00718   0.00661   0.01630   0.03182   0.00755   0.00538   0.00352   0.00000   0.00209   0.01573   0.00611   0.81736   0.52117   0.59042   0.55609   0.26476   0.49656  
 14 3449341.3701  28048.020978  x:  0.00711   0.00888   0.00114   0.00662   0.00568   0.00943   0.00366   0.00594   0.00934   0.00508   0.00990   0.00130   0.00061   0.00099   0.00246   0.00905   0.00477   0.00301   0.00258   0.00200   0.00415   0.00239   0.00589   0.02503   0.00080   0.00061   0.01153   0.00643   0.00124   0.00399   0.00127   0.00104   0.00186   0.01637   0.00262   0.00192   0.00864   0.02608   0.00622   0.02481   0.00119   0.00221   0.00098   0.00016   0.00681   0.00647   0.02414   0.03725   0.00941   0.00469   0.00288   0.00000   0.00213   0.01554   0.00716   1.01426   0.52460   0.59223   0.56004   0.13903   0.47764  
 15 742706.1695  27966.996348  x:  0.00716   0.00828   0.00063   0.00628   0.00587   0.00940   0.00337   0.00605   0.00857   0.00516   0.00923   0.00081   0.00029   0.00050   0.00349   0.01076   0.00655   0.00276   0.00337   0.00139   0.00402   0.00115   0.00684   0.02645   0.00109   0.00077   0.01095   0.00648   0.00090   0.00438   0.00082   0.00121   0.00144   0.01311   0.00341   0.00186   0.00918   0.02691   0.00739   0.02613   0.00103   0.00179   0.00095   0.00272   0.00643   0.00643   0.02703   0.04000   0.01003   0.00422   0.00308   0.00000   0.00215   0.01544   0.00751   1.11672   0.52638   0.59317   0.56210   0.07356   0.46778  
 16 1822181.7421  27904.309214  x:  0.00725   0.00855   0.00178   0.00583   0.00638   0.00891   0.00337   0.00608   0.00817   0.00507   0.00886   0.00147   0.00042   0.00206   0.00368   0.01116   0.00667   0.00249   0.00349   0.00170   0.00405   0.00154   0.00723   0.02625   0.00198   0.00079   0.01050   0.00639   0.00133   0.00426   0.00088   0.00126   0.00140   0.01117   0.00344   0.00172   0.00931   0.02725   0.00805   0.02665   0.00092   0.00210   0.00213   0.00258   0.00582   0.00652   0.02773   0.04123   0.00991   0.00389   0.00402   0.00000   0.00212   0.01540   0.00750   1.16822   0.52728   0.59365   0.56313   0.04067   0.46282  
 17 465446.2304  27888.640816  x:  0.00750   0.00932   0.00135   0.00578   0.00701   0.00862   0.00374   0.00600   0.00820   0.00484   0.00884   0.00156   0.00058   0.00085   0.00356   0.01100   0.00648   0.00262   0.00341   0.00236   0.00425   0.00249   0.00712   0.02573   0.00203   0.00078   0.01031   0.00652   0.00158   0.00400   0.00147   0.00123   0.00193   0.01110   0.00305   0.00168   0.00926   0.02722   0.00831   0.02650   0.00119   0.00270   0.00179   0.00244   0.00558   0.00675   0.02751   0.04120   0.00974   0.00411   0.00478   0.00000   0.00205   0.01545   0.00753   1.18026   0.52749   0.59375   0.56338   0.03352   0.46164  
 18 50440.1318  27882.148276  x:  0.00792   0.01030   0.00092   0.00614   0.00773   0.00858   0.00423   0.00583   0.00843   0.00468   0.00893   0.00136   0.00043   0.00148   0.00342   0.01077   0.00635   0.00293   0.00334   0.00231   0.00445   0.00206   0.00687   0.02543   0.00162   0.00076   0.01017   0.00691   0.00144   0.00388   0.00126   0.00118   0.00221   0.01142   0.00276   0.00186   0.00916   0.02705   0.00858   0.02595   0.00143   0.00284   0.00120   0.00243   0.00574   0.00714   0.02695   0.04068   0.00975   0.00473   0.00505   0.00000   0.00196   0.01557   0.00780   1.18621   0.52759   0.59380   0.56350   0.03135   0.46103  
 19 12280.0183  27875.324517  x:  0.00844   0.01132   0.00143   0.00666   0.00845   0.00858   0.00467   0.00561   0.00875   0.00459   0.00905   0.00124   0.00041   0.00104   0.00330   0.01050   0.00616   0.00337   0.00325   0.00193   0.00463   0.00130   0.00655   0.02501   0.00148   0.00074   0.00999   0.00743   0.00125   0.00372   0.00093   0.00114   0.00223   0.01188   0.00259   0.00208   0.00903   0.02680   0.00895   0.02510   0.00154   0.00269   0.00165   0.00228   0.00607   0.00759   0.02644   0.03984   0.00988   0.00541   0.00500   0.00000   0.00191   0.01573   0.00826   1.19279   0.52771   0.59385   0.56364   0.02985   0.46035  
 20 19773.7400  27864.769883  x:  0.00903   0.01216   0.00100   0.00732   0.00890   0.00848   0.00474   0.00531   0.00920   0.00460   0.00919   0.00139   0.00048   0.00096   0.00334   0.01021   0.00589   0.00395   0.00315   0.00117   0.00461   0.00191   0.00612   0.02387   0.00219   0.00072   0.00965   0.00809   0.00128   0.00348   0.00095   0.00116   0.00143   0.01233   0.00291   0.00238   0.00878   0.02628   0.00963   0.02338   0.00117   0.00174   0.00176   0.00217   0.00657   0.00811   0.02572   0.03810   0.01018   0.00599   0.00417   0.00000   0.00188   0.01598   0.00895   1.20368   0.52790   0.59393   0.56388   0.02910   0.45919  
 21 16102.5636  27849.258943  x:  0.00954   0.01240   0.00124   0.00809   0.00875   0.00836   0.00425   0.00503   0.00966   0.00446   0.00924   0.00125   0.00038   0.00097   0.00336   0.00993   0.00584   0.00449   0.00311   0.00260   0.00438   0.00200   0.00567   0.02221   0.00215   0.00071   0.00911   0.00877   0.00119   0.00329   0.00107   0.00116   0.00061   0.01260   0.00309   0.00262   0.00839   0.02546   0.01052   0.02057   0.00039   0.00175   0.00157   0.00224   0.00720   0.00852   0.02488   0.03526   0.01082   0.00622   0.00312   0.00000   0.00179   0.01632   0.00987   1.22049   0.52820   0.59404   0.56425   0.02930   0.45739  
 22 29810.6449  27814.717350  x:  0.01029   0.01175   0.00115   0.00969   0.00745   0.00806   0.00254   0.00460   0.01050   0.00385   0.00916   0.00122   0.00055   0.00117   0.00306   0.00942   0.00599   0.00546   0.00308   0.00342   0.00358   0.00233   0.00481   0.01827   0.00228   0.00070   0.00778   0.00999   0.00091   0.00273   0.00077   0.00108   0.00250   0.01283   0.00247   0.00274   0.00745   0.02341   0.01238   0.01345   0.00103   0.00200   0.00187   0.00235   0.00851   0.00910   0.02321   0.02802   0.01261   0.00604   0.00176   0.00000   0.00159   0.01709   0.01193   1.26325   0.52895   0.59433   0.56519   0.03108   0.45281  
 23 78328.5672  27780.611956  x:  0.01067   0.01061   0.00114   0.01118   0.00603   0.00819   0.00186   0.00450   0.01119   0.00344   0.00910   0.00146   0.00048   0.00111   0.00255   0.00896   0.00597   0.00619   0.00299   0.00313   0.00305   0.00216   0.00414   0.01535   0.00201   0.00068   0.00686   0.01088   0.00148   0.00247   0.00111   0.00100   0.00235   0.01316   0.00190   0.00278   0.00666   0.02154   0.01351   0.00710   0.00097   0.00213   0.00172   0.00231   0.00989   0.00934   0.02180   0.02134   0.01439   0.00576   0.00401   0.00000   0.00145   0.01771   0.01366   1.30376   0.52967   0.59461   0.56608   0.03354   0.44846  
 24 124512.7020  27755.203361  x:  0.01042   0.00977   0.00158   0.01176   0.00648   0.00842   0.00551   0.00517   0.01124   0.00324   0.00883   0.00152   0.00072   0.00118   0.00229   0.00880   0.00618   0.00616   0.00301   0.00276   0.00390   0.00260   0.00401   0.01305   0.00215   0.00068   0.00674   0.01088   0.00091   0.00239   0.00120   0.00099   0.00162   0.01259   0.00181   0.00235   0.00623   0.02014   0.01400   0.00464   0.00203   0.00339   0.00148   0.00242   0.01049   0.00906   0.02107   0.01607   0.01575   0.00514   0.00387   0.00000   0.00145   0.01801   0.01442   1.33887   0.53030   0.59484   0.56686   0.03719   0.44464  
 25 43106.0767  27722.984979  x:  0.01029   0.01086   0.00071   0.01234   0.00887   0.00890   0.00655   0.00538   0.01103   0.00273   0.00844   0.00135   0.00026   0.00124   0.00184   0.00881   0.00659   0.00604   0.00308   0.00353   0.00488   0.00249   0.00404   0.01094   0.00215   0.00070   0.00721   0.01081   0.00361   0.00273   0.00082   0.00093   0.00186   0.01160   0.00100   0.00194   0.00600   0.01866   0.01453   0.00694   0.00218   0.00314   0.00255   0.00246   0.01087   0.00892   0.02084   0.01075   0.01750   0.00541   0.00379   0.00000   0.00134   0.01825   0.01512   1.38251   0.53108   0.59513   0.56783   0.04350   0.43982  
 26 39594.8805  27695.968250  x:  0.01041   0.01286   0.00224   0.01268   0.01103   0.00910   0.00579   0.00513   0.01076   0.00267   0.00817   0.00152   0.00159   0.00129   0.00149   0.00876   0.00697   0.00589   0.00316   0.00350   0.00521   0.00282   0.00413   0.00946   0.00222   0.00071   0.00776   0.01074   0.00293   0.00198   0.00147   0.00094   0.00259   0.01055   0.00078   0.00115   0.00592   0.01764   0.01495   0.00969   0.00167   0.00228   0.00114   0.00274   0.01077   0.00903   0.02055   0.00813   0.01884   0.00623   0.00437   0.00000   0.00141   0.01833   0.01551   1.42033   0.53176   0.59538   0.56868   0.04974   0.43559  
 27 62515.0243  27668.403996  x:  0.01073   0.01481   0.00164   0.01291   0.01248   0.00911   0.00502   0.00478   0.01061   0.00289   0.00811   0.00182   0.00169   0.00146   0.00149   0.00880   0.00699   0.00595   0.00319   0.00373   0.00518   0.00340   0.00416   0.00868   0.00229   0.00072   0.00819   0.01083   0.00064   0.00181   0.00160   0.00102   0.00280   0.00993   0.00144   0.00142   0.00597   0.01709   0.01526   0.01117   0.00115   0.00316   0.00214   0.00274   0.01045   0.00935   0.02054   0.00855   0.01980   0.00721   0.00539   0.00000   0.00144   0.01833   0.01572   1.44926   0.53229   0.59556   0.56933   0.05508   0.43231  
 28 57774.7212  27629.704611  x:  0.01195   0.01908   0.00256   0.01288   0.01445   0.00821   0.00461   0.00414   0.01028   0.00234   0.00810   0.00191   0.00131   0.00132   0.00190   0.00899   0.00705   0.00621   0.00329   0.00312   0.00441   0.00409   0.00418   0.00801   0.00342   0.00074   0.00853   0.01132   0.00209   0.00120   0.00057   0.00107   0.00248   0.00821   0.00149   0.00231   0.00621   0.01690   0.01640   0.01079   0.00151   0.00588   0.00126   0.00292   0.00877   0.01057   0.02066   0.01567   0.02113   0.00936   0.00533   0.00000   0.00112   0.01808   0.01580   1.50525   0.53332   0.59592   0.57060   0.06653   0.42579  
 29 42331.9372  27621.296851  x:  0.01242   0.02040   0.00261   0.01272   0.01492   0.00777   0.00488   0.00420   0.01020   0.00191   0.00812   0.00175   0.00093   0.00158   0.00198   0.00911   0.00723   0.00628   0.00337   0.00306   0.00433   0.00378   0.00418   0.00823   0.00327   0.00075   0.00846   0.01154   0.00236   0.00127   0.00271   0.00103   0.00255   0.00747   0.00093   0.00222   0.00626   0.01716   0.01689   0.01027   0.00183   0.00562   0.00171   0.00303   0.00809   0.01103   0.02055   0.01809   0.02119   0.00997   0.00492   0.00000   0.00097   0.01794   0.01568   1.52146   0.53363   0.59602   0.57097   0.06995   0.42385  
 30 41913.5474  27612.973038  x:  0.01287   0.02130   0.00248   0.01214   0.01497   0.00703   0.00584   0.00482   0.01036   0.00205   0.00840   0.00252   0.00102   0.00158   0.00200   0.00924   0.00731   0.00663   0.00340   0.00447   0.00492   0.00386   0.00413   0.00904   0.00289   0.00076   0.00811   0.01187   0.00225   0.00172   0.00232   0.00103   0.00309   0.00731   0.00095   0.00151   0.00621   0.01817   0.01750   0.00929   0.00210   0.00319   0.00200   0.00312   0.00704   0.01149   0.02099   0.01974   0.02032   0.01012   0.00530   0.00000   0.00111   0.01769   0.01521   1.53177   0.53384   0.59609   0.57121   0.07229   0.42243  
 31 9934.4578  27611.152243  x:  0.01305   0.02156   0.00253   0.01174   0.01496   0.00675   0.00593   0.00475   0.01050   0.00227   0.00851   0.00162   0.00112   0.00165   0.00192   0.00929   0.00727   0.00687   0.00338   0.00461   0.00499   0.00396   0.00409   0.00983   0.00319   0.00076   0.00786   0.01208   0.00229   0.00177   0.00229   0.00106   0.00323   0.00729   0.00117   0.00150   0.00608   0.01890   0.01786   0.00911   0.00206   0.00304   0.00210   0.00307   0.00668   0.01163   0.02122   0.01960   0.01937   0.01002   0.00547   0.00000   0.00119   0.01755   0.01486   1.53395   0.53391   0.59610   0.57127   0.07284   0.42196  
 32 2904.9310  27607.798201  x:  0.01354   0.02217   0.00247   0.01056   0.01497   0.00612   0.00576   0.00435   0.01086   0.00246   0.00875   0.00220   0.00101   0.00159   0.00196   0.00947   0.00717   0.00756   0.00336   0.00439   0.00489   0.00367   0.00396   0.01200   0.00343   0.00076   0.00720   0.01267   0.00231   0.00176   0.00236   0.00105   0.00318   0.00712   0.00117   0.00180   0.00566   0.02099   0.01905   0.00899   0.00188   0.00364   0.00193   0.00304   0.00605   0.01200   0.02195   0.01862   0.01626   0.00965   0.00529   0.00000   0.00120   0.01720   0.01384   1.53836   0.53407   0.59614   0.57139   0.07400   0.42072  
 33 4053.8764  27607.269893  x:  0.01362   0.02226   0.00255   0.01038   0.01500   0.00619   0.00564   0.00451   0.01083   0.00238   0.00868   0.00210   0.00108   0.00163   0.00219   0.00951   0.00711   0.00773   0.00337   0.00431   0.00472   0.00397   0.00392   0.01221   0.00297   0.00076   0.00728   0.01276   0.00232   0.00163   0.00227   0.00104   0.00298   0.00707   0.00107   0.00184   0.00564   0.02126   0.01937   0.00899   0.00210   0.00365   0.00206   0.00311   0.00632   0.01204   0.02212   0.01854   0.01542   0.00963   0.00529   0.00000   0.00116   0.01720   0.01370   1.53901   0.53411   0.59615   0.57142   0.07418   0.42034  
 34 1360.5581  27607.020369  x:  0.01361   0.02225   0.00258   0.01036   0.01501   0.00641   0.00560   0.00467   0.01069   0.00238   0.00853   0.00208   0.00094   0.00161   0.00217   0.00953   0.00706   0.00781   0.00336   0.00438   0.00470   0.00392   0.00389   0.01219   0.00321   0.00076   0.00751   0.01277   0.00224   0.00175   0.00226   0.00103   0.00301   0.00702   0.00097   0.00182   0.00568   0.02124   0.01960   0.00896   0.00216   0.00361   0.00199   0.00308   0.00673   0.01201   0.02221   0.01861   0.01468   0.00968   0.00533   0.00000   0.00116   0.01729   0.01371   1.53930   0.53416   0.59616   0.57144   0.07426   0.41988  
 35 686.7884  27606.888761  x:  0.01357   0.02220   0.00250   0.01042   0.01502   0.00652   0.00564   0.00459   0.01056   0.00248   0.00842   0.00209   0.00112   0.00162   0.00199   0.00954   0.00716   0.00785   0.00336   0.00437   0.00479   0.00387   0.00389   0.01214   0.00317   0.00076   0.00758   0.01275   0.00229   0.00169   0.00226   0.00103   0.00306   0.00701   0.00096   0.00175   0.00569   0.02111   0.01972   0.00891   0.00200   0.00365   0.00204   0.00308   0.00685   0.01195   0.02229   0.01872   0.01420   0.00973   0.00531   0.00000   0.00121   0.01738   0.01378   1.53942   0.53422   0.59617   0.57146   0.07430   0.41938  
 36 570.2682  27606.776559  x:  0.01352   0.02213   0.00259   0.01056   0.01501   0.00654   0.00568   0.00445   0.01046   0.00253   0.00838   0.00209   0.00096   0.00162   0.00186   0.00956   0.00723   0.00787   0.00337   0.00433   0.00483   0.00399   0.00389   0.01215   0.00307   0.00076   0.00747   0.01272   0.00229   0.00179   0.00226   0.00103   0.00311   0.00702   0.00099   0.00184   0.00564   0.02089   0.01976   0.00894   0.00197   0.00361   0.00202   0.00310   0.00674   0.01189   0.02235   0.01876   0.01385   0.00980   0.00531   0.00000   0.00121   0.01748   0.01392   1.53948   0.53431   0.59618   0.57148   0.07432   0.41857  
 37 442.1201  27606.490416  x:  0.01341   0.02196   0.00252   0.01098   0.01498   0.00650   0.00568   0.00450   0.01034   0.00248   0.00843   0.00209   0.00107   0.00162   0.00204   0.00958   0.00713   0.00789   0.00336   0.00443   0.00474   0.00389   0.00390   0.01236   0.00318   0.00076   0.00709   0.01266   0.00227   0.00166   0.00227   0.00103   0.00301   0.00698   0.00098   0.00186   0.00552   0.02029   0.01976   0.00907   0.00216   0.00358   0.00203   0.00308   0.00635   0.01179   0.02243   0.01878   0.01322   0.01004   0.00534   0.00000   0.00119   0.01768   0.01430   1.53955   0.53461   0.59623   0.57157   0.07436   0.41582  
 38 756.3600  27605.841635  x:  0.01337   0.02194   0.00257   0.01125   0.01507   0.00605   0.00563   0.00503   0.01050   0.00243   0.00868   0.00208   0.00099   0.00161   0.00235   0.00961   0.00700   0.00786   0.00336   0.00423   0.00479   0.00396   0.00393   0.01266   0.00310   0.00076   0.00740   0.01261   0.00232   0.00190   0.00227   0.00103   0.00321   0.00692   0.00104   0.00153   0.00562   0.01966   0.01978   0.00899   0.00172   0.00378   0.00201   0.00310   0.00601   0.01182   0.02252   0.01870   0.01281   0.01017   0.00528   0.00000   0.00121   0.01768   0.01461   1.53956   0.53541   0.59636   0.57179   0.07437   0.40849  
 39 1087.4581  27600.838598  x:  0.01321   0.02178   0.00252   0.01142   0.01539   0.00376   0.00537   0.00418   0.01177   0.00235   0.00969   0.00209   0.00101   0.00162   0.00211   0.00969   0.00710   0.00747   0.00337   0.00449   0.00519   0.00388   0.00424   0.01372   0.00319   0.00076   0.00987   0.01208   0.00226   0.00145   0.00229   0.00104   0.00288   0.00636   0.00103   0.00214   0.00624   0.01742   0.01997   0.00861   0.00244   0.00351   0.00202   0.00308   0.00596   0.01220   0.02292   0.01848   0.01186   0.00981   0.00533   0.00000   0.00111   0.01688   0.01523   1.53943   0.54172   0.59736   0.57358   0.07446   0.35057  
 40 5209.9732  27555.522580  x:  0.01341   0.02232   0.00244   0.01027   0.01632   0.00524   0.00593   0.00362   0.01545   0.00230   0.01114   0.00206   0.00098   0.00161   0.00172   0.00984   0.00725   0.00678   0.00337   0.00470   0.00312   0.00380   0.00475   0.01455   0.00318   0.00076   0.01060   0.01096   0.00224   0.00135   0.00227   0.00103   0.00317   0.00592   0.00092   0.00223   0.00508   0.01300   0.02074   0.00821   0.00215   0.00314   0.00205   0.00306   0.00554   0.01376   0.02362   0.01867   0.01010   0.00794   0.00537   0.00000   0.00108   0.01385   0.01583   1.53854   0.57449   0.60254   0.58286   0.07491   0.04952  
 41 27609.3868  27553.956176  x:  0.01341   0.02230   0.00245   0.01030   0.01627   0.00515   0.00578   0.00370   0.01546   0.00229   0.01110   0.00206   0.00098   0.00161   0.00175   0.00983   0.00723   0.00678   0.00337   0.00468   0.00355   0.00381   0.00475   0.01457   0.00317   0.00076   0.01054   0.01097   0.00223   0.00134   0.00228   0.00103   0.00312   0.00591   0.00093   0.00225   0.00502   0.01301   0.02080   0.00822   0.00221   0.00318   0.00204   0.00306   0.00558   0.01376   0.02360   0.01869   0.01008   0.00797   0.00536   0.00000   0.00108   0.01391   0.01588   1.53849   0.57629   0.60283   0.58337   0.07494   0.03301  
 42 73331.6374  27553.833795  x:  0.01338   0.02226   0.00244   0.01038   0.01626   0.00493   0.00588   0.00368   0.01530   0.00232   0.01104   0.00207   0.00098   0.00161   0.00171   0.00982   0.00725   0.00680   0.00337   0.00469   0.00328   0.00380   0.00474   0.01456   0.00317   0.00076   0.01060   0.01101   0.00224   0.00136   0.00228   0.00103   0.00313   0.00594   0.00094   0.00222   0.00507   0.01319   0.02083   0.00826   0.00220   0.00317   0.00205   0.00306   0.00560   0.01368   0.02358   0.01866   0.01011   0.00809   0.00537   0.00000   0.00109   0.01408   0.01590   1.53848   0.57646   0.60285   0.58342   0.07494   0.03158  
 43 1228.4793  27553.827790  x:  0.01337   0.02225   0.00245   0.01039   0.01626   0.00495   0.00590   0.00364   0.01525   0.00230   0.01104   0.00206   0.00098   0.00161   0.00176   0.00982   0.00722   0.00681   0.00337   0.00470   0.00328   0.00381   0.00473   0.01457   0.00318   0.00076   0.01064   0.01102   0.00224   0.00134   0.00228   0.00103   0.00315   0.00594   0.00093   0.00224   0.00508   0.01321   0.02083   0.00824   0.00217   0.00316   0.00205   0.00306   0.00558   0.01365   0.02358   0.01866   0.01012   0.00809   0.00537   0.00000   0.00108   0.01409   0.01589   1.53848   0.57649   0.60286   0.58343   0.07494   0.03151  
 44 101.9004  27553.823147  x:  0.01337   0.02226   0.00244   0.01041   0.01628   0.00498   0.00588   0.00366   0.01516   0.00231   0.01107   0.00207   0.00098   0.00161   0.00174   0.00981   0.00722   0.00682   0.00337   0.00470   0.00327   0.00380   0.00472   0.01458   0.00318   0.00076   0.01069   0.01104   0.00224   0.00133   0.00228   0.00103   0.00314   0.00595   0.00094   0.00226   0.00507   0.01321   0.02086   0.00822   0.00219   0.00315   0.00205   0.00306   0.00551   0.01362   0.02356   0.01864   0.01014   0.00809   0.00537   0.00000   0.00108   0.01406   0.01586   1.53848   0.57656   0.60286   0.58346   0.07494   0.03148  
 45 63.4975  27553.819653  x:  0.01338   0.02227   0.00244   0.01041   0.01628   0.00498   0.00587   0.00364   0.01508   0.00231   0.01111   0.00207   0.00098   0.00161   0.00175   0.00981   0.00721   0.00684   0.00336   0.00470   0.00327   0.00380   0.00472   0.01458   0.00317   0.00076   0.01070   0.01105   0.00224   0.00136   0.00228   0.00103   0.00313   0.00596   0.00094   0.00221   0.00505   0.01319   0.02089   0.00822   0.00221   0.00316   0.00205   0.00306   0.00551   0.01360   0.02355   0.01864   0.01015   0.00807   0.00537   0.00000   0.00109   0.01403   0.01584   1.53848   0.57667   0.60287   0.58350   0.07494   0.03146  
 46 52.7313  27553.810507  x:  0.01340   0.02228   0.00244   0.01042   0.01626   0.00493   0.00589   0.00366   0.01496   0.00231   0.01119   0.00206   0.00098   0.00161   0.00175   0.00980   0.00721   0.00686   0.00336   0.00469   0.00327   0.00380   0.00470   0.01460   0.00317   0.00076   0.01064   0.01105   0.00224   0.00134   0.00228   0.00103   0.00315   0.00598   0.00094   0.00225   0.00504   0.01313   0.02096   0.00825   0.00217   0.00315   0.00205   0.00306   0.00559   0.01359   0.02355   0.01865   0.01017   0.00803   0.00537   0.00000   0.00108   0.01398   0.01578   1.53848   0.57704   0.60291   0.58364   0.07494   0.03145  
 47 82.3084  27553.671968  x:  0.01339   0.02231   0.00245   0.01048   0.01622   0.00503   0.00587   0.00364   0.01479   0.00233   0.01136   0.00206   0.00098   0.00161   0.00174   0.00977   0.00717   0.00675   0.00335   0.00468   0.00328   0.00379   0.00477   0.01466   0.00317   0.00076   0.01049   0.01067   0.00224   0.00136   0.00227   0.00103   0.00313   0.00607   0.00094   0.00225   0.00556   0.01306   0.02123   0.00820   0.00219   0.00316   0.00205   0.00305   0.00555   0.01389   0.02353   0.01858   0.01023   0.00807   0.00536   0.00000   0.00109   0.01425   0.01544   1.53846   0.58358   0.60360   0.58612   0.07494   0.03150  
 48 132.3197  27552.642185  x:  0.01317   0.02226   0.00246   0.01089   0.01612   0.00493   0.00587   0.00369   0.01462   0.00234   0.01116   0.00206   0.00097   0.00160   0.00177   0.00977   0.00712   0.00615   0.00333   0.00467   0.00330   0.00381   0.00510   0.01472   0.00316   0.00076   0.01080   0.01008   0.00224   0.00137   0.00226   0.00103   0.00312   0.00626   0.00094   0.00228   0.00429   0.01303   0.02166   0.00813   0.00217   0.00315   0.00205   0.00304   0.00555   0.01489   0.02373   0.01852   0.01040   0.00846   0.00535   0.00000   0.00109   0.01489   0.01447   1.53835   0.63069   0.60859   0.60401   0.07496   0.03193  
 49 2336.9280  27548.998249  x:  0.01285   0.02177   0.00247   0.01197   0.01571   0.00465   0.00601   0.00366   0.01478   0.00224   0.00994   0.00208   0.00097   0.00161   0.00178   0.00965   0.00706   0.00599   0.00331   0.00467   0.00348   0.00387   0.00509   0.01399   0.00317   0.00075   0.01059   0.01283   0.00223   0.00132   0.00228   0.00103   0.00316   0.00609   0.00095   0.00216   0.00540   0.01368   0.02149   0.00870   0.00215   0.00323   0.00205   0.00303   0.00533   0.01471   0.02337   0.01864   0.01017   0.00838   0.00544   0.00000   0.00106   0.01340   0.01439   1.53795   0.81738   0.62839   0.67500   0.07515   0.03367  
 50 12019.3541  27546.913737  x:  0.01337   0.02219   0.00245   0.01068   0.01660   0.00461   0.00574   0.00370   0.01477   0.00218   0.01098   0.00207   0.00096   0.00163   0.00176   0.00978   0.00721   0.00724   0.00336   0.00468   0.00352   0.00383   0.00443   0.01397   0.00319   0.00076   0.01030   0.01205   0.00222   0.00131   0.00229   0.00103   0.00314   0.00558   0.00095   0.00211   0.00538   0.01425   0.02030   0.00831   0.00219   0.00321   0.00205   0.00305   0.00573   0.01234   0.02328   0.01879   0.01017   0.00784   0.00542   0.00000   0.00104   0.01431   0.01585   1.53774   0.91465   0.63876   0.71211   0.07524   0.03459  
 51 15002.4109  27546.769962  x:  0.01355   0.02228   0.00244   0.01004   0.01621   0.00460   0.00583   0.00371   0.01455   0.00219   0.01072   0.00208   0.00096   0.00163   0.00179   0.00976   0.00719   0.00746   0.00336   0.00468   0.00353   0.00382   0.00430   0.01407   0.00320   0.00076   0.01040   0.01177   0.00223   0.00131   0.00228   0.00103   0.00313   0.00560   0.00097   0.00212   0.00538   0.01415   0.02038   0.00839   0.00220   0.00322   0.00206   0.00305   0.00565   0.01239   0.02319   0.01870   0.01026   0.00819   0.00542   0.00000   0.00104   0.01412   0.01634   1.53772   0.92121   0.63952   0.71472   0.07524   0.03465  
 52 1533.9054  27546.753256  x:  0.01350   0.02228   0.00244   0.00994   0.01625   0.00461   0.00583   0.00371   0.01445   0.00220   0.01072   0.00208   0.00096   0.00163   0.00179   0.00972   0.00716   0.00739   0.00335   0.00468   0.00353   0.00382   0.00434   0.01411   0.00319   0.00076   0.01041   0.01181   0.00223   0.00132   0.00229   0.00103   0.00313   0.00568   0.00097   0.00212   0.00537   0.01418   0.02044   0.00841   0.00220   0.00322   0.00205   0.00304   0.00564   0.01255   0.02314   0.01872   0.01028   0.00801   0.00542   0.00000   0.00105   0.01419   0.01659   1.53772   0.92178   0.63968   0.71511   0.07524   0.03466  
 53 116.8042  27546.718981  x:  0.01340   0.02218   0.00244   0.00986   0.01638   0.00460   0.00580   0.00371   0.01441   0.00220   0.01087   0.00208   0.00096   0.00162   0.00178   0.00970   0.00714   0.00713   0.00334   0.00467   0.00353   0.00383   0.00447   0.01408   0.00319   0.00076   0.01035   0.01176   0.00223   0.00132   0.00228   0.00103   0.00314   0.00576   0.00096   0.00212   0.00536   0.01432   0.02052   0.00836   0.00220   0.00322   0.00205   0.00304   0.00570   0.01252   0.02314   0.01873   0.01025   0.00818   0.00542   0.00000   0.00105   0.01402   0.01677   1.53772   0.92215   0.64025   0.71626   0.07524   0.03466  
 54 52.1958  27545.394760  x:  0.01512   0.02171   0.00243   0.00953   0.01608   0.00478   0.00596   0.00367   0.01514   0.00215   0.01102   0.00206   0.00097   0.00161   0.00171   0.00942   0.00693   0.00585   0.00325   0.00464   0.00358   0.00385   0.00510   0.01407   0.00315   0.00074   0.01054   0.01226   0.00220   0.00130   0.00228   0.00102   0.00316   0.00617   0.00093   0.00208   0.00522   0.01409   0.02204   0.00879   0.00218   0.00322   0.00204   0.00300   0.00551   0.01123   0.02290   0.01891   0.01043   0.00820   0.00549   0.00000   0.00103   0.01470   0.01679   1.53775   0.93122   0.66428   0.76314   0.07523   0.03472  
 55 293.1451  27530.939918  x:  0.01348   0.02143   0.00243   0.01069   0.01856   0.00339   0.00525   0.00382   0.01382   0.00209   0.00719   0.00216   0.00094   0.00164   0.00210   0.00943   0.00665   0.00777   0.00321   0.00463   0.00358   0.00380   0.00405   0.01389   0.00317   0.00073   0.00955   0.00966   0.00215   0.00135   0.00226   0.00102   0.00310   0.00566   0.00114   0.00179   0.00530   0.01442   0.02149   0.00789   0.00217   0.00315   0.00203   0.00296   0.00563   0.01217   0.02255   0.01888   0.01061   0.00699   0.00548   0.00000   0.00099   0.01306   0.01521   1.53811   1.03977   0.95701   1.33361   0.07502   0.03527  
 56 10023.3028  27524.334180  x:  0.01149   0.02185   0.00251   0.01033   0.01651   0.00399   0.00573   0.00366   0.01327   0.00166   0.01044   0.00209   0.00085   0.00172   0.00172   0.00979   0.00722   0.00896   0.00335   0.00467   0.00371   0.00389   0.00341   0.01230   0.00331   0.00076   0.01010   0.01113   0.00219   0.00117   0.00221   0.00101   0.00314   0.00346   0.00103   0.00157   0.00518   0.01510   0.02016   0.00851   0.00212   0.00334   0.00212   0.00305   0.00554   0.01440   0.02278   0.01859   0.01021   0.00812   0.00555   0.00000   0.00085   0.01413   0.01486   1.53824   1.08511   1.07943   1.57211   0.07490   0.03549  
 57 56494.5877  27524.016021  x:  0.01163   0.02271   0.00250   0.01015   0.01615   0.00394   0.00572   0.00367   0.01275   0.00168   0.01035   0.00210   0.00083   0.00172   0.00178   0.00993   0.00731   0.00825   0.00340   0.00468   0.00370   0.00389   0.00380   0.01231   0.00333   0.00077   0.01002   0.01144   0.00222   0.00119   0.00221   0.00102   0.00311   0.00344   0.00107   0.00161   0.00528   0.01492   0.01934   0.00823   0.00216   0.00333   0.00214   0.00306   0.00567   0.01434   0.02311   0.01834   0.01003   0.00810   0.00549   0.00000   0.00085   0.01425   0.01472   1.53825   1.08721   1.08514   1.58314   0.07489   0.03550  
 58 2636.2541  27524.002212  x:  0.01165   0.02285   0.00250   0.01031   0.01602   0.00396   0.00575   0.00367   0.01277   0.00168   0.01038   0.00210   0.00083   0.00172   0.00178   0.00993   0.00732   0.00822   0.00340   0.00467   0.00370   0.00389   0.00381   0.01228   0.00333   0.00077   0.01004   0.01131   0.00222   0.00119   0.00220   0.00102   0.00310   0.00342   0.00107   0.00160   0.00527   0.01502   0.01937   0.00825   0.00216   0.00334   0.00214   0.00306   0.00567   0.01431   0.02312   0.01833   0.01001   0.00802   0.00550   0.00000   0.00085   0.01417   0.01481   1.53826   1.08724   1.08529   1.58330   0.07489   0.03550  
 59 43.3722  27523.696165  x:  0.01059   0.02345   0.00250   0.01013   0.01577   0.00397   0.00577   0.00368   0.01305   0.00169   0.01022   0.00210   0.00082   0.00172   0.00179   0.00988   0.00726   0.00818   0.00338   0.00466   0.00371   0.00388   0.00384   0.01241   0.00333   0.00077   0.01000   0.01140   0.00222   0.00120   0.00220   0.00102   0.00309   0.00350   0.00107   0.00160   0.00525   0.01485   0.01991   0.00821   0.00218   0.00334   0.00215   0.00306   0.00568   0.01377   0.02308   0.01834   0.01017   0.00799   0.00549   0.00000   0.00085   0.01431   0.01475   1.53860   1.08681   1.08700   1.58113   0.07488   0.03556  
 60 19.0454  27499.901110  x:  0.01111   0.02337   0.00254   0.00897   0.01632   0.00275   0.00555   0.00381   0.01100   0.00093   0.00892   0.00208   0.00066   0.00177   0.00153   0.00930   0.00680   0.00675   0.00317   0.00453   0.00418   0.00402   0.00434   0.01019   0.00339   0.00072   0.00913   0.01135   0.00210   0.00088   0.00208   0.00098   0.00301   0.00000   0.00106   0.00076   0.00503   0.01620   0.02222   0.00834   0.00219   0.00347   0.00221   0.00292   0.00506   0.01254   0.02204   0.01835   0.01079   0.00762   0.00572   0.00000   0.00054   0.01509   0.01369   1.57055   1.04509   1.24027   1.36889   0.07542   0.04013  
 61 721.9910  27486.019137  x:  0.01175   0.02348   0.00255   0.00850   0.01648   0.00190   0.00543   0.00388   0.00966   0.00056   0.00828   0.00205   0.00058   0.00177   0.00136   0.00878   0.00644   0.00608   0.00301   0.00445   0.00457   0.00413   0.00447   0.00904   0.00340   0.00069   0.00857   0.01155   0.00202   0.00077   0.00200   0.00094   0.00296   0.00008   0.00097   0.00033   0.00495   0.01733   0.02347   0.00845   0.00222   0.00358   0.00224   0.00281   0.00468   0.01155   0.02111   0.01842   0.01113   0.00766   0.00586   0.00000   0.00040   0.01578   0.01326   1.58272   1.05301   1.56177   1.18121   0.07677   0.04497  
 62 26.0585  27465.111248  x:  0.01084   0.02337   0.00256   0.00801   0.01642   0.00240   0.00547   0.00390   0.00981   0.00036   0.00846   0.00202   0.00050   0.00182   0.00116   0.00897   0.00679   0.00572   0.00311   0.00440   0.00429   0.00412   0.00465   0.00829   0.00348   0.00071   0.00854   0.01089   0.00199   0.00061   0.00191   0.00093   0.00298   0.00010   0.00096   0.00041   0.00474   0.01665   0.02307   0.00837   0.00204   0.00355   0.00229   0.00287   0.00440   0.01267   0.02150   0.01806   0.01083   0.00704   0.00588   0.00000   0.00030   0.01524   0.01247   1.58689   0.95420   0.89247   1.39139   0.07349   0.03862  
 63 22.0185  27448.314632  x:  0.01108   0.02324   0.00259   0.00680   0.01675   0.00214   0.00536   0.00404   0.00801   0.00000   0.00754   0.00201   0.00032   0.00188   0.00082   0.00831   0.00642   0.00435   0.00293   0.00425   0.00463   0.00425   0.00502   0.00594   0.00356   0.00067   0.00773   0.01056   0.00190   0.00031   0.00176   0.00087   0.00293   0.00009   0.00103   0.00034   0.00443   0.01781   0.02478   0.00862   0.00192   0.00368   0.00239   0.00275   0.00399   0.01196   0.02039   0.01783   0.01092   0.00653   0.00614   0.00000   0.00007   0.01579   0.01108   1.60989   0.89106   0.86347   1.27346   0.07297   0.04056  
 64  1.9702  27438.407938  x:  0.01119   0.02314   0.00260   0.00604   0.01697   0.00206   0.00530   0.00413   0.00681   0.00010   0.00693   0.00200   0.00023   0.00192   0.00057   0.00791   0.00622   0.00349   0.00281   0.00415   0.00483   0.00434   0.00527   0.00471   0.00361   0.00065   0.00718   0.01032   0.00184   0.00018   0.00166   0.00083   0.00290   0.00008   0.00107   0.00042   0.00424   0.01851   0.02582   0.00880   0.00182   0.00376   0.00246   0.00267   0.00374   0.01153   0.01975   0.01769   0.01098   0.00619   0.00632   0.00000   0.00000   0.01612   0.01020   1.62401   0.85037   0.83448   1.20420   0.07259   0.04161  
 65 15.0755  27431.118746  x:  0.01132   0.02300   0.00261   0.00521   0.01723   0.00205   0.00524   0.00424   0.00552   0.00019   0.00627   0.00200   0.00017   0.00197   0.00031   0.00747   0.00598   0.00253   0.00269   0.00405   0.00505   0.00443   0.00555   0.00334   0.00367   0.00062   0.00659   0.01004   0.00179   0.00010   0.00155   0.00080   0.00287   0.00008   0.00115   0.00046   0.00403   0.01929   0.02698   0.00902   0.00171   0.00385   0.00254   0.00258   0.00351   0.01104   0.01905   0.01754   0.01103   0.00582   0.00651   0.00000   0.00006   0.01648   0.00921   1.63979   0.80485   0.80028   1.12774   0.07216   0.04273  
 66 17.9847  27421.289681  x:  0.01147   0.02257   0.00262   0.00442   0.01763   0.00278   0.00523   0.00449   0.00523   0.00022   0.00578   0.00211   0.00006   0.00203   0.00078   0.00703   0.00535   0.00173   0.00254   0.00398   0.00518   0.00447   0.00575   0.00218   0.00374   0.00059   0.00623   0.00960   0.00180   0.00050   0.00149   0.00077   0.00282   0.00008   0.00152   0.00049   0.00379   0.01997   0.02830   0.00943   0.00165   0.00389   0.00261   0.00249   0.00383   0.01046   0.01838   0.01737   0.01068   0.00540   0.00675   0.00000   0.00006   0.01674   0.00823   1.65644   0.76843   0.78148   1.05355   0.07186   0.04319  
 67  1.5865  27412.650506  x:  0.01160   0.02190   0.00243   0.00347   0.01818   0.00393   0.00525   0.00476   0.00587   0.00025   0.00536   0.00224   0.00068   0.00212   0.00143   0.00652   0.00454   0.00125   0.00235   0.00395   0.00528   0.00432   0.00581   0.00167   0.00378   0.00055   0.00597   0.00891   0.00189   0.00052   0.00144   0.00074   0.00267   0.00008   0.00205   0.00069   0.00349   0.02069   0.02974   0.01010   0.00156   0.00398   0.00274   0.00239   0.00431   0.00968   0.01771   0.01730   0.00996   0.00477   0.00706   0.00000   0.00007   0.01696   0.00715   1.67832   0.73679   0.78209   0.96185   0.07167   0.04316  
 68  1.3430  27396.845554  x:  0.01141   0.02073   0.00241   0.00296   0.01880   0.00452   0.00532   0.00520   0.00715   0.00030   0.00547   0.00232   0.00068   0.00222   0.00184   0.00611   0.00355   0.00269   0.00207   0.00372   0.00543   0.00426   0.00499   0.00495   0.00383   0.00049   0.00579   0.00745   0.00185   0.00060   0.00135   0.00063   0.00263   0.00010   0.00232   0.00173   0.00311   0.02154   0.03081   0.01126   0.00125   0.00416   0.00287   0.00221   0.00356   0.00852   0.01706   0.01720   0.00884   0.00371   0.00767   0.00000   0.00010   0.01735   0.00665   1.71800   0.71301   0.79508   0.84087   0.07149   0.04297  
 69  0.5875  27375.173957  x:  0.01017   0.01819   0.00227   0.00818   0.01879   0.00386   0.00549   0.00578   0.00923   0.00038   0.00661   0.00245   0.00084   0.00240   0.00177   0.00520   0.00277   0.00321   0.00177   0.00352   0.00576   0.00438   0.00400   0.00458   0.00393   0.00042   0.00684   0.00620   0.00183   0.00091   0.00119   0.00039   0.00244   0.00011   0.00244   0.00192   0.00306   0.02233   0.02894   0.01274   0.00103   0.00455   0.00319   0.00204   0.00221   0.00820   0.01487   0.01757   0.00891   0.00454   0.00881   0.00000   0.00012   0.01814   0.01068   1.79477   0.67776   0.69359   0.80379   0.07043   0.04312  
 70  0.3602  27345.456419  x:  0.00970   0.01834   0.00227   0.00616   0.01725   0.00372   0.00589   0.00584   0.01269   0.00048   0.00846   0.00259   0.00088   0.00267   0.00062   0.00433   0.00275   0.00355   0.00159   0.00348   0.00552   0.00464   0.00270   0.00426   0.00396   0.00037   0.00752   0.00812   0.00173   0.00136   0.00104   0.00000   0.00192   0.00012   0.00232   0.00058   0.00348   0.02236   0.02326   0.01361   0.00124   0.00453   0.00360   0.00194   0.00422   0.01076   0.01272   0.01810   0.00882   0.00523   0.01026   0.00000   0.00014   0.01772   0.01093   1.91541   0.80048   0.79243   0.98960   0.07050   0.03801  
 71  0.3719  27322.357719  x:  0.00951   0.01995   0.00238   0.00530   0.01601   0.00243   0.00608   0.00592   0.01073   0.00058   0.00887   0.00264   0.00099   0.00293   0.00123   0.00372   0.00213   0.00090   0.00148   0.00333   0.00548   0.00500   0.00310   0.00572   0.00389   0.00034   0.00787   0.00920   0.00176   0.00144   0.00114   0.00031   0.00165   0.00014   0.00216   0.00028   0.00418   0.02226   0.01741   0.01397   0.00113   0.00451   0.00399   0.00196   0.00385   0.01117   0.01182   0.01834   0.00943   0.00607   0.01149   0.00000   0.00016   0.01751   0.00948   2.05977   0.80588   0.78161   1.03309   0.07098   0.03891  
 72  0.2511  27312.431088  x:  0.00953   0.02079   0.00253   0.00539   0.01515   0.00276   0.00631   0.00585   0.00942   0.00059   0.00890   0.00279   0.00095   0.00309   0.00163   0.00337   0.00186   0.00192   0.00146   0.00341   0.00536   0.00519   0.00194   0.00541   0.00387   0.00034   0.00862   0.00971   0.00193   0.00129   0.00141   0.00050   0.00161   0.00016   0.00232   0.00139   0.00464   0.02192   0.01363   0.01410   0.00108   0.00442   0.00424   0.00203   0.00444   0.01104   0.01099   0.01854   0.00914   0.00671   0.01230   0.00000   0.00017   0.01719   0.00842   2.16366   0.85411   0.88663   1.07946   0.07241   0.04005  
 73  0.8998  27298.026756  x:  0.01013   0.02228   0.00270   0.00442   0.01496   0.00336   0.00636   0.00560   0.00827   0.00063   0.00768   0.00276   0.00100   0.00328   0.00097   0.00256   0.00174   0.00268   0.00134   0.00346   0.00505   0.00552   0.00087   0.00473   0.00377   0.00030   0.00766   0.00814   0.00192   0.00154   0.00138   0.00047   0.00185   0.00017   0.00186   0.00074   0.00447   0.02127   0.01341   0.01350   0.00067   0.00417   0.00454   0.00208   0.00300   0.00979   0.01010   0.01922   0.00761   0.00517   0.01327   0.00000   0.00017   0.01645   0.00670   2.32443   0.81841   0.79460   0.98961   0.07396   0.04062  
 74  0.3952  27288.354859  x:  0.01049   0.02258   0.00287   0.00459   0.01531   0.00441   0.00625   0.00529   0.00850   0.00063   0.00682   0.00288   0.00087   0.00336   0.00064   0.00216   0.00167   0.00106   0.00129   0.00364   0.00479   0.00569   0.00157   0.00471   0.00370   0.00029   0.00736   0.00693   0.00201   0.00144   0.00158   0.00044   0.00189   0.00018   0.00188   0.00121   0.00427   0.02053   0.01469   0.01299   0.00096   0.00393   0.00464   0.00216   0.00340   0.00886   0.01049   0.01968   0.00649   0.00424   0.01380   0.00000   0.00016   0.01591   0.00706   2.44319   0.78154   0.80254   0.89231   0.07578   0.04155  
 75  0.6059  27279.729085  x:  0.01041   0.02102   0.00310   0.00467   0.01566   0.00424   0.00586   0.00511   0.00753   0.00066   0.00597   0.00311   0.00081   0.00343   0.00135   0.00194   0.00135   0.00172   0.00131   0.00391   0.00488   0.00580   0.00133   0.00440   0.00366   0.00029   0.00729   0.00646   0.00218   0.00112   0.00183   0.00042   0.00178   0.00019   0.00219   0.00096   0.00381   0.02035   0.01768   0.01255   0.00167   0.00384   0.00468   0.00237   0.00454   0.00813   0.01128   0.01979   0.00706   0.00465   0.01430   0.00000   0.00017   0.01634   0.00745   2.60818   0.67041   0.68537   0.81181   0.07789   0.04621  
 76  0.4390  27269.021022  x:  0.01033   0.01948   0.00347   0.00397   0.01589   0.00393   0.00544   0.00485   0.00898   0.00071   0.00589   0.00314   0.00063   0.00353   0.00136   0.00210   0.00223   0.00144   0.00168   0.00406   0.00483   0.00616   0.00154   0.00349   0.00364   0.00035   0.00620   0.00698   0.00232   0.00092   0.00191   0.00034   0.00229   0.00021   0.00179   0.00092   0.00338   0.01973   0.01743   0.01157   0.00146   0.00395   0.00479   0.00280   0.00353   0.00883   0.01305   0.01976   0.01026   0.00485   0.01502   0.00000   0.00017   0.01653   0.00814   2.85398   0.63617   0.81719   0.81062   0.08123   0.05037  
 77  0.5287  27260.967742  x:  0.00983   0.01786   0.00361   0.00575   0.01517   0.00333   0.00513   0.00490   0.00751   0.00078   0.00743   0.00323   0.00060   0.00354   0.00136   0.00161   0.00242   0.00111   0.00183   0.00403   0.00495   0.00611   0.00152   0.00361   0.00379   0.00038   0.00741   0.00846   0.00241   0.00090   0.00198   0.00023   0.00251   0.00023   0.00191   0.00071   0.00372   0.02014   0.01786   0.01123   0.00117   0.00410   0.00478   0.00301   0.00367   0.00953   0.01410   0.01915   0.00835   0.00491   0.01583   0.00000   0.00019   0.01723   0.00684   3.08892   0.69019   0.92218   0.95059   0.08318   0.05268  
 78  0.3612  27256.909492  x:  0.00964   0.01797   0.00356   0.00469   0.01427   0.00325   0.00501   0.00505   0.00831   0.00083   0.00761   0.00319   0.00052   0.00345   0.00116   0.00109   0.00249   0.00122   0.00188   0.00394   0.00487   0.00595   0.00124   0.00364   0.00395   0.00038   0.00781   0.00803   0.00235   0.00089   0.00194   0.00025   0.00237   0.00025   0.00192   0.00061   0.00409   0.02020   0.01691   0.01109   0.00123   0.00424   0.00470   0.00306   0.00364   0.00956   0.01407   0.01866   0.00739   0.00483   0.01629   0.00000   0.00020   0.01727   0.00918   3.23869   0.77846   0.91693   1.05256   0.08361   0.05026  
 79  0.3275  27253.652534  x:  0.00975   0.01878   0.00344   0.00506   0.01347   0.00311   0.00494   0.00525   0.00928   0.00087   0.00720   0.00304   0.00046   0.00324   0.00081   0.00124   0.00267   0.00124   0.00195   0.00380   0.00485   0.00569   0.00134   0.00406   0.00410   0.00039   0.00757   0.00709   0.00215   0.00095   0.00177   0.00022   0.00214   0.00026   0.00178   0.00069   0.00434   0.02054   0.01590   0.01106   0.00126   0.00432   0.00451   0.00306   0.00356   0.00922   0.01498   0.01829   0.00829   0.00487   0.01643   0.00000   0.00021   0.01701   0.00777   3.36898   0.80388   0.84605   1.10097   0.08332   0.04704  
 80  0.2221  27249.951974  x:  0.00992   0.01882   0.00313   0.00547   0.01383   0.00384   0.00506   0.00551   0.00870   0.00092   0.00662   0.00280   0.00037   0.00278   0.00103   0.00101   0.00205   0.00151   0.00186   0.00359   0.00476   0.00514   0.00144   0.00462   0.00415   0.00037   0.00696   0.00722   0.00184   0.00073   0.00158   0.00021   0.00206   0.00028   0.00178   0.00063   0.00407   0.02077   0.01685   0.01120   0.00104   0.00431   0.00404   0.00292   0.00342   0.00918   0.01522   0.01841   0.00888   0.00474   0.01631   0.00000   0.00022   0.01638   0.00772   3.54239   0.85696   0.95020   1.13482   0.08407   0.04355  
 81  0.1888  27247.245899  x:  0.01001   0.01850   0.00288   0.00475   0.01464   0.00336   0.00536   0.00555   0.00784   0.00094   0.00681   0.00265   0.00036   0.00237   0.00086   0.00137   0.00215   0.00171   0.00196   0.00353   0.00486   0.00467   0.00168   0.00493   0.00400   0.00040   0.00705   0.00788   0.00173   0.00073   0.00150   0.00028   0.00207   0.00030   0.00191   0.00086   0.00360   0.02113   0.01729   0.01145   0.00095   0.00408   0.00361   0.00291   0.00341   0.00926   0.01593   0.01875   0.00803   0.00497   0.01583   0.00000   0.00022   0.01642   0.00826   3.66876   0.80969   0.92503   1.12606   0.08439   0.04450  
 82  0.1532  27245.214210  x:  0.01021   0.01874   0.00272   0.00492   0.01520   0.00310   0.00555   0.00542   0.00866   0.00097   0.00733   0.00259   0.00031   0.00213   0.00088   0.00105   0.00217   0.00173   0.00206   0.00351   0.00494   0.00435   0.00157   0.00459   0.00371   0.00043   0.00744   0.00786   0.00183   0.00059   0.00157   0.00033   0.00185   0.00032   0.00215   0.00089   0.00370   0.02125   0.01730   0.01161   0.00134   0.00388   0.00334   0.00292   0.00372   0.00921   0.01506   0.01899   0.00802   0.00467   0.01538   0.00000   0.00023   0.01669   0.00763   3.77656   0.74540   0.92854   1.07599   0.08467   0.04756  
 83  0.1496  27243.357471  x:  0.00996   0.01947   0.00256   0.00516   0.01529   0.00317   0.00573   0.00523   0.00779   0.00101   0.00726   0.00250   0.00042   0.00205   0.00095   0.00120   0.00237   0.00154   0.00223   0.00340   0.00503   0.00423   0.00157   0.00443   0.00332   0.00048   0.00764   0.00706   0.00201   0.00062   0.00157   0.00023   0.00188   0.00033   0.00207   0.00075   0.00424   0.02096   0.01602   0.01179   0.00128   0.00387   0.00321   0.00296   0.00379   0.00913   0.01429   0.01922   0.00834   0.00493   0.01465   0.00000   0.00023   0.01703   0.00828   3.85523   0.71971   0.94686   1.03721   0.08446   0.05096  
 84  0.0907  27241.833797  x:  0.00993   0.01969   0.00248   0.00514   0.01498   0.00336   0.00581   0.00511   0.00887   0.00103   0.00681   0.00240   0.00047   0.00212   0.00100   0.00123   0.00233   0.00136   0.00232   0.00333   0.00507   0.00426   0.00161   0.00407   0.00319   0.00050   0.00742   0.00779   0.00217   0.00060   0.00151   0.00020   0.00215   0.00034   0.00191   0.00074   0.00422   0.02053   0.01652   0.01190   0.00098   0.00400   0.00319   0.00294   0.00349   0.00937   0.01333   0.01911   0.00796   0.00528   0.01385   0.00000   0.00024   0.01710   0.00802   3.92266   0.71870   0.92915   1.01574   0.08452   0.05145  
 85  0.0657  27240.741197  x:  0.00997   0.01957   0.00244   0.00501   0.01500   0.00350   0.00555   0.00511   0.00869   0.00106   0.00719   0.00238   0.00054   0.00226   0.00080   0.00137   0.00234   0.00155   0.00238   0.00342   0.00508   0.00429   0.00154   0.00386   0.00329   0.00053   0.00720   0.00787   0.00218   0.00072   0.00142   0.00027   0.00209   0.00035   0.00177   0.00062   0.00392   0.02036   0.01694   0.01193   0.00126   0.00407   0.00322   0.00288   0.00331   0.00950   0.01278   0.01898   0.00817   0.00484   0.01316   0.00000   0.00025   0.01685   0.00789   3.99434   0.75688   0.93811   1.03493   0.08459   0.05015  
 86  0.0925  27239.869647  x:  0.01003   0.01903   0.00245   0.00465   0.01506   0.00342   0.00534   0.00521   0.00839   0.00109   0.00750   0.00245   0.00055   0.00240   0.00094   0.00134   0.00211   0.00131   0.00241   0.00348   0.00506   0.00434   0.00160   0.00402   0.00350   0.00054   0.00718   0.00749   0.00212   0.00070   0.00138   0.00026   0.00222   0.00037   0.00172   0.00081   0.00371   0.02043   0.01710   0.01202   0.00115   0.00411   0.00326   0.00281   0.00361   0.00950   0.01237   0.01884   0.00839   0.00473   0.01267   0.00000   0.00026   0.01663   0.00796   4.09131   0.77372   0.92463   1.06411   0.08480   0.04851  
 87  0.1131  27239.280141  x:  0.01000   0.01878   0.00252   0.00486   0.01484   0.00355   0.00523   0.00526   0.00848   0.00111   0.00708   0.00258   0.00054   0.00250   0.00098   0.00153   0.00210   0.00146   0.00249   0.00357   0.00501   0.00442   0.00159   0.00414   0.00364   0.00057   0.00747   0.00739   0.00206   0.00068   0.00144   0.00029   0.00223   0.00038   0.00182   0.00074   0.00378   0.02055   0.01690   0.01206   0.00121   0.00405   0.00330   0.00279   0.00387   0.00924   0.01269   0.01887   0.00785   0.00500   0.01224   0.00000   0.00026   0.01664   0.00781   4.17689   0.77590   0.94432   1.08989   0.08543   0.04794  
 88  0.1157  27238.942397  x:  0.00995   0.01884   0.00258   0.00500   0.01462   0.00335   0.00522   0.00531   0.00822   0.00113   0.00681   0.00263   0.00055   0.00254   0.00090   0.00142   0.00203   0.00146   0.00251   0.00358   0.00501   0.00455   0.00158   0.00429   0.00364   0.00058   0.00750   0.00765   0.00200   0.00074   0.00146   0.00025   0.00219   0.00039   0.00181   0.00078   0.00397   0.02075   0.01695   0.01204   0.00125   0.00403   0.00338   0.00275   0.00365   0.00914   0.01256   0.01894   0.00800   0.00491   0.01197   0.00000   0.00027   0.01684   0.00795   4.23675   0.75607   0.95019   1.09521   0.08601   0.04868  
 89  0.0829  27238.666969  x:  0.00996   0.01907   0.00267   0.00506   0.01461   0.00344   0.00532   0.00530   0.00845   0.00114   0.00726   0.00265   0.00051   0.00256   0.00092   0.00143   0.00196   0.00152   0.00253   0.00355   0.00490   0.00472   0.00160   0.00427   0.00357   0.00059   0.00729   0.00748   0.00198   0.00071   0.00153   0.00025   0.00220   0.00040   0.00189   0.00075   0.00407   0.02082   0.01682   0.01193   0.00114   0.00399   0.00347   0.00271   0.00354   0.00925   0.01274   0.01907   0.00809   0.00479   0.01164   0.00000   0.00027   0.01685   0.00799   4.27573   0.75305   0.97071   1.11236   0.08669   0.04945  
 90  0.0404  27238.532546  x:  0.00997   0.01902   0.00272   0.00494   0.01470   0.00347   0.00537   0.00527   0.00848   0.00114   0.00716   0.00263   0.00049   0.00254   0.00087   0.00133   0.00194   0.00149   0.00253   0.00354   0.00488   0.00483   0.00161   0.00427   0.00354   0.00060   0.00743   0.00747   0.00196   0.00071   0.00153   0.00025   0.00211   0.00041   0.00190   0.00075   0.00389   0.02083   0.01670   0.01183   0.00117   0.00399   0.00355   0.00265   0.00351   0.00926   0.01279   0.01908   0.00817   0.00506   0.01149   0.00000   0.00027   0.01686   0.00790   4.27360   0.75789   0.98285   1.10855   0.08688   0.04979  
 91  0.0118  27238.424646  x:  0.00998   0.01904   0.00273   0.00501   0.01479   0.00343   0.00543   0.00523   0.00849   0.00112   0.00699   0.00260   0.00046   0.00251   0.00089   0.00133   0.00197   0.00150   0.00255   0.00355   0.00490   0.00487   0.00163   0.00422   0.00357   0.00061   0.00738   0.00764   0.00195   0.00069   0.00151   0.00025   0.00207   0.00041   0.00190   0.00075   0.00381   0.02075   0.01650   0.01178   0.00115   0.00401   0.00362   0.00259   0.00364   0.00929   0.01296   0.01906   0.00814   0.00481   0.01136   0.00000   0.00027   0.01683   0.00797   4.24888   0.75859   0.97664   1.09856   0.08676   0.04952  
 92  0.0250  27238.303519  x:  0.01000   0.01899   0.00271   0.00492   0.01473   0.00338   0.00549   0.00522   0.00835   0.00110   0.00708   0.00258   0.00045   0.00246   0.00089   0.00130   0.00200   0.00150   0.00257   0.00361   0.00500   0.00484   0.00166   0.00419   0.00364   0.00063   0.00724   0.00758   0.00195   0.00070   0.00149   0.00025   0.00204   0.00041   0.00187   0.00075   0.00402   0.02068   0.01681   0.01178   0.00116   0.00401   0.00367   0.00249   0.00364   0.00933   0.01311   0.01897   0.00801   0.00491   0.01117   0.00000   0.00027   0.01683   0.00790   4.20176   0.75051   0.96302   1.08239   0.08647   0.04909  
 93  0.0339  27238.207256  x:  0.00996   0.01896   0.00269   0.00494   0.01467   0.00354   0.00548   0.00524   0.00836   0.00109   0.00717   0.00261   0.00045   0.00245   0.00089   0.00131   0.00202   0.00147   0.00259   0.00362   0.00503   0.00476   0.00164   0.00419   0.00365   0.00065   0.00753   0.00759   0.00196   0.00071   0.00151   0.00025   0.00208   0.00042   0.00187   0.00073   0.00397   0.02062   0.01680   0.01190   0.00113   0.00400   0.00367   0.00241   0.00360   0.00919   0.01313   0.01899   0.00821   0.00486   0.01103   0.00000   0.00027   0.01679   0.00798   4.16648   0.74825   0.94601   1.07355   0.08615   0.04884  
 94  0.0236  27238.059782  x:  0.00990   0.01896   0.00268   0.00513   0.01464   0.00338   0.00534   0.00532   0.00845   0.00108   0.00718   0.00263   0.00047   0.00246   0.00093   0.00130   0.00200   0.00144   0.00263   0.00361   0.00504   0.00471   0.00154   0.00423   0.00357   0.00068   0.00735   0.00743   0.00196   0.00074   0.00153   0.00024   0.00209   0.00043   0.00184   0.00074   0.00382   0.02071   0.01662   0.01208   0.00117   0.00399   0.00363   0.00233   0.00353   0.00926   0.01319   0.01907   0.00811   0.00493   0.01099   0.00000   0.00027   0.01682   0.00797   4.13716   0.75773   0.93908   1.07004   0.08618   0.04901  
 95  0.0167  27237.860604  x:  0.01002   0.01897   0.00271   0.00500   0.01464   0.00343   0.00524   0.00530   0.00848   0.00106   0.00705   0.00263   0.00045   0.00246   0.00089   0.00127   0.00198   0.00146   0.00267   0.00356   0.00489   0.00467   0.00144   0.00427   0.00340   0.00074   0.00737   0.00753   0.00198   0.00076   0.00151   0.00029   0.00219   0.00045   0.00186   0.00076   0.00404   0.02078   0.01678   0.01209   0.00114   0.00397   0.00354   0.00226   0.00364   0.00936   0.01345   0.01916   0.00814   0.00491   0.01113   0.00000   0.00028   0.01683   0.00794   4.13961   0.76456   0.94435   1.07635   0.08693   0.04966  
 96  0.0046  27237.674518  x:  0.01001   0.01911   0.00273   0.00480   0.01463   0.00348   0.00522   0.00525   0.00838   0.00105   0.00712   0.00258   0.00044   0.00250   0.00097   0.00132   0.00193   0.00142   0.00274   0.00355   0.00482   0.00466   0.00146   0.00425   0.00339   0.00080   0.00739   0.00770   0.00199   0.00072   0.00146   0.00026   0.00216   0.00048   0.00182   0.00073   0.00396   0.02080   0.01679   0.01194   0.00124   0.00401   0.00347   0.00223   0.00349   0.00915   0.01367   0.01908   0.00803   0.00486   0.01127   0.00000   0.00028   0.01683   0.00790   4.16214   0.75617   0.95598   1.08631   0.08758   0.04963  
 97  0.0157  27237.392319  x:  0.00991   0.01891   0.00269   0.00494   0.01469   0.00336   0.00540   0.00514   0.00832   0.00102   0.00718   0.00253   0.00046   0.00258   0.00086   0.00127   0.00192   0.00141   0.00283   0.00354   0.00489   0.00459   0.00150   0.00412   0.00350   0.00089   0.00732   0.00755   0.00204   0.00075   0.00145   0.00024   0.00223   0.00052   0.00185   0.00069   0.00377   0.02084   0.01699   0.01181   0.00115   0.00409   0.00339   0.00218   0.00370   0.00913   0.01352   0.01898   0.00813   0.00488   0.01146   0.00000   0.00029   0.01686   0.00795   4.18299   0.73770   0.97164   1.08573   0.08810   0.04911  
 98  0.0183  27237.102604  x:  0.00999   0.01876   0.00266   0.00506   0.01473   0.00348   0.00552   0.00519   0.00846   0.00098   0.00713   0.00257   0.00048   0.00267   0.00090   0.00134   0.00189   0.00140   0.00291   0.00355   0.00500   0.00460   0.00158   0.00411   0.00353   0.00098   0.00741   0.00751   0.00203   0.00074   0.00147   0.00024   0.00213   0.00057   0.00187   0.00077   0.00402   0.02075   0.01670   0.01178   0.00123   0.00409   0.00337   0.00218   0.00360   0.00960   0.01319   0.01891   0.00827   0.00489   0.01168   0.00000   0.00029   0.01682   0.00802   4.15950   0.75234   0.97648   1.09237   0.08796   0.04776  
 99  0.0156  27236.886274  x:  0.00995   0.01904   0.00268   0.00503   0.01470   0.00340   0.00553   0.00530   0.00848   0.00094   0.00721   0.00264   0.00048   0.00269   0.00089   0.00134   0.00189   0.00150   0.00297   0.00351   0.00506   0.00469   0.00163   0.00415   0.00344   0.00107   0.00738   0.00757   0.00197   0.00075   0.00151   0.00025   0.00208   0.00060   0.00185   0.00078   0.00400   0.02070   0.01667   0.01177   0.00117   0.00404   0.00340   0.00222   0.00360   0.00899   0.01299   0.01897   0.00815   0.00492   0.01186   0.00000   0.00030   0.01679   0.00795   4.13259   0.76658   0.96758   1.09310   0.08753   0.04789  
100  0.0195  27236.739405  x:  0.00998   0.01899   0.00270   0.00492   0.01470   0.00345   0.00546   0.00535   0.00838   0.00091   0.00712   0.00265   0.00048   0.00264   0.00087   0.00132   0.00186   0.00155   0.00299   0.00352   0.00503   0.00475   0.00168   0.00423   0.00341   0.00113   0.00743   0.00751   0.00193   0.00074   0.00153   0.00025   0.00205   0.00064   0.00181   0.00073   0.00386   0.02068   0.01673   0.01178   0.00113   0.00400   0.00344   0.00226   0.00356   0.00936   0.01293   0.01898   0.00800   0.00487   0.01192   0.00000   0.00031   0.01679   0.00790   4.12616   0.75452   0.94860   1.08494   0.08697   0.04890  
101  0.0172  27236.542412  x:  0.00997   0.01885   0.00268   0.00496   0.01468   0.00339   0.00530   0.00526   0.00839   0.00088   0.00718   0.00260   0.00046   0.00245   0.00088   0.00135   0.00178   0.00150   0.00300   0.00360   0.00496   0.00469   0.00169   0.00422   0.00350   0.00121   0.00735   0.00761   0.00195   0.00069   0.00155   0.00025   0.00209   0.00068   0.00177   0.00071   0.00397   0.02066   0.01683   0.01186   0.00114   0.00399   0.00351   0.00233   0.00365   0.00923   0.01293   0.01891   0.00822   0.00492   0.01182   0.00000   0.00031   0.01689   0.00802   4.13500   0.75415   0.93760   1.06381   0.08590   0.05047  
102  0.0091  27236.415895  x:  0.00997   0.01914   0.00272   0.00506   0.01454   0.00338   0.00532   0.00520   0.00843   0.00086   0.00722   0.00260   0.00045   0.00239   0.00083   0.00135   0.00184   0.00145   0.00297   0.00361   0.00493   0.00471   0.00162   0.00419   0.00350   0.00125   0.00746   0.00749   0.00203   0.00069   0.00152   0.00026   0.00211   0.00071   0.00178   0.00076   0.00392   0.02076   0.01676   0.01191   0.00117   0.00401   0.00361   0.00247   0.00356   0.00930   0.01300   0.01900   0.00808   0.00487   0.01182   0.00000   0.00032   0.01685   0.00793   4.12992   0.75144   0.94841   1.06530   0.08561   0.04919  
103  0.0052  27236.299119  x:  0.00996   0.01891   0.00274   0.00497   0.01485   0.00344   0.00535   0.00525   0.00843   0.00085   0.00720   0.00263   0.00047   0.00240   0.00086   0.00134   0.00177   0.00147   0.00289   0.00353   0.00495   0.00469   0.00154   0.00426   0.00353   0.00127   0.00734   0.00758   0.00203   0.00071   0.00150   0.00024   0.00211   0.00073   0.00181   0.00074   0.00394   0.02084   0.01666   0.01196   0.00116   0.00404   0.00367   0.00257   0.00355   0.00925   0.01308   0.01919   0.00809   0.00491   0.01167   0.00000   0.00032   0.01676   0.00792   4.12193   0.74878   0.95391   1.07568   0.08556   0.04705  
104  0.0058  27236.195151  x:  0.01006   0.01909   0.00272   0.00490   0.01467   0.00336   0.00547   0.00529   0.00840   0.00084   0.00712   0.00262   0.00048   0.00245   0.00089   0.00134   0.00178   0.00150   0.00281   0.00349   0.00502   0.00463   0.00155   0.00420   0.00357   0.00130   0.00747   0.00755   0.00198   0.00072   0.00147   0.00024   0.00213   0.00076   0.00180   0.00072   0.00392   0.02086   0.01698   0.01187   0.00113   0.00402   0.00366   0.00267   0.00362   0.00928   0.01320   0.01915   0.00819   0.00488   0.01147   0.00000   0.00033   0.01688   0.00798   4.10456   0.75600   0.96019   1.08481   0.08576   0.04791  
105  0.0090  27236.106636  x:  0.00996   0.01905   0.00269   0.00498   0.01472   0.00347   0.00545   0.00528   0.00840   0.00084   0.00716   0.00261   0.00049   0.00251   0.00086   0.00130   0.00185   0.00143   0.00273   0.00347   0.00501   0.00457   0.00157   0.00416   0.00356   0.00132   0.00735   0.00760   0.00193   0.00074   0.00149   0.00025   0.00210   0.00078   0.00179   0.00074   0.00395   0.02070   0.01681   0.01178   0.00118   0.00398   0.00361   0.00276   0.00364   0.00926   0.01325   0.01907   0.00816   0.00492   0.01139   0.00000   0.00033   0.01686   0.00801   4.10088   0.75907   0.95406   1.09132   0.08600   0.04935  
106  0.0059  27236.016232  x:  0.00995   0.01887   0.00267   0.00503   0.01481   0.00336   0.00537   0.00526   0.00850   0.00084   0.00720   0.00257   0.00048   0.00256   0.00087   0.00130   0.00179   0.00145   0.00259   0.00349   0.00497   0.00458   0.00158   0.00414   0.00351   0.00132   0.00747   0.00748   0.00190   0.00074   0.00150   0.00025   0.00210   0.00081   0.00177   0.00074   0.00393   0.02070   0.01662   0.01183   0.00117   0.00398   0.00354   0.00279   0.00352   0.00929   0.01334   0.01890   0.00808   0.00486   0.01136   0.00000   0.00034   0.01680   0.00788   4.11841   0.76016   0.95484   1.08518   0.08640   0.04963  
107  0.0068  27235.871431  x:  0.01004   0.01899   0.00264   0.00501   0.01449   0.00344   0.00539   0.00520   0.00840   0.00084   0.00721   0.00256   0.00046   0.00257   0.00089   0.00130   0.00179   0.00150   0.00237   0.00363   0.00498   0.00467   0.00161   0.00420   0.00346   0.00132   0.00738   0.00759   0.00199   0.00073   0.00152   0.00026   0.00212   0.00084   0.00178   0.00074   0.00389   0.02062   0.01660   0.01200   0.00118   0.00401   0.00350   0.00275   0.00360   0.00928   0.01327   0.01878   0.00809   0.00493   0.01139   0.00000   0.00035   0.01672   0.00796   4.10767   0.74653   0.94173   1.05282   0.08698   0.04814  
108  0.0126  27235.768997  x:  0.00984   0.01895   0.00265   0.00493   0.01476   0.00341   0.00535   0.00524   0.00837   0.00085   0.00710   0.00260   0.00044   0.00254   0.00086   0.00131   0.00190   0.00151   0.00227   0.00367   0.00500   0.00476   0.00165   0.00420   0.00348   0.00134   0.00740   0.00751   0.00202   0.00073   0.00150   0.00024   0.00213   0.00086   0.00174   0.00073   0.00402   0.02072   0.01668   0.01197   0.00113   0.00406   0.00349   0.00266   0.00362   0.00920   0.01314   0.01894   0.00818   0.00486   0.01140   0.00000   0.00035   0.01689   0.00798   4.10996   0.74469   0.93668   1.04494   0.08722   0.04790  
109  0.0043  27235.675622  x:  0.01007   0.01900   0.00266   0.00501   0.01467   0.00342   0.00537   0.00533   0.00842   0.00087   0.00716   0.00263   0.00044   0.00250   0.00089   0.00133   0.00194   0.00146   0.00219   0.00362   0.00496   0.00476   0.00162   0.00424   0.00353   0.00136   0.00736   0.00754   0.00200   0.00072   0.00148   0.00024   0.00210   0.00090   0.00174   0.00074   0.00390   0.02088   0.01671   0.01189   0.00117   0.00405   0.00347   0.00256   0.00359   0.00927   0.01302   0.01914   0.00813   0.00489   0.01142   0.00000   0.00036   0.01692   0.00795   4.13798   0.75312   0.95273   1.07521   0.08727   0.04881  
110  0.0172  27235.641720  x:  0.00991   0.01892   0.00268   0.00497   0.01465   0.00341   0.00539   0.00527   0.00841   0.00087   0.00715   0.00262   0.00045   0.00248   0.00090   0.00133   0.00196   0.00146   0.00214   0.00356   0.00496   0.00477   0.00159   0.00420   0.00353   0.00138   0.00741   0.00755   0.00199   0.00072   0.00150   0.00025   0.00209   0.00091   0.00176   0.00073   0.00393   0.02078   0.01675   0.01185   0.00116   0.00402   0.00350   0.00251   0.00359   0.00928   0.01305   0.01909   0.00810   0.00489   0.01151   0.00000   0.00037   0.01679   0.00793   4.13353   0.75694   0.95597   1.08378   0.08676   0.04883  
111  0.0056  27235.629705  x:  0.01000   0.01894   0.00269   0.00498   0.01467   0.00341   0.00539   0.00524   0.00838   0.00088   0.00713   0.00260   0.00047   0.00248   0.00089   0.00133   0.00197   0.00147   0.00214   0.00355   0.00498   0.00477   0.00159   0.00419   0.00351   0.00138   0.00739   0.00754   0.00198   0.00073   0.00150   0.00025   0.00210   0.00092   0.00176   0.00073   0.00395   0.02071   0.01675   0.01184   0.00115   0.00400   0.00354   0.00248   0.00359   0.00924   0.01305   0.01901   0.00813   0.00489   0.01153   0.00000   0.00037   0.01680   0.00796   4.14512   0.75440   0.95443   1.08097   0.08651   0.04855  
112  0.0063  27235.624488  x:  0.00996   0.01902   0.00269   0.00499   0.01470   0.00342   0.00538   0.00525   0.00841   0.00089   0.00714   0.00260   0.00047   0.00249   0.00090   0.00133   0.00196   0.00147   0.00213   0.00356   0.00499   0.00476   0.00160   0.00420   0.00351   0.00138   0.00739   0.00755   0.00197   0.00073   0.00150   0.00025   0.00211   0.00092   0.00176   0.00074   0.00393   0.02073   0.01677   0.01188   0.00116   0.00400   0.00355   0.00248   0.00359   0.00927   0.01310   0.01900   0.00813   0.00490   0.01153   0.00000   0.00037   0.01685   0.00795   4.15011   0.75340   0.95386   1.07788   0.08648   0.04850  
113  0.0029  27235.621022  x:  0.00999   0.01900   0.00269   0.00497   0.01474   0.00342   0.00539   0.00527   0.00842   0.00089   0.00715   0.00262   0.00047   0.00250   0.00090   0.00132   0.00198   0.00147   0.00214   0.00356   0.00498   0.00474   0.00160   0.00420   0.00351   0.00138   0.00740   0.00755   0.00197   0.00072   0.00150   0.00025   0.00212   0.00092   0.00175   0.00073   0.00393   0.02076   0.01676   0.01191   0.00116   0.00402   0.00357   0.00248   0.00360   0.00927   0.01313   0.01901   0.00811   0.00490   0.01156   0.00000   0.00037   0.01685   0.00795   4.15002   0.75292   0.95264   1.07431   0.08638   0.04866  
114  0.0014  27235.614186  x:  0.00997   0.01899   0.00270   0.00498   0.01470   0.00341   0.00542   0.00527   0.00839   0.00091   0.00713   0.00261   0.00047   0.00252   0.00089   0.00131   0.00197   0.00148   0.00213   0.00357   0.00497   0.00471   0.00161   0.00419   0.00351   0.00139   0.00739   0.00755   0.00198   0.00071   0.00150   0.00025   0.00211   0.00094   0.00174   0.00073   0.00395   0.02078   0.01676   0.01191   0.00116   0.00404   0.00357   0.00247   0.00359   0.00925   0.01312   0.01904   0.00813   0.00489   0.01153   0.00000   0.00038   0.01676   0.00796   4.15159   0.75134   0.95283   1.07340   0.08623   0.04876  
115  0.0005  27235.595329  x:  0.00998   0.01899   0.00273   0.00500   0.01467   0.00339   0.00539   0.00524   0.00838   0.00096   0.00713   0.00260   0.00047   0.00255   0.00088   0.00133   0.00195   0.00148   0.00215   0.00358   0.00499   0.00470   0.00161   0.00421   0.00348   0.00139   0.00738   0.00754   0.00199   0.00069   0.00150   0.00025   0.00210   0.00095   0.00174   0.00074   0.00393   0.02077   0.01673   0.01182   0.00116   0.00402   0.00354   0.00248   0.00358   0.00926   0.01311   0.01911   0.00814   0.00491   0.01151   0.00000   0.00038   0.01680   0.00795   4.13156   0.75308   0.95190   1.07815   0.08608   0.04846  
116  0.0042  27235.580652  x:  0.00998   0.01902   0.00272   0.00497   0.01473   0.00342   0.00536   0.00526   0.00840   0.00100   0.00713   0.00261   0.00047   0.00252   0.00087   0.00132   0.00195   0.00146   0.00212   0.00358   0.00499   0.00473   0.00159   0.00423   0.00350   0.00137   0.00739   0.00756   0.00197   0.00070   0.00150   0.00024   0.00211   0.00095   0.00176   0.00073   0.00394   0.02074   0.01677   0.01185   0.00115   0.00401   0.00355   0.00248   0.00360   0.00929   0.01310   0.01903   0.00810   0.00489   0.01152   0.00000   0.00039   0.01692   0.00794   4.12667   0.75681   0.95193   1.07903   0.08618   0.04845  
117  0.0020  27235.569592  x:  0.00997   0.01899   0.00271   0.00498   0.01470   0.00340   0.00540   0.00526   0.00838   0.00104   0.00711   0.00261   0.00047   0.00250   0.00088   0.00133   0.00196   0.00147   0.00215   0.00357   0.00497   0.00477   0.00159   0.00420   0.00351   0.00137   0.00738   0.00756   0.00197   0.00070   0.00150   0.00025   0.00211   0.00096   0.00176   0.00073   0.00394   0.02072   0.01676   0.01189   0.00116   0.00402   0.00355   0.00250   0.00359   0.00926   0.01309   0.01898   0.00813   0.00490   0.01154   0.00000   0.00039   0.01682   0.00795   4.12310   0.75338   0.95165   1.07588   0.08633   0.04864  
118  0.0022  27235.567173  x:  0.00998   0.01898   0.00269   0.00498   0.01470   0.00341   0.00540   0.00527   0.00837   0.00105   0.00711   0.00261   0.00047   0.00249   0.00088   0.00133   0.00195   0.00146   0.00214   0.00356   0.00498   0.00478   0.00160   0.00420   0.00351   0.00138   0.00738   0.00754   0.00197   0.00071   0.00150   0.00025   0.00211   0.00098   0.00174   0.00074   0.00393   0.02074   0.01676   0.01189   0.00116   0.00402   0.00355   0.00250   0.00359   0.00926   0.01311   0.01899   0.00813   0.00489   0.01153   0.00000   0.00039   0.01682   0.00795   4.12480   0.75316   0.95125   1.07433   0.08649   0.04850  
119  0.0012  27235.565429  x:  0.00997   0.01898   0.00268   0.00498   0.01470   0.00342   0.00539   0.00526   0.00838   0.00105   0.00711   0.00261   0.00047   0.00249   0.00089   0.00133   0.00195   0.00146   0.00215   0.00356   0.00499   0.00478   0.00160   0.00420   0.00351   0.00138   0.00738   0.00755   0.00198   0.00072   0.00151   0.00025   0.00211   0.00098   0.00174   0.00074   0.00393   0.02076   0.01676   0.01187   0.00116   0.00401   0.00355   0.00249   0.00359   0.00926   0.01312   0.01903   0.00812   0.00489   0.01154   0.00000   0.00039   0.01684   0.00795   4.12724   0.75308   0.95070   1.07335   0.08652   0.04847  
120  0.0013  27235.559753  x:  0.00998   0.01897   0.00267   0.00498   0.01469   0.00342   0.00537   0.00524   0.00840   0.00105   0.00713   0.00261   0.00046   0.00250   0.00090   0.00132   0.00195   0.00148   0.00216   0.00355   0.00499   0.00476   0.00161   0.00419   0.00351   0.00138   0.00740   0.00756   0.00200   0.00073   0.00150   0.00025   0.00211   0.00099   0.00174   0.00073   0.00395   0.02076   0.01675   0.01184   0.00117   0.00400   0.00357   0.00250   0.00360   0.00926   0.01313   0.01907   0.00811   0.00489   0.01156   0.00000   0.00039   0.01685   0.00796   4.12638   0.75363   0.94929   1.07309   0.08630   0.04857  
121  0.0003  27235.548578  x:  0.00997   0.01901   0.00268   0.00498   0.01469   0.00342   0.00538   0.00527   0.00836   0.00106   0.00709   0.00261   0.00045   0.00250   0.00090   0.00133   0.00196   0.00148   0.00216   0.00355   0.00494   0.00477   0.00161   0.00419   0.00352   0.00134   0.00737   0.00754   0.00198   0.00074   0.00148   0.00024   0.00211   0.00099   0.00177   0.00074   0.00393   0.02072   0.01677   0.01190   0.00116   0.00401   0.00355   0.00250   0.00359   0.00926   0.01306   0.01904   0.00814   0.00490   0.01153   0.00000   0.00039   0.01681   0.00795   4.12624   0.75342   0.95188   1.07592   0.08610   0.04861  
122  0.0009  27235.529526  x:  0.01002   0.01900   0.00268   0.00497   0.01474   0.00341   0.00538   0.00526   0.00837   0.00105   0.00713   0.00260   0.00043   0.00253   0.00090   0.00133   0.00195   0.00145   0.00214   0.00355   0.00501   0.00475   0.00161   0.00416   0.00350   0.00134   0.00739   0.00756   0.00196   0.00077   0.00151   0.00025   0.00213   0.00103   0.00174   0.00073   0.00394   0.02076   0.01674   0.01189   0.00117   0.00401   0.00355   0.00252   0.00359   0.00927   0.01314   0.01905   0.00812   0.00490   0.01157   0.00000   0.00039   0.01684   0.00796   4.12091   0.75139   0.95175   1.07358   0.08608   0.04838  
123  0.0011  27235.495177  x:  0.00994   0.01907   0.00273   0.00499   0.01476   0.00343   0.00543   0.00528   0.00836   0.00101   0.00712   0.00261   0.00043   0.00250   0.00090   0.00135   0.00193   0.00145   0.00223   0.00359   0.00502   0.00475   0.00158   0.00418   0.00349   0.00130   0.00738   0.00756   0.00194   0.00076   0.00151   0.00025   0.00212   0.00107   0.00172   0.00072   0.00393   0.02079   0.01683   0.01189   0.00116   0.00404   0.00353   0.00248   0.00360   0.00928   0.01301   0.01896   0.00811   0.00490   0.01157   0.00000   0.00038   0.01683   0.00795   4.13776   0.75474   0.95599   1.08217   0.08595   0.04830  
124  0.0048  27235.452353  x:  0.01000   0.01897   0.00274   0.00499   0.01476   0.00340   0.00547   0.00524   0.00840   0.00099   0.00712   0.00262   0.00045   0.00248   0.00090   0.00133   0.00196   0.00147   0.00218   0.00363   0.00499   0.00472   0.00156   0.00422   0.00349   0.00124   0.00739   0.00754   0.00198   0.00074   0.00150   0.00024   0.00208   0.00113   0.00172   0.00073   0.00393   0.02072   0.01678   0.01185   0.00116   0.00405   0.00353   0.00253   0.00359   0.00925   0.01309   0.01885   0.00814   0.00490   0.01154   0.00000   0.00037   0.01682   0.00795   4.13125   0.75607   0.94776   1.07711   0.08635   0.04866  
125  0.0033  27235.429353  x:  0.00997   0.01899   0.00271   0.00498   0.01470   0.00342   0.00540   0.00525   0.00840   0.00098   0.00712   0.00261   0.00047   0.00249   0.00090   0.00133   0.00195   0.00147   0.00222   0.00359   0.00499   0.00472   0.00160   0.00421   0.00352   0.00122   0.00739   0.00754   0.00199   0.00074   0.00150   0.00025   0.00208   0.00117   0.00171   0.00074   0.00393   0.02073   0.01677   0.01185   0.00115   0.00401   0.00356   0.00249   0.00360   0.00927   0.01312   0.01904   0.00812   0.00490   0.01155   0.00000   0.00037   0.01686   0.00795   4.13331   0.75415   0.94873   1.07283   0.08642   0.04858  
126  0.0021  27235.423846  x:  0.00998   0.01899   0.00271   0.00498   0.01470   0.00341   0.00538   0.00526   0.00839   0.00097   0.00712   0.00260   0.00047   0.00249   0.00089   0.00133   0.00195   0.00147   0.00222   0.00357   0.00497   0.00474   0.00160   0.00419   0.00352   0.00120   0.00738   0.00755   0.00197   0.00073   0.00150   0.00025   0.00210   0.00118   0.00172   0.00073   0.00393   0.02073   0.01676   0.01189   0.00116   0.00401   0.00355   0.00250   0.00359   0.00926   0.01309   0.01903   0.00813   0.00489   0.01154   0.00000   0.00036   0.01683   0.00795   4.12722   0.75153   0.95119   1.07145   0.08646   0.04844  
127  0.0041  27235.422463  x:  0.00998   0.01898   0.00270   0.00498   0.01470   0.00341   0.00539   0.00526   0.00840   0.00097   0.00713   0.00261   0.00047   0.00249   0.00089   0.00133   0.00195   0.00147   0.00222   0.00357   0.00498   0.00474   0.00160   0.00420   0.00352   0.00121   0.00738   0.00755   0.00198   0.00072   0.00150   0.00025   0.00211   0.00118   0.00171   0.00073   0.00393   0.02076   0.01676   0.01187   0.00116   0.00401   0.00355   0.00249   0.00359   0.00926   0.01311   0.01902   0.00812   0.00490   0.01154   0.00000   0.00036   0.01683   0.00795   4.12636   0.75345   0.95087   1.07423   0.08641   0.04840  
128  0.0015  27235.422172  x:  0.00998   0.01899   0.00270   0.00498   0.01470   0.00341   0.00539   0.00526   0.00840   0.00097   0.00712   0.00261   0.00047   0.00250   0.00089   0.00133   0.00195   0.00147   0.00222   0.00356   0.00498   0.00475   0.00160   0.00420   0.00352   0.00121   0.00738   0.00755   0.00197   0.00072   0.00150   0.00025   0.00211   0.00118   0.00171   0.00073   0.00393   0.02075   0.01676   0.01188   0.00116   0.00401   0.00355   0.00249   0.00359   0.00926   0.01310   0.01901   0.00812   0.00490   0.01153   0.00000   0.00036   0.01683   0.00795   4.12614   0.75312   0.95129   1.07422   0.08641   0.04842  
129  0.0004  27235.422137  x:  0.00998   0.01899   0.00269   0.00498   0.01470   0.00341   0.00539   0.00526   0.00840   0.00097   0.00712   0.00261   0.00047   0.00250   0.00089   0.00133   0.00195   0.00147   0.00222   0.00356   0.00498   0.00475   0.00160   0.00420   0.00352   0.00121   0.00738   0.00755   0.00197   0.00072   0.00150   0.00025   0.00211   0.00118   0.00171   0.00073   0.00393   0.02075   0.01676   0.01188   0.00116   0.00401   0.00355   0.00249   0.00359   0.00926   0.01310   0.01902   0.00812   0.00490   0.01154   0.00000   0.00036   0.01683   0.00795   4.12616   0.75321   0.95108   1.07419   0.08640   0.04844  
130  0.0001  27235.422104  x:  0.00998   0.01899   0.00269   0.00498   0.01470   0.00341   0.00539   0.00526   0.00840   0.00097   0.00712   0.00261   0.00047   0.00250   0.00089   0.00133   0.00195   0.00147   0.00222   0.00356   0.00498   0.00475   0.00160   0.00420   0.00352   0.00121   0.00738   0.00755   0.00197   0.00072   0.00150   0.00025   0.00211   0.00118   0.00171   0.00073   0.00393   0.02074   0.01676   0.01188   0.00116   0.00401   0.00355   0.00249   0.00359   0.00926   0.01310   0.01902   0.00812   0.00490   0.01154   0.00000   0.00036   0.01683   0.00795   4.12652   0.75305   0.95091   1.07378   0.08639   0.04845  
131  0.0002  27235.422101  x:  0.00998   0.01899   0.00269   0.00498   0.01470   0.00341   0.00539   0.00526   0.00840   0.00097   0.00712   0.00261   0.00047   0.00250   0.00089   0.00133   0.00195   0.00147   0.00222   0.00356   0.00498   0.00475   0.00160   0.00420   0.00352   0.00121   0.00738   0.00755   0.00197   0.00072   0.00150   0.00025   0.00211   0.00118   0.00171   0.00073   0.00393   0.02074   0.01676   0.01188   0.00116   0.00401   0.00355   0.00249   0.00359   0.00926   0.01310   0.01902   0.00812   0.00490   0.01154   0.00000   0.00036   0.01683   0.00795   4.12643   0.75309   0.95095   1.07388   0.08639   0.04844  
132  0.0002  27235.422101  x:  0.00998   0.01899   0.00269   0.00498   0.01470   0.00341   0.00539   0.00526   0.00840   0.00097   0.00712   0.00261   0.00047   0.00250   0.00089   0.00133   0.00195   0.00147   0.00222   0.00356   0.00498   0.00475   0.00160   0.00420   0.00352   0.00121   0.00738   0.00755   0.00197   0.00072   0.00150   0.00025   0.00211   0.00118   0.00171   0.00073   0.00393   0.02074   0.01676   0.01188   0.00116   0.00401   0.00355   0.00249   0.00359   0.00926   0.01310   0.01902   0.00812   0.00490   0.01154   0.00000   0.00036   0.01683   0.00795   4.12642   0.75310   0.95096   1.07389   0.08639   0.04844  
133  0.0001  27235.422101  x:  0.00998   0.01899   0.00269   0.00498   0.01470   0.00341   0.00539   0.00526   0.00840   0.00097   0.00712   0.00261   0.00047   0.00250   0.00089   0.00133   0.00195   0.00147   0.00222   0.00356   0.00498   0.00475   0.00160   0.00420   0.00352   0.00121   0.00738   0.00755   0.00197   0.00072   0.00150   0.00025   0.00211   0.00118   0.00171   0.00073   0.00393   0.02074   0.01676   0.01188   0.00116   0.00401   0.00355   0.00249   0.00359   0.00926   0.01310   0.01902   0.00812   0.00490   0.01154   0.00000   0.00036   0.01683   0.00795   4.12641   0.75310   0.95096   1.07389   0.08639   0.04844  