Supplemental results for CODEML (seqf: /home/leticiamagpali/phd/evol_models/codeml/big_dataset/cml_align/HSP90AA1_codon_aligned.phy  treef: /home/leticiamagpali/phd/evol_models/codeml/big_dataset/cml_trees/gene_trees/H1c_gene_trees/HSP90AA1_tree_H1c.tre)

I	J	ij	2Ns_IJ	pMut_IJ	pSub_IJ	2Ns_JI	pMut_JI	pSub_JI

TTC	TTT	CT	0.06628	0.05067	0.05237	-0.06628	0.05414	0.05237	0.05237	0.05237
TTA	TTT	AT	1.04265	0.00658	0.01060	-1.04265	0.01868	0.01060	0.00530	0.00530
TTA	TTC	AC	0.97637	0.00555	0.00869	-0.97637	0.01473	0.00869	0.00435	0.00435
TTG	TTT	GT	-0.57561	0.02791	0.02064	0.57561	0.01569	0.02064	0.01032	0.01032
TTG	TTC	GC	-0.64189	0.02352	0.01678	0.64189	0.01238	0.01678	0.00839	0.00839
TTG	TTA	GA	-1.61827	0.09253	0.03702	1.61827	0.01834	0.03702	0.03702	0.03702
TCT	TTT	CT	-0.65888	0.10464	0.07393	0.65888	0.05414	0.07393	0.03696	0.03696
TCC	TTC	CT	0.16108	0.03636	0.03937	-0.16108	0.04272	0.03937	0.01968	0.01968
TCC	TCT	CT	0.88624	0.03636	0.05482	-0.88624	0.08821	0.05482	0.05482	0.05482
TCA	TTA	CT	-0.08056	0.02031	0.01951	0.08056	0.01874	0.01951	0.00975	0.00975
TCA	TCT	AT	1.62097	0.00602	0.01215	-1.62097	0.03043	0.01215	0.01215	0.01215
TCA	TCC	AC	0.73473	0.00507	0.00716	-0.73473	0.01057	0.00716	0.00716	0.00716
TCG	TTG	CT	1.86528	0.01230	0.02715	-1.86528	0.07944	0.02715	0.01357	0.01357
TCG	TCT	GT	1.94854	0.00364	0.00828	-1.94854	0.02557	0.00828	0.00828	0.00828
TCG	TCC	GC	1.06230	0.00307	0.00499	-1.06230	0.00888	0.00499	0.00499	0.00499
TCG	TCA	GA	0.32757	0.01208	0.01416	-0.32757	0.01676	0.01416	0.01416	0.01416
TAT	TTT	AT	-0.12326	0.02113	0.01985	0.12326	0.01868	0.01985	0.00993	0.00993
TAT	TCT	AC	0.53562	0.01781	0.02300	-0.53562	0.03043	0.02300	0.01150	0.01150
TAC	TTC	AT	-0.36800	0.02129	0.01761	0.36800	0.01473	0.01761	0.00881	0.00881
TAC	TCC	AC	-0.52908	0.01795	0.01361	0.52908	0.01057	0.01361	0.00681	0.00681
TAC	TAT	CT	-0.17846	0.07189	0.06566	0.17846	0.06014	0.06566	0.06566	0.06566
TGT	TTT	GT	1.79488	0.00261	0.00561	-1.79488	0.01569	0.00561	0.00281	0.00281
TGT	TCT	GC	2.45376	0.00220	0.00590	-2.45376	0.02557	0.00590	0.00295	0.00295
TGT	TAT	GA	1.91814	0.00865	0.01944	-1.91814	0.05886	0.01944	0.00972	0.00972
TGC	TTC	GT	0.19770	0.01016	0.01120	-0.19770	0.01238	0.01120	0.00560	0.00560
TGC	TCC	GC	0.03662	0.00856	0.00872	-0.03662	0.00888	0.00872	0.00436	0.00436
TGC	TAC	GA	0.56570	0.03369	0.04411	-0.56570	0.05931	0.04411	0.02205	0.02205
TGC	TGT	CT	-1.53090	0.03431	0.01450	1.53090	0.00742	0.01450	0.01450	0.01450
TGG	TTG	GT	1.02575	0.00825	0.01320	-1.02575	0.02302	0.01320	0.00660	0.00660
TGG	TCG	GC	-0.83953	0.00696	0.00444	0.83953	0.00301	0.00444	0.00222	0.00222
TGG	TGT	GT	-1.34474	0.00825	0.00391	1.34474	0.00215	0.00391	0.00196	0.00196
TGG	TGC	GC	0.18615	0.00696	0.00763	-0.18615	0.00838	0.00763	0.00381	0.00381
CTT	TTT	CT	-0.12900	0.06160	0.05771	0.12900	0.05414	0.05771	0.02886	0.02886
CTC	TTC	CT	-0.15228	0.04974	0.04605	0.15228	0.04272	0.04605	0.02303	0.02303
CTC	CTT	CT	0.04300	0.04974	0.05082	-0.04300	0.05193	0.05082	0.05082	0.05082
CTA	TTA	CT	0.78221	0.00857	0.01236	-0.78221	0.01874	0.01236	0.01236	0.01236
CTA	CTT	AT	1.95386	0.00254	0.00578	-1.95386	0.01791	0.00578	0.00578	0.00578
CTA	CTC	AC	1.91087	0.00214	0.00480	-1.91087	0.01446	0.00480	0.00480	0.00480
CTG	TTG	CT	-0.39077	0.11742	0.09597	0.39077	0.07944	0.09597	0.09597	0.09597
CTG	CTT	GT	-0.83738	0.03477	0.02222	0.83738	0.01505	0.02222	0.02222	0.02222
CTG	CTC	GC	-0.88038	0.02931	0.01828	0.88038	0.01215	0.01828	0.01828	0.01828
CTG	CTA	GA	-2.79124	0.11529	0.02103	2.79124	0.00707	0.02103	0.02103	0.02103
CCT	TCT	CT	0.66773	0.04524	0.06201	-0.66773	0.08821	0.06201	0.03101	0.03101
CCT	CTT	CT	0.13785	0.04524	0.04843	-0.13785	0.05193	0.04843	0.02422	0.02422
CCC	TCC	CT	0.16621	0.02596	0.02817	-0.16621	0.03065	0.02817	0.01409	0.01409
CCC	CTC	CT	0.47957	0.02596	0.03268	-0.47957	0.04193	0.03268	0.01634	0.01634
CCC	CCT	CT	0.38472	0.02596	0.03127	-0.38472	0.03814	0.03127	0.03127	0.03127
CCA	TCA	CT	0.36874	0.01184	0.01416	-0.36874	0.01712	0.01416	0.00708	0.00708
CCA	CTA	CT	-0.49403	0.01184	0.00916	0.49403	0.00723	0.00916	0.00458	0.00458
CCA	CCT	AT	1.32198	0.00351	0.00632	-1.32198	0.01315	0.00632	0.00632	0.00632
CCA	CCC	AC	0.93726	0.00296	0.00456	-0.93726	0.00755	0.00456	0.00456	0.00456
CCG	TCG	CT	-0.66630	0.02019	0.01421	0.66630	0.01037	0.01421	0.00710	0.00710
CCG	CTG	CT	1.58974	0.02019	0.04032	-1.58974	0.09898	0.04032	0.02016	0.02016
CCG	CCT	GT	0.61451	0.00598	0.00800	-0.61451	0.01105	0.00800	0.00800	0.00800
CCG	CCC	GC	0.22979	0.00504	0.00564	-0.22979	0.00634	0.00564	0.00564	0.00564
CCG	CCA	GA	-0.70747	0.01982	0.01363	0.70747	0.00977	0.01363	0.01363	0.01363
CAT	TAT	CT	0.19870	0.04930	0.05436	-0.19870	0.06014	0.05436	0.02718	0.02718
CAT	CTT	AT	0.20443	0.01460	0.01614	-0.20443	0.01791	0.01614	0.00807	0.00807
CAT	CCT	AC	0.06658	0.01231	0.01272	-0.06658	0.01315	0.01272	0.00636	0.00636
CAC	TAC	CT	0.73743	0.02899	0.04098	-0.73743	0.06060	0.04098	0.02049	0.02049
CAC	CTC	AT	0.52172	0.00858	0.01102	-0.52172	0.01446	0.01102	0.00551	0.00551
CAC	CCC	AC	0.04214	0.00724	0.00739	-0.04214	0.00755	0.00739	0.00369	0.00369
CAC	CAT	CT	0.36028	0.02899	0.03452	-0.36028	0.04156	0.03452	0.03452	0.03452
CAA	CTA	AT	-1.60641	0.01243	0.00501	1.60641	0.00249	0.00501	0.00250	0.00250
CAA	CCA	AC	-1.11238	0.01047	0.00571	1.11238	0.00344	0.00571	0.00285	0.00285
CAA	CAT	AT	0.14302	0.01243	0.01333	-0.14302	0.01434	0.01333	0.00667	0.00667
CAA	CAC	AC	-0.21726	0.01047	0.00938	0.21726	0.00843	0.00938	0.00469	0.00469
CAG	CTG	AT	0.31630	0.02488	0.02903	-0.31630	0.03414	0.02903	0.01451	0.01451
CAG	CCG	AC	-1.27344	0.02098	0.01038	1.27344	0.00587	0.01038	0.00519	0.00519
CAG	CAT	GT	-0.72551	0.02488	0.01694	0.72551	0.01205	0.01694	0.00847	0.00847
CAG	CAC	GC	-1.08579	0.02098	0.01161	1.08579	0.00708	0.01161	0.00580	0.00580
CAG	CAA	GA	-0.86853	0.08251	0.05180	0.86853	0.03462	0.05180	0.05180	0.05180
CGT	TGT	CT	-1.37807	0.02945	0.01368	1.37807	0.00742	0.01368	0.00684	0.00684
CGT	CTT	GT	0.54581	0.00872	0.01131	-0.54581	0.01505	0.01131	0.00566	0.00566
CGT	CCT	GC	0.40796	0.00735	0.00895	-0.40796	0.01105	0.00895	0.00448	0.00448
CGT	CAT	GA	0.34137	0.02891	0.03413	-0.34137	0.04068	0.03413	0.01706	0.01706
CGC	TGC	CT	1.67557	0.00541	0.01116	-1.67557	0.02892	0.01116	0.00558	0.00558
CGC	CTC	GT	2.02555	0.00160	0.00374	-2.02555	0.01215	0.00374	0.00187	0.00187
CGC	CCC	GC	1.54598	0.00135	0.00266	-1.54598	0.00634	0.00266	0.00133	0.00133
CGC	CAC	GA	1.50383	0.00532	0.01028	-1.50383	0.02392	0.01028	0.00514	0.00514
CGC	CGT	CT	1.52274	0.00541	0.01054	-1.52274	0.02482	0.01054	0.01054	0.01054
CGA	CTA	GT	-0.68184	0.00414	0.00289	0.68184	0.00209	0.00289	0.00144	0.00144
CGA	CCA	GC	-0.18781	0.00349	0.00317	0.18781	0.00289	0.00317	0.00159	0.00159
CGA	CAA	GA	0.92457	0.01373	0.02105	-0.92457	0.03462	0.02105	0.01052	0.01052
CGA	CGT	AT	0.72622	0.00414	0.00583	-0.72622	0.00856	0.00583	0.00583	0.00583
CGA	CGC	AC	-0.79653	0.00349	0.00228	0.79653	0.00157	0.00228	0.00228	0.00228
CGG	TGG	CT	0.22714	0.01872	0.02093	-0.22714	0.02350	0.02093	0.01047	0.01047
CGG	CTG	GT	1.64366	0.00554	0.01130	-1.64366	0.02869	0.01130	0.00565	0.00565
CGG	CCG	GC	0.05391	0.00467	0.00480	-0.05391	0.00493	0.00480	0.00240	0.00240
CGG	CAG	GA	1.32736	0.01839	0.03321	-1.32736	0.06933	0.03321	0.01661	0.01661
CGG	CGT	GT	0.26047	0.00554	0.00630	-0.26047	0.00719	0.00630	0.00630	0.00630
CGG	CGC	GC	-1.26227	0.00467	0.00233	1.26227	0.00132	0.00233	0.00233	0.00233
CGG	CGA	GA	-0.46575	0.01839	0.01443	0.46575	0.01154	0.01443	0.01443	0.01443
ATT	TTT	AT	-0.70645	0.03785	0.02604	0.70645	0.01868	0.02604	0.01302	0.01302
ATT	CTT	AC	-0.57745	0.03191	0.02358	0.57745	0.01791	0.02358	0.01179	0.01179
ATC	TTC	AT	-0.92190	0.03704	0.02255	0.92190	0.01473	0.02255	0.01128	0.01128
ATC	CTC	AC	-0.76961	0.03123	0.02074	0.76961	0.01446	0.02074	0.01037	0.01037
ATC	ATT	CT	-0.14917	0.12509	0.11599	0.14917	0.10775	0.11599	0.11599	0.11599
ATA	TTA	AT	-0.21097	0.00798	0.00717	0.21097	0.00646	0.00717	0.00359	0.00359
ATA	CTA	AC	-0.99318	0.00673	0.00393	0.99318	0.00249	0.00393	0.00197	0.00197
ATA	ATT	AT	1.53814	0.00798	0.01564	-1.53814	0.03717	0.01564	0.01564	0.01564
ATA	ATC	AC	1.68731	0.00673	0.01393	-1.68731	0.03637	0.01393	0.01393	0.01393
ATG	TTG	AT	-0.06906	0.02936	0.02836	0.06906	0.02740	0.02836	0.01418	0.01418
ATG	CTG	AC	0.32171	0.02475	0.02894	-0.32171	0.03414	0.02894	0.01447	0.01447
ATG	ATT	GT	0.06178	0.02936	0.03028	-0.06178	0.03123	0.03028	0.01514	0.01514
ATG	ATC	GC	0.21094	0.02475	0.02745	-0.21094	0.03056	0.02745	0.01373	0.01373
ATG	ATA	GA	-1.47636	0.09735	0.04256	1.47636	0.02224	0.04256	0.02128	0.02128
ACT	TCT	AT	0.90617	0.01229	0.01869	-0.90617	0.03043	0.01869	0.00935	0.00935
ACT	CCT	AC	0.23843	0.01036	0.01165	-0.23843	0.01315	0.01165	0.00582	0.00582
ACT	ATT	CT	0.95373	0.04152	0.06442	-0.95373	0.10775	0.06442	0.03221	0.03221
ACC	TCC	AT	-0.84438	0.02460	0.01566	0.84438	0.01057	0.01566	0.00783	0.00783
ACC	CCC	AC	-1.01060	0.02074	0.01199	1.01060	0.00755	0.01199	0.00600	0.00600
ACC	ATC	CT	0.23859	0.08306	0.09337	-0.23859	0.10545	0.09337	0.04668	0.04668
ACC	ACT	CT	-0.86431	0.08306	0.05228	0.86431	0.03500	0.05228	0.05228	0.05228
ACA	TCA	AT	-1.43410	0.02478	0.01112	1.43410	0.00591	0.01112	0.00556	0.00556
ACA	CCA	AC	-1.80283	0.02089	0.00743	1.80283	0.00344	0.00743	0.00372	0.00372
ACA	ATA	CT	-1.30369	0.08369	0.04067	1.30369	0.02272	0.04067	0.02033	0.02033
ACA	ACT	AT	-0.71929	0.02478	0.01693	0.71929	0.01207	0.01693	0.01693	0.01693
ACA	ACC	AC	0.14502	0.02089	0.02244	-0.14502	0.02415	0.02244	0.02244	0.02244
ACG	TCG	AT	-0.69700	0.00718	0.00497	0.69700	0.00358	0.00497	0.00248	0.00248
ACG	CCG	AC	-0.03070	0.00605	0.00596	0.03070	0.00587	0.00596	0.00298	0.00298
ACG	ATG	CT	1.23734	0.02425	0.04227	-1.23734	0.08358	0.04227	0.02114	0.02114
ACG	ACT	GT	0.34538	0.00718	0.00849	-0.34538	0.01014	0.00849	0.00849	0.00849
ACG	ACC	GC	1.20969	0.00605	0.01044	-1.20969	0.02029	0.01044	0.01044	0.01044
ACG	ACA	GA	1.06467	0.02381	0.03870	-1.06467	0.06905	0.03870	0.03870	0.03870
AAT	TAT	AT	0.61110	0.01126	0.01505	-0.61110	0.02074	0.01505	0.00752	0.00752
AAT	CAT	AC	0.41241	0.00949	0.01158	-0.41241	0.01434	0.01158	0.00579	0.00579
AAT	ATT	AT	1.19429	0.01126	0.01929	-1.19429	0.03717	0.01929	0.00964	0.00964
AAT	ACT	AC	0.24056	0.00949	0.01068	-0.24056	0.01207	0.01068	0.00534	0.00534
AAC	TAC	AT	-0.62313	0.03898	0.02809	0.62313	0.02090	0.02809	0.01404	0.01404
AAC	CAC	AC	-1.36056	0.03286	0.01542	1.36056	0.00843	0.01542	0.00771	0.00771
AAC	ATC	AT	-0.06923	0.03898	0.03765	0.06923	0.03637	0.03765	0.01882	0.01882
AAC	ACC	AC	-0.30782	0.03286	0.02806	0.30782	0.02415	0.02806	0.01403	0.01403
AAC	AAT	CT	-1.41269	0.13163	0.05985	1.41269	0.03205	0.05985	0.05985	0.05985
AAA	CAA	AC	-1.31005	0.04522	0.02189	1.31005	0.01220	0.02189	0.01094	0.01094
AAA	ATA	AT	-1.92329	0.05364	0.01766	1.92329	0.00784	0.01766	0.00883	0.00883
AAA	ACA	AC	-0.61960	0.04522	0.03265	0.61960	0.02434	0.03265	0.01632	0.01632
AAA	AAT	AT	-1.57944	0.05364	0.02199	1.57944	0.01106	0.02199	0.01100	0.01100
AAA	AAC	AC	-0.16676	0.04522	0.04155	0.16676	0.03827	0.04155	0.02078	0.02078
AAG	CAG	AC	-1.21579	0.08241	0.04223	1.21579	0.02443	0.04223	0.02111	0.02111
AAG	ATG	AT	-1.22120	0.09776	0.04993	1.22120	0.02883	0.04993	0.02496	0.02496
AAG	ACG	AC	-2.45854	0.08241	0.01896	2.45854	0.00705	0.01896	0.00948	0.00948
AAG	AAT	GT	-2.35371	0.09776	0.02416	2.35371	0.00929	0.02416	0.01208	0.01208
AAG	AAC	GC	-0.94103	0.08241	0.04963	0.94103	0.03216	0.04963	0.02482	0.02482
AAG	AAA	GA	-0.77427	0.32418	0.21471	0.77427	0.14946	0.21471	0.21471	0.21471
AGT	TGT	AT	-1.20226	0.00852	0.00440	1.20226	0.00256	0.00440	0.00220	0.00220
AGT	CGT	AC	0.17581	0.00718	0.00783	-0.17581	0.00856	0.00783	0.00392	0.00392
AGT	ATT	GT	1.29907	0.00852	0.01522	-1.29907	0.03123	0.01522	0.00761	0.00761
AGT	ACT	GC	0.34533	0.00718	0.00849	-0.34533	0.01014	0.00849	0.00425	0.00425
AGT	AAT	GA	0.10478	0.02825	0.02975	-0.10478	0.03137	0.02975	0.01488	0.01488
AGC	TGC	AT	0.17786	0.00835	0.00911	-0.17786	0.00998	0.00911	0.00456	0.00456
AGC	CGC	AC	-1.49770	0.00704	0.00304	1.49770	0.00157	0.00304	0.00152	0.00152
AGC	ATC	GT	1.29746	0.00835	0.01491	-1.29746	0.03056	0.01491	0.00745	0.00745
AGC	ACC	GC	1.05887	0.00704	0.01141	-1.05887	0.02029	0.01141	0.00571	0.00571
AGC	AAC	GA	1.36669	0.02769	0.05079	-1.36669	0.10860	0.05079	0.02540	0.02540
AGC	AGT	CT	-0.15078	0.02820	0.02613	0.15078	0.02425	0.02613	0.02613	0.02613
AGA	CGA	AC	-0.86489	0.00966	0.00608	0.86489	0.00407	0.00608	0.00608	0.00608
AGA	ATA	GT	-0.55356	0.01146	0.00858	0.55356	0.00659	0.00858	0.00429	0.00429
AGA	ACA	GC	0.75013	0.00966	0.01373	-0.75013	0.02045	0.01373	0.00686	0.00686
AGA	AAA	GA	1.36973	0.03799	0.06977	-1.36973	0.14946	0.06977	0.03488	0.03488
AGA	AGT	AT	-0.31449	0.01146	0.00975	0.31449	0.00837	0.00975	0.00487	0.00487
AGA	AGC	AC	-0.16371	0.00966	0.00889	0.16371	0.00820	0.00889	0.00444	0.00444
AGG	TGG	AT	-0.72492	0.01673	0.01140	0.72492	0.00811	0.01140	0.00570	0.00570
AGG	CGG	AC	-0.95206	0.01411	0.00844	0.95206	0.00544	0.00844	0.00844	0.00844
AGG	ATG	GT	0.36989	0.01673	0.02002	-0.36989	0.02422	0.02002	0.01001	0.01001
AGG	ACG	GC	-0.86745	0.01411	0.00886	0.86745	0.00592	0.00886	0.00443	0.00443
AGG	AAG	GA	1.59109	0.05549	0.11087	-1.59109	0.27239	0.11087	0.05544	0.05544
AGG	AGT	GT	-0.86741	0.01673	0.01051	0.86741	0.00703	0.01051	0.00526	0.00526
AGG	AGC	GC	-0.71663	0.01411	0.00965	0.71663	0.00689	0.00965	0.00483	0.00483
AGG	AGA	GA	-0.55292	0.05549	0.04155	0.55292	0.03192	0.04155	0.04155	0.04155
GTT	TTT	GT	0.12627	0.01383	0.01472	-0.12627	0.01569	0.01472	0.00736	0.00736
GTT	CTT	GC	0.25527	0.01166	0.01321	-0.25527	0.01505	0.01321	0.00661	0.00661
GTT	ATT	GA	0.83272	0.04586	0.06758	-0.83272	0.10546	0.06758	0.03379	0.03379
GTC	TTC	GT	-0.28928	0.01653	0.01426	0.28928	0.01238	0.01426	0.00713	0.00713
GTC	CTC	GC	-0.13700	0.01394	0.01300	0.13700	0.01215	0.01300	0.00650	0.00650
GTC	ATC	GA	0.63262	0.05482	0.07398	-0.63262	0.10321	0.07398	0.03699	0.03699
GTC	GTT	CT	-0.34927	0.05583	0.04665	0.34927	0.03937	0.04665	0.04665	0.04665
GTA	TTA	GT	0.93257	0.00214	0.00329	-0.93257	0.00543	0.00329	0.00164	0.00164
GTA	CTA	GC	0.15036	0.00180	0.00194	-0.15036	0.00209	0.00194	0.00097	0.00097
GTA	ATA	GA	1.14354	0.00709	0.01190	-1.14354	0.02224	0.01190	0.00595	0.00595
GTA	GTT	AT	1.84896	0.00214	0.00469	-1.84896	0.01358	0.00469	0.00469	0.00469
GTA	GTC	AC	2.19823	0.00180	0.00446	-2.19823	0.01623	0.00446	0.00446	0.00446
GTG	TTG	GT	-0.31338	0.03150	0.02682	0.31338	0.02302	0.02682	0.01341	0.01341
GTG	CTG	GC	0.07739	0.02655	0.02759	-0.07739	0.02869	0.02759	0.01380	0.01380
GTG	ATG	GA	-0.24432	0.10444	0.09220	0.24432	0.08180	0.09220	0.04610	0.04610
GTG	GTT	GT	-1.01526	0.03150	0.01817	1.01526	0.01141	0.01817	0.01817	0.01817
GTG	GTC	GC	-0.66599	0.02655	0.01868	0.66599	0.01364	0.01868	0.01868	0.01868
GTG	GTA	GA	-2.86422	0.10444	0.01809	2.86422	0.00596	0.01809	0.01809	0.01809
GCT	TCT	GT	0.26518	0.01961	0.02233	-0.26518	0.02557	0.02233	0.01116	0.01116
GCT	CCT	GC	-0.40255	0.01653	0.01343	0.40255	0.01105	0.01343	0.00671	0.00671
GCT	ACT	GA	-0.64098	0.06503	0.04640	0.64098	0.03425	0.04640	0.02320	0.02320
GCT	GTT	CT	-0.51997	0.06622	0.05049	0.51997	0.03937	0.05049	0.02525	0.02525
GCC	TCC	GT	-0.46928	0.01420	0.01113	0.46928	0.00888	0.01113	0.00557	0.00557
GCC	CCC	GC	-0.63550	0.01197	0.00857	0.63550	0.00634	0.00857	0.00428	0.00428
GCC	ACC	GA	0.37510	0.04710	0.05648	-0.37510	0.06853	0.05648	0.02824	0.02824
GCC	GTC	CT	-0.01892	0.04797	0.04751	0.01892	0.04707	0.04751	0.02376	0.02376
GCC	GCT	CT	0.15177	0.04797	0.05170	-0.15177	0.05583	0.05170	0.05170	0.05170
GCA	TCA	GT	-1.13219	0.01540	0.00829	1.13219	0.00496	0.00829	0.00415	0.00415
GCA	CCA	GC	-1.50092	0.01298	0.00559	1.50092	0.00289	0.00559	0.00279	0.00279
GCA	ACA	GA	0.30191	0.05106	0.05915	-0.30191	0.06905	0.05915	0.02958	0.02958
GCA	GTA	CT	-2.14532	0.05200	0.01479	2.14532	0.00609	0.01479	0.00739	0.00739
GCA	GCT	AT	0.22360	0.01540	0.01718	-0.22360	0.01926	0.01718	0.01718	0.01718
GCA	GCC	AC	0.07183	0.01298	0.01345	-0.07183	0.01395	0.01345	0.01345	0.01345
GCG	TCG	GT	-0.98104	0.00802	0.00472	0.98104	0.00301	0.00472	0.00236	0.00236
GCG	CCG	GC	-0.31474	0.00676	0.00575	0.31474	0.00493	0.00575	0.00287	0.00287
GCG	ACG	GA	-0.28404	0.02658	0.02298	0.28404	0.02001	0.02298	0.01149	0.01149
GCG	GTG	CT	1.19762	0.02707	0.04644	-1.19762	0.08966	0.04644	0.02322	0.02322
GCG	GCT	GT	0.70232	0.00802	0.01116	-0.70232	0.01618	0.01116	0.01116	0.01116
GCG	GCC	GC	0.55055	0.00676	0.00879	-0.55055	0.01172	0.00879	0.00879	0.00879
GCG	GCA	GA	0.47872	0.02658	0.03345	-0.47872	0.04290	0.03345	0.03345	0.03345
GAT	TAT	GT	-0.88172	0.04210	0.02623	0.88172	0.01743	0.02623	0.01311	0.01311
GAT	CAT	GC	-1.08042	0.03549	0.01970	1.08042	0.01205	0.01970	0.00985	0.00985
GAT	AAT	GA	-1.49282	0.13958	0.06040	1.49282	0.03137	0.06040	0.03020	0.03020
GAT	GTT	AT	-1.13125	0.04210	0.02268	1.13125	0.01358	0.02268	0.01134	0.01134
GAT	GCT	AC	-0.61129	0.03549	0.02574	0.61129	0.01926	0.02574	0.01287	0.01287
GAC	TAC	GT	-0.86827	0.04185	0.02628	0.86827	0.01756	0.02628	0.01314	0.01314
GAC	CAC	GC	-1.60571	0.03528	0.01423	1.60571	0.00708	0.01423	0.00711	0.00711
GAC	AAC	GA	-0.24515	0.13877	0.12246	0.24515	0.10860	0.12246	0.06123	0.06123
GAC	GTC	AT	-0.94699	0.04185	0.02512	0.94699	0.01623	0.02512	0.01256	0.01256
GAC	GCC	AC	-0.92807	0.03528	0.02141	0.92807	0.01395	0.02141	0.01070	0.01070
GAC	GAT	CT	-0.16501	0.14133	0.12999	0.16501	0.11983	0.12999	0.12999	0.12999
GAA	CAA	GC	-1.85062	0.06524	0.02251	1.85062	0.01025	0.02251	0.01125	0.01125
GAA	AAA	GA	-0.54057	0.25662	0.19348	0.54057	0.14946	0.19348	0.09674	0.09674
GAA	GTA	AT	-3.60740	0.07739	0.00778	3.60740	0.00210	0.00778	0.00389	0.00389
GAA	GCA	AC	-1.46208	0.06524	0.02877	1.46208	0.01512	0.02877	0.01439	0.01439
GAA	GAT	AT	-0.62718	0.07739	0.05564	0.62718	0.04133	0.05564	0.02782	0.02782
GAA	GAC	AC	-0.46218	0.06524	0.05132	0.46218	0.04109	0.05132	0.02566	0.02566
GAG	CAG	GC	-1.17663	0.06659	0.03493	1.17663	0.02053	0.03493	0.01746	0.01746
GAG	AAG	GA	0.03916	0.26193	0.26709	-0.03916	0.27239	0.26709	0.13355	0.13355
GAG	GTG	AT	-0.93772	0.07899	0.04766	0.93772	0.03093	0.04766	0.02383	0.02383
GAG	GCG	AC	-2.13534	0.06659	0.01906	2.13534	0.00787	0.01906	0.00953	0.00953
GAG	GAT	GT	-0.82173	0.07899	0.05093	0.82173	0.03473	0.05093	0.02547	0.02547
GAG	GAC	GC	-0.65672	0.06659	0.04710	0.65672	0.03453	0.04710	0.02355	0.02355
GAG	GAA	GA	-0.19455	0.26193	0.23728	0.19455	0.21562	0.23728	0.23728	0.23728
GGT	TGT	GT	-2.09079	0.01741	0.00513	2.09079	0.00215	0.00513	0.00257	0.00257
GGT	CGT	GC	-0.71272	0.01467	0.01006	0.71272	0.00719	0.01006	0.00503	0.00503
GGT	AGT	GA	-0.88853	0.05772	0.03582	0.88853	0.02374	0.03582	0.01791	0.01791
GGT	GTT	GT	-0.42218	0.01741	0.01399	0.42218	0.01141	0.01399	0.00699	0.00699
GGT	GCT	GC	0.09779	0.01467	0.01540	-0.09779	0.01618	0.01540	0.00770	0.00770
GGT	GAT	GA	0.70908	0.05772	0.08058	-0.70908	0.11728	0.08058	0.04029	0.04029
GGC	TGC	GT	-0.64642	0.01600	0.01138	0.64642	0.00838	0.01138	0.00569	0.00569
GGC	CGC	GC	-2.32199	0.01349	0.00341	2.32199	0.00132	0.00341	0.00170	0.00170
GGC	AGC	GA	-0.82428	0.05305	0.03416	0.82428	0.02327	0.03416	0.01708	0.01708
GGC	GTC	GT	-0.15944	0.01600	0.01476	0.15944	0.01364	0.01476	0.00738	0.00738
GGC	GCC	GC	-0.14051	0.01349	0.01256	0.14051	0.01172	0.01256	0.00628	0.00628
GGC	GAC	GA	0.78755	0.05305	0.07666	-0.78755	0.11661	0.07666	0.03833	0.03833
GGC	GGT	CT	-0.08653	0.05403	0.05172	0.08653	0.04955	0.05172	0.05172	0.05172
GGA	CGA	GC	-1.15963	0.01090	0.00577	1.15963	0.00342	0.00577	0.00289	0.00289
GGA	AGA	GA	-0.29474	0.04286	0.03686	0.29474	0.03192	0.03686	0.01843	0.01843
GGA	GTA	GT	-1.99183	0.01293	0.00407	1.99183	0.00176	0.00407	0.00203	0.00203
GGA	GCA	GC	0.15349	0.01090	0.01175	-0.15349	0.01270	0.01175	0.00588	0.00588
GGA	GAA	GA	1.61556	0.04286	0.08643	-1.61556	0.21562	0.08643	0.04321	0.04321
GGA	GGT	AT	0.27930	0.01293	0.01482	-0.27930	0.01709	0.01482	0.01482	0.01482
GGA	GGC	AC	0.36583	0.01090	0.01301	-0.36583	0.01571	0.01301	0.01301	0.01301
GGG	TGG	GT	-0.53456	0.01162	0.00879	0.53456	0.00681	0.00879	0.00440	0.00440
GGG	CGG	GC	-0.76170	0.00980	0.00654	0.76170	0.00457	0.00654	0.00327	0.00327
GGG	AGG	GA	0.19036	0.03854	0.04233	-0.19036	0.04662	0.04233	0.02116	0.02116
GGG	GTG	GT	0.80457	0.01162	0.01692	-0.80457	0.02599	0.01692	0.00846	0.00846
GGG	GCG	GC	-0.39305	0.00980	0.00800	0.39305	0.00661	0.00800	0.00400	0.00400
GGG	GAG	GA	1.74229	0.03854	0.08141	-1.74229	0.22009	0.08141	0.04070	0.04070
GGG	GGT	GT	0.21148	0.01162	0.01290	-0.21148	0.01436	0.01290	0.01290	0.01290
GGG	GGC	GC	0.29801	0.00980	0.01133	-0.29801	0.01320	0.01133	0.01133	0.01133
GGG	GGA	GA	-0.06782	0.03854	0.03725	0.06782	0.03601	0.03725	0.03725	0.03725


Histograms
2Ns	FMut	FSub(CodonUsage)	FSubw(after w)

-3.43562	0.00454	0.00052	0.00041
-3.09205	0.00000	0.00000	0.00000
-2.74849	0.01288	0.00264	0.00411
-2.40493	0.01285	0.00353	0.00275
-2.06137	0.02038	0.00722	0.00685
-1.71781	0.07737	0.03457	0.03049
-1.37425	0.08889	0.04771	0.04344
-1.03068	0.08919	0.06028	0.06050
-0.68712	0.15218	0.12222	0.11532
-0.34356	0.12382	0.12250	0.13021
0.00000	0.17229	0.19761	0.21185
0.34356	0.09260	0.12250	0.13021
0.68712	0.07741	0.12222	0.11532
1.03068	0.03351	0.06028	0.06050
1.37425	0.02267	0.04771	0.04344
1.71781	0.01468	0.03457	0.03049
2.06137	0.00270	0.00722	0.00685
2.40493	0.00116	0.00353	0.00275
2.74849	0.00076	0.00264	0.00411
3.09205	0.00000	0.00000	0.00000
3.43562	0.00012	0.00052	0.00041

Proportion of advantageous (S > 0) mutations:
 0.32736

Proportions of good & bad mutations (|S| > 2.0000) among mutations:
0.00319  0.03990

mean |Ns| = 0.79845	mean Ns+ = 0.56636	mean Ns- = -0.91140

