

TREE # 1

  0  0.0000   2457.630200  x:  0.02114   0.01301   0.00335   0.01081   0.01237   0.00173   0.01032   0.00697   0.00449   0.01602   0.01297   0.00588   0.00330   0.00816   0.00556   0.00201   0.00927   0.01071   0.00113   0.00461   0.01403   0.00538   0.00447   0.00422   0.00707   0.00561   0.00506   0.01353   0.02167   0.00935   0.00699   0.01587   0.00179   0.01266   0.00757   0.01490   0.00236   0.07134   0.02550   0.02186   0.01391   0.00490   0.01342   0.01032   0.00430   0.01694   0.01429   0.03595   0.01262   0.00935   0.01256   0.00371   0.00000   0.03461   0.02301   1.18431   0.86063   0.72485   0.98313   0.84398   0.25000   0.66525  
  1 99.0000   2457.624647  x:  0.02114   0.01301   0.00335   0.01081   0.01237   0.00173   0.01032   0.00697   0.00449   0.01602   0.01297   0.00587   0.00330   0.00816   0.00556   0.00201   0.00927   0.01071   0.00113   0.00461   0.01403   0.00538   0.00447   0.00422   0.00707   0.00561   0.00506   0.01353   0.02167   0.00935   0.00699   0.01587   0.00179   0.01266   0.00757   0.01490   0.00236   0.07134   0.02550   0.02186   0.01391   0.00490   0.01342   0.01032   0.00430   0.01694   0.01429   0.03595   0.01262   0.00935   0.01256   0.00371   0.00000   0.03461   0.02301   1.18431   0.86063   0.72485   0.98313   0.84398   0.25000   0.66525  
  2 1597.4505   2451.651473  x:  0.02110   0.01302   0.00357   0.01058   0.01238   0.00122   0.01033   0.00623   0.00347   0.01581   0.01254   0.00475   0.00223   0.00797   0.00553   0.00088   0.00920   0.01008   0.00000   0.00422   0.01376   0.00538   0.00467   0.00311   0.00681   0.00557   0.00392   0.01332   0.02178   0.00889   0.00703   0.01513   0.00075   0.01267   0.00642   0.01413   0.00166   0.07138   0.02538   0.02127   0.01343   0.00380   0.01269   0.00974   0.00453   0.01679   0.01435   0.03591   0.01263   0.00905   0.01260   0.00299   0.00000   0.03445   0.02258   1.18444   0.86063   0.72486   0.98312   0.84400   0.24984   0.66521  
  3 8189.0142   2447.874646  x:  0.02106   0.01300   0.00372   0.01041   0.01241   0.00092   0.01043   0.00574   0.00274   0.01571   0.01230   0.00393   0.00144   0.00788   0.00560   0.00005   0.00918   0.00969   0.00000   0.00400   0.01362   0.00551   0.00491   0.00229   0.00673   0.00566   0.00309   0.01323   0.02182   0.00866   0.00713   0.01464   0.00000   0.01269   0.00557   0.01357   0.00183   0.07141   0.02530   0.02089   0.01314   0.00299   0.01221   0.00940   0.00484   0.01671   0.01446   0.03589   0.01263   0.00891   0.01267   0.00251   0.00000   0.03437   0.02230   1.18453   0.86063   0.72487   0.98311   0.84401   0.24974   0.66517  
  4 17911.7685   2447.708821  x:  0.02106   0.01300   0.00371   0.01040   0.01241   0.00091   0.01044   0.00572   0.00270   0.01571   0.01230   0.00388   0.00140   0.00787   0.00561   0.00000   0.00918   0.00968   0.00000   0.00402   0.01362   0.00551   0.00492   0.00225   0.00673   0.00567   0.00304   0.01322   0.02182   0.00865   0.00713   0.01462   0.00000   0.01269   0.00553   0.01354   0.00183   0.07141   0.02530   0.02088   0.01313   0.00295   0.01219   0.00939   0.00485   0.01670   0.01447   0.03589   0.01263   0.00891   0.01268   0.00249   0.00000   0.03437   0.02229   1.18454   0.86063   0.72487   0.98311   0.84401   0.24974   0.66517  
  5 16371.3925   2443.035808  x:  0.02102   0.01296   0.00344   0.01021   0.01247   0.00063   0.01073   0.00514   0.00149   0.01572   0.01225   0.00241   0.00000   0.00790   0.00566   0.00000   0.00922   0.00947   0.00000   0.00390   0.01366   0.00556   0.00471   0.00079   0.00688   0.00575   0.00155   0.01327   0.02181   0.00871   0.00709   0.01412   0.00000   0.01274   0.00402   0.01255   0.00182   0.07139   0.02523   0.02048   0.01299   0.00148   0.01172   0.00922   0.00483   0.01669   0.01477   0.03585   0.01262   0.00899   0.01284   0.00191   0.00000   0.03438   0.02200   1.18470   0.86063   0.72489   0.98310   0.84404   0.24968   0.66504  
  6 15527.4508   2440.841021  x:  0.02100   0.01295   0.00353   0.01014   0.01248   0.00048   0.01084   0.00486   0.00084   0.01573   0.01225   0.00162   0.00000   0.00792   0.00565   0.00000   0.00923   0.00941   0.00000   0.00391   0.01368   0.00553   0.00466   0.00000   0.00692   0.00574   0.00074   0.01328   0.02180   0.00876   0.00706   0.01390   0.00000   0.01275   0.00321   0.01201   0.00182   0.07137   0.02520   0.02030   0.01294   0.00069   0.01153   0.00917   0.00480   0.01669   0.01488   0.03584   0.01261   0.00902   0.01291   0.00162   0.00000   0.03440   0.02188   1.18478   0.86063   0.72490   0.98309   0.84405   0.24966   0.66496  
  7 45853.9457   2439.247425  x:  0.02099   0.01295   0.00351   0.01010   0.01249   0.00035   0.01088   0.00465   0.00030   0.01573   0.01224   0.00093   0.00000   0.00792   0.00562   0.00000   0.00922   0.00938   0.00000   0.00391   0.01367   0.00550   0.00469   0.00000   0.00691   0.00571   0.00004   0.01328   0.02181   0.00878   0.00706   0.01376   0.00000   0.01275   0.00250   0.01154   0.00182   0.07136   0.02518   0.02019   0.01292   0.00000   0.01141   0.00915   0.00482   0.01668   0.01492   0.03583   0.01260   0.00902   0.01294   0.00142   0.00000   0.03443   0.02181   1.18486   0.86064   0.72491   0.98309   0.84407   0.24965   0.66488  
  8 64755.0541   2439.173361  x:  0.02099   0.01295   0.00351   0.01009   0.01249   0.00034   0.01089   0.00464   0.00027   0.01572   0.01224   0.00089   0.00000   0.00791   0.00562   0.00000   0.00922   0.00938   0.00000   0.00391   0.01367   0.00550   0.00469   0.00000   0.00690   0.00571   0.00000   0.01328   0.02181   0.00878   0.00706   0.01376   0.00000   0.01275   0.00246   0.01152   0.00182   0.07136   0.02517   0.02018   0.01291   0.00000   0.01140   0.00915   0.00482   0.01668   0.01493   0.03583   0.01260   0.00902   0.01294   0.00141   0.00000   0.03443   0.02181   1.18486   0.86064   0.72491   0.98309   0.84407   0.24965   0.66488  
  9 76669.9176   2438.643198  x:  0.02099   0.01295   0.00351   0.01006   0.01250   0.00030   0.01092   0.00458   0.00000   0.01571   0.01221   0.00054   0.00000   0.00790   0.00563   0.00000   0.00923   0.00934   0.00000   0.00391   0.01366   0.00551   0.00472   0.00000   0.00691   0.00573   0.00000   0.01327   0.02182   0.00876   0.00705   0.01372   0.00000   0.01276   0.00210   0.01128   0.00182   0.07135   0.02517   0.02015   0.01288   0.00000   0.01136   0.00911   0.00478   0.01667   0.01496   0.03582   0.01260   0.00900   0.01296   0.00135   0.00000   0.03443   0.02178   1.18490   0.86064   0.72492   0.98308   0.84408   0.24966   0.66483  
 10 28472.0208   2438.002265  x:  0.02098   0.01295   0.00351   0.01005   0.01250   0.00022   0.01098   0.00457   0.00000   0.01572   0.01216   0.00000   0.00000   0.00791   0.00559   0.00000   0.00924   0.00922   0.00000   0.00391   0.01367   0.00545   0.00471   0.00000   0.00698   0.00567   0.00000   0.01329   0.02181   0.00872   0.00706   0.01369   0.00000   0.01277   0.00155   0.01092   0.00182   0.07136   0.02515   0.02011   0.01283   0.00000   0.01128   0.00900   0.00483   0.01666   0.01503   0.03582   0.01259   0.00903   0.01296   0.00132   0.00000   0.03441   0.02175   1.18495   0.86064   0.72492   0.98308   0.84409   0.24968   0.66476  
 11 8313.5803   2436.949533  x:  0.02097   0.01296   0.00350   0.00999   0.01246   0.00000   0.01080   0.00458   0.00000   0.01580   0.01219   0.00000   0.00000   0.00798   0.00563   0.00000   0.00919   0.00902   0.00000   0.00390   0.01377   0.00557   0.00471   0.00000   0.00693   0.00567   0.00000   0.01336   0.02173   0.00875   0.00702   0.01351   0.00000   0.01269   0.00012   0.00998   0.00182   0.07144   0.02510   0.01998   0.01278   0.00000   0.01098   0.00885   0.00478   0.01669   0.01509   0.03582   0.01255   0.00914   0.01283   0.00130   0.00000   0.03428   0.02161   1.18508   0.86064   0.72494   0.98307   0.84411   0.24974   0.66458  
 12 2579.8122   2436.872432  x:  0.02097   0.01296   0.00350   0.00998   0.01247   0.00000   0.01080   0.00459   0.00000   0.01580   0.01219   0.00000   0.00000   0.00798   0.00563   0.00000   0.00919   0.00901   0.00000   0.00390   0.01377   0.00556   0.00471   0.00000   0.00692   0.00568   0.00000   0.01336   0.02173   0.00875   0.00702   0.01349   0.00000   0.01269   0.00000   0.00991   0.00182   0.07145   0.02510   0.01997   0.01278   0.00000   0.01096   0.00885   0.00478   0.01669   0.01509   0.03582   0.01255   0.00914   0.01283   0.00130   0.00000   0.03427   0.02160   1.18509   0.86064   0.72495   0.98306   0.84411   0.24974   0.66457  
 13 4957.1151   2432.407629  x:  0.02087   0.01301   0.00344   0.01081   0.01242   0.00000   0.01157   0.00395   0.00000   0.01540   0.01205   0.00000   0.00000   0.00767   0.00559   0.00000   0.00934   0.00925   0.00000   0.00389   0.01331   0.00625   0.00475   0.00000   0.00730   0.00522   0.00000   0.01301   0.02193   0.00876   0.00638   0.01108   0.00000   0.01271   0.00000   0.00000   0.00181   0.07186   0.02492   0.01870   0.01263   0.00000   0.00951   0.00904   0.00468   0.01650   0.01498   0.03571   0.01257   0.00866   0.01321   0.00021   0.00000   0.03415   0.02057   1.18643   0.86068   0.72516   0.98294   0.84436   0.25008   0.66287  
 14 2575.9651   2432.215873  x:  0.02087   0.01300   0.00344   0.01086   0.01238   0.00000   0.01159   0.00375   0.00000   0.01540   0.01200   0.00000   0.00000   0.00766   0.00559   0.00000   0.00932   0.00924   0.00000   0.00389   0.01330   0.00621   0.00473   0.00000   0.00733   0.00526   0.00000   0.01302   0.02191   0.00872   0.00651   0.01095   0.00000   0.01268   0.00000   0.00000   0.00181   0.07185   0.02491   0.01863   0.01260   0.00000   0.00952   0.00901   0.00464   0.01649   0.01496   0.03569   0.01256   0.00868   0.01323   0.00000   0.00000   0.03417   0.02050   1.18656   0.86068   0.72519   0.98292   0.84439   0.25009   0.66270  
 15 569.5764   2430.462010  x:  0.02088   0.01291   0.00341   0.01048   0.01220   0.00000   0.01173   0.00000   0.00000   0.01561   0.01143   0.00000   0.00000   0.00784   0.00561   0.00000   0.00901   0.00871   0.00000   0.00388   0.01357   0.00549   0.00483   0.00000   0.00706   0.00551   0.00000   0.01336   0.02172   0.00827   0.00560   0.01035   0.00000   0.01261   0.00000   0.00000   0.00181   0.07134   0.02491   0.01819   0.01210   0.00000   0.01026   0.00826   0.00490   0.01641   0.01505   0.03547   0.01246   0.00918   0.01404   0.00000   0.00000   0.03452   0.01982   1.18845   0.86073   0.72548   0.98275   0.84471   0.25002   0.66063  
 16 717.8879   2428.817557  x:  0.02097   0.01336   0.00337   0.00754   0.01318   0.00000   0.01590   0.00000   0.00000   0.01645   0.01101   0.00000   0.00000   0.00858   0.00455   0.00000   0.00847   0.00544   0.00000   0.00384   0.01458   0.00625   0.00486   0.00000   0.00361   0.00211   0.00000   0.01375   0.02237   0.00857   0.00570   0.01149   0.00000   0.01354   0.00000   0.00000   0.00179   0.06798   0.02479   0.01693   0.01050   0.00000   0.01183   0.00539   0.00503   0.01672   0.01541   0.03482   0.01217   0.00977   0.01361   0.00000   0.00000   0.03571   0.01788   1.19614   0.86092   0.72662   0.98205   0.84595   0.24766   0.65348  
 17 339.5334   2428.044252  x:  0.02100   0.01419   0.00331   0.00768   0.01387   0.00000   0.01729   0.00000   0.00000   0.01658   0.01138   0.00000   0.00000   0.00868   0.00238   0.00000   0.00851   0.00344   0.00000   0.00382   0.01465   0.00528   0.00496   0.00000   0.00334   0.00392   0.00000   0.01319   0.02319   0.00898   0.00480   0.01346   0.00000   0.01389   0.00000   0.00000   0.00178   0.06565   0.02452   0.01636   0.00977   0.00000   0.01086   0.00438   0.00536   0.01704   0.01510   0.03468   0.01214   0.00897   0.01136   0.00000   0.00000   0.03560   0.01733   1.20153   0.86104   0.72740   0.98158   0.84676   0.24486   0.64920  
 18 302.0910   2427.116252  x:  0.02095   0.01489   0.00324   0.00780   0.01458   0.00000   0.01713   0.00000   0.00000   0.01649   0.01153   0.00000   0.00000   0.00854   0.00453   0.00000   0.00864   0.00267   0.00000   0.00381   0.01438   0.00252   0.00510   0.00000   0.00469   0.00343   0.00000   0.01222   0.02402   0.00870   0.00410   0.01687   0.00000   0.01407   0.00000   0.00000   0.00177   0.06274   0.02403   0.01591   0.00872   0.00000   0.00817   0.00367   0.00584   0.01733   0.01520   0.03478   0.01233   0.00761   0.00917   0.00000   0.00000   0.03452   0.01701   1.20888   0.86119   0.72842   0.98095   0.84782   0.23998   0.64401  
 19 419.1404   2425.858045  x:  0.02074   0.01494   0.00320   0.00748   0.01498   0.00000   0.01460   0.00000   0.00000   0.01634   0.01052   0.00000   0.00000   0.00824   0.00257   0.00000   0.00892   0.00461   0.00000   0.00380   0.01394   0.00191   0.00514   0.00000   0.00590   0.00240   0.00000   0.01161   0.02417   0.00664   0.00438   0.02213   0.00000   0.01404   0.00000   0.00000   0.00178   0.05968   0.02323   0.01574   0.00728   0.00000   0.00350   0.00332   0.00625   0.01736   0.01678   0.03526   0.01275   0.00689   0.01048   0.00000   0.00000   0.03169   0.01701   1.21886   0.86139   0.72978   0.98011   0.84919   0.23184   0.63792  
 20 443.7035   2425.202207  x:  0.02056   0.01477   0.00318   0.00841   0.01497   0.00000   0.01308   0.00000   0.00000   0.01568   0.01006   0.00000   0.00000   0.00766   0.00218   0.00000   0.00937   0.00228   0.00000   0.00379   0.01318   0.00152   0.00511   0.00000   0.00567   0.00183   0.00000   0.01146   0.02425   0.00608   0.00480   0.02372   0.00000   0.01454   0.00000   0.00000   0.00179   0.05989   0.02270   0.01505   0.00841   0.00000   0.00350   0.00541   0.00625   0.01704   0.01776   0.03576   0.01302   0.00692   0.01177   0.00000   0.00000   0.02903   0.01680   1.22520   0.86151   0.73061   0.97960   0.85000   0.22535   0.63486  
 21 271.3183   2424.173899  x:  0.02043   0.01509   0.00317   0.00969   0.01479   0.00000   0.01235   0.00000   0.00000   0.01469   0.00949   0.00000   0.00000   0.00685   0.00211   0.00000   0.00980   0.00346   0.00000   0.00379   0.01221   0.00066   0.00510   0.00000   0.00435   0.00185   0.00000   0.01165   0.02467   0.00620   0.00510   0.02468   0.00000   0.01577   0.00000   0.00000   0.00180   0.06223   0.02191   0.01349   0.00987   0.00000   0.00552   0.00389   0.00650   0.01636   0.01855   0.03654   0.01308   0.00747   0.01117   0.00000   0.00000   0.02430   0.01585   1.23600   0.86171   0.73200   0.97875   0.85132   0.21287   0.63055  
 22 382.2783   2422.981474  x:  0.02086   0.01603   0.00320   0.00797   0.01461   0.00000   0.00948   0.00000   0.00000   0.01390   0.00922   0.00000   0.00000   0.00633   0.00115   0.00000   0.00870   0.00354   0.00000   0.00377   0.01171   0.00128   0.00506   0.00000   0.00735   0.00118   0.00000   0.01135   0.02649   0.00692   0.00577   0.02489   0.00000   0.01811   0.00000   0.00000   0.00180   0.06441   0.02174   0.01262   0.01017   0.00000   0.00817   0.00262   0.00659   0.01569   0.01781   0.03706   0.01378   0.00709   0.01054   0.00000   0.00000   0.02241   0.01435   1.25140   0.86199   0.73399   0.97754   0.85320   0.19466   0.62465  
 23 573.9088   2417.159224  x:  0.02297   0.02088   0.00323   0.00681   0.01154   0.00000   0.00826   0.00000   0.00000   0.01453   0.00583   0.00000   0.00000   0.00741   0.00190   0.00000   0.00351   0.00329   0.00000   0.00369   0.01358   0.00106   0.00474   0.00000   0.00749   0.00222   0.00000   0.01271   0.03160   0.00500   0.00854   0.02789   0.00000   0.02256   0.00000   0.00000   0.00187   0.07263   0.02290   0.01498   0.00393   0.00000   0.00782   0.00481   0.00597   0.01389   0.01040   0.03781   0.01368   0.00812   0.01168   0.00000   0.00000   0.02220   0.01160   1.31968   0.86322   0.74276   0.97222   0.86146   0.11173   0.59981  
 24 1083.4668   2413.626836  x:  0.02366   0.02153   0.00323   0.00624   0.01019   0.00000   0.00560   0.00000   0.00000   0.01505   0.00550   0.00000   0.00000   0.00770   0.00239   0.00000   0.00847   0.00242   0.00000   0.00367   0.01403   0.00101   0.00430   0.00000   0.00633   0.00257   0.00000   0.01246   0.03282   0.00192   0.01043   0.02855   0.00000   0.02189   0.00000   0.00000   0.00192   0.07563   0.02408   0.01679   0.00577   0.00000   0.00703   0.00226   0.00566   0.01352   0.00790   0.03742   0.01335   0.00723   0.01237   0.00000   0.00000   0.02640   0.01151   1.36611   0.86405   0.74871   0.96862   0.86707   0.05561   0.58293  
 25 2442.8867   2411.705714  x:  0.02316   0.01929   0.00323   0.00685   0.01049   0.00000   0.00427   0.00000   0.00000   0.01433   0.00458   0.00000   0.00000   0.00648   0.00237   0.00000   0.00686   0.00204   0.00000   0.00366   0.01224   0.00101   0.00407   0.00000   0.00526   0.00256   0.00000   0.01113   0.03102   0.00374   0.01136   0.02871   0.00000   0.01783   0.00000   0.00000   0.00194   0.07530   0.02441   0.01733   0.00472   0.00000   0.00757   0.00138   0.00554   0.01334   0.01186   0.03677   0.01333   0.00547   0.01140   0.00000   0.00000   0.02882   0.01314   1.39246   0.86451   0.75204   0.96662   0.87015   0.02392   0.57400  
 26 1369.3651   2411.058146  x:  0.02277   0.01798   0.00326   0.00574   0.01068   0.00000   0.00472   0.00000   0.00000   0.01407   0.00492   0.00000   0.00000   0.00606   0.00208   0.00000   0.00600   0.00234   0.00000   0.00366   0.01155   0.00099   0.00403   0.00000   0.00540   0.00249   0.00000   0.01080   0.02963   0.00205   0.01137   0.02853   0.00000   0.01566   0.00000   0.00000   0.00196   0.07454   0.02418   0.01681   0.00481   0.00000   0.00815   0.00239   0.00557   0.01334   0.01277   0.03647   0.01337   0.00540   0.00969   0.00000   0.00000   0.02877   0.01333   1.40165   0.86467   0.75318   0.96594   0.87115   0.01341   0.57114  
 27 1087.3267   2410.673150  x:  0.02225   0.01643   0.00328   0.00510   0.01089   0.00000   0.00552   0.00000   0.00000   0.01341   0.00567   0.00000   0.00000   0.00570   0.00212   0.00000   0.00513   0.00211   0.00000   0.00366   0.01071   0.00098   0.00396   0.00000   0.00567   0.00260   0.00000   0.01043   0.02805   0.00250   0.01150   0.02897   0.00000   0.01410   0.00000   0.00000   0.00196   0.07246   0.02349   0.01607   0.00548   0.00000   0.00803   0.00182   0.00554   0.01327   0.01062   0.03630   0.01385   0.00563   0.01048   0.00000   0.00000   0.02720   0.01354   1.40810   0.86476   0.75395   0.96549   0.87162   0.00810   0.56963  
 28 275.8117   2410.387165  x:  0.02182   0.01551   0.00328   0.00522   0.01165   0.00000   0.00522   0.00000   0.00000   0.01312   0.00512   0.00000   0.00000   0.00595   0.00224   0.00000   0.00635   0.00233   0.00000   0.00366   0.01073   0.00113   0.00392   0.00000   0.00542   0.00270   0.00000   0.01044   0.02697   0.00319   0.01160   0.02911   0.00000   0.01431   0.00000   0.00000   0.00196   0.06941   0.02263   0.01469   0.00450   0.00000   0.00852   0.00233   0.00546   0.01331   0.00953   0.03599   0.01406   0.00575   0.01039   0.00000   0.00000   0.02551   0.01322   1.41404   0.86483   0.75462   0.96511   0.87183   0.00516   0.56876  
 29 216.9449   2410.046151  x:  0.02161   0.01544   0.00325   0.00651   0.01189   0.00000   0.00490   0.00000   0.00000   0.01305   0.00550   0.00000   0.00000   0.00641   0.00263   0.00000   0.00548   0.00255   0.00000   0.00365   0.01126   0.00142   0.00380   0.00000   0.00479   0.00293   0.00000   0.01048   0.02662   0.00242   0.01186   0.02911   0.00000   0.01600   0.00000   0.00000   0.00197   0.06511   0.02172   0.01334   0.00529   0.00000   0.00872   0.00211   0.00527   0.01342   0.00995   0.03564   0.01396   0.00514   0.01072   0.00000   0.00000   0.02375   0.01274   1.42241   0.86492   0.75555   0.96460   0.87191   0.00326   0.56787  
 30 231.5579   2409.644720  x:  0.02181   0.01633   0.00328   0.00587   0.00873   0.00000   0.00527   0.00000   0.00000   0.01278   0.00485   0.00000   0.00000   0.00547   0.00280   0.00000   0.00587   0.00263   0.00000   0.00365   0.01059   0.00155   0.00371   0.00000   0.00449   0.00311   0.00000   0.01039   0.02677   0.00291   0.01185   0.02858   0.00000   0.01596   0.00000   0.00000   0.00197   0.06197   0.02150   0.01373   0.00596   0.00000   0.00854   0.00231   0.00527   0.01286   0.01072   0.03570   0.01308   0.00509   0.01043   0.00000   0.00000   0.02211   0.01245   1.43392   0.86503   0.75677   0.96393   0.87164   0.00415   0.56735  
 31 161.1098   2408.569913  x:  0.02215   0.01778   0.00322   0.00620   0.00925   0.00000   0.00466   0.00000   0.00000   0.01193   0.00770   0.00000   0.00000   0.00340   0.00300   0.00000   0.00645   0.00247   0.00000   0.00367   0.00822   0.00170   0.00344   0.00000   0.00350   0.00309   0.00000   0.01011   0.02743   0.00230   0.01215   0.02526   0.00000   0.01343   0.00000   0.00000   0.00197   0.05838   0.02213   0.01589   0.00407   0.00000   0.00894   0.00204   0.00546   0.01171   0.01113   0.03655   0.01184   0.00654   0.01036   0.00000   0.00000   0.02004   0.01294   1.46886   0.86532   0.76040   0.96196   0.87042   0.01072   0.56652  
 32 330.8692   2406.779634  x:  0.02200   0.01773   0.00316   0.00621   0.01204   0.00000   0.00446   0.00000   0.00000   0.01096   0.00427   0.00000   0.00000   0.00514   0.00298   0.00000   0.00552   0.00260   0.00000   0.00370   0.00705   0.00180   0.00299   0.00000   0.00241   0.00294   0.00000   0.00917   0.02737   0.00210   0.01231   0.02037   0.00000   0.00863   0.00000   0.00000   0.00198   0.05565   0.02296   0.01827   0.00579   0.00000   0.00866   0.00203   0.00592   0.01132   0.01006   0.03779   0.01169   0.00578   0.00884   0.00000   0.00000   0.01844   0.01423   1.52584   0.86579   0.76628   0.95878   0.86828   0.02257   0.56564  
 33 1126.4118   2405.582128  x:  0.02078   0.01399   0.00321   0.00673   0.00994   0.00000   0.00450   0.00000   0.00000   0.01074   0.00462   0.00000   0.00000   0.00407   0.00272   0.00000   0.00520   0.00245   0.00000   0.00371   0.00895   0.00173   0.00279   0.00000   0.00159   0.00266   0.00000   0.00830   0.02451   0.00174   0.01225   0.01872   0.00000   0.00848   0.00000   0.00000   0.00199   0.05692   0.02254   0.01759   0.00476   0.00000   0.00863   0.00183   0.00634   0.01250   0.00895   0.03781   0.01296   0.00288   0.00766   0.00000   0.00000   0.01913   0.01589   1.56417   0.86609   0.77018   0.95667   0.86680   0.03067   0.56532  
 34 827.9691   2405.207425  x:  0.02034   0.01287   0.00322   0.00702   0.00944   0.00000   0.00429   0.00000   0.00000   0.01054   0.00422   0.00000   0.00000   0.00364   0.00275   0.00000   0.00484   0.00249   0.00000   0.00372   0.00748   0.00177   0.00275   0.00000   0.00125   0.00262   0.00000   0.00751   0.02348   0.00165   0.01210   0.01954   0.00000   0.00958   0.00000   0.00000   0.00200   0.05823   0.02192   0.01597   0.00495   0.00000   0.00796   0.00179   0.00646   0.01276   0.00868   0.03697   0.01308   0.00445   0.00689   0.00000   0.00000   0.02062   0.01653   1.57835   0.86621   0.77161   0.95591   0.86635   0.03326   0.56496  
 35 481.5801   2404.749304  x:  0.02026   0.01349   0.00319   0.00696   0.00922   0.00000   0.00438   0.00000   0.00000   0.01059   0.00456   0.00000   0.00000   0.00430   0.00283   0.00000   0.00491   0.00252   0.00000   0.00372   0.00575   0.00183   0.00271   0.00000   0.00126   0.00264   0.00000   0.00822   0.02247   0.00165   0.01200   0.02217   0.00000   0.00887   0.00000   0.00000   0.00200   0.06129   0.02071   0.01244   0.00481   0.00000   0.00777   0.00182   0.00653   0.01235   0.00876   0.03491   0.01121   0.00363   0.00724   0.00000   0.00000   0.02151   0.01661   1.59607   0.86637   0.77337   0.95497   0.86593   0.03581   0.56408  
 36 382.4931   2404.498042  x:  0.02033   0.01413   0.00315   0.00699   0.00967   0.00000   0.00460   0.00000   0.00000   0.01005   0.00428   0.00000   0.00000   0.00310   0.00295   0.00000   0.00504   0.00257   0.00000   0.00372   0.00698   0.00191   0.00268   0.00000   0.00120   0.00271   0.00000   0.00769   0.02251   0.00165   0.01184   0.02381   0.00000   0.00793   0.00000   0.00000   0.00200   0.06330   0.02019   0.01077   0.00501   0.00000   0.00759   0.00183   0.00652   0.01174   0.00908   0.03365   0.01092   0.00398   0.00752   0.00000   0.00000   0.02143   0.01639   1.60713   0.86647   0.77446   0.95440   0.86580   0.03685   0.56313  
 37 384.8448   2404.163386  x:  0.02016   0.01356   0.00312   0.00732   0.00943   0.00000   0.00531   0.00000   0.00000   0.00947   0.00450   0.00000   0.00000   0.00439   0.00311   0.00000   0.00560   0.00252   0.00000   0.00373   0.00696   0.00205   0.00264   0.00000   0.00092   0.00278   0.00000   0.00728   0.02266   0.00144   0.01134   0.02492   0.00000   0.00772   0.00000   0.00000   0.00200   0.06638   0.02037   0.01147   0.00461   0.00000   0.00739   0.00167   0.00645   0.01113   0.01007   0.03252   0.01250   0.00428   0.00770   0.00000   0.00000   0.01961   0.01552   1.62497   0.86665   0.77620   0.95350   0.86586   0.03719   0.56089  
 38 238.5715   2403.831022  x:  0.01983   0.01257   0.00308   0.00760   0.01036   0.00000   0.00589   0.00000   0.00000   0.01051   0.00386   0.00000   0.00000   0.00314   0.00319   0.00000   0.00577   0.00252   0.00000   0.00374   0.00648   0.00216   0.00260   0.00000   0.00086   0.00281   0.00000   0.00860   0.02225   0.00140   0.01080   0.02523   0.00000   0.00850   0.00000   0.00000   0.00200   0.06885   0.02093   0.01308   0.00483   0.00000   0.00697   0.00160   0.00640   0.01156   0.01029   0.03220   0.01185   0.00399   0.00764   0.00000   0.00000   0.01796   0.01472   1.64293   0.86683   0.77788   0.95263   0.86594   0.03699   0.55896  
 39 417.7614   2403.382060  x:  0.01943   0.01239   0.00307   0.00806   0.01052   0.00000   0.00630   0.00000   0.00000   0.00999   0.00405   0.00000   0.00000   0.00376   0.00313   0.00000   0.00585   0.00259   0.00000   0.00377   0.00699   0.00218   0.00264   0.00000   0.00091   0.00266   0.00000   0.00686   0.02187   0.00155   0.01034   0.02474   0.00000   0.00909   0.00000   0.00000   0.00200   0.07041   0.02146   0.01414   0.00477   0.00000   0.00686   0.00166   0.00649   0.01236   0.01013   0.03418   0.00857   0.00423   0.00781   0.00000   0.00000   0.01741   0.01474   1.66622   0.86701   0.77986   0.95167   0.86581   0.03587   0.55852  
 40 256.5897   2402.354665  x:  0.01942   0.01482   0.00303   0.00943   0.01022   0.00000   0.00680   0.00000   0.00000   0.00970   0.00470   0.00000   0.00000   0.00357   0.00310   0.00000   0.00593   0.00293   0.00000   0.00384   0.00705   0.00225   0.00284   0.00000   0.00038   0.00230   0.00000   0.00831   0.02238   0.00226   0.00941   0.02357   0.00000   0.00873   0.00000   0.00000   0.00200   0.07181   0.02184   0.01425   0.00522   0.00000   0.00630   0.00200   0.00686   0.01305   0.00965   0.03913   0.00913   0.00435   0.00760   0.00000   0.00000   0.01870   0.01564   1.71767   0.86738   0.78403   0.94966   0.86526   0.03303   0.55946  
 41 649.1193   2401.711350  x:  0.01996   0.01443   0.00304   0.01027   0.00977   0.00000   0.00699   0.00000   0.00000   0.01454   0.00523   0.00000   0.00000   0.00355   0.00302   0.00000   0.00597   0.00313   0.00000   0.00389   0.00679   0.00225   0.00297   0.00000   0.00037   0.00212   0.00000   0.00638   0.02540   0.00269   0.00918   0.02205   0.00000   0.00773   0.00000   0.00000   0.00199   0.07195   0.02151   0.01423   0.00540   0.00000   0.00657   0.00226   0.00692   0.01374   0.00930   0.03629   0.00965   0.00455   0.00787   0.00000   0.00000   0.01825   0.01709   1.75738   0.86767   0.78716   0.94818   0.86470   0.03298   0.56036  
 42 350.6750   2400.327727  x:  0.02074   0.01237   0.00307   0.01059   0.00969   0.00000   0.00680   0.00000   0.00000   0.01216   0.00638   0.00000   0.00000   0.00415   0.00281   0.00000   0.00582   0.00333   0.00000   0.00395   0.00797   0.00214   0.00317   0.00000   0.00051   0.00185   0.00000   0.00906   0.02883   0.00356   0.00880   0.01877   0.00000   0.00817   0.00000   0.00000   0.00197   0.07141   0.02137   0.01612   0.00612   0.00000   0.00576   0.00269   0.00680   0.01370   0.00895   0.02706   0.00861   0.00519   0.00699   0.00000   0.00000   0.01848   0.02074   1.83985   0.86826   0.79368   0.94513   0.86353   0.03529   0.56140  
 43 725.4743   2397.523527  x:  0.02120   0.01951   0.00284   0.00951   0.01159   0.00000   0.00737   0.00000   0.00000   0.01267   0.00740   0.00000   0.00000   0.00412   0.00290   0.00000   0.00635   0.00353   0.00000   0.00406   0.00811   0.00215   0.00328   0.00000   0.00090   0.00203   0.00000   0.00729   0.01846   0.00451   0.00883   0.01524   0.00000   0.01065   0.00000   0.00000   0.00197   0.07177   0.02196   0.01814   0.00707   0.00000   0.00598   0.00317   0.00571   0.01706   0.01043   0.02361   0.01212   0.00501   0.00719   0.00000   0.00000   0.01945   0.02174   2.01801   0.86959   0.80794   0.93843   0.86136   0.04584   0.55931  
 44 773.6357   2392.723907  x:  0.01702   0.01221   0.00272   0.00905   0.01279   0.00000   0.00858   0.00000   0.00000   0.01562   0.00957   0.00000   0.00000   0.00515   0.00332   0.00000   0.00755   0.00381   0.00000   0.00419   0.00944   0.00243   0.00362   0.00000   0.00179   0.00282   0.00000   0.01111   0.02040   0.00570   0.00878   0.01638   0.00000   0.00980   0.00000   0.00000   0.00191   0.07226   0.02132   0.01322   0.00818   0.00000   0.00604   0.00354   0.00305   0.01684   0.01479   0.04076   0.01376   0.00694   0.00672   0.00000   0.00000   0.02427   0.01891   2.35103   0.87208   0.83466   0.92591   0.85741   0.06924   0.55346  
 45 1782.5843   2392.657455  x:  0.01950   0.01148   0.00272   0.00922   0.01285   0.00000   0.00863   0.00000   0.00000   0.01557   0.00963   0.00000   0.00000   0.00513   0.00331   0.00000   0.00758   0.00382   0.00000   0.00419   0.00941   0.00243   0.00363   0.00000   0.00180   0.00282   0.00000   0.01107   0.02011   0.00575   0.00878   0.01660   0.00000   0.00978   0.00000   0.00000   0.00191   0.07221   0.02164   0.01305   0.00822   0.00000   0.00598   0.00356   0.00302   0.01681   0.01485   0.04110   0.01377   0.00692   0.00666   0.00000   0.00000   0.02437   0.01832   2.35534   0.87207   0.83489   0.92584   0.85727   0.06945   0.55411  
 46 84.9399   2392.555809  x:  0.01891   0.01110   0.00274   0.00982   0.01278   0.00000   0.00849   0.00000   0.00000   0.01520   0.00980   0.00000   0.00000   0.00494   0.00330   0.00000   0.00753   0.00389   0.00000   0.00420   0.00919   0.00241   0.00364   0.00000   0.00180   0.00280   0.00000   0.01085   0.02010   0.00590   0.00886   0.01768   0.00000   0.00928   0.00000   0.00000   0.00191   0.07209   0.02298   0.01352   0.00838   0.00000   0.00600   0.00364   0.00300   0.01728   0.01483   0.04043   0.01390   0.00682   0.00667   0.00000   0.00000   0.02501   0.01479   2.36048   0.87165   0.83399   0.92667   0.85617   0.06865   0.56275  
 47 17.2311   2390.568284  x:  0.01906   0.01154   0.00280   0.00983   0.01322   0.00000   0.00806   0.00000   0.00000   0.01655   0.00993   0.00000   0.00000   0.00514   0.00334   0.00000   0.00739   0.00398   0.00000   0.00439   0.00981   0.00243   0.00386   0.00000   0.00177   0.00282   0.00000   0.01041   0.01920   0.00602   0.00898   0.01958   0.00000   0.01077   0.00000   0.00000   0.00199   0.07467   0.02070   0.01587   0.00888   0.00000   0.00579   0.00377   0.00239   0.00952   0.01401   0.04134   0.01396   0.00593   0.00646   0.00000   0.00000   0.02553   0.01531   2.46670   0.86220   0.81349   0.94536   0.83331   0.04840   0.74695  
 48 91.3992   2389.122055  x:  0.02049   0.01316   0.00284   0.00938   0.01240   0.00000   0.00806   0.00000   0.00000   0.01460   0.00927   0.00000   0.00000   0.00499   0.00361   0.00000   0.00761   0.00394   0.00000   0.00455   0.00937   0.00257   0.00406   0.00000   0.00189   0.00301   0.00000   0.01109   0.02238   0.00533   0.00923   0.02110   0.00000   0.01012   0.00000   0.00000   0.00205   0.07730   0.01999   0.01539   0.00828   0.00000   0.00638   0.00355   0.00175   0.01758   0.01391   0.04250   0.01479   0.00618   0.00765   0.00000   0.00000   0.02398   0.01852   2.55740   0.85419   0.79613   0.96122   0.81401   0.03137   0.90286  
 49 2131.3492   2389.054885  x:  0.02030   0.01323   0.00284   0.00925   0.01232   0.00000   0.00804   0.00000   0.00000   0.01471   0.00926   0.00000   0.00000   0.00506   0.00362   0.00000   0.00760   0.00393   0.00000   0.00456   0.00939   0.00257   0.00409   0.00000   0.00190   0.00302   0.00000   0.01115   0.02239   0.00531   0.00923   0.02121   0.00000   0.01031   0.00000   0.00000   0.00205   0.07728   0.02289   0.01431   0.00827   0.00000   0.00628   0.00355   0.00174   0.01738   0.01384   0.04249   0.01484   0.00619   0.00765   0.00000   0.00000   0.02350   0.01950   2.56107   0.85392   0.79546   0.96184   0.81339   0.03070   0.90903  
 50 91.6031   2383.176707  x:  0.02098   0.01330   0.00485   0.00807   0.01384   0.00000   0.00846   0.00000   0.00000   0.01286   0.00940   0.00000   0.00000   0.00472   0.00408   0.00000   0.00805   0.00371   0.00000   0.00521   0.00860   0.00262   0.00267   0.00000   0.00195   0.00352   0.00000   0.00990   0.02836   0.00566   0.00970   0.00295   0.00000   0.01295   0.00000   0.00000   0.00210   0.07839   0.02261   0.01108   0.00860   0.00000   0.00439   0.00362   0.00715   0.01816   0.01457   0.04338   0.01587   0.00503   0.00775   0.00000   0.00000   0.02421   0.01655   2.68918   0.88467   0.80376   0.96873   0.91447   0.03283   0.99937  
 51  3.1192   2382.317833  x:  0.02103   0.01328   0.00415   0.00847   0.01393   0.00000   0.00884   0.00000   0.00000   0.01197   0.00903   0.00000   0.00000   0.00442   0.00397   0.00000   0.00795   0.00378   0.00000   0.00543   0.00811   0.00257   0.00238   0.00000   0.00195   0.00335   0.00000   0.00925   0.02953   0.00565   0.00875   0.00111   0.00000   0.01346   0.00000   0.00000   0.00211   0.07723   0.02272   0.01110   0.00848   0.00000   0.00426   0.00370   0.00535   0.01731   0.01421   0.04270   0.01600   0.00459   0.00837   0.00000   0.00000   0.02535   0.01612   2.69857   0.90588   0.84421   0.94538   0.96917   0.03765   0.99572  
 52  2.8743   2381.475968  x:  0.02131   0.01299   0.00359   0.00918   0.01424   0.00000   0.00967   0.00000   0.00000   0.00979   0.00834   0.00000   0.00000   0.00370   0.00392   0.00000   0.00789   0.00411   0.00000   0.00566   0.00705   0.00257   0.00190   0.00000   0.00202   0.00314   0.00000   0.00801   0.03239   0.00564   0.00706   0.00222   0.00000   0.01470   0.00000   0.00000   0.00216   0.07578   0.02329   0.01153   0.00844   0.00000   0.00463   0.00397   0.00457   0.01610   0.01370   0.04231   0.01680   0.00363   0.01017   0.00000   0.00000   0.02799   0.01676   2.74475   0.94054   0.91264   0.90682   1.05260   0.04448   1.01217  
 53 10.1846   2379.110852  x:  0.02172   0.01671   0.00359   0.01351   0.01168   0.00000   0.01181   0.00000   0.00000   0.01204   0.00621   0.00000   0.00000   0.00476   0.00313   0.00000   0.00763   0.00357   0.00000   0.00647   0.00787   0.00238   0.00294   0.00000   0.00231   0.00209   0.00000   0.01017   0.03004   0.00433   0.00601   0.00256   0.00000   0.01314   0.00000   0.00000   0.00222   0.07292   0.02286   0.00822   0.00604   0.00000   0.00252   0.00308   0.00365   0.01594   0.01148   0.04248   0.01533   0.00512   0.01032   0.00000   0.00000   0.02937   0.01153   2.88406   0.97669   1.02689   0.90940   1.34309   0.05158   1.12664  
 54  2.6595   2378.085830  x:  0.02129   0.01538   0.00309   0.01126   0.01272   0.00000   0.01114   0.00000   0.00000   0.01242   0.00597   0.00000   0.00000   0.00518   0.00307   0.00000   0.00751   0.00318   0.00000   0.00652   0.00830   0.00225   0.00302   0.00000   0.00195   0.00253   0.00000   0.00954   0.03039   0.00408   0.00635   0.00266   0.00000   0.01442   0.00000   0.00000   0.00230   0.06978   0.02197   0.00609   0.00591   0.00000   0.00200   0.00303   0.00175   0.01565   0.01222   0.03911   0.01448   0.00473   0.01136   0.00000   0.00000   0.02981   0.00882   2.97075   0.92633   1.00061   0.99779   1.43878   0.06549   1.12723  
 55  3.1269   2377.119148  x:  0.02104   0.01463   0.00164   0.01115   0.01232   0.00000   0.01137   0.00000   0.00000   0.01236   0.00511   0.00000   0.00000   0.00531   0.00284   0.00000   0.00739   0.00299   0.00000   0.00607   0.00860   0.00226   0.00327   0.00000   0.00191   0.00256   0.00000   0.00974   0.02960   0.00348   0.00593   0.00265   0.00000   0.01435   0.00000   0.00000   0.00235   0.06811   0.02195   0.00697   0.00522   0.00000   0.00336   0.00296   0.00316   0.01503   0.01210   0.03752   0.01381   0.00486   0.01351   0.00000   0.00000   0.03152   0.00815   3.16244   0.85630   0.94293   1.10442   1.47151   0.06810   1.16681  
 56  1.2392   2375.656736  x:  0.02005   0.01213   0.00405   0.00818   0.01233   0.00000   0.00953   0.00000   0.00000   0.01187   0.00502   0.00000   0.00000   0.00541   0.00292   0.00000   0.00704   0.00247   0.00000   0.00541   0.00925   0.00238   0.00471   0.00000   0.00166   0.00314   0.00000   0.00946   0.02720   0.00295   0.00502   0.00274   0.00000   0.01422   0.00000   0.00000   0.00267   0.07122   0.02080   0.00852   0.00527   0.00000   0.00377   0.00315   0.00369   0.01451   0.01283   0.03435   0.01290   0.00482   0.01626   0.00000   0.00000   0.02990   0.00709   3.47113   0.98028   1.02426   1.06323   1.48090   0.07162   1.28097  
 57  2.1086   2374.948818  x:  0.01980   0.01246   0.00312   0.00806   0.01149   0.00000   0.00841   0.00000   0.00000   0.01124   0.00554   0.00000   0.00000   0.00517   0.00308   0.00000   0.00680   0.00239   0.00000   0.00501   0.00924   0.00249   0.00347   0.00000   0.00184   0.00305   0.00000   0.00946   0.02625   0.00311   0.00348   0.00276   0.00000   0.01343   0.00000   0.00000   0.00287   0.07783   0.02039   0.00925   0.00567   0.00000   0.00217   0.00335   0.00361   0.01390   0.01232   0.03508   0.01322   0.00482   0.01606   0.00000   0.00000   0.02725   0.00652   3.59622   0.96727   1.01003   1.07384   1.47818   0.06854   1.31714  
 58  1.1176   2374.137369  x:  0.01960   0.01306   0.00279   0.00779   0.01102   0.00000   0.00835   0.00000   0.00000   0.01172   0.00555   0.00000   0.00000   0.00524   0.00309   0.00000   0.00691   0.00226   0.00000   0.00477   0.00955   0.00259   0.00154   0.00000   0.00190   0.00318   0.00000   0.00988   0.02485   0.00282   0.00461   0.00281   0.00000   0.01246   0.00000   0.00000   0.00304   0.07950   0.02051   0.00896   0.00526   0.00000   0.00263   0.00312   0.00304   0.01349   0.01241   0.03439   0.01255   0.00518   0.01564   0.00000   0.00000   0.02653   0.00868   3.79480   0.95476   1.04391   1.00787   1.48941   0.06683   1.40421  
 59  1.0029   2373.397674  x:  0.01959   0.01407   0.00364   0.00870   0.01064   0.00000   0.00895   0.00000   0.00000   0.01007   0.00517   0.00000   0.00000   0.00440   0.00324   0.00000   0.00711   0.00253   0.00000   0.00498   0.00860   0.00277   0.00259   0.00000   0.00219   0.00303   0.00000   0.00923   0.02539   0.00258   0.00451   0.00275   0.00000   0.01173   0.00000   0.00000   0.00305   0.08192   0.02112   0.00910   0.00501   0.00000   0.00310   0.00296   0.00217   0.01181   0.01192   0.03472   0.01287   0.00464   0.01516   0.00000   0.00000   0.02669   0.01160   4.04096   0.85605   0.98824   1.01742   1.49299   0.06728   1.45188  
 60  1.8579   2372.956827  x:  0.01964   0.01440   0.00238   0.00806   0.01112   0.00000   0.00871   0.00000   0.00000   0.00970   0.00553   0.00000   0.00000   0.00415   0.00354   0.00000   0.00730   0.00262   0.00000   0.00497   0.00833   0.00289   0.00345   0.00000   0.00226   0.00325   0.00000   0.00872   0.02601   0.00266   0.00551   0.00283   0.00000   0.01171   0.00000   0.00000   0.00296   0.08350   0.02103   0.00811   0.00525   0.00000   0.00301   0.00283   0.00237   0.01184   0.01228   0.03443   0.01293   0.00425   0.01408   0.00000   0.00000   0.02562   0.01155   4.20658   0.93735   1.01463   0.92571   1.49278   0.06784   1.52807  
 61  1.3050   2372.298368  x:  0.02025   0.01619   0.00333   0.00949   0.01183   0.00000   0.00982   0.00000   0.00000   0.01003   0.00568   0.00000   0.00000   0.00388   0.00369   0.00000   0.00772   0.00298   0.00000   0.00554   0.00784   0.00299   0.00267   0.00000   0.00259   0.00301   0.00000   0.00819   0.02760   0.00287   0.00610   0.00295   0.00000   0.01185   0.00000   0.00000   0.00295   0.08257   0.02119   0.00724   0.00518   0.00000   0.00302   0.00248   0.00304   0.01173   0.01236   0.03455   0.01310   0.00388   0.01221   0.00000   0.00000   0.02657   0.00791   4.58383   0.92417   0.96360   0.93585   1.52915   0.07510   1.62421  
 62  0.8441   2371.794991  x:  0.02049   0.01529   0.00318   0.00914   0.01254   0.00000   0.00975   0.00000   0.00000   0.01132   0.00583   0.00000   0.00000   0.00425   0.00345   0.00000   0.00772   0.00295   0.00000   0.00583   0.00823   0.00299   0.00272   0.00000   0.00274   0.00302   0.00000   0.00836   0.02779   0.00297   0.00635   0.00313   0.00000   0.01207   0.00000   0.00000   0.00285   0.08016   0.02116   0.00874   0.00540   0.00000   0.00242   0.00249   0.00272   0.01288   0.01293   0.03391   0.01298   0.00440   0.01195   0.00000   0.00000   0.02650   0.00911   5.02172   0.84014   1.06091   0.94150   1.84671   0.10803   1.79557  
 63  0.7616   2371.578519  x:  0.02039   0.01449   0.00293   0.00982   0.01245   0.00000   0.01004   0.00000   0.00000   0.01185   0.00565   0.00000   0.00000   0.00446   0.00318   0.00000   0.00761   0.00285   0.00000   0.00585   0.00838   0.00296   0.00264   0.00000   0.00286   0.00274   0.00000   0.00863   0.02727   0.00304   0.00548   0.00315   0.00000   0.01212   0.00000   0.00000   0.00279   0.07777   0.02117   0.00872   0.00531   0.00000   0.00283   0.00260   0.00223   0.01272   0.01280   0.03384   0.01289   0.00478   0.01207   0.00000   0.00000   0.02678   0.00935   5.25504   0.94208   1.05593   0.96452   1.75776   0.10722   1.83332  
 64  0.7516   2371.483603  x:  0.02030   0.01382   0.00300   0.00966   0.01222   0.00000   0.00964   0.00000   0.00000   0.01152   0.00566   0.00000   0.00000   0.00453   0.00313   0.00000   0.00746   0.00268   0.00000   0.00561   0.00841   0.00296   0.00269   0.00000   0.00294   0.00274   0.00000   0.00875   0.02702   0.00310   0.00536   0.00316   0.00000   0.01235   0.00000   0.00000   0.00274   0.07792   0.02114   0.00777   0.00549   0.00000   0.00285   0.00278   0.00268   0.01289   0.01264   0.03430   0.01316   0.00478   0.01230   0.00000   0.00000   0.02597   0.00951   5.41524   0.88551   1.11960   0.97753   1.75719   0.10897   1.88702  
 65  0.3859   2371.430368  x:  0.02040   0.01401   0.00292   0.00949   0.01196   0.00000   0.00920   0.00000   0.00000   0.01098   0.00562   0.00000   0.00000   0.00443   0.00310   0.00000   0.00732   0.00265   0.00000   0.00543   0.00836   0.00294   0.00268   0.00000   0.00302   0.00274   0.00000   0.00874   0.02707   0.00304   0.00551   0.00312   0.00000   0.01244   0.00000   0.00000   0.00271   0.07869   0.02120   0.00810   0.00557   0.00000   0.00294   0.00286   0.00256   0.01288   0.01236   0.03479   0.01322   0.00466   0.01230   0.00000   0.00000   0.02559   0.00883   5.56470   0.92079   1.08062   0.99917   1.83139   0.11437   1.94208  
 66  0.3217   2371.416269  x:  0.02041   0.01413   0.00289   0.00937   0.01197   0.00000   0.00914   0.00000   0.00000   0.01095   0.00556   0.00000   0.00000   0.00440   0.00307   0.00000   0.00732   0.00272   0.00000   0.00544   0.00834   0.00292   0.00271   0.00000   0.00304   0.00276   0.00000   0.00872   0.02711   0.00299   0.00559   0.00310   0.00000   0.01251   0.00000   0.00000   0.00272   0.07850   0.02126   0.00838   0.00553   0.00000   0.00275   0.00283   0.00256   0.01278   0.01234   0.03474   0.01311   0.00460   0.01232   0.00000   0.00000   0.02590   0.00871   5.62305   0.90273   1.08405   0.98079   1.80108   0.11191   1.95878  
 67  0.1677   2371.408571  x:  0.02040   0.01427   0.00294   0.00921   0.01202   0.00000   0.00908   0.00000   0.00000   0.01106   0.00553   0.00000   0.00000   0.00438   0.00309   0.00000   0.00735   0.00280   0.00000   0.00553   0.00832   0.00291   0.00273   0.00000   0.00305   0.00277   0.00000   0.00873   0.02728   0.00295   0.00542   0.00306   0.00000   0.01262   0.00000   0.00000   0.00275   0.07865   0.02128   0.00825   0.00545   0.00000   0.00282   0.00277   0.00259   0.01280   0.01239   0.03477   0.01302   0.00455   0.01225   0.00000   0.00000   0.02610   0.00892   5.67950   0.90185   1.07399   0.96344   1.82269   0.11321   1.98542  
 68  0.0999   2371.404985  x:  0.02036   0.01430   0.00296   0.00943   0.01197   0.00000   0.00907   0.00000   0.00000   0.01113   0.00560   0.00000   0.00000   0.00436   0.00309   0.00000   0.00737   0.00272   0.00000   0.00558   0.00828   0.00288   0.00278   0.00000   0.00307   0.00280   0.00000   0.00880   0.02725   0.00302   0.00546   0.00302   0.00000   0.01257   0.00000   0.00000   0.00276   0.07888   0.02126   0.00828   0.00542   0.00000   0.00283   0.00278   0.00259   0.01282   0.01240   0.03486   0.01302   0.00463   0.01220   0.00000   0.00000   0.02625   0.00890   5.71029   0.90318   1.08545   0.97268   1.83079   0.11343   2.00517  
 69  0.0298   2371.401873  x:  0.02035   0.01424   0.00297   0.00942   0.01204   0.00000   0.00903   0.00000   0.00000   0.01112   0.00560   0.00000   0.00000   0.00442   0.00318   0.00000   0.00737   0.00278   0.00000   0.00546   0.00830   0.00280   0.00277   0.00000   0.00304   0.00278   0.00000   0.00878   0.02728   0.00308   0.00545   0.00296   0.00000   0.01262   0.00000   0.00000   0.00276   0.07891   0.02123   0.00825   0.00546   0.00000   0.00280   0.00278   0.00257   0.01282   0.01240   0.03483   0.01305   0.00466   0.01227   0.00000   0.00000   0.02641   0.00896   5.71089   0.90543   1.07962   0.97657   1.84154   0.11440   2.02083  
 70  0.0084   2371.399341  x:  0.02037   0.01429   0.00294   0.00941   0.01204   0.00000   0.00901   0.00000   0.00000   0.01111   0.00560   0.00000   0.00000   0.00445   0.00321   0.00000   0.00737   0.00277   0.00000   0.00552   0.00834   0.00274   0.00276   0.00000   0.00300   0.00279   0.00000   0.00877   0.02724   0.00307   0.00542   0.00292   0.00000   0.01261   0.00000   0.00000   0.00276   0.07899   0.02119   0.00824   0.00548   0.00000   0.00286   0.00278   0.00252   0.01285   0.01238   0.03480   0.01305   0.00466   0.01225   0.00000   0.00000   0.02632   0.00879   5.69484   0.89394   1.08815   0.96805   1.85102   0.11524   2.03470  
 71  0.0247   2371.396206  x:  0.02040   0.01430   0.00294   0.00943   0.01201   0.00000   0.00905   0.00000   0.00000   0.01108   0.00555   0.00000   0.00000   0.00444   0.00318   0.00000   0.00736   0.00274   0.00000   0.00561   0.00834   0.00265   0.00276   0.00000   0.00295   0.00285   0.00000   0.00876   0.02720   0.00301   0.00544   0.00289   0.00000   0.01257   0.00000   0.00000   0.00275   0.07891   0.02121   0.00823   0.00545   0.00000   0.00279   0.00277   0.00258   0.01283   0.01236   0.03480   0.01303   0.00464   0.01230   0.00000   0.00000   0.02625   0.00885   5.67451   0.90608   1.08430   0.97301   1.86781   0.11698   2.05172  
 72  0.0464   2371.393317  x:  0.02039   0.01433   0.00294   0.00943   0.01200   0.00000   0.00914   0.00000   0.00000   0.01114   0.00561   0.00000   0.00000   0.00433   0.00317   0.00000   0.00738   0.00276   0.00000   0.00548   0.00829   0.00263   0.00276   0.00000   0.00292   0.00285   0.00000   0.00876   0.02728   0.00299   0.00543   0.00294   0.00000   0.01254   0.00000   0.00000   0.00275   0.07892   0.02129   0.00829   0.00545   0.00000   0.00283   0.00278   0.00260   0.01278   0.01241   0.03491   0.01305   0.00459   0.01218   0.00000   0.00000   0.02613   0.00891   5.66761   0.90640   1.09453   0.97878   1.88228   0.11892   2.07406  
 73  0.0161   2371.390502  x:  0.02032   0.01419   0.00297   0.00941   0.01198   0.00000   0.00916   0.00000   0.00000   0.01109   0.00559   0.00000   0.00000   0.00434   0.00316   0.00000   0.00735   0.00276   0.00000   0.00558   0.00827   0.00265   0.00275   0.00000   0.00290   0.00279   0.00000   0.00880   0.02730   0.00302   0.00547   0.00302   0.00000   0.01255   0.00000   0.00000   0.00277   0.07905   0.02126   0.00830   0.00545   0.00000   0.00283   0.00281   0.00259   0.01276   0.01244   0.03494   0.01308   0.00461   0.01219   0.00000   0.00000   0.02612   0.00891   5.68120   0.90077   1.08172   0.96345   1.90494   0.12159   2.10810  
 74  0.0203   2371.388274  x:  0.02038   0.01433   0.00296   0.00943   0.01200   0.00000   0.00917   0.00000   0.00000   0.01110   0.00555   0.00000   0.00000   0.00442   0.00314   0.00000   0.00738   0.00276   0.00000   0.00553   0.00831   0.00271   0.00277   0.00000   0.00287   0.00279   0.00000   0.00881   0.02729   0.00301   0.00546   0.00308   0.00000   0.01257   0.00000   0.00000   0.00277   0.07917   0.02125   0.00827   0.00546   0.00000   0.00283   0.00279   0.00259   0.01282   0.01239   0.03490   0.01305   0.00464   0.01224   0.00000   0.00000   0.02627   0.00886   5.67381   0.90608   1.09456   0.97639   1.92035   0.12247   2.13784  
 75  0.0199   2371.387242  x:  0.02040   0.01432   0.00295   0.00942   0.01202   0.00000   0.00912   0.00000   0.00000   0.01111   0.00562   0.00000   0.00000   0.00437   0.00314   0.00000   0.00740   0.00275   0.00000   0.00556   0.00830   0.00276   0.00276   0.00000   0.00286   0.00282   0.00000   0.00876   0.02728   0.00303   0.00544   0.00305   0.00000   0.01258   0.00000   0.00000   0.00276   0.07913   0.02126   0.00828   0.00548   0.00000   0.00282   0.00280   0.00257   0.01279   0.01238   0.03490   0.01307   0.00462   0.01227   0.00000   0.00000   0.02625   0.00891   5.65662   0.90545   1.09009   0.97188   1.92734   0.12284   2.14816  
 76  0.0120   2371.386753  x:  0.02038   0.01430   0.00295   0.00945   0.01200   0.00000   0.00911   0.00000   0.00000   0.01110   0.00560   0.00000   0.00000   0.00436   0.00315   0.00000   0.00738   0.00276   0.00000   0.00554   0.00831   0.00279   0.00276   0.00000   0.00287   0.00280   0.00000   0.00877   0.02726   0.00302   0.00544   0.00301   0.00000   0.01256   0.00000   0.00000   0.00275   0.07900   0.02125   0.00828   0.00544   0.00000   0.00281   0.00278   0.00258   0.01281   0.01239   0.03493   0.01307   0.00461   0.01225   0.00000   0.00000   0.02624   0.00887   5.65332   0.90487   1.09207   0.97148   1.93469   0.12355   2.15438  
 77  0.0061   2371.386554  x:  0.02037   0.01430   0.00295   0.00943   0.01201   0.00000   0.00909   0.00000   0.00000   0.01112   0.00559   0.00000   0.00000   0.00438   0.00314   0.00000   0.00738   0.00276   0.00000   0.00555   0.00831   0.00280   0.00276   0.00000   0.00289   0.00280   0.00000   0.00878   0.02729   0.00302   0.00545   0.00299   0.00000   0.01256   0.00000   0.00000   0.00276   0.07899   0.02126   0.00829   0.00546   0.00000   0.00283   0.00279   0.00259   0.01279   0.01239   0.03492   0.01307   0.00461   0.01224   0.00000   0.00000   0.02623   0.00888   5.65359   0.90613   1.09378   0.97547   1.93394   0.12374   2.15570  
 78  0.0029   2371.386411  x:  0.02038   0.01430   0.00295   0.00944   0.01201   0.00000   0.00911   0.00000   0.00000   0.01111   0.00559   0.00000   0.00000   0.00438   0.00313   0.00000   0.00739   0.00275   0.00000   0.00553   0.00831   0.00279   0.00277   0.00000   0.00290   0.00281   0.00000   0.00878   0.02730   0.00301   0.00546   0.00298   0.00000   0.01258   0.00000   0.00000   0.00276   0.07902   0.02126   0.00828   0.00547   0.00000   0.00282   0.00279   0.00258   0.01279   0.01239   0.03489   0.01306   0.00462   0.01224   0.00000   0.00000   0.02624   0.00888   5.65194   0.90470   1.09058   0.96990   1.93610   0.12405   2.15902  
 79  0.0034   2371.386230  x:  0.02039   0.01430   0.00295   0.00942   0.01201   0.00000   0.00912   0.00000   0.00000   0.01111   0.00560   0.00000   0.00000   0.00437   0.00313   0.00000   0.00739   0.00276   0.00000   0.00555   0.00830   0.00278   0.00277   0.00000   0.00294   0.00279   0.00000   0.00878   0.02727   0.00301   0.00546   0.00298   0.00000   0.01258   0.00000   0.00000   0.00276   0.07911   0.02125   0.00828   0.00546   0.00000   0.00282   0.00279   0.00258   0.01281   0.01239   0.03489   0.01306   0.00462   0.01223   0.00000   0.00000   0.02623   0.00889   5.64614   0.90590   1.09357   0.97382   1.93787   0.12411   2.16197  
 80  0.0037   2371.386146  x:  0.02039   0.01430   0.00296   0.00942   0.01201   0.00000   0.00912   0.00000   0.00000   0.01112   0.00559   0.00000   0.00000   0.00438   0.00314   0.00000   0.00738   0.00275   0.00000   0.00554   0.00831   0.00278   0.00276   0.00000   0.00295   0.00280   0.00000   0.00877   0.02727   0.00302   0.00545   0.00299   0.00000   0.01259   0.00000   0.00000   0.00276   0.07906   0.02126   0.00829   0.00546   0.00000   0.00282   0.00279   0.00258   0.01279   0.01240   0.03489   0.01306   0.00461   0.01225   0.00000   0.00000   0.02623   0.00888   5.64505   0.90569   1.09306   0.97321   1.93875   0.12409   2.16219  
 81  0.0010   2371.386130  x:  0.02038   0.01430   0.00295   0.00942   0.01201   0.00000   0.00911   0.00000   0.00000   0.01111   0.00559   0.00000   0.00000   0.00438   0.00314   0.00000   0.00738   0.00276   0.00000   0.00554   0.00831   0.00278   0.00276   0.00000   0.00296   0.00280   0.00000   0.00878   0.02727   0.00302   0.00545   0.00300   0.00000   0.01258   0.00000   0.00000   0.00276   0.07903   0.02125   0.00828   0.00546   0.00000   0.00282   0.00279   0.00258   0.01279   0.01240   0.03489   0.01306   0.00462   0.01225   0.00000   0.00000   0.02623   0.00888   5.64512   0.90564   1.09279   0.97310   1.93878   0.12411   2.16252  
 82  0.0003   2371.386128  x:  0.02038   0.01430   0.00295   0.00943   0.01201   0.00000   0.00911   0.00000   0.00000   0.01111   0.00559   0.00000   0.00000   0.00438   0.00314   0.00000   0.00738   0.00276   0.00000   0.00554   0.00831   0.00278   0.00276   0.00000   0.00296   0.00280   0.00000   0.00878   0.02728   0.00302   0.00545   0.00300   0.00000   0.01258   0.00000   0.00000   0.00276   0.07903   0.02125   0.00828   0.00546   0.00000   0.00282   0.00279   0.00258   0.01279   0.01240   0.03489   0.01306   0.00461   0.01225   0.00000   0.00000   0.02623   0.00888   5.64488   0.90564   1.09274   0.97300   1.93894   0.12414   2.16278  
 83  0.0003   2371.386128  x:  0.02038   0.01430   0.00295   0.00943   0.01201   0.00000   0.00911   0.00000   0.00000   0.01111   0.00559   0.00000   0.00000   0.00438   0.00314   0.00000   0.00738   0.00276   0.00000   0.00554   0.00831   0.00278   0.00276   0.00000   0.00296   0.00280   0.00000   0.00878   0.02728   0.00302   0.00545   0.00300   0.00000   0.01258   0.00000   0.00000   0.00276   0.07903   0.02125   0.00828   0.00546   0.00000   0.00282   0.00279   0.00258   0.01279   0.01240   0.03489   0.01306   0.00461   0.01225   0.00000   0.00000   0.02623   0.00888   5.64487   0.90564   1.09275   0.97300   1.93893   0.12415   2.16276  
 84  0.0001   2371.386128  x:  0.02038   0.01430   0.00295   0.00943   0.01201   0.00000   0.00911   0.00000   0.00000   0.01111   0.00559   0.00000   0.00000   0.00438   0.00314   0.00000   0.00738   0.00276   0.00000   0.00554   0.00831   0.00278   0.00276   0.00000   0.00296   0.00280   0.00000   0.00878   0.02728   0.00302   0.00545   0.00300   0.00000   0.01258   0.00000   0.00000   0.00276   0.07903   0.02125   0.00828   0.00546   0.00000   0.00282   0.00279   0.00258   0.01279   0.01240   0.03489   0.01306   0.00461   0.01225   0.00000   0.00000   0.02623   0.00888   5.64483   0.90563   1.09276   0.97301   1.93890   0.12414   2.16271  
 85  0.0002   2371.386128  x:  0.02038   0.01430   0.00295   0.00943   0.01201   0.00000   0.00911   0.00000   0.00000   0.01111   0.00559   0.00000   0.00000   0.00438   0.00314   0.00000   0.00738   0.00276   0.00000   0.00554   0.00831   0.00278   0.00276   0.00000   0.00296   0.00280   0.00000   0.00878   0.02728   0.00302   0.00545   0.00300   0.00000   0.01258   0.00000   0.00000   0.00276   0.07903   0.02125   0.00828   0.00546   0.00000   0.00282   0.00279   0.00258   0.01279   0.01240   0.03489   0.01306   0.00461   0.01225   0.00000   0.00000   0.02623   0.00888   5.64481   0.90563   1.09276   0.97301   1.93889   0.12414   2.16269  
 86  0.0001   2371.386128  x:  0.02038   0.01430   0.00295   0.00943   0.01201   0.00000   0.00911   0.00000   0.00000   0.01111   0.00559   0.00000   0.00000   0.00438   0.00314   0.00000   0.00738   0.00276   0.00000   0.00554   0.00831   0.00278   0.00276   0.00000   0.00296   0.00280   0.00000   0.00878   0.02728   0.00302   0.00545   0.00300   0.00000   0.01258   0.00000   0.00000   0.00276   0.07903   0.02125   0.00828   0.00546   0.00000   0.00282   0.00279   0.00258   0.01279   0.01240   0.03489   0.01306   0.00461   0.01225   0.00000   0.00000   0.02623   0.00888   5.64480   0.90563   1.09276   0.97301   1.93889   0.12414   2.16268  
 87  0.0001   2371.386128  x:  0.02038   0.01430   0.00295   0.00943   0.01201   0.00000   0.00911   0.00000   0.00000   0.01111   0.00559   0.00000   0.00000   0.00438   0.00314   0.00000   0.00738   0.00276   0.00000   0.00554   0.00831   0.00278   0.00276   0.00000   0.00296   0.00280   0.00000   0.00878   0.02728   0.00302   0.00545   0.00300   0.00000   0.01258   0.00000   0.00000   0.00276   0.07903   0.02125   0.00828   0.00546   0.00000   0.00282   0.00279   0.00258   0.01279   0.01240   0.03489   0.01306   0.00461   0.01225   0.00000   0.00000   0.02623   0.00888   5.64480   0.90563   1.09276   0.97301   1.93889   0.12414   2.16268  
 88  0.0001   2371.386128  x:  0.02038   0.01430   0.00295   0.00943   0.01201   0.00000   0.00911   0.00000   0.00000   0.01111   0.00559   0.00000   0.00000   0.00438   0.00314   0.00000   0.00738   0.00276   0.00000   0.00554   0.00831   0.00278   0.00276   0.00000   0.00296   0.00280   0.00000   0.00878   0.02728   0.00302   0.00545   0.00300   0.00000   0.01258   0.00000   0.00000   0.00276   0.07903   0.02125   0.00828   0.00546   0.00000   0.00282   0.00279   0.00258   0.01279   0.01240   0.03489   0.01306   0.00461   0.01225   0.00000   0.00000   0.02623   0.00888   5.64479   0.90563   1.09276   0.97301   1.93889   0.12414   2.16268  
 89  0.0001   2371.386128  x:  0.02038   0.01430   0.00295   0.00943   0.01201   0.00000   0.00911   0.00000   0.00000   0.01111   0.00559   0.00000   0.00000   0.00438   0.00314   0.00000   0.00738   0.00276   0.00000   0.00554   0.00831   0.00278   0.00276   0.00000   0.00296   0.00280   0.00000   0.00878   0.02728   0.00302   0.00545   0.00300   0.00000   0.01258   0.00000   0.00000   0.00276   0.07903   0.02125   0.00828   0.00546   0.00000   0.00282   0.00279   0.00258   0.01279   0.01240   0.03489   0.01306   0.00461   0.01225   0.00000   0.00000   0.02623   0.00888   5.64479   0.90563   1.09276   0.97301   1.93888   0.12414   2.16267  
 90  0.0001   2371.386128  x:  0.02038   0.01430   0.00295   0.00943   0.01201   0.00000   0.00911   0.00000   0.00000   0.01111   0.00559   0.00000   0.00000   0.00438   0.00314   0.00000   0.00738   0.00276   0.00000   0.00554   0.00831   0.00278   0.00276   0.00000   0.00296   0.00280   0.00000   0.00878   0.02728   0.00302   0.00545   0.00300   0.00000   0.01258   0.00000   0.00000   0.00276   0.07903   0.02125   0.00828   0.00546   0.00000   0.00282   0.00279   0.00258   0.01279   0.01240   0.03489   0.01306   0.00461   0.01225   0.00000   0.00000   0.02623   0.00888   5.64479   0.90563   1.09276   0.97301   1.93888   0.12414   2.16267  
 91  0.0001   2371.386128  x:  0.02038   0.01430   0.00295   0.00943   0.01201   0.00000   0.00911   0.00000   0.00000   0.01111   0.00559   0.00000   0.00000   0.00438   0.00314   0.00000   0.00738   0.00276   0.00000   0.00554   0.00831   0.00278   0.00276   0.00000   0.00296   0.00280   0.00000   0.00878   0.02728   0.00302   0.00545   0.00300   0.00000   0.01258   0.00000   0.00000   0.00276   0.07903   0.02125   0.00828   0.00546   0.00000   0.00282   0.00279   0.00258   0.01279   0.01240   0.03489   0.01306   0.00461   0.01225   0.00000   0.00000   0.02623   0.00888   5.64479   0.90563   1.09276   0.97301   1.93888   0.12414   2.16267  
check convergence!
