Supplemental results for CODEML (seqf: /home/leticiamagpali/phd/evol_models/codeml/small_dataset/cml_align/PCDH15_codon_aligned.phy  treef: /home/leticiamagpali/phd/evol_models/codeml/small_dataset/cml_trees/species_trees/H1a_trees/PCDH15_tree_H1a.tre)

I	J	ij	2Ns_IJ	pMut_IJ	pSub_IJ	2Ns_JI	pMut_JI	pSub_JI

TTC	TTT	CT	1.38516	0.01853	0.03424	-1.38516	0.07404	0.03424	0.03424	0.03424
TTA	TTT	AT	1.52156	0.00344	0.00670	-1.52156	0.01577	0.00670	0.00335	0.00335
TTA	TTC	AC	0.13640	0.00647	0.00692	-0.13640	0.00741	0.00692	0.00346	0.00346
TTG	TTT	GT	1.50114	0.00578	0.01117	-1.50114	0.02593	0.01117	0.00558	0.00558
TTG	TTC	GC	0.11599	0.01086	0.01150	-0.11599	0.01220	0.01150	0.00575	0.00575
TTG	TTA	GA	-0.02041	0.02503	0.02478	0.02041	0.02453	0.02478	0.02478	0.02478
TCT	TTT	CT	1.78518	0.01242	0.02664	-1.78518	0.07404	0.02664	0.01332	0.01332
TCC	TTC	CT	1.01769	0.01258	0.02005	-1.01769	0.03482	0.02005	0.01003	0.01003
TCC	TCT	CT	0.61767	0.01258	0.01687	-0.61767	0.02334	0.01687	0.01687	0.01687
TCA	TTA	CT	0.49086	0.01303	0.01649	-0.49086	0.02128	0.01649	0.00824	0.00824
TCA	TCT	AT	0.22723	0.00396	0.00443	-0.22723	0.00497	0.00443	0.00443	0.00443
TCA	TCC	AC	-0.39044	0.00744	0.00608	0.39044	0.00504	0.00608	0.00608	0.00608
TCG	TTG	CT	3.41605	0.00117	0.00414	-3.41605	0.03573	0.00414	0.00207	0.00207
TCG	TCT	GT	3.13202	0.00036	0.00117	-3.13202	0.00817	0.00117	0.00117	0.00117
TCG	TCC	GC	2.51435	0.00067	0.00183	-2.51435	0.00828	0.00183	0.00183	0.00183
TCG	TCA	GA	2.90479	0.00154	0.00475	-2.90479	0.02821	0.00475	0.00475	0.00475
TAT	TTT	AT	0.25763	0.01219	0.01382	-0.25763	0.01577	0.01382	0.00691	0.00691
TAT	TCT	AC	-1.52755	0.02290	0.00970	1.52755	0.00497	0.00970	0.00485	0.00485
TAC	TTC	AT	-0.12176	0.00838	0.00788	0.12176	0.00741	0.00788	0.00394	0.00394
TAC	TCC	AC	-1.13945	0.01573	0.00844	1.13945	0.00504	0.00844	0.00422	0.00422
TAC	TAT	CT	1.00577	0.02755	0.04369	-1.00577	0.07533	0.04369	0.04369	0.04369
TGT	TTT	GT	2.93538	0.00138	0.00427	-2.93538	0.02593	0.00427	0.00213	0.00213
TGT	TCT	GC	1.15020	0.00259	0.00436	-1.15020	0.00817	0.00436	0.00218	0.00218
TGT	TAT	GA	2.67775	0.00597	0.01715	-2.67775	0.08681	0.01715	0.00858	0.00858
TGC	TTC	GT	2.19886	0.00135	0.00335	-2.19886	0.01220	0.00335	0.00167	0.00167
TGC	TCC	GC	1.18116	0.00254	0.00433	-1.18116	0.00828	0.00433	0.00217	0.00217
TGC	TAC	GA	2.32061	0.00586	0.01508	-2.32061	0.05966	0.01508	0.00754	0.00754
TGC	TGT	CT	0.64864	0.00445	0.00605	-0.64864	0.00851	0.00605	0.00605	0.00605
TGG	TTG	GT	3.11854	0.00055	0.00181	-3.11854	0.01251	0.00181	0.00090	0.00090
TGG	TCG	GC	-0.29752	0.00104	0.00089	0.29752	0.00077	0.00089	0.00045	0.00045
TGG	TGT	GT	1.68430	0.00055	0.00114	-1.68430	0.00298	0.00114	0.00057	0.00057
TGG	TGC	GC	1.03567	0.00104	0.00167	-1.03567	0.00293	0.00167	0.00083	0.00083
CTT	TTT	CT	0.90808	0.02986	0.04544	-0.90808	0.07404	0.04544	0.02272	0.02272
CTC	TTC	CT	0.40835	0.02314	0.02819	-0.40835	0.03482	0.02819	0.01409	0.01409
CTC	CTT	CT	0.88542	0.02314	0.03488	-0.88542	0.05610	0.03488	0.03488	0.03488
CTA	TTA	CT	0.41033	0.01412	0.01722	-0.41033	0.02128	0.01722	0.01722	0.01722
CTA	CTT	AT	1.02381	0.00429	0.00686	-1.02381	0.01195	0.00686	0.00686	0.00686
CTA	CTC	AC	0.13838	0.00806	0.00863	-0.13838	0.00926	0.00863	0.00863	0.00863
CTG	TTG	CT	0.26273	0.02747	0.03124	-0.26273	0.03573	0.03124	0.03124	0.03124
CTG	CTT	GT	0.85579	0.00835	0.01243	-0.85579	0.01965	0.01243	0.01243	0.01243
CTG	CTC	GC	-0.02963	0.01569	0.01546	0.02963	0.01523	0.01546	0.01546	0.01546
CTG	CTA	GA	-0.16802	0.03617	0.03321	0.16802	0.03057	0.03321	0.03321	0.03321
CCT	TCT	CT	-0.53721	0.03993	0.03016	0.53721	0.02334	0.03016	0.01508	0.01508
CCT	CTT	CT	0.33989	0.03993	0.04710	-0.33989	0.05610	0.04710	0.02355	0.02355
CCC	TCC	CT	0.89814	0.00963	0.01459	-0.89814	0.02364	0.01459	0.00730	0.00730
CCC	CTC	CT	1.50749	0.00963	0.01865	-1.50749	0.04348	0.01865	0.00932	0.00932
CCC	CCT	CT	2.05302	0.00963	0.02268	-2.05302	0.07503	0.02268	0.02268	0.02268
CCA	TCA	CT	-0.65788	0.04726	0.03340	0.65788	0.02448	0.03340	0.01670	0.01670
CCA	CTA	CT	-0.57736	0.04726	0.03492	0.57736	0.02653	0.03492	0.01746	0.01746
CCA	CCT	AT	0.10656	0.01436	0.01514	-0.10656	0.01598	0.01514	0.01514	0.01514
CCA	CCC	AC	-1.94646	0.02699	0.00875	1.94646	0.00385	0.00875	0.00875	0.00875
CCG	TCG	CT	-1.64399	0.01141	0.00449	1.64399	0.00220	0.00449	0.00225	0.00225
CCG	CTG	CT	1.50933	0.01141	0.02211	-1.50933	0.05161	0.02211	0.01105	0.01105
CCG	CCT	GT	2.02523	0.00347	0.00809	-2.02523	0.02628	0.00809	0.00809	0.00809
CCG	CCC	GC	-0.02779	0.00652	0.00643	0.02779	0.00634	0.00643	0.00643	0.00643
CCG	CCA	GA	1.91867	0.01502	0.03378	-1.91867	0.10232	0.03378	0.03378	0.03378
CAT	TAT	CT	1.60508	0.01513	0.03039	-1.60508	0.07533	0.03039	0.01520	0.01520
CAT	CTT	AT	0.95462	0.00460	0.00714	-0.95462	0.01195	0.00714	0.00357	0.00357
CAT	CCT	AC	0.61473	0.00864	0.01157	-0.61473	0.01598	0.01157	0.00578	0.00578
CAC	TAC	CT	1.86591	0.00801	0.01768	-1.86591	0.05177	0.01768	0.00884	0.00884
CAC	CTC	AT	1.33581	0.00244	0.00441	-1.33581	0.00926	0.00441	0.00221	0.00221
CAC	CCC	AC	-0.17168	0.00457	0.00419	0.17168	0.00385	0.00419	0.00210	0.00210
CAC	CAT	CT	1.26661	0.00801	0.01413	-1.26661	0.02843	0.01413	0.01413	0.01413
CAA	CTA	AT	-0.21387	0.00700	0.00628	0.21387	0.00565	0.00628	0.00314	0.00314
CAA	CCA	AC	0.36348	0.01315	0.01568	-0.36348	0.01891	0.01568	0.00784	0.00784
CAA	CAT	AT	-0.14469	0.00700	0.00650	0.14469	0.00606	0.00650	0.00325	0.00325
CAA	CAC	AC	-1.41130	0.01315	0.00598	1.41130	0.00321	0.00598	0.00299	0.00299
CAG	CTG	AT	0.38538	0.00748	0.00901	-0.38538	0.01099	0.00901	0.00451	0.00451
CAG	CCG	AC	-1.12395	0.01405	0.00760	1.12395	0.00457	0.00760	0.00380	0.00380
CAG	CAT	GT	0.28655	0.00748	0.00860	-0.28655	0.00996	0.00860	0.00430	0.00430
CAG	CAC	GC	-0.98006	0.01405	0.00827	0.98006	0.00527	0.00827	0.00414	0.00414
CAG	CAA	GA	0.43124	0.03238	0.03987	-0.43124	0.04984	0.03987	0.03987	0.03987
CGT	TGT	CT	0.28021	0.00643	0.00738	-0.28021	0.00851	0.00738	0.00369	0.00369
CGT	CTT	GT	2.30751	0.00196	0.00501	-2.30751	0.01965	0.00501	0.00251	0.00251
CGT	CCT	GC	1.96762	0.00367	0.00840	-1.96762	0.02628	0.00840	0.00420	0.00420
CGT	CAT	GA	1.35288	0.00847	0.01545	-1.35288	0.03276	0.01545	0.00773	0.00773
CGC	TGC	CT	-0.20624	0.01028	0.00925	0.20624	0.00836	0.00925	0.00463	0.00463
CGC	CTC	GT	1.58427	0.00312	0.00623	-1.58427	0.01523	0.00623	0.00311	0.00311
CGC	CCC	GC	0.07679	0.00587	0.00610	-0.07679	0.00634	0.00610	0.00305	0.00305
CGC	CAC	GA	0.24847	0.01353	0.01528	-0.24847	0.01734	0.01528	0.00764	0.00764
CGC	CGT	CT	0.16219	0.01028	0.01113	-0.16219	0.01209	0.01113	0.01113	0.01113
CGA	CTA	GT	1.06686	0.00320	0.00520	-1.06686	0.00929	0.00520	0.00260	0.00260
CGA	CCA	GC	1.64422	0.00601	0.01224	-1.64422	0.03110	0.01224	0.00612	0.00612
CGA	CAA	GA	1.28073	0.01385	0.02456	-1.28073	0.04984	0.02456	0.01228	0.01228
CGA	CGT	AT	-0.21684	0.00320	0.00286	0.21684	0.00257	0.00286	0.00286	0.00286
CGA	CGC	AC	-0.37903	0.00601	0.00494	0.37903	0.00411	0.00494	0.00494	0.00494
CGG	TGG	CT	-0.92870	0.00866	0.00525	0.92870	0.00342	0.00525	0.00263	0.00263
CGG	CTG	GT	1.92711	0.00263	0.00594	-1.92711	0.01808	0.00594	0.00297	0.00297
CGG	CCG	GC	0.41778	0.00494	0.00605	-0.41778	0.00751	0.00605	0.00302	0.00302
CGG	CAG	GA	1.54173	0.01140	0.02236	-1.54173	0.05326	0.02236	0.01118	0.01118
CGG	CGT	GT	0.47539	0.00263	0.00331	-0.47539	0.00423	0.00331	0.00331	0.00331
CGG	CGC	GC	0.31321	0.00494	0.00576	-0.31321	0.00676	0.00576	0.00576	0.00576
CGG	CGA	GA	0.69224	0.01140	0.01580	-0.69224	0.02278	0.01580	0.01580	0.01580
ATT	TTT	AT	0.19980	0.01291	0.01425	-0.19980	0.01577	0.01425	0.00712	0.00712
ATT	CTT	AC	-0.70829	0.02426	0.01667	0.70829	0.01195	0.01667	0.00834	0.00834
ATC	TTC	AT	-0.59121	0.01339	0.00982	0.59121	0.00741	0.00982	0.00491	0.00491
ATC	CTC	AC	-0.99956	0.02516	0.01465	0.99956	0.00926	0.01465	0.00732	0.00732
ATC	ATT	CT	0.59415	0.04406	0.05844	-0.59415	0.07982	0.05844	0.05844	0.05844
ATA	TTA	AT	-0.43942	0.00703	0.00560	0.43942	0.00453	0.00560	0.00280	0.00280
ATA	CTA	AC	-0.84975	0.01322	0.00839	0.84975	0.00565	0.00839	0.00419	0.00419
ATA	ATT	AT	0.88234	0.00703	0.01059	-0.88234	0.01700	0.01059	0.01059	0.01059
ATA	ATC	AC	0.28819	0.01322	0.01521	-0.28819	0.01763	0.01521	0.01521	0.01521
ATG	TTG	AT	0.02907	0.00739	0.00750	-0.02907	0.00761	0.00750	0.00375	0.00375
ATG	CTG	AC	-0.23366	0.01389	0.01233	0.23366	0.01099	0.01233	0.00616	0.00616
ATG	ATT	GT	1.33042	0.00739	0.01337	-1.33042	0.02796	0.01337	0.00668	0.00668
ATG	ATC	GC	0.73627	0.01389	0.01962	-0.73627	0.02900	0.01962	0.00981	0.00981
ATG	ATA	GA	0.44808	0.03201	0.03972	-0.44808	0.05011	0.03972	0.01986	0.01986
ACT	TCT	AT	-0.96989	0.01311	0.00776	0.96989	0.00497	0.00776	0.00388	0.00388
ACT	CCT	AC	-0.43268	0.02463	0.01968	0.43268	0.01598	0.01968	0.00984	0.00984
ACT	ATT	CT	0.61549	0.04313	0.05776	-0.61549	0.07982	0.05776	0.02888	0.02888
ACC	TCC	AT	-0.56452	0.00885	0.00659	0.56452	0.00504	0.00659	0.00329	0.00329
ACC	CCC	AC	-1.46266	0.01664	0.00733	1.46266	0.00385	0.00733	0.00367	0.00367
ACC	ATC	CT	1.04438	0.02913	0.04694	-1.04438	0.08278	0.04694	0.02347	0.02347
ACC	ACT	CT	1.02303	0.02913	0.04653	-1.02303	0.08103	0.04653	0.04653	0.04653
ACA	TCA	AT	-0.82781	0.01193	0.00767	0.82781	0.00521	0.00767	0.00383	0.00383
ACA	CCA	AC	-0.16993	0.02241	0.02056	0.16993	0.01891	0.02056	0.01028	0.01028
ACA	ATA	CT	0.10246	0.03925	0.04129	-0.10246	0.04348	0.04129	0.02065	0.02065
ACA	ACT	AT	0.36931	0.01193	0.01427	-0.36931	0.01726	0.01427	0.01427	0.01427
ACA	ACC	AC	-0.65373	0.02241	0.01588	0.65373	0.01166	0.01588	0.01588	0.01588
ACG	TCG	AT	-1.71436	0.00261	0.00098	1.71436	0.00047	0.00098	0.00049	0.00049
ACG	CCG	AC	-0.07036	0.00490	0.00473	0.07036	0.00457	0.00473	0.00236	0.00236
ACG	ATG	CT	1.67263	0.00858	0.01766	-1.67263	0.04569	0.01766	0.00883	0.00883
ACG	ACT	GT	2.38755	0.00261	0.00685	-2.38755	0.02838	0.00685	0.00685	0.00685
ACG	ACC	GC	1.36451	0.00490	0.00898	-1.36451	0.01917	0.00898	0.00898	0.00898
ACG	ACA	GA	2.01824	0.01129	0.02628	-2.01824	0.08497	0.02628	0.02628	0.02628
AAT	TAT	AT	-0.02976	0.01653	0.01628	0.02976	0.01604	0.01628	0.00814	0.00814
AAT	CAT	AC	-1.63483	0.03105	0.01230	1.63483	0.00606	0.01230	0.00615	0.00615
AAT	ATT	AT	0.02807	0.01653	0.01676	-0.02807	0.01700	0.01676	0.00838	0.00838
AAT	ACT	AC	-0.58742	0.03105	0.02282	0.58742	0.01726	0.02282	0.01141	0.01141
AAC	TAC	AT	0.44587	0.00706	0.00875	-0.44587	0.01103	0.00875	0.00437	0.00437
AAC	CAC	AC	-1.42005	0.01326	0.00600	1.42005	0.00321	0.00600	0.00300	0.00300
AAC	ATC	AT	0.91532	0.00706	0.01078	-0.91532	0.01763	0.01078	0.00539	0.00539
AAC	ACC	AC	-0.12906	0.01326	0.01243	0.12906	0.01166	0.01243	0.00621	0.00621
AAC	AAT	CT	1.48139	0.02322	0.04453	-1.48139	0.10216	0.04453	0.04453	0.04453
AAA	CAA	AC	-0.50858	0.01532	0.01175	0.50858	0.00921	0.01175	0.00588	0.00588
AAA	ATA	AT	0.12730	0.00815	0.00868	-0.12730	0.00926	0.00868	0.00434	0.00434
AAA	ACA	AC	0.02484	0.01532	0.01551	-0.02484	0.01570	0.01551	0.00776	0.00776
AAA	AAT	AT	0.98156	0.00815	0.01280	-0.98156	0.02176	0.01280	0.00640	0.00640
AAA	AAC	AC	-0.49983	0.01532	0.01181	0.49983	0.00929	0.01181	0.00590	0.00590
AAG	CAG	AC	-0.30681	0.01338	0.01143	0.30681	0.00984	0.01143	0.00572	0.00572
AAG	ATG	AT	0.31223	0.00712	0.00829	-0.31223	0.00973	0.00829	0.00415	0.00415
AAG	ACG	AC	-1.36040	0.01338	0.00628	1.36040	0.00343	0.00628	0.00314	0.00314
AAG	AAT	GT	1.61457	0.00712	0.01435	-1.61457	0.03579	0.01435	0.00718	0.00718
AAG	AAC	GC	0.13318	0.01338	0.01429	-0.13318	0.01528	0.01429	0.00714	0.00714
AAG	AAA	GA	0.63301	0.03084	0.04162	-0.63301	0.05808	0.04162	0.04162	0.04162
AGT	TGT	AT	-1.42330	0.00753	0.00340	1.42330	0.00181	0.00340	0.00170	0.00170
AGT	CGT	AC	-1.70351	0.01414	0.00536	1.70351	0.00257	0.00536	0.00268	0.00268
AGT	ATT	GT	1.31228	0.00753	0.01352	-1.31228	0.02796	0.01352	0.00676	0.00676
AGT	ACT	GC	0.69679	0.01414	0.01963	-0.69679	0.02838	0.01963	0.00982	0.00982
AGT	AAT	GA	1.28421	0.03260	0.05789	-1.28421	0.11774	0.05789	0.02894	0.02894
AGC	TGC	AT	-0.90512	0.00440	0.00271	0.90512	0.00178	0.00271	0.00135	0.00135
AGC	CGC	AC	-0.69888	0.00827	0.00572	0.69888	0.00411	0.00572	0.00286	0.00286
AGC	ATC	GT	1.88495	0.00440	0.00978	-1.88495	0.02900	0.00978	0.00489	0.00489
AGC	ACC	GC	0.84057	0.00827	0.01223	-0.84057	0.01917	0.01223	0.00611	0.00611
AGC	AAC	GA	0.96963	0.01907	0.02978	-0.96963	0.05028	0.02978	0.01489	0.01489
AGC	AGT	CT	1.16682	0.01448	0.02454	-1.16682	0.04652	0.02454	0.02454	0.02454
AGA	CGA	AC	-1.16319	0.01347	0.00712	1.16319	0.00421	0.00712	0.00712	0.00712
AGA	ATA	GT	0.75342	0.00717	0.01021	-0.75342	0.01523	0.01021	0.00510	0.00510
AGA	ACA	GC	0.65096	0.01347	0.01833	-0.65096	0.02583	0.01833	0.00916	0.00916
AGA	AAA	GA	0.62612	0.03105	0.04178	-0.62612	0.05808	0.04178	0.02089	0.02089
AGA	AGT	AT	0.32348	0.00717	0.00839	-0.32348	0.00991	0.00839	0.00420	0.00420
AGA	AGC	AC	-0.84334	0.01347	0.00858	0.84334	0.00580	0.00858	0.00429	0.00429
AGG	TGG	AT	-1.91486	0.00494	0.00164	1.91486	0.00073	0.00164	0.00082	0.00082
AGG	CGG	AC	-0.98616	0.00929	0.00545	0.98616	0.00346	0.00545	0.00545	0.00545
AGG	ATG	GT	1.17461	0.00494	0.00840	-1.17461	0.01600	0.00840	0.00420	0.00420
AGG	ACG	GC	-0.49802	0.00929	0.00717	0.49802	0.00564	0.00717	0.00358	0.00358
AGG	AAG	GA	0.86238	0.02141	0.03196	-0.86238	0.05072	0.03196	0.01598	0.01598
AGG	AGT	GT	1.19275	0.00494	0.00846	-1.19275	0.01630	0.00846	0.00423	0.00423
AGG	AGC	GC	0.02593	0.00929	0.00941	-0.02593	0.00953	0.00941	0.00470	0.00470
AGG	AGA	GA	0.86927	0.02141	0.03205	-0.86927	0.05107	0.03205	0.03205	0.03205
GTT	TTT	GT	0.70883	0.01277	0.01782	-0.70883	0.02593	0.01782	0.00891	0.00891
GTT	CTT	GC	-0.19926	0.02398	0.02167	0.19926	0.01965	0.02167	0.01084	0.01084
GTT	ATT	GA	0.50903	0.05529	0.07055	-0.50903	0.09198	0.07055	0.03527	0.03527
GTC	TTC	GT	0.47123	0.00761	0.00955	-0.47123	0.01220	0.00955	0.00477	0.00477
GTC	CTC	GC	0.06288	0.01430	0.01476	-0.06288	0.01523	0.01476	0.00738	0.00738
GTC	ATC	GA	1.06244	0.03297	0.05353	-1.06244	0.09540	0.05353	0.02676	0.02676
GTC	GTT	CT	1.14756	0.02504	0.04211	-1.14756	0.07890	0.04211	0.04211	0.04211
GTA	TTA	GT	-0.14239	0.00860	0.00800	0.14239	0.00746	0.00800	0.00400	0.00400
GTA	CTA	GC	-0.55273	0.01615	0.01210	0.55273	0.00929	0.01210	0.00605	0.00605
GTA	ATA	GA	0.29702	0.03723	0.04303	-0.29702	0.05011	0.04303	0.02152	0.02152
GTA	GTT	AT	0.67033	0.00860	0.01180	-0.67033	0.01681	0.01180	0.01180	0.01180
GTA	GTC	AC	-0.47723	0.01615	0.01260	0.47723	0.01002	0.01260	0.01260	0.01260
GTG	TTG	GT	-0.19847	0.01526	0.01380	0.19847	0.01251	0.01380	0.00690	0.00690
GTG	CTG	GC	-0.46120	0.02867	0.02257	0.46120	0.01808	0.02257	0.01128	0.01128
GTG	ATG	GA	-0.22755	0.06610	0.05886	0.22755	0.05265	0.05886	0.02943	0.02943
GTG	GTT	GT	0.59384	0.01526	0.02024	-0.59384	0.02764	0.02024	0.02024	0.02024
GTG	GTC	GC	-0.55372	0.02867	0.02146	0.55372	0.01648	0.02146	0.02146	0.02146
GTG	GTA	GA	-0.07649	0.06610	0.06360	0.07649	0.06123	0.06360	0.06360	0.06360
GCT	TCT	GT	-0.11004	0.00913	0.00863	0.11004	0.00817	0.00863	0.00432	0.00432
GCT	CCT	GC	0.42717	0.01714	0.02107	-0.42717	0.02628	0.02107	0.01053	0.01053
GCT	ACT	GA	0.85985	0.03952	0.05892	-0.85985	0.09338	0.05892	0.02946	0.02946
GCT	GTT	CT	0.96632	0.03002	0.04683	-0.96632	0.07890	0.04683	0.02341	0.02341
GCC	TCC	GT	-0.15087	0.00963	0.00892	0.15087	0.00828	0.00892	0.00446	0.00446
GCC	CCC	GC	-1.04901	0.01809	0.01023	1.04901	0.00634	0.01023	0.00512	0.00512
GCC	ACC	GA	0.41365	0.04171	0.05092	-0.41365	0.06307	0.05092	0.02546	0.02546
GCC	GTC	CT	0.39559	0.03168	0.03836	-0.39559	0.04705	0.03836	0.01918	0.01918
GCC	GCT	CT	0.57683	0.03168	0.04169	-0.57683	0.05640	0.04169	0.04169	0.04169
GCA	TCA	GT	-0.21340	0.01061	0.00952	0.21340	0.00857	0.00952	0.00476	0.00476
GCA	CCA	GC	0.44448	0.01994	0.02470	-0.44448	0.03110	0.02470	0.01235	0.01235
GCA	ACA	GA	0.61441	0.04597	0.06152	-0.61441	0.08497	0.06152	0.03076	0.03076
GCA	GTA	CT	0.41985	0.03492	0.04276	-0.41985	0.05313	0.04276	0.02138	0.02138
GCA	GCT	AT	0.12387	0.01061	0.01128	-0.12387	0.01201	0.01128	0.01128	0.01128
GCA	GCC	AC	-0.45297	0.01994	0.01576	0.45297	0.01268	0.01576	0.01576	0.01576
GCG	TCG	GT	-0.99014	0.00208	0.00122	0.99014	0.00077	0.00122	0.00061	0.00061
GCG	CCG	GC	0.65386	0.00390	0.00532	-0.65386	0.00751	0.00532	0.00266	0.00266
GCG	ACG	GA	0.72422	0.00900	0.01265	-0.72422	0.01857	0.01265	0.00633	0.00633
GCG	GTG	CT	2.62439	0.00684	0.01935	-2.62439	0.09434	0.01935	0.00967	0.00967
GCG	GCT	GT	2.25192	0.00208	0.00523	-2.25192	0.01976	0.00523	0.00523	0.00523
GCG	GCC	GC	1.67508	0.00390	0.00805	-1.67508	0.02085	0.00805	0.00805	0.00805
GCG	GCA	GA	2.12805	0.00900	0.02174	-2.12805	0.07560	0.02174	0.02174	0.02174
GAT	TAT	GT	0.15584	0.02258	0.02438	-0.15584	0.02639	0.02438	0.01219	0.01219
GAT	CAT	GC	-1.44924	0.04242	0.01886	1.44924	0.00996	0.01886	0.00943	0.00943
GAT	AAT	GA	0.18559	0.09779	0.10715	-0.18559	0.11774	0.10715	0.05357	0.05357
GAT	GTT	AT	-0.29536	0.02258	0.01941	0.29536	0.01681	0.01941	0.00970	0.00970
GAT	GCT	AC	-1.26168	0.04242	0.02114	1.26168	0.01201	0.02114	0.01057	0.01057
GAC	TAC	GT	0.41462	0.01198	0.01463	-0.41462	0.01813	0.01463	0.00732	0.00732
GAC	CAC	GC	-1.45130	0.02250	0.00999	1.45130	0.00527	0.00999	0.00500	0.00500
GAC	AAC	GA	-0.03125	0.05188	0.05107	0.03125	0.05028	0.05107	0.02554	0.02554
GAC	GTC	AT	-0.17837	0.01198	0.01094	0.17837	0.01002	0.01094	0.00547	0.00547
GAC	GCC	AC	-0.57396	0.02250	0.01666	0.57396	0.01268	0.01666	0.00833	0.00833
GAC	GAT	CT	1.26455	0.03941	0.06944	-1.26455	0.13956	0.06944	0.06944	0.06944
GAA	CAA	GC	-0.82949	0.03473	0.02229	0.82949	0.01515	0.02229	0.01115	0.01115
GAA	AAA	GA	-0.32091	0.08006	0.06790	0.32091	0.05808	0.06790	0.03395	0.03395
GAA	GTA	AT	-0.49063	0.01848	0.01432	0.49063	0.01132	0.01432	0.00716	0.00716
GAA	GCA	AC	-0.91049	0.03473	0.02128	0.91049	0.01397	0.02128	0.01064	0.01064
GAA	GAT	AT	0.47506	0.01848	0.02322	-0.47506	0.02972	0.02322	0.01161	0.01161
GAA	GAC	AC	-0.78949	0.03473	0.02280	0.78949	0.01577	0.02280	0.01140	0.01140
GAG	CAG	GC	-0.05733	0.01714	0.01666	0.05733	0.01619	0.01666	0.00833	0.00833
GAG	AAG	GA	0.24949	0.03952	0.04466	-0.24949	0.05072	0.04466	0.02233	0.02233
GAG	GTG	AT	0.78926	0.00913	0.01320	-0.78926	0.02009	0.01320	0.00660	0.00660
GAG	GCG	AC	-1.83513	0.01714	0.00597	1.83513	0.00274	0.00597	0.00299	0.00299
GAG	GAT	GT	1.67846	0.00913	0.01883	-1.67846	0.04889	0.01883	0.00942	0.00942
GAG	GAC	GC	0.41391	0.01714	0.02094	-0.41391	0.02593	0.02094	0.01047	0.01047
GAG	GAA	GA	1.20340	0.03952	0.06796	-1.20340	0.13166	0.06796	0.06796	0.06796
GGT	TGT	GT	-0.45707	0.00471	0.00372	0.45707	0.00298	0.00372	0.00186	0.00186
GGT	CGT	GC	-0.73728	0.00885	0.00598	0.73728	0.00423	0.00598	0.00299	0.00299
GGT	AGT	GA	0.96623	0.02040	0.03182	-0.96623	0.05361	0.03182	0.01591	0.01591
GGT	GTT	GT	1.76948	0.00471	0.01005	-1.76948	0.02764	0.01005	0.00502	0.00502
GGT	GCT	GC	0.80316	0.00885	0.01287	-0.80316	0.01976	0.01287	0.00644	0.00644
GGT	GAT	GA	2.06484	0.02040	0.04824	-2.06484	0.16083	0.04824	0.02412	0.02412
GGC	TGC	GT	-0.54565	0.00505	0.00380	0.54565	0.00293	0.00380	0.00190	0.00190
GGC	CGC	GC	-0.33941	0.00950	0.00798	0.33941	0.00676	0.00798	0.00399	0.00399
GGC	AGC	GA	0.35947	0.02189	0.02606	-0.35947	0.03136	0.02606	0.01303	0.01303
GGC	GTC	GT	1.18198	0.00505	0.00862	-1.18198	0.01648	0.00862	0.00431	0.00431
GGC	GCC	GC	0.78639	0.00950	0.01371	-0.78639	0.02085	0.01371	0.00686	0.00686
GGC	GAC	GA	1.36035	0.02189	0.04006	-1.36035	0.08532	0.04006	0.02003	0.02003
GGC	GGT	CT	0.56006	0.01663	0.02172	-0.56006	0.02911	0.02172	0.02172	0.02172
GGA	CGA	GC	-1.02010	0.01920	0.01104	1.02010	0.00692	0.01104	0.00552	0.00552
GGA	AGA	GA	0.14309	0.04426	0.04750	-0.14309	0.05107	0.04750	0.02375	0.02375
GGA	GTA	GT	0.59949	0.01022	0.01359	-0.59949	0.01861	0.01359	0.00679	0.00679
GGA	GCA	GC	0.17963	0.01920	0.02098	-0.17963	0.02298	0.02098	0.01049	0.01049
GGA	GAA	GA	1.09012	0.04426	0.07269	-1.09012	0.13166	0.07269	0.03634	0.03634
GGA	GGT	AT	-0.49966	0.01022	0.00788	0.49966	0.00620	0.00788	0.00788	0.00788
GGA	GGC	AC	-1.05972	0.01920	0.01079	1.05972	0.00665	0.01079	0.01079	0.01079
GGG	TGG	GT	-1.79760	0.00723	0.00258	1.79760	0.00120	0.00258	0.00129	0.00129
GGG	CGG	GC	-0.86890	0.01359	0.00853	0.86890	0.00570	0.00853	0.00426	0.00426
GGG	AGG	GA	0.11726	0.03132	0.03319	-0.11726	0.03522	0.03319	0.01660	0.01660
GGG	GTG	GT	1.51941	0.00723	0.01407	-1.51941	0.03304	0.01407	0.00703	0.00703
GGG	GCG	GC	-1.10498	0.01359	0.00743	1.10498	0.00450	0.00743	0.00372	0.00372
GGG	GAG	GA	0.73016	0.03132	0.04413	-0.73016	0.06500	0.04413	0.02207	0.02207
GGG	GGT	GT	0.34377	0.00723	0.00855	-0.34377	0.01020	0.00855	0.00855	0.00855
GGG	GGC	GC	-0.21628	0.01359	0.01217	0.21628	0.01094	0.01217	0.01217	0.01217
GGG	GGA	GA	0.84344	0.03132	0.04636	-0.84344	0.07280	0.04636	0.04636	0.04636


Histograms
2Ns	FMut	FSub(CodonUsage)	FSubw(after w)

-3.25338	0.00485	0.00072	0.00066
-2.92805	0.00466	0.00091	0.00109
-2.60271	0.01629	0.00389	0.00319
-2.27737	0.01851	0.00581	0.00723
-1.95203	0.05427	0.02027	0.02375
-1.62669	0.06752	0.03226	0.02939
-1.30135	0.09762	0.05675	0.06567
-0.97602	0.13070	0.09180	0.09158
-0.65068	0.12014	0.10213	0.10201
-0.32534	0.12938	0.12911	0.11898
0.00000	0.09570	0.11268	0.11292
0.32534	0.09373	0.12911	0.11898
0.65068	0.06458	0.10213	0.10201
0.97602	0.05013	0.09180	0.09158
1.30135	0.02719	0.05675	0.06567
1.62669	0.01368	0.03226	0.02939
1.95203	0.00749	0.02027	0.02375
2.27737	0.00197	0.00581	0.00723
2.60271	0.00116	0.00389	0.00319
2.92805	0.00025	0.00091	0.00109
3.25338	0.00018	0.00072	0.00066

Proportion of advantageous (S > 0) mutations:
 0.30610

Proportions of good & bad mutations (|S| > 2.0000) among mutations:
0.00741  0.07418

mean |Ns| = 0.90421	mean Ns+ = 0.65829	mean Ns- = -1.01269

