Supplemental results for CODEML (seqf: /home/leticiamagpali/phd/evol_models/codeml/small_dataset/cml_align/MYH2_codon_aligned.phy  treef: /home/leticiamagpali/phd/evol_models/codeml/small_dataset/cml_trees/MYH2_tree_M0.tre)

I	J	ij	2Ns_IJ	pMut_IJ	pSub_IJ	2Ns_JI	pMut_JI	pSub_JI

TTC	TTT	CT	-1.21187	0.06239	0.03204	1.21187	0.01857	0.03204	0.03204	0.03204
TTA	TTT	AT	8.99089	0.00000	0.00000	-8.99089	0.00673	0.00001	0.00000	0.00000
TTA	TTC	AC	10.20276	0.00000	0.00000	-10.20276	0.01905	0.00001	0.00000	0.00000
TTG	TTT	GT	1.18927	0.00394	0.00673	-1.18927	0.01293	0.00673	0.00091	0.00091
TTG	TTC	GC	2.40114	0.00332	0.00876	-2.40114	0.03661	0.00876	0.00119	0.00119
TTG	TTA	GA	-7.80162	0.00497	0.00002	7.80162	0.00000	0.00000	0.00002	0.00000
TCT	TTT	CT	0.95762	0.00713	0.01108	-0.95762	0.01857	0.01108	0.00150	0.00150
TCC	TTC	CT	0.37652	0.03607	0.04329	-0.37652	0.05257	0.04329	0.00586	0.00586
TCC	TCT	CT	-1.79297	0.03607	0.01292	1.79297	0.00600	0.01292	0.01292	0.01292
TCA	TTA	CT	-8.92041	0.01075	0.00001	8.92041	0.00000	0.00000	0.00000	0.00000
TCA	TCT	AT	-0.88714	0.00529	0.00328	0.88714	0.00218	0.00328	0.00328	0.00328
TCA	TCC	AC	0.90583	0.00445	0.00677	-0.90583	0.01102	0.00677	0.00677	0.00677
TCG	TTG	CT	0.40559	0.00450	0.00547	-0.40559	0.00674	0.00547	0.00074	0.00074
TCG	TCT	GT	0.63724	0.00221	0.00299	-0.63724	0.00418	0.00299	0.00299	0.00299
TCG	TCC	GC	2.43021	0.00186	0.00496	-2.43021	0.02117	0.00496	0.00496	0.00496
TCG	TCA	GA	1.52438	0.00279	0.00544	-1.52438	0.01282	0.00544	0.00544	0.00544
TAT	TTT	AT	0.38409	0.00458	0.00552	-0.38409	0.00673	0.00552	0.00075	0.00075
TAT	TCT	AC	-0.57353	0.00386	0.00286	0.57353	0.00218	0.00286	0.00039	0.00039
TAC	TTC	AT	0.23611	0.01505	0.01689	-0.23611	0.01905	0.01689	0.00229	0.00229
TAC	TCC	AC	-0.14042	0.01268	0.01181	0.14042	0.01102	0.01181	0.00160	0.00160
TAC	TAT	CT	-1.35986	0.03059	0.01437	1.35986	0.00785	0.01437	0.01437	0.01437
TGT	TTT	GT	4.38112	0.00016	0.00072	-4.38112	0.01293	0.00072	0.00010	0.00010
TGT	TCT	GC	3.42350	0.00014	0.00048	-3.42350	0.00418	0.00048	0.00007	0.00007
TGT	TAT	GA	3.99703	0.00020	0.00083	-3.99703	0.01112	0.00083	0.00011	0.00011
TGC	TTC	GT	1.54357	0.00782	0.01535	-1.54357	0.03661	0.01535	0.00208	0.00208
TGC	TCC	GC	1.16705	0.00659	0.01117	-1.16705	0.02117	0.01117	0.00151	0.00151
TGC	TAC	GA	1.30747	0.00987	0.01769	-1.30747	0.03649	0.01769	0.00240	0.00240
TGC	TGT	CT	-4.04942	0.01590	0.00114	4.04942	0.00028	0.00114	0.00114	0.00114
TGG	TTG	GT	-0.48187	0.00760	0.00592	0.48187	0.00470	0.00592	0.00080	0.00080
TGG	TCG	GC	-0.88746	0.00641	0.00398	0.88746	0.00264	0.00398	0.00054	0.00054
TGG	TGT	GT	-3.67372	0.00760	0.00073	3.67372	0.00019	0.00073	0.00010	0.00010
TGG	TGC	GC	0.37570	0.00641	0.00769	-0.37570	0.00933	0.00769	0.00104	0.00104
CTT	TTT	CT	1.18076	0.00570	0.00972	-1.18076	0.01857	0.00972	0.00132	0.00132
CTC	TTC	CT	0.42638	0.03432	0.04215	-0.42638	0.05257	0.04215	0.00571	0.00571
CTC	CTT	CT	-1.96626	0.03432	0.01098	1.96626	0.00480	0.01098	0.01098	0.01098
CTA	TTA	CT	-8.30573	0.00581	0.00001	8.30573	0.00000	0.00000	0.00001	0.00000
CTA	CTT	AT	-0.49561	0.00286	0.00221	0.49561	0.00174	0.00221	0.00221	0.00221
CTA	CTC	AC	1.47065	0.00241	0.00460	-1.47065	0.01048	0.00460	0.00460	0.00460
CTG	TTG	CT	-3.00451	0.13607	0.02132	3.00451	0.00674	0.02132	0.02132	0.02132
CTG	CTT	GT	-2.99600	0.06693	0.01055	2.99600	0.00335	0.01055	0.01055	0.01055
CTG	CTC	GC	-1.02975	0.05639	0.03225	1.02975	0.02014	0.03225	0.03225	0.03225
CTG	CTA	GA	-2.50039	0.08449	0.01888	2.50039	0.00693	0.01888	0.01888	0.01888
CCT	TCT	CT	1.11272	0.00197	0.00327	-1.11272	0.00600	0.00327	0.00044	0.00044
CCT	CTT	CT	0.88957	0.00197	0.00298	-0.88957	0.00480	0.00298	0.00040	0.00040
CCC	TCC	CT	0.39901	0.02039	0.02473	-0.39901	0.03039	0.02473	0.00335	0.00335
CCC	CTC	CT	0.34916	0.02039	0.02416	-0.34916	0.02892	0.02416	0.00327	0.00327
CCC	CCT	CT	-2.50667	0.02039	0.00454	2.50667	0.00166	0.00454	0.00454	0.00454
CCA	TCA	CT	0.40634	0.00603	0.00734	-0.40634	0.00905	0.00734	0.00099	0.00099
CCA	CTA	CT	-0.20834	0.00603	0.00542	0.20834	0.00490	0.00542	0.00073	0.00073
CCA	CCT	AT	-1.59352	0.00297	0.00121	1.59352	0.00060	0.00121	0.00121	0.00121
CCA	CCC	AC	0.91315	0.00250	0.00381	-0.91315	0.00623	0.00381	0.00381	0.00381
CCG	TCG	CT	-1.15821	0.01206	0.00640	1.15821	0.00379	0.00640	0.00087	0.00087
CCG	CTG	CT	2.25189	0.01206	0.03035	-2.25189	0.11465	0.03035	0.00411	0.00411
CCG	CCT	GT	-1.63368	0.00593	0.00235	1.63368	0.00116	0.00235	0.00235	0.00235
CCG	CCC	GC	0.87299	0.00500	0.00749	-0.87299	0.01197	0.00749	0.00749	0.00749
CCG	CCA	GA	-0.04016	0.00749	0.00734	0.04016	0.00719	0.00734	0.00734	0.00734
CAT	TAT	CT	1.78645	0.00132	0.00282	-1.78645	0.00785	0.00282	0.00038	0.00038
CAT	CTT	AT	0.98977	0.00065	0.00102	-0.98977	0.00174	0.00102	0.00014	0.00014
CAT	CCT	AC	0.10020	0.00055	0.00057	-0.10020	0.00060	0.00057	0.00008	0.00008
CAC	TAC	CT	-0.11224	0.02884	0.02725	0.11224	0.02577	0.02725	0.00369	0.00369
CAC	CTC	AT	-0.30251	0.01418	0.01215	0.30251	0.01048	0.01215	0.00164	0.00164
CAC	CCC	AC	-0.65167	0.01195	0.00848	0.65167	0.00623	0.00848	0.00115	0.00115
CAC	CAT	CT	-3.25855	0.02884	0.00376	3.25855	0.00111	0.00376	0.00376	0.00376
CAA	CTA	AT	-1.07062	0.00518	0.00289	1.07062	0.00177	0.00289	0.00039	0.00039
CAA	CCA	AC	-0.86228	0.00436	0.00275	0.86228	0.00184	0.00275	0.00037	0.00037
CAA	CAT	AT	-2.55600	0.00518	0.00111	2.55600	0.00040	0.00111	0.00015	0.00015
CAA	CAC	AC	0.70254	0.00436	0.00607	-0.70254	0.00881	0.00607	0.00082	0.00082
CAG	CTG	AT	0.17476	0.03489	0.03803	-0.17476	0.04156	0.03803	0.00515	0.00515
CAG	CCG	AC	-2.07713	0.02940	0.00875	2.07713	0.00368	0.00875	0.00118	0.00118
CAG	CAT	GT	-3.81101	0.03489	0.00301	3.81101	0.00077	0.00301	0.00041	0.00041
CAG	CAC	GC	-0.55247	0.02940	0.02202	0.55247	0.01692	0.02202	0.00298	0.00298
CAG	CAA	GA	-1.25501	0.04405	0.02204	1.25501	0.01256	0.02204	0.02204	0.02204
CGT	TGT	CT	-2.40489	0.00307	0.00073	2.40489	0.00028	0.00073	0.00010	0.00010
CGT	CTT	GT	0.79546	0.00151	0.00219	-0.79546	0.00335	0.00219	0.00030	0.00030
CGT	CCT	GC	-0.09411	0.00127	0.00121	0.09411	0.00116	0.00121	0.00016	0.00016
CGT	CAT	GA	-0.19431	0.00191	0.00173	0.19431	0.00157	0.00173	0.00023	0.00023
CGC	TGC	CT	-0.83647	0.03092	0.01977	0.83647	0.01340	0.01977	0.00268	0.00268
CGC	CTC	GT	0.28072	0.01521	0.01744	-0.28072	0.02014	0.01744	0.00236	0.00236
CGC	CCC	GC	-0.06844	0.01281	0.01238	0.06844	0.01197	0.01238	0.00168	0.00168
CGC	CAC	GA	0.58324	0.01920	0.02534	-0.58324	0.03440	0.02534	0.00343	0.00343
CGC	CGT	CT	-2.48100	0.03092	0.00700	2.48100	0.00259	0.00700	0.00700	0.00700
CGA	CTA	GT	-0.17077	0.00404	0.00371	0.17077	0.00341	0.00371	0.00050	0.00050
CGA	CCA	GC	0.03757	0.00341	0.00347	-0.03757	0.00354	0.00347	0.00047	0.00047
CGA	CAA	GA	0.89985	0.00511	0.00774	-0.89985	0.01256	0.00774	0.00105	0.00105
CGA	CGT	AT	-1.46185	0.00404	0.00178	1.46185	0.00094	0.00178	0.00178	0.00178
CGA	CGC	AC	1.01915	0.00341	0.00543	-1.01915	0.00944	0.00543	0.00543	0.00543
CGG	TGG	CT	-0.23982	0.01656	0.01465	0.23982	0.01303	0.01465	0.00198	0.00198
CGG	CTG	GT	2.28282	0.00814	0.02070	-2.28282	0.07984	0.02070	0.00280	0.00280
CGG	CCG	GC	0.03092	0.00686	0.00697	-0.03092	0.00708	0.00697	0.00094	0.00094
CGG	CAG	GA	2.10805	0.01028	0.02467	-2.10805	0.08463	0.02467	0.00334	0.00334
CGG	CGT	GT	-1.50865	0.00814	0.00349	1.50865	0.00180	0.00349	0.00349	0.00349
CGG	CGC	GC	0.97235	0.00686	0.01073	-0.97235	0.01814	0.01073	0.01073	0.01073
CGG	CGA	GA	-0.04680	0.01028	0.01004	0.04680	0.00981	0.01004	0.01004	0.01004
ATT	TTT	AT	-0.56233	0.01181	0.00880	0.56233	0.00673	0.00880	0.00119	0.00119
ATT	CTT	AC	-1.74309	0.00995	0.00368	1.74309	0.00174	0.00368	0.00050	0.00050
ATC	TTC	AT	-0.62492	0.03559	0.02562	0.62492	0.01905	0.02562	0.00347	0.00347
ATC	CTC	AC	-1.05130	0.02999	0.01694	1.05130	0.01048	0.01694	0.00229	0.00229
ATC	ATT	CT	-1.27447	0.07237	0.03579	1.27447	0.02023	0.03579	0.03579	0.03579
ATA	TTA	AT	-9.09505	0.00464	0.00000	9.09505	0.00000	0.00000	0.00000	0.00000
ATA	CTA	AC	-0.78932	0.00391	0.00257	0.78932	0.00177	0.00257	0.00035	0.00035
ATA	ATT	AT	0.45816	0.00464	0.00578	-0.45816	0.00733	0.00578	0.00578	0.00578
ATA	ATC	AC	1.73263	0.00391	0.00823	-1.73263	0.02210	0.00823	0.00823	0.00823
ATG	TTG	AT	-2.47767	0.02912	0.00661	2.47767	0.00244	0.00661	0.00090	0.00090
ATG	CTG	AC	0.52684	0.02454	0.03157	-0.52684	0.04156	0.03157	0.00427	0.00427
ATG	ATT	GT	-0.72607	0.02912	0.01982	0.72607	0.01409	0.01982	0.00268	0.00268
ATG	ATC	GC	0.54839	0.02454	0.03188	-0.54839	0.04246	0.03188	0.00432	0.00432
ATG	ATA	GA	-1.18423	0.03676	0.01919	1.18423	0.01125	0.01919	0.00260	0.00260
ACT	TCT	AT	-0.84547	0.00507	0.00322	0.84547	0.00218	0.00322	0.00044	0.00044
ACT	CCT	AC	-1.95819	0.00427	0.00137	1.95819	0.00060	0.00137	0.00019	0.00019
ACT	ATT	CT	0.67448	0.01031	0.01417	-0.67448	0.02023	0.01417	0.00192	0.00192
ACC	TCC	AT	-0.44883	0.01726	0.01367	0.44883	0.01102	0.01367	0.00185	0.00185
ACC	CCC	AC	-0.84784	0.01454	0.00924	0.84784	0.00623	0.00924	0.00125	0.00125
ACC	ATC	CT	0.55262	0.03509	0.04567	-0.55262	0.06097	0.04567	0.00618	0.00618
ACC	ACT	CT	-1.39632	0.03509	0.01611	1.39632	0.00868	0.01611	0.01611	0.01611
ACA	TCA	AT	-0.63653	0.00620	0.00444	0.63653	0.00328	0.00444	0.00060	0.00060
ACA	CCA	AC	-1.04286	0.00523	0.00297	1.04286	0.00184	0.00297	0.00040	0.00040
ACA	ATA	CT	-0.46188	0.01261	0.00992	0.46188	0.00794	0.00992	0.00134	0.00134
ACA	ACT	AT	-0.67820	0.00620	0.00433	0.67820	0.00315	0.00433	0.00433	0.00433
ACA	ACC	AC	0.71812	0.00523	0.00732	-0.71812	0.01072	0.00732	0.00732	0.00732
ACG	TCG	AT	-1.75342	0.00793	0.00291	1.75342	0.00137	0.00291	0.00039	0.00039
ACG	CCG	AC	-0.59522	0.00668	0.00489	0.59522	0.00368	0.00489	0.00066	0.00066
ACG	ATG	CT	1.12984	0.01612	0.02690	-1.12984	0.04989	0.02690	0.00364	0.00364
ACG	ACT	GT	-0.27071	0.00793	0.00690	0.27071	0.00605	0.00690	0.00690	0.00690
ACG	ACC	GC	1.12561	0.00668	0.01113	-1.12561	0.02059	0.01113	0.01113	0.01113
ACG	ACA	GA	0.40749	0.01001	0.01218	-0.40749	0.01504	0.01218	0.01218	0.01218
AAT	TAT	AT	-0.11145	0.00318	0.00301	0.11145	0.00285	0.00301	0.00041	0.00041
AAT	CAT	AC	-1.89790	0.00268	0.00090	1.89790	0.00040	0.00090	0.00012	0.00012
AAT	ATT	AT	0.83497	0.00318	0.00469	-0.83497	0.00733	0.00469	0.00064	0.00064
AAT	ACT	AC	0.16049	0.00268	0.00290	-0.16049	0.00315	0.00290	0.00039	0.00039
AAC	TAC	AT	-1.44386	0.03959	0.01766	1.44386	0.00934	0.01766	0.00239	0.00239
AAC	CAC	AC	-1.33162	0.03335	0.01594	1.33162	0.00881	0.01594	0.00216	0.00216
AAC	ATC	AT	-0.58283	0.03959	0.02916	0.58283	0.02210	0.02916	0.00395	0.00395
AAC	ACC	AC	-1.13545	0.03335	0.01793	1.13545	0.01072	0.01793	0.00243	0.00243
AAC	AAT	CT	-2.69227	0.08048	0.01574	2.69227	0.00545	0.01574	0.01574	0.01574
AAA	CAA	AC	-1.21319	0.01082	0.00555	1.21319	0.00321	0.00555	0.00075	0.00075
AAA	ATA	AT	-1.49449	0.01284	0.00555	1.49449	0.00288	0.00555	0.00075	0.00075
AAA	ACA	AC	-1.03260	0.01082	0.00618	1.03260	0.00385	0.00618	0.00084	0.00084
AAA	AAT	AT	-1.87130	0.01284	0.00437	1.87130	0.00198	0.00437	0.00059	0.00059
AAA	AAC	AC	0.82097	0.01082	0.01586	-0.82097	0.02458	0.01586	0.00215	0.00215
AAG	CAG	AC	-1.08922	0.06439	0.03557	1.08922	0.02167	0.03557	0.00482	0.00482
AAG	ATG	AT	-1.44129	0.07642	0.03414	1.44129	0.01808	0.03414	0.00462	0.00462
AAG	ACG	AC	-2.57113	0.06439	0.01370	2.57113	0.00492	0.01370	0.00186	0.00186
AAG	AAT	GT	-3.00233	0.07642	0.01199	3.00233	0.00380	0.01199	0.00162	0.00162
AAG	AAC	GC	-0.31006	0.06439	0.05492	0.31006	0.04722	0.05492	0.00744	0.00744
AAG	AAA	GA	-1.13104	0.09647	0.05198	1.13104	0.03113	0.05198	0.05198	0.05198
AGT	TGT	AT	-1.16971	0.00032	0.00017	1.16971	0.00010	0.00017	0.00002	0.00002
AGT	CGT	AC	1.23518	0.00027	0.00047	-1.23518	0.00094	0.00047	0.00006	0.00006
AGT	ATT	GT	3.77374	0.00032	0.00125	-3.77374	0.01409	0.00125	0.00017	0.00017
AGT	ACT	GC	3.09926	0.00027	0.00088	-3.09926	0.00605	0.00088	0.00012	0.00012
AGT	AAT	GA	2.93877	0.00041	0.00127	-2.93877	0.00772	0.00127	0.00017	0.00017
AGC	TGC	AT	-0.59970	0.00884	0.00646	0.59970	0.00486	0.00646	0.00087	0.00087
AGC	CGC	AC	0.23678	0.00745	0.00837	-0.23678	0.00944	0.00837	0.00113	0.00113
AGC	ATC	GT	1.56880	0.00884	0.01753	-1.56880	0.04246	0.01753	0.00237	0.00237
AGC	ACC	GC	1.01618	0.00745	0.01187	-1.01618	0.02059	0.01187	0.00161	0.00161
AGC	AAC	GA	2.15163	0.01117	0.02718	-2.15163	0.09601	0.02718	0.00368	0.00368
AGC	AGT	CT	-3.47940	0.01798	0.00199	3.47940	0.00055	0.00199	0.00199	0.00199
AGA	CGA	AC	-0.11491	0.00282	0.00266	0.11491	0.00251	0.00266	0.00266	0.00266
AGA	ATA	GT	0.50364	0.00334	0.00426	-0.50364	0.00553	0.00426	0.00058	0.00058
AGA	ACA	GC	0.96552	0.00282	0.00439	-0.96552	0.00740	0.00439	0.00059	0.00059
AGA	AAA	GA	1.99812	0.00422	0.00976	-1.99812	0.03113	0.00976	0.00132	0.00132
AGA	AGT	AT	-2.81194	0.00334	0.00060	2.81194	0.00020	0.00060	0.00008	0.00008
AGA	AGC	AC	0.66747	0.00282	0.00386	-0.66747	0.00549	0.00386	0.00052	0.00052
AGG	TGG	AT	-0.49065	0.00771	0.00597	0.49065	0.00472	0.00597	0.00081	0.00081
AGG	CGG	AC	-0.25083	0.00650	0.00572	0.25083	0.00506	0.00572	0.00572	0.00572
AGG	ATG	GT	1.50515	0.00771	0.01492	-1.50515	0.03474	0.01492	0.00202	0.00202
AGG	ACG	GC	0.37531	0.00650	0.00779	-0.37531	0.00946	0.00779	0.00106	0.00106
AGG	AAG	GA	2.94644	0.00974	0.03027	-2.94644	0.18534	0.03027	0.00410	0.00410
AGG	AGT	GT	-2.99466	0.00771	0.00122	2.99466	0.00039	0.00122	0.00016	0.00016
AGG	AGC	GC	0.48475	0.00650	0.00820	-0.48475	0.01055	0.00820	0.00111	0.00111
AGG	AGA	GA	-0.18272	0.00974	0.00887	0.18272	0.00811	0.00887	0.00887	0.00887
GTT	TTT	GT	2.84067	0.00076	0.00228	-2.84067	0.01293	0.00228	0.00031	0.00031
GTT	CTT	GC	1.65991	0.00064	0.00130	-1.65991	0.00335	0.00130	0.00018	0.00018
GTT	ATT	GA	3.40300	0.00095	0.00336	-3.40300	0.02865	0.00336	0.00045	0.00045
GTC	TTC	GT	1.66049	0.00696	0.01426	-1.66049	0.03661	0.01426	0.00193	0.00193
GTC	CTC	GC	1.23411	0.00586	0.01020	-1.23411	0.02014	0.01020	0.00138	0.00138
GTC	ATC	GA	2.28542	0.00878	0.02234	-2.28542	0.08633	0.02234	0.00303	0.00303
GTC	GTT	CT	-2.39205	0.01414	0.00341	2.39205	0.00129	0.00341	0.00341	0.00341
GTA	TTA	GT	-7.31992	0.00151	0.00001	7.31992	0.00000	0.00000	0.00000	0.00000
GTA	CTA	GC	0.98581	0.00127	0.00200	-0.98581	0.00341	0.00200	0.00027	0.00027
GTA	ATA	GA	1.77513	0.00191	0.00407	-1.77513	0.01125	0.00407	0.00055	0.00055
GTA	GTT	AT	-1.16971	0.00151	0.00080	1.16971	0.00047	0.00080	0.00080	0.00080
GTA	GTC	AC	1.22234	0.00127	0.00220	-1.22234	0.00432	0.00220	0.00220	0.00220
GTG	TTG	GT	-1.39958	0.01904	0.00873	1.39958	0.00470	0.00873	0.00118	0.00118
GTG	CTG	GC	1.60493	0.01604	0.03222	-1.60493	0.07984	0.03222	0.00436	0.00436
GTG	ATG	GA	1.07809	0.02403	0.03927	-1.07809	0.07063	0.03927	0.00532	0.00532
GTG	GTT	GT	-3.05098	0.01904	0.00288	3.05098	0.00090	0.00288	0.00288	0.00288
GTG	GTC	GC	-0.65893	0.01604	0.01133	0.65893	0.00830	0.01133	0.01133	0.01133
GTG	GTA	GA	-1.88128	0.02403	0.00813	1.88128	0.00366	0.00813	0.00813	0.00813
GCT	TCT	GT	-0.79668	0.00928	0.00607	0.79668	0.00418	0.00607	0.00082	0.00082
GCT	CCT	GC	-1.90940	0.00782	0.00260	1.90940	0.00116	0.00260	0.00035	0.00035
GCT	ACT	GA	0.04879	0.01171	0.01200	-0.04879	0.01230	0.01200	0.00162	0.00162
GCT	GTT	CT	-2.67974	0.01886	0.00372	2.67974	0.00129	0.00372	0.00050	0.00050
GCC	TCC	GT	-0.37140	0.03069	0.02534	0.37140	0.02117	0.02534	0.00343	0.00343
GCC	CCC	GC	-0.77041	0.02586	0.01716	0.77041	0.01197	0.01716	0.00232	0.00232
GCC	ACC	GA	0.07743	0.03874	0.04026	-0.07743	0.04186	0.04026	0.00545	0.00545
GCC	GTC	CT	-1.65537	0.06239	0.02439	1.65537	0.01192	0.02439	0.00330	0.00330
GCC	GCT	CT	-1.36768	0.06239	0.02916	1.36768	0.01589	0.02916	0.02916	0.02916
GCA	TCA	GT	-0.28203	0.00836	0.00724	0.28203	0.00631	0.00724	0.00098	0.00098
GCA	CCA	GC	-0.68837	0.00704	0.00490	0.68837	0.00354	0.00490	0.00066	0.00066
GCA	ACA	GA	0.35450	0.01055	0.01253	-0.35450	0.01504	0.01253	0.00170	0.00170
GCA	GTA	CT	-1.88252	0.01699	0.00574	1.88252	0.00259	0.00574	0.00078	0.00078
GCA	GCT	AT	-0.37249	0.00836	0.00690	0.37249	0.00576	0.00690	0.00690	0.00690
GCA	GCC	AC	0.99519	0.00704	0.01112	-0.99519	0.01905	0.01112	0.01112	0.01112
GCG	TCG	GT	-0.09899	0.00291	0.00277	0.09899	0.00264	0.00277	0.00038	0.00038
GCG	CCG	GC	1.05922	0.00245	0.00398	-1.05922	0.00708	0.00398	0.00054	0.00054
GCG	ACG	GA	1.65444	0.00368	0.00752	-1.65444	0.01923	0.00752	0.00102	0.00102
GCG	GTG	CT	1.70619	0.00592	0.01234	-1.70619	0.03261	0.01234	0.00167	0.00167
GCG	GCT	GT	1.33494	0.00291	0.00528	-1.33494	0.01107	0.00528	0.00528	0.00528
GCG	GCC	GC	2.70262	0.00245	0.00711	-2.70262	0.03661	0.00711	0.00711	0.00711
GCG	GCA	GA	1.70743	0.00368	0.00767	-1.70743	0.02027	0.00767	0.00767	0.00767
GAT	TAT	GT	-0.81900	0.01240	0.00801	0.81900	0.00547	0.00801	0.00108	0.00108
GAT	CAT	GC	-2.60545	0.01045	0.00217	2.60545	0.00077	0.00217	0.00029	0.00029
GAT	AAT	GA	-0.70755	0.01566	0.01077	0.70755	0.00772	0.01077	0.00146	0.00146
GAT	GTT	AT	-3.27558	0.01240	0.00160	3.27558	0.00047	0.00160	0.00022	0.00022
GAT	GCT	AC	-0.59585	0.01045	0.00765	0.59585	0.00576	0.00765	0.00104	0.00104
GAC	TAC	GT	-0.73050	0.03727	0.02530	0.73050	0.01795	0.02530	0.00343	0.00343
GAC	CAC	GC	-0.61826	0.03140	0.02269	0.61826	0.01692	0.02269	0.00307	0.00307
GAC	AAC	GA	0.71336	0.04704	0.06580	-0.71336	0.09601	0.06580	0.00891	0.00891
GAC	GTC	AT	-2.15489	0.03727	0.01053	2.15489	0.00432	0.01053	0.00143	0.00143
GAC	GCC	AC	-0.49952	0.03140	0.02421	0.49952	0.01905	0.02421	0.00328	0.00328
GAC	GAT	CT	-1.27136	0.07576	0.03754	1.27136	0.02125	0.03754	0.03754	0.03754
GAA	CAA	GC	-0.52601	0.01045	0.00794	0.52601	0.00618	0.00794	0.00108	0.00108
GAA	AAA	GA	0.68718	0.01566	0.02165	-0.68718	0.03113	0.02165	0.00293	0.00293
GAA	GTA	AT	-2.58244	0.01240	0.00262	2.58244	0.00094	0.00262	0.00035	0.00035
GAA	GCA	AC	-0.69992	0.01045	0.00722	0.69992	0.00519	0.00722	0.00098	0.00098
GAA	GAT	AT	-0.47656	0.01240	0.00968	0.47656	0.00770	0.00968	0.00131	0.00131
GAA	GAC	AC	0.79480	0.01045	0.01515	-0.79480	0.02314	0.01515	0.00205	0.00205
GAG	CAG	GC	-0.51752	0.06984	0.05332	0.51752	0.04163	0.05332	0.00722	0.00722
GAG	AAG	GA	0.57170	0.10464	0.13738	-0.57170	0.18534	0.13738	0.01861	0.01861
GAG	GTG	AT	-1.94768	0.08289	0.02685	1.94768	0.01182	0.02685	0.00364	0.00364
GAG	GCG	AC	-3.65387	0.06984	0.00678	3.65387	0.00181	0.00678	0.00092	0.00092
GAG	GAT	GT	-1.72308	0.08289	0.03104	1.72308	0.01480	0.03104	0.00420	0.00420
GAG	GAC	GC	-0.45172	0.06984	0.05525	0.45172	0.04446	0.05525	0.00748	0.00748
GAG	GAA	GA	-1.24652	0.10464	0.05263	1.24652	0.03008	0.05263	0.05263	0.05263
GGT	TGT	GT	-1.61533	0.00097	0.00039	1.61533	0.00019	0.00039	0.00005	0.00005
GGT	CGT	GC	0.78956	0.00082	0.00118	-0.78956	0.00180	0.00118	0.00016	0.00016
GGT	AGT	GA	-0.44562	0.00123	0.00097	0.44562	0.00078	0.00097	0.00013	0.00013
GGT	GTT	GT	-0.07489	0.00097	0.00093	0.07489	0.00090	0.00093	0.00013	0.00013
GGT	GCT	GC	2.60485	0.00082	0.00230	-2.60485	0.01107	0.00230	0.00031	0.00031
GGT	GAT	GA	3.20070	0.00123	0.00409	-3.20070	0.03008	0.00409	0.00055	0.00055
GGC	TGC	GT	-0.79488	0.02066	0.01352	0.79488	0.00933	0.01352	0.00183	0.00183
GGC	CGC	GC	0.04160	0.01740	0.01777	-0.04160	0.01814	0.01777	0.00241	0.00241
GGC	AGC	GA	-0.19518	0.02607	0.02361	0.19518	0.02145	0.02361	0.00320	0.00320
GGC	GTC	GT	-0.91180	0.02066	0.01265	0.91180	0.00830	0.01265	0.00171	0.00171
GGC	GCC	GC	0.74357	0.01740	0.02467	-0.74357	0.03661	0.02467	0.00334	0.00334
GGC	GAC	GA	1.24309	0.02607	0.04556	-1.24309	0.09038	0.04556	0.00617	0.00617
GGC	GGT	CT	-3.22896	0.04199	0.00559	3.22896	0.00166	0.00559	0.00559	0.00559
GGA	CGA	GC	-0.17898	0.00577	0.00527	0.17898	0.00483	0.00527	0.00071	0.00071
GGA	AGA	GA	-0.06406	0.00865	0.00837	0.06406	0.00811	0.00837	0.00113	0.00113
GGA	GTA	GT	-1.33556	0.00685	0.00326	1.33556	0.00180	0.00326	0.00044	0.00044
GGA	GCA	GC	0.54696	0.00577	0.00749	-0.54696	0.00997	0.00749	0.00101	0.00101
GGA	GAA	GA	1.24688	0.00865	0.01513	-1.24688	0.03008	0.01513	0.00205	0.00205
GGA	GGT	AT	-2.43038	0.00685	0.00161	2.43038	0.00060	0.00161	0.00161	0.00161
GGA	GGC	AC	0.79858	0.00577	0.00838	-0.79858	0.01283	0.00838	0.00838	0.00838
GGG	TGG	GT	-0.34709	0.01284	0.01074	0.34709	0.00907	0.01074	0.00145	0.00145
GGG	CGG	GC	-0.10727	0.01082	0.01025	0.10727	0.00971	0.01025	0.00139	0.00139
GGG	AGG	GA	0.14356	0.01620	0.01739	-0.14356	0.01870	0.01739	0.00236	0.00236
GGG	GTG	GT	0.57062	0.01284	0.01684	-0.57062	0.02271	0.01684	0.00228	0.00228
GGG	GCG	GC	-1.13556	0.01082	0.00581	1.13556	0.00347	0.00581	0.00079	0.00079
GGG	GAG	GA	2.51831	0.01620	0.04438	-2.51831	0.20104	0.04438	0.00601	0.00601
GGG	GGT	GT	-2.40547	0.01284	0.00306	2.40547	0.00116	0.00306	0.00306	0.00306
GGG	GGC	GC	0.82349	0.01082	0.01587	-0.82349	0.02464	0.01587	0.01587	0.01587
GGG	GGA	GA	0.02490	0.01620	0.01641	-0.02490	0.01661	0.01641	0.01641	0.01641


Histograms
2Ns	FMut	FSub(CodonUsage)	FSubw(after w)

-9.71691	0.00213	0.00000	0.00000
-8.74522	0.00313	0.00001	0.00001
-7.77353	0.00073	0.00000	0.00001
-6.80184	0.00000	0.00000	0.00000
-5.83015	0.00000	0.00000	0.00000
-4.85846	0.00145	0.00011	0.00005
-3.88677	0.02288	0.00299	0.00254
-2.91507	0.14209	0.03592	0.05770
-1.94338	0.15865	0.07178	0.06017
-0.97169	0.32432	0.26804	0.29473
0.00000	0.18024	0.24231	0.16962
0.97169	0.13092	0.26804	0.29473
1.94338	0.02383	0.07178	0.06017
2.91507	0.00900	0.03592	0.05770
3.88677	0.00059	0.00299	0.00254
4.85846	0.00002	0.00011	0.00005
5.83015	0.00000	0.00000	0.00000
6.80184	0.00000	0.00000	0.00000
7.77353	0.00000	0.00000	0.00000
8.74522	0.00000	0.00000	0.00000
9.71691	0.00000	0.00000	0.00000

Proportion of advantageous (S > 0) mutations:
 0.24233

Proportions of good & bad mutations (|S| > 2.0000) among mutations:
0.01683  0.23905

mean |Ns| = 1.39104	mean Ns+ = 0.84343	mean Ns- = -1.56619
