

TREE # 1

  0  0.0000   8929.905771  x:  0.00370   0.01622   0.01787   0.02445   0.03013   0.00838   0.02068   0.01017   0.00359   0.00341   0.01551   0.01623   0.01230   0.00649   0.01320   0.01474   0.01037   0.00634   0.00904   0.00750   0.00250   0.00811   0.00471   0.00584   0.00847   0.01569   0.01199   0.00836   0.01475   0.02857   0.00076   0.00000   0.00636   0.01660   0.00629   0.02614   0.02206   0.01030   0.01592   0.01337   0.01796   0.01609   0.00584   0.00593   0.01350   0.00856   0.02529   0.01296   0.01768   0.02350   0.00762   0.00791   0.00510   0.02067   0.01371   1.19783   1.10384   0.90953   1.26388   1.03037   0.02848   0.15707   1.07710   1.71876  
  1 99.0000   8914.099629  x:  0.00312   0.01475   0.01445   0.02328   0.02955   0.00958   0.02075   0.00675   0.00147   0.00149   0.01307   0.01229   0.00852   0.00511   0.01012   0.01267   0.00835   0.00295   0.00567   0.00528   0.00094   0.00458   0.00404   0.00337   0.00577   0.01574   0.00938   0.00687   0.01303   0.02778   0.00393   0.05732   0.00365   0.01494   0.00551   0.02578   0.02059   0.00732   0.01564   0.01015   0.01510   0.01317   0.00460   0.00355   0.01146   0.01017   0.02536   0.01195   0.01706   0.02182   0.00407   0.00444   0.00318   0.01994   0.01160   1.19813   1.10379   0.90955   1.26386   1.03045   0.02843   0.15607   1.07723   1.71875  
  2 18121.7320   8861.429230  x:  0.00311   0.01343   0.01093   0.02217   0.02896   0.01021   0.02081   0.00330   0.00181   0.00188   0.01078   0.00814   0.00457   0.00438   0.00701   0.01082   0.00667   0.00000   0.00253   0.00365   0.00340   0.00104   0.00393   0.00203   0.00372   0.01574   0.00674   0.00522   0.01118   0.02705   0.00220   0.05727   0.00159   0.01347   0.00495   0.02540   0.01924   0.00450   0.01540   0.00692   0.01227   0.01033   0.00400   0.00211   0.00955   0.01106   0.02540   0.01106   0.01646   0.02015   0.00070   0.00108   0.00223   0.01930   0.00963   1.19844   1.10375   0.90957   1.26384   1.03054   0.02837   0.15506   1.07734   1.71874  
  3 4657.0271   8853.949773  x:  0.00310   0.01319   0.01027   0.02197   0.02885   0.01033   0.02082   0.00266   0.00187   0.00195   0.01036   0.00736   0.00383   0.00425   0.00643   0.01048   0.00636   0.00005   0.00194   0.00334   0.00384   0.00038   0.00391   0.00178   0.00334   0.01574   0.00625   0.00491   0.01084   0.02692   0.00188   0.05726   0.00121   0.01320   0.00484   0.02533   0.01899   0.00398   0.01535   0.00631   0.01175   0.00979   0.00389   0.00184   0.00919   0.01123   0.02540   0.01089   0.01635   0.01984   0.00008   0.00046   0.00205   0.01918   0.00926   1.19850   1.10374   0.90957   1.26383   1.03055   0.02836   0.15488   1.07736   1.71874  
  4 97586.9213   8849.377085  x:  0.00310   0.01305   0.00989   0.02185   0.02879   0.01039   0.02083   0.00228   0.00190   0.00198   0.01011   0.00690   0.00340   0.00418   0.00609   0.01028   0.00618   0.00006   0.00162   0.00318   0.00405   0.00000   0.00390   0.00166   0.00315   0.01574   0.00596   0.00474   0.01064   0.02684   0.00171   0.05726   0.00103   0.01304   0.00479   0.02529   0.01884   0.00368   0.01532   0.00596   0.01144   0.00949   0.00383   0.00171   0.00898   0.01132   0.02541   0.01079   0.01629   0.01966   0.00025   0.00018   0.00197   0.01911   0.00905   1.19854   1.10373   0.90957   1.26383   1.03056   0.02836   0.15477   1.07737   1.71874  
  5 33750.7337   8832.979899  x:  0.00308   0.01230   0.00780   0.02121   0.02843   0.01070   0.02088   0.00031   0.00189   0.00199   0.00880   0.00437   0.00101   0.00384   0.00428   0.00926   0.00531   0.00011   0.00023   0.00247   0.00463   0.00000   0.00385   0.00138   0.00243   0.01572   0.00440   0.00385   0.00959   0.02645   0.00101   0.05722   0.00060   0.01222   0.00450   0.02506   0.01805   0.00219   0.01519   0.00409   0.00980   0.00786   0.00358   0.00136   0.00791   0.01177   0.02542   0.01030   0.01594   0.01869   0.00058   0.00144   0.00170   0.01873   0.00795   1.19873   1.10370   0.90958   1.26382   1.03062   0.02832   0.15418   1.07743   1.71873  
  6 24609.5441   8829.048081  x:  0.00308   0.01212   0.00725   0.02105   0.02834   0.01077   0.02089   0.00005   0.00188   0.00197   0.00847   0.00370   0.00038   0.00377   0.00382   0.00901   0.00511   0.00011   0.00054   0.00234   0.00471   0.00000   0.00384   0.00137   0.00232   0.01571   0.00400   0.00364   0.00933   0.02636   0.00091   0.05721   0.00067   0.01201   0.00444   0.02500   0.01785   0.00186   0.01515   0.00362   0.00938   0.00744   0.00353   0.00134   0.00764   0.01188   0.02542   0.01017   0.01585   0.01844   0.00062   0.00156   0.00168   0.01864   0.00767   1.19878   1.10370   0.90959   1.26381   1.03063   0.02831   0.15403   1.07745   1.71873  
  7 20173.0556   8825.952442  x:  0.00308   0.01201   0.00693   0.02095   0.02829   0.01081   0.02090   0.00009   0.00187   0.00196   0.00827   0.00330   0.00000   0.00372   0.00355   0.00886   0.00499   0.00012   0.00065   0.00226   0.00475   0.00000   0.00383   0.00137   0.00226   0.01571   0.00376   0.00352   0.00918   0.02630   0.00086   0.05720   0.00070   0.01188   0.00440   0.02496   0.01773   0.00166   0.01513   0.00334   0.00913   0.00720   0.00350   0.00133   0.00748   0.01194   0.02542   0.01010   0.01579   0.01829   0.00064   0.00164   0.00166   0.01858   0.00751   1.19881   1.10369   0.90959   1.26381   1.03064   0.02830   0.15394   1.07746   1.71873  
  8 81360.9384   8811.555050  x:  0.00305   0.01123   0.00441   0.02022   0.02785   0.01104   0.02095   0.00005   0.00163   0.00168   0.00683   0.00000   0.00000   0.00359   0.00162   0.00787   0.00435   0.00011   0.00033   0.00233   0.00430   0.00000   0.00379   0.00206   0.00275   0.01566   0.00191   0.00279   0.00807   0.02596   0.00163   0.05706   0.00195   0.01100   0.00419   0.02467   0.01680   0.00115   0.01500   0.00141   0.00728   0.00545   0.00346   0.00207   0.00636   0.01233   0.02541   0.00957   0.01538   0.01714   0.00058   0.00136   0.00202   0.01817   0.00638   1.19905   1.10366   0.90960   1.26379   1.03072   0.02825   0.15323   1.07751   1.71872  
  9 15754.3621   8805.730425  x:  0.00302   0.01058   0.00197   0.01953   0.02741   0.01116   0.02099   0.00007   0.00149   0.00150   0.00562   0.00000   0.00000   0.00369   0.00083   0.00715   0.00421   0.00010   0.00050   0.00291   0.00325   0.00000   0.00378   0.00211   0.00343   0.01557   0.00000   0.00255   0.00714   0.02577   0.00210   0.05690   0.00059   0.01024   0.00412   0.02435   0.01588   0.00259   0.01493   0.00088   0.00565   0.00413   0.00358   0.00215   0.00551   0.01260   0.02538   0.00914   0.01497   0.01599   0.00056   0.00136   0.00232   0.01776   0.00553   1.19932   1.10362   0.90962   1.26378   1.03080   0.02819   0.15247   1.07757   1.71871  
 10 4721.7856   8804.048096  x:  0.00302   0.01026   0.00092   0.01913   0.02714   0.01120   0.02100   0.00007   0.00152   0.00154   0.00506   0.00000   0.00000   0.00374   0.00140   0.00683   0.00423   0.00010   0.00047   0.00302   0.00268   0.00000   0.00377   0.00187   0.00349   0.01552   0.00000   0.00256   0.00668   0.02572   0.00194   0.05685   0.00086   0.00985   0.00412   0.02415   0.01535   0.00291   0.01489   0.00142   0.00487   0.00364   0.00362   0.00190   0.00514   0.01273   0.02535   0.00892   0.01474   0.01533   0.00055   0.00132   0.00229   0.01754   0.00517   1.19949   1.10360   0.90963   1.26376   1.03086   0.02815   0.15200   1.07760   1.71870  
 11 2967.1852   8802.698484  x:  0.00302   0.00982   0.00190   0.01837   0.02659   0.01122   0.02101   0.00007   0.00158   0.00162   0.00437   0.00000   0.00000   0.00386   0.00159   0.00648   0.00451   0.00009   0.00044   0.00308   0.00154   0.00000   0.00377   0.00182   0.00349   0.01540   0.00000   0.00288   0.00593   0.02574   0.00173   0.05677   0.00082   0.00924   0.00420   0.02375   0.01434   0.00290   0.01482   0.00168   0.00390   0.00345   0.00370   0.00182   0.00475   0.01290   0.02529   0.00859   0.01430   0.01408   0.00050   0.00122   0.00224   0.01711   0.00482   1.19986   1.10355   0.90966   1.26374   1.03098   0.02806   0.15099   1.07765   1.71869  
 12 1394.4285   8801.005068  x:  0.00300   0.00927   0.00154   0.01669   0.02525   0.01107   0.02100   0.00007   0.00156   0.00160   0.00450   0.00000   0.00000   0.00405   0.00151   0.00646   0.00543   0.00009   0.00046   0.00303   0.00166   0.00000   0.00378   0.00200   0.00329   0.01510   0.00000   0.00403   0.00473   0.02613   0.00184   0.05676   0.00073   0.00843   0.00465   0.02270   0.01204   0.00273   0.01469   0.00163   0.00426   0.00502   0.00378   0.00207   0.00494   0.01310   0.02512   0.00819   0.01333   0.01136   0.00052   0.00124   0.00211   0.01620   0.00526   1.20091   1.10340   0.90972   1.26366   1.03132   0.02781   0.14818   1.07779   1.71865  
 13 964.1628   8800.505131  x:  0.00302   0.00936   0.00174   0.01616   0.02470   0.01098   0.02098   0.00007   0.00155   0.00156   0.00483   0.00000   0.00000   0.00396   0.00138   0.00657   0.00532   0.00010   0.00046   0.00311   0.00194   0.00000   0.00377   0.00165   0.00350   0.01500   0.00000   0.00413   0.00458   0.02636   0.00186   0.05676   0.00101   0.00853   0.00486   0.02221   0.01130   0.00311   0.01468   0.00149   0.00455   0.00463   0.00372   0.00162   0.00510   0.01314   0.02505   0.00829   0.01305   0.01072   0.00054   0.00130   0.00234   0.01594   0.00539   1.20154   1.10332   0.90976   1.26362   1.03153   0.02765   0.14653   1.07786   1.71862  
 14 762.0249   8799.682343  x:  0.00303   0.00971   0.00187   0.01538   0.02375   0.01081   0.02094   0.00007   0.00155   0.00157   0.00539   0.00000   0.00000   0.00371   0.00181   0.00680   0.00477   0.00010   0.00048   0.00304   0.00211   0.00000   0.00376   0.00200   0.00369   0.01486   0.00000   0.00397   0.00460   0.02685   0.00187   0.05678   0.00077   0.00900   0.00523   0.02128   0.01024   0.00298   0.01470   0.00164   0.00500   0.00355   0.00359   0.00198   0.00538   0.01318   0.02492   0.00865   0.01265   0.01013   0.00055   0.00131   0.00250   0.01558   0.00553   1.20288   1.10313   0.90985   1.26352   1.03198   0.02732   0.14299   1.07801   1.71857  
 15 1333.4999   8798.295861  x:  0.00301   0.01035   0.00159   0.01477   0.02248   0.01058   0.02085   0.00007   0.00158   0.00166   0.00561   0.00000   0.00000   0.00384   0.00118   0.00724   0.00431   0.00009   0.00045   0.00308   0.00107   0.00000   0.00378   0.00184   0.00342   0.01474   0.00000   0.00348   0.00511   0.02773   0.00169   0.05672   0.00085   0.00984   0.00573   0.01983   0.00949   0.00293   0.01473   0.00184   0.00511   0.00362   0.00372   0.00202   0.00567   0.01316   0.02471   0.00932   0.01235   0.01044   0.00052   0.00124   0.00188   0.01532   0.00557   1.20554   1.10277   0.91002   1.26332   1.03287   0.02665   0.13596   1.07831   1.71846  
 16 1274.0393   8794.587471  x:  0.00295   0.01155   0.00178   0.01389   0.01938   0.01019   0.02063   0.00008   0.00149   0.00146   0.00447   0.00000   0.00000   0.00461   0.00195   0.00781   0.00422   0.00010   0.00051   0.00359   0.00180   0.00000   0.00383   0.00198   0.00324   0.01452   0.00000   0.00203   0.00625   0.03014   0.00231   0.05671   0.00085   0.01132   0.00673   0.01591   0.00868   0.00317   0.01478   0.00137   0.00360   0.00511   0.00427   0.00185   0.00551   0.01311   0.02414   0.01068   0.01193   0.01216   0.00060   0.00143   0.00208   0.01501   0.00496   1.21416   1.10160   0.91059   1.26270   1.03576   0.02448   0.11324   1.07925   1.71812  
 17 3529.0508   8786.919319  x:  0.00320   0.01164   0.00175   0.01465   0.01646   0.01044   0.02041   0.00008   0.00188   0.00204   0.00350   0.00000   0.00000   0.00410   0.00069   0.00729   0.00614   0.00011   0.00053   0.00284   0.00205   0.00000   0.00377   0.00203   0.00474   0.01460   0.00000   0.00327   0.00660   0.03390   0.00135   0.05685   0.00091   0.01128   0.00728   0.01103   0.01024   0.00327   0.01498   0.00303   0.00439   0.00536   0.00351   0.00257   0.00421   0.01291   0.02330   0.01116   0.01226   0.01450   0.00068   0.00158   0.00433   0.01539   0.00495   1.23266   1.09907   0.91179   1.26135   1.04198   0.01981   0.06436   1.08127   1.71738  
 18 4679.5668   8777.617911  x:  0.00322   0.01118   0.00165   0.01591   0.01499   0.01097   0.02028   0.00009   0.00135   0.00150   0.00446   0.00000   0.00000   0.00355   0.00216   0.00652   0.00734   0.00010   0.00059   0.00271   0.00050   0.00000   0.00377   0.00178   0.00528   0.01484   0.00000   0.00425   0.00613   0.03732   0.00185   0.05658   0.00082   0.01056   0.00734   0.00816   0.01209   0.00333   0.01513   0.00138   0.00571   0.00524   0.00316   0.00218   0.00393   0.01268   0.02266   0.01101   0.01285   0.01606   0.00073   0.00168   0.00429   0.01592   0.00549   1.25339   1.09623   0.91313   1.25985   1.04897   0.01457   0.00958   1.08355   1.71655  
 19 16520.2590   8774.987533  x:  0.00318   0.01110   0.00175   0.01609   0.01494   0.01103   0.02027   0.00009   0.00135   0.00147   0.00463   0.00000   0.00000   0.00363   0.00211   0.00646   0.00739   0.00011   0.00061   0.00293   0.00065   0.00000   0.00379   0.00190   0.00528   0.01488   0.00000   0.00432   0.00599   0.03783   0.00196   0.05657   0.00089   0.01044   0.00733   0.00814   0.01230   0.00351   0.01515   0.00153   0.00569   0.00513   0.00331   0.00225   0.00408   0.01263   0.02259   0.01096   0.01294   0.01618   0.00076   0.00175   0.00389   0.01598   0.00555   1.25702   1.09573   0.91337   1.25958   1.05019   0.01365   0.00000   1.08394   1.71641  
 20 22202.2932   8771.661726  x:  0.00313   0.01149   0.00184   0.01640   0.01587   0.01070   0.02021   0.00010   0.00253   0.00228   0.00472   0.00000   0.00000   0.00452   0.00194   0.00768   0.00708   0.00012   0.00069   0.00283   0.00031   0.00000   0.00382   0.00245   0.00550   0.01491   0.00000   0.00338   0.00546   0.04050   0.00233   0.05660   0.00097   0.01096   0.00729   0.01158   0.01236   0.00403   0.01521   0.00214   0.00536   0.00579   0.00356   0.00223   0.00568   0.01205   0.02249   0.01102   0.01315   0.01606   0.00087   0.00201   0.00521   0.01616   0.00599   1.28006   1.09256   0.91485   1.25791   1.05789   0.00792   0.00000   1.08651   1.71548  
 21 3553.3047   8770.000710  x:  0.00323   0.01198   0.00199   0.01632   0.01695   0.01023   0.02025   0.00010   0.00123   0.00172   0.00440   0.00000   0.00000   0.00455   0.00192   0.00852   0.00684   0.00012   0.00070   0.00282   0.00038   0.00000   0.00382   0.00167   0.00597   0.01485   0.00000   0.00322   0.00566   0.04127   0.00197   0.05655   0.00102   0.01162   0.00725   0.01326   0.01200   0.00425   0.01521   0.00250   0.00521   0.00630   0.00334   0.00314   0.00546   0.01171   0.02268   0.01121   0.01317   0.01576   0.00091   0.00207   0.00547   0.01618   0.00604   1.29026   1.09114   0.91550   1.25718   1.06127   0.00542   0.00000   1.08765   1.71506  
 22 3684.2897   8769.254246  x:  0.00327   0.01249   0.00201   0.01611   0.01817   0.00974   0.02037   0.00010   0.00160   0.00126   0.00420   0.00000   0.00000   0.00409   0.00196   0.00896   0.00673   0.00012   0.00070   0.00303   0.00040   0.00000   0.00381   0.00221   0.00639   0.01475   0.00000   0.00359   0.00629   0.04103   0.00163   0.05657   0.00108   0.01229   0.00716   0.01375   0.01154   0.00442   0.01519   0.00247   0.00531   0.00669   0.00327   0.00289   0.00436   0.01153   0.02309   0.01146   0.01314   0.01544   0.00092   0.00209   0.00517   0.01617   0.00589   1.29556   1.09040   0.91583   1.25680   1.06298   0.00417   0.00000   1.08826   1.71484  
 23 1507.1318   8768.954568  x:  0.00325   0.01273   0.00201   0.01598   0.01890   0.00952   0.02046   0.00010   0.00150   0.00197   0.00417   0.00000   0.00000   0.00392   0.00200   0.00903   0.00674   0.00012   0.00072   0.00305   0.00044   0.00000   0.00381   0.00223   0.00662   0.01468   0.00000   0.00383   0.00672   0.04053   0.00190   0.05656   0.00107   0.01261   0.00708   0.01373   0.01130   0.00438   0.01520   0.00246   0.00532   0.00682   0.00337   0.00279   0.00395   0.01150   0.02339   0.01158   0.01312   0.01526   0.00094   0.00214   0.00500   0.01617   0.00577   1.29808   1.09003   0.91599   1.25662   1.06377   0.00360   0.00000   1.08856   1.71473  
 24 1316.9604   8768.367987  x:  0.00313   0.01309   0.00197   0.01567   0.02041   0.00931   0.02076   0.00010   0.00173   0.00165   0.00426   0.00000   0.00000   0.00420   0.00186   0.00870   0.00699   0.00013   0.00075   0.00283   0.00045   0.00000   0.00382   0.00193   0.00694   0.01452   0.00000   0.00419   0.00775   0.03825   0.00243   0.05650   0.00093   0.01310   0.00688   0.01294   0.01091   0.00392   0.01526   0.00281   0.00506   0.00687   0.00368   0.00269   0.00464   0.01166   0.02428   0.01179   0.01306   0.01493   0.00096   0.00218   0.00521   0.01623   0.00549   1.30323   1.08927   0.91629   1.25625   1.06531   0.00255   0.00000   1.08920   1.71450  
 25 777.1013   8767.935965  x:  0.00320   0.01323   0.00198   0.01544   0.02098   0.00938   0.02095   0.00010   0.00133   0.00184   0.00432   0.00000   0.00000   0.00453   0.00183   0.00846   0.00717   0.00013   0.00072   0.00309   0.00041   0.00000   0.00383   0.00240   0.00675   0.01443   0.00000   0.00405   0.00839   0.03596   0.00185   0.05655   0.00102   0.01329   0.00689   0.01245   0.01077   0.00414   0.01530   0.00277   0.00499   0.00698   0.00348   0.00261   0.00516   0.01183   0.02487   0.01191   0.01298   0.01477   0.00095   0.00215   0.00553   0.01625   0.00563   1.30729   1.08865   0.91652   1.25597   1.06648   0.00177   0.00000   1.08972   1.71431  
 26 1008.5888   8767.489188  x:  0.00329   0.01326   0.00209   0.01521   0.02080   0.00958   0.02108   0.00010   0.00187   0.00199   0.00432   0.00000   0.00000   0.00460   0.00195   0.00840   0.00722   0.00013   0.00072   0.00323   0.00044   0.00000   0.00383   0.00205   0.00636   0.01437   0.00000   0.00371   0.00899   0.03305   0.00168   0.05659   0.00117   0.01334   0.00711   0.01232   0.01075   0.00460   0.01533   0.00263   0.00513   0.00710   0.00327   0.00330   0.00504   0.01193   0.02529   0.01199   0.01285   0.01471   0.00097   0.00219   0.00563   0.01620   0.00601   1.31205   1.08791   0.91679   1.25563   1.06780   0.00091   0.00000   1.09036   1.71408  
 27 1095.5287   8766.874763  x:  0.00322   0.01318   0.00220   0.01501   0.01966   0.00980   0.02109   0.00011   0.00157   0.00174   0.00426   0.00000   0.00000   0.00431   0.00180   0.00866   0.00711   0.00013   0.00074   0.00282   0.00042   0.00000   0.00382   0.00225   0.00582   0.01437   0.00000   0.00346   0.00974   0.02918   0.00228   0.05650   0.00115   0.01324   0.00752   0.01274   0.01084   0.00474   0.01535   0.00313   0.00544   0.00721   0.00358   0.00306   0.00452   0.01193   0.02547   0.01204   0.01268   0.01476   0.00097   0.00221   0.00584   0.01607   0.00634   1.31875   1.08685   0.91716   1.25517   1.06962  -0.00024   0.00000   1.09128   1.71376  
 28 1314.7021   8766.299467  x:  0.00310   0.01305   0.00207   0.01512   0.01810   0.00958   0.02084   0.00010   0.00161   0.00180   0.00434   0.00000   0.00000   0.00426   0.00181   0.00922   0.00684   0.00013   0.00073   0.00350   0.00047   0.00000   0.00382   0.00214   0.00641   0.01446   0.00000   0.00444   0.01071   0.02636   0.00209   0.05652   0.00103   0.01309   0.00774   0.01354   0.01084   0.00406   0.01524   0.00302   0.00519   0.00726   0.00344   0.00284   0.00485   0.01163   0.02500   0.01200   0.01263   0.01492   0.00096   0.00218   0.00583   0.01589   0.00579   1.32577   1.08572   0.91754   1.25468   1.07145  -0.00135   0.00000   1.09227   1.71341  
 29 811.6443   8765.891132  x:  0.00336   0.01297   0.00204   0.01532   0.01772   0.00941   0.02056   0.00010   0.00163   0.00185   0.00429   0.00000   0.00000   0.00460   0.00187   0.00934   0.00664   0.00013   0.00071   0.00255   0.00055   0.00000   0.00382   0.00230   0.00664   0.01454   0.00000   0.00489   0.01131   0.02563   0.00182   0.05655   0.00112   0.01297   0.00761   0.01377   0.01060   0.00437   0.01515   0.00271   0.00494   0.00718   0.00360   0.00289   0.00507   0.01150   0.02437   0.01189   0.01268   0.01487   0.00095   0.00215   0.00559   0.01579   0.00563   1.33100   1.08485   0.91781   1.25432   1.07275  -0.00210   0.00000   1.09303   1.71313  
 30 660.7902   8763.031460  x:  0.00324   0.01237   0.00189   0.01617   0.01853   0.00935   0.01873   0.00010   0.00169   0.00183   0.00334   0.00000   0.00000   0.00517   0.00147   0.00858   0.00558   0.00012   0.00067   0.00297   0.00065   0.00000   0.00370   0.00231   0.00463   0.01488   0.00000   0.00421   0.01400   0.02516   0.00213   0.05651   0.00104   0.01209   0.00605   0.01396   0.00857   0.00373   0.01465   0.00284   0.00501   0.00669   0.00295   0.00262   0.00492   0.01167   0.01977   0.01088   0.01307   0.01370   0.00087   0.00199   0.00659   0.01537   0.00647   1.36962   1.07836   0.91979   1.25167   1.08218  -0.00739   0.00000   1.09878   1.71110  
 31 1202.8134   8760.769062  x:  0.00295   0.01191   0.00168   0.01568   0.01917   0.00962   0.01824   0.00008   0.00173   0.00191   0.00476   0.00000   0.00000   0.00433   0.00115   0.00818   0.00584   0.00011   0.00058   0.00310   0.00070   0.00000   0.00386   0.00220   0.00420   0.01478   0.00000   0.00234   0.01464   0.02560   0.00117   0.05663   0.00097   0.01151   0.00625   0.01431   0.00856   0.00303   0.01442   0.00279   0.00434   0.00676   0.00448   0.00270   0.00452   0.01212   0.01816   0.01058   0.01285   0.01266   0.00078   0.00175   0.00759   0.01502   0.00575   1.40178   1.07292   0.92143   1.24946   1.08999  -0.01173   0.00000   1.10361   1.70940  
 32 4159.8512   8757.636252  x:  0.00334   0.01161   0.00153   0.01410   0.01956   0.01010   0.01879   0.00008   0.00185   0.00198   0.00413   0.00000   0.00000   0.00367   0.00086   0.00800   0.00597   0.00011   0.00054   0.00265   0.00090   0.00000   0.00381   0.00239   0.00392   0.01439   0.00000   0.00083   0.01379   0.02688   0.00138   0.05661   0.00087   0.01130   0.00742   0.01505   0.00968   0.00234   0.01443   0.00281   0.00425   0.00659   0.00301   0.00217   0.00514   0.01286   0.01909   0.01095   0.01215   0.01178   0.00070   0.00157   0.00727   0.01469   0.00463   1.44204   1.06609   0.92347   1.24670   1.09971  -0.01709   0.00000   1.10972   1.70726  
 33 5375.5056   8755.549481  x:  0.00295   0.01176   0.00129   0.01272   0.01972   0.01075   0.01954   0.00007   0.00189   0.00201   0.00334   0.00000   0.00000   0.00385   0.00069   0.00783   0.00518   0.00010   0.00048   0.00263   0.00102   0.00000   0.00375   0.00242   0.00250   0.01406   0.00000   0.00187   0.01234   0.02807   0.00120   0.05663   0.00087   0.01172   0.00818   0.01577   0.01038   0.00189   0.01456   0.00238   0.00396   0.00601   0.00341   0.00206   0.00521   0.01367   0.02077   0.01161   0.01155   0.01190   0.00062   0.00140   0.00794   0.01461   0.00477   1.47294   1.06083   0.92503   1.24458   1.10714  -0.02115   0.00000   1.11446   1.70561  
 34 8495.1660   8754.695439  x:  0.00271   0.01184   0.00124   0.01273   0.01951   0.01091   0.01993   0.00006   0.00192   0.00204   0.00316   0.00000   0.00000   0.00459   0.00067   0.00760   0.00450   0.00010   0.00046   0.00263   0.00108   0.00000   0.00371   0.00239   0.00319   0.01409   0.00000   0.00160   0.01079   0.02832   0.00093   0.05667   0.00076   0.01193   0.00761   0.01591   0.00981   0.00134   0.01465   0.00241   0.00412   0.00612   0.00367   0.00181   0.00485   0.01403   0.02195   0.01174   0.01148   0.01246   0.00059   0.00132   0.00793   0.01471   0.00542   1.48548   1.05866   0.92566   1.24371   1.11011  -0.02274   0.00000   1.11646   1.70493  
 35 3137.5725   8754.098949  x:  0.00287   0.01204   0.00124   0.01326   0.01920   0.01064   0.02018   0.00006   0.00194   0.00203   0.00374   0.00000   0.00000   0.00438   0.00056   0.00762   0.00423   0.00010   0.00045   0.00254   0.00110   0.00000   0.00374   0.00241   0.00280   0.01424   0.00000   0.00164   0.00913   0.02838   0.00101   0.05666   0.00076   0.01229   0.00647   0.01589   0.00878   0.00136   0.01468   0.00255   0.00388   0.00637   0.00333   0.00184   0.00472   0.01419   0.02306   0.01172   0.01162   0.01322   0.00057   0.00129   0.00818   0.01486   0.00493   1.49434   1.05710   0.92610   1.24311   1.11214  -0.02378   0.00000   1.11798   1.70445  
 36 1935.4931   8753.981168  x:  0.00276   0.01215   0.00124   0.01344   0.01915   0.01049   0.02015   0.00006   0.00195   0.00206   0.00341   0.00000   0.00000   0.00406   0.00058   0.00773   0.00438   0.00010   0.00044   0.00256   0.00110   0.00000   0.00374   0.00241   0.00274   0.01429   0.00000   0.00156   0.00867   0.02833   0.00093   0.05667   0.00078   0.01246   0.00621   0.01585   0.00856   0.00141   0.01466   0.00249   0.00409   0.00632   0.00356   0.00188   0.00495   0.01417   0.02321   0.01164   0.01171   0.01334   0.00057   0.00128   0.00815   0.01487   0.00477   1.49620   1.05675   0.92619   1.24298   1.11253  -0.02394   0.00000   1.11836   1.70434  
 37 652.1832   8753.874163  x:  0.00297   0.01242   0.00120   0.01355   0.01924   0.01029   0.01989   0.00006   0.00195   0.00206   0.00336   0.00000   0.00000   0.00397   0.00055   0.00795   0.00467   0.00010   0.00044   0.00258   0.00110   0.00000   0.00375   0.00241   0.00273   0.01431   0.00000   0.00157   0.00808   0.02819   0.00097   0.05668   0.00077   0.01289   0.00633   0.01569   0.00867   0.00129   0.01453   0.00245   0.00384   0.00618   0.00358   0.00183   0.00498   0.01401   0.02307   0.01140   0.01184   0.01332   0.00057   0.00128   0.00809   0.01479   0.00509   1.49833   1.05628   0.92626   1.24284   1.11283  -0.02393   0.00000   1.11903   1.70420  
 38 208.2714   8753.678676  x:  0.00245   0.01274   0.00121   0.01356   0.01945   0.01012   0.01942   0.00006   0.00196   0.00206   0.00342   0.00000   0.00000   0.00417   0.00055   0.00796   0.00450   0.00010   0.00044   0.00248   0.00111   0.00000   0.00372   0.00244   0.00274   0.01432   0.00000   0.00161   0.00724   0.02796   0.00098   0.05668   0.00079   0.01346   0.00662   0.01543   0.00901   0.00133   0.01433   0.00247   0.00386   0.00625   0.00340   0.00185   0.00491   0.01380   0.02273   0.01097   0.01200   0.01323   0.00057   0.00128   0.00807   0.01465   0.00485   1.50240   1.05533   0.92640   1.24256   1.11332  -0.02379   0.00000   1.12046   1.70391  
 39 495.1452   8753.421662  x:  0.00305   0.01286   0.00124   0.01342   0.01963   0.01020   0.01904   0.00006   0.00196   0.00206   0.00335   0.00000   0.00000   0.00432   0.00058   0.00771   0.00403   0.00010   0.00045   0.00261   0.00109   0.00000   0.00372   0.00242   0.00276   0.01430   0.00000   0.00169   0.00662   0.02779   0.00101   0.05669   0.00078   0.01387   0.00680   0.01525   0.00926   0.00130   0.01420   0.00252   0.00419   0.00643   0.00358   0.00186   0.00488   0.01367   0.02243   0.01065   0.01206   0.01322   0.00058   0.00130   0.00811   0.01457   0.00440   1.50823   1.05394   0.92660   1.24217   1.11396  -0.02351   0.00000   1.12260   1.70348  
 40 915.2355   8749.466166  x:  0.00288   0.01176   0.00128   0.01149   0.01985   0.01236   0.01772   0.00007   0.00188   0.00204   0.00339   0.00000   0.00000   0.00223   0.00069   0.00559   0.00406   0.00011   0.00051   0.00231   0.00100   0.00000   0.00395   0.00247   0.00399   0.01395   0.00000   0.00231   0.00592   0.02780   0.00122   0.05661   0.00096   0.01523   0.00585   0.01564   0.00890   0.00131   0.01432   0.00228   0.00347   0.00696   0.00313   0.00211   0.00554   0.01322   0.02168   0.01050   0.01139   0.01481   0.00071   0.00158   0.00738   0.01496   0.00477   1.59328   1.03333   0.92932   1.23649   1.12281  -0.01877   0.00000   1.15464   1.69725  
 41 1482.5637   8742.763858  x:  0.00280   0.00980   0.00118   0.01044   0.01978   0.01369   0.01725   0.00008   0.00171   0.00182   0.00379   0.00000   0.00000   0.00424   0.00082   0.00592   0.00742   0.00012   0.00059   0.00243   0.00082   0.00000   0.00371   0.00242   0.00424   0.01354   0.00000   0.00249   0.00578   0.02826   0.00165   0.05654   0.00124   0.01579   0.00440   0.01595   0.00842   0.00054   0.01475   0.00135   0.00445   0.00512   0.00298   0.00254   0.00439   0.01244   0.02197   0.01073   0.01061   0.01586   0.00093   0.00203   0.00643   0.01550   0.00302   1.74845   0.99568   0.93427   1.22611   1.13893  -0.01003   0.00000   1.21321   1.68587  
 42 18792.8881   8731.514119  x:  0.00264   0.00851   0.00113   0.01557   0.01933   0.00971   0.02056   0.00010   0.00157   0.00173   0.00341   0.00000   0.00000   0.00321   0.00089   0.00785   0.00461   0.00015   0.00071   0.00259   0.00043   0.00000   0.00316   0.00235   0.00476   0.01394   0.00000   0.00256   0.00663   0.02950   0.00204   0.05646   0.00171   0.01104   0.00538   0.01316   0.00998   0.00008   0.01497   0.00056   0.00350   0.00487   0.00338   0.00351   0.00429   0.01269   0.02522   0.01032   0.01145   0.01260   0.00126   0.00273   0.00607   0.01528   0.00330   1.99516   0.93573   0.94214   1.20960   1.16452   0.00397   0.00000   1.30651   1.66773  
 43 18276.3840   8730.938322  x:  0.00264   0.00989   0.00112   0.01493   0.01905   0.00913   0.02087   0.00010   0.00155   0.00172   0.00341   0.00000   0.00000   0.00328   0.00090   0.00766   0.00469   0.00015   0.00072   0.00260   0.00041   0.00000   0.00429   0.00234   0.00481   0.01446   0.00000   0.00257   0.00680   0.02960   0.00209   0.05646   0.00173   0.01015   0.00478   0.01325   0.01043   0.00009   0.01435   0.00052   0.00361   0.00478   0.00335   0.00356   0.00423   0.01349   0.02532   0.00997   0.01191   0.01257   0.00128   0.00277   0.00601   0.01506   0.00334   2.00919   0.93228   0.94258   1.20865   1.16596   0.00482   0.00000   1.31190   1.66668  
 44 2356.0664   8730.695947  x:  0.00267   0.01048   0.00113   0.01447   0.01893   0.00892   0.02104   0.00010   0.00155   0.00171   0.00347   0.00000   0.00000   0.00325   0.00091   0.00762   0.00476   0.00015   0.00072   0.00261   0.00040   0.00000   0.00344   0.00234   0.00485   0.01483   0.00000   0.00257   0.00689   0.02965   0.00210   0.05644   0.00174   0.00981   0.00445   0.01332   0.01063   0.00012   0.01386   0.00052   0.00362   0.00478   0.00337   0.00359   0.00424   0.01406   0.02534   0.00973   0.01223   0.01264   0.00129   0.00278   0.00597   0.01492   0.00336   2.01468   0.93089   0.94275   1.20827   1.16652   0.00519   0.00000   1.31407   1.66625  
 45 1229.8082   8730.040650  x:  0.00271   0.00961   0.00115   0.01468   0.01914   0.00959   0.02189   0.00010   0.00155   0.00171   0.00350   0.00000   0.00000   0.00321   0.00097   0.00821   0.00489   0.00015   0.00072   0.00258   0.00039   0.00000   0.00373   0.00232   0.00501   0.01608   0.00000   0.00271   0.00698   0.02981   0.00211   0.05642   0.00171   0.01034   0.00556   0.01326   0.00991   0.00018   0.01240   0.00055   0.00370   0.00478   0.00327   0.00354   0.00425   0.01556   0.02531   0.00931   0.01342   0.01306   0.00128   0.00276   0.00590   0.01476   0.00328   2.03165   0.92624   0.94321   1.20705   1.16815   0.00674   0.00000   1.32142   1.66478  
 46 380.9957   8723.239173  x:  0.00304   0.01074   0.00117   0.01802   0.01817   0.00723   0.02454   0.00010   0.00153   0.00171   0.00395   0.00000   0.00000   0.00368   0.00143   0.00485   0.00661   0.00013   0.00066   0.00253   0.00035   0.00000   0.00424   0.00201   0.00472   0.01630   0.00000   0.00298   0.00583   0.03102   0.00196   0.05646   0.00133   0.01192   0.00710   0.01368   0.01041   0.00076   0.01788   0.00048   0.00430   0.00492   0.00289   0.00293   0.00379   0.01443   0.02455   0.01150   0.01316   0.01204   0.00109   0.00231   0.00538   0.01608   0.00388   2.21992   0.87361   0.94818   1.19332   1.18617   0.02481   0.00000   1.40473   1.64803  
 47 1538.0439   8719.489759  x:  0.00315   0.01186   0.00120   0.01872   0.01895   0.01009   0.02407   0.00009   0.00157   0.00176   0.00408   0.00000   0.00000   0.00353   0.00165   0.00877   0.00576   0.00012   0.00063   0.00243   0.00033   0.00000   0.00485   0.00188   0.00485   0.01453   0.00000   0.00316   0.00509   0.03164   0.00185   0.05647   0.00112   0.00977   0.00534   0.01178   0.01155   0.00121   0.01926   0.00061   0.00414   0.00510   0.00273   0.00256   0.00384   0.01165   0.02518   0.01162   0.01192   0.01181   0.00099   0.00208   0.00518   0.01656   0.00418   2.32369   0.84448   0.95092   1.18572   1.19617   0.03481   0.00000   1.45083   1.63875  
 48 9819.9353   8718.864706  x:  0.00316   0.01099   0.00122   0.01850   0.01893   0.00898   0.02229   0.00009   0.00156   0.00175   0.00419   0.00000   0.00000   0.00358   0.00167   0.00858   0.00567   0.00012   0.00062   0.00246   0.00032   0.00000   0.00504   0.00185   0.00464   0.01332   0.00000   0.00301   0.00564   0.03203   0.00182   0.05649   0.00109   0.00917   0.00543   0.01169   0.01159   0.00131   0.01779   0.00065   0.00431   0.00493   0.00281   0.00254   0.00384   0.01050   0.02684   0.01099   0.01171   0.01248   0.00097   0.00203   0.00526   0.01618   0.00453   2.33943   0.83992   0.95133   1.18452   1.19782   0.03632   0.00000   1.45803   1.63727  
 49 1410.1358   8718.796439  x:  0.00316   0.01124   0.00122   0.01894   0.01872   0.00935   0.02140   0.00009   0.00155   0.00174   0.00419   0.00000   0.00000   0.00360   0.00167   0.00841   0.00574   0.00012   0.00062   0.00247   0.00032   0.00000   0.00501   0.00184   0.00464   0.01339   0.00000   0.00300   0.00590   0.03217   0.00182   0.05649   0.00109   0.00928   0.00547   0.01178   0.01160   0.00131   0.01769   0.00064   0.00429   0.00495   0.00282   0.00254   0.00381   0.01071   0.02746   0.01098   0.01169   0.01211   0.00096   0.00204   0.00525   0.01615   0.00449   2.34106   0.83929   0.95138   1.18434   1.19815   0.03645   0.00000   1.45899   1.63705  
 50 178.4085   8718.784607  x:  0.00316   0.01111   0.00122   0.01885   0.01877   0.00922   0.02111   0.00009   0.00155   0.00174   0.00419   0.00000   0.00000   0.00359   0.00167   0.00852   0.00571   0.00012   0.00062   0.00247   0.00032   0.00000   0.00503   0.00184   0.00465   0.01363   0.00000   0.00301   0.00586   0.03215   0.00182   0.05649   0.00109   0.00922   0.00546   0.01174   0.01164   0.00132   0.01784   0.00065   0.00428   0.00495   0.00282   0.00254   0.00381   0.01087   0.02750   0.01109   0.01164   0.01212   0.00097   0.00204   0.00526   0.01622   0.00451   2.34113   0.83894   0.95139   1.18423   1.19850   0.03641   0.00000   1.45947   1.63689  
 51 32.8663   8718.524371  x:  0.00315   0.01142   0.00120   0.01838   0.01889   0.00943   0.02073   0.00009   0.00156   0.00175   0.00418   0.00000   0.00000   0.00358   0.00167   0.00842   0.00575   0.00012   0.00062   0.00246   0.00032   0.00000   0.00493   0.00183   0.00461   0.01409   0.00000   0.00299   0.00585   0.03216   0.00179   0.05649   0.00108   0.00860   0.00611   0.01174   0.01112   0.00128   0.01844   0.00063   0.00428   0.00494   0.00282   0.00253   0.00380   0.01000   0.02776   0.01138   0.01312   0.01226   0.00096   0.00203   0.00531   0.01644   0.00445   2.33941   0.82750   0.95162   1.18041   1.21073   0.03456   0.00000   1.47505   1.63164  
 52 57.7865   8713.473183  x:  0.00325   0.01070   0.00123   0.01704   0.01808   0.00903   0.02092   0.00009   0.00158   0.00182   0.00425   0.00000   0.00000   0.00347   0.00173   0.00934   0.00550   0.00012   0.00062   0.00230   0.00025   0.00000   0.00497   0.00168   0.00447   0.01252   0.00000   0.00290   0.00758   0.03268   0.00158   0.05635   0.00098   0.01072   0.00534   0.01166   0.01166   0.00122   0.02136   0.00075   0.00433   0.00538   0.00268   0.00246   0.00366   0.01154   0.02839   0.00806   0.01556   0.01233   0.00098   0.00192   0.00585   0.01637   0.00462   2.30713   0.62146   0.95567   1.11158   1.43102   0.00115   0.00000   1.75583   1.53698  
 53 2307.2501   8711.191256  x:  0.00328   0.01162   0.00122   0.01810   0.01876   0.00915   0.02114   0.00009   0.00158   0.00185   0.00427   0.00000   0.00000   0.00345   0.00175   0.00868   0.00585   0.00012   0.00063   0.00220   0.00023   0.00000   0.00476   0.00161   0.00442   0.01398   0.00000   0.00298   0.00706   0.03248   0.00151   0.05630   0.00092   0.01012   0.00586   0.01179   0.01151   0.00113   0.01864   0.00084   0.00451   0.00551   0.00255   0.00239   0.00366   0.01076   0.02758   0.01091   0.01301   0.01291   0.00099   0.00187   0.00608   0.01577   0.00454   2.29178   0.52376   0.95759   1.07885   1.53544  -0.01451   0.00000   1.88917   1.49202  
 54 12705.8477   8711.162215  x:  0.00328   0.01162   0.00122   0.01807   0.01870   0.00909   0.02110   0.00009   0.00159   0.00185   0.00426   0.00000   0.00000   0.00345   0.00175   0.00870   0.00584   0.00012   0.00063   0.00220   0.00023   0.00000   0.00476   0.00161   0.00442   0.01370   0.00000   0.00298   0.00698   0.03245   0.00152   0.05630   0.00092   0.01013   0.00584   0.01179   0.01152   0.00113   0.01836   0.00085   0.00450   0.00552   0.00255   0.00239   0.00365   0.01088   0.02749   0.01115   0.01314   0.01274   0.00099   0.00187   0.00606   0.01645   0.00453   2.29159   0.52263   0.95760   1.07829   1.53667  -0.01447   0.00000   1.89108   1.49137  
 55 176.2818   8710.927199  x:  0.00326   0.01159   0.00123   0.01784   0.01849   0.00914   0.02150   0.00009   0.00160   0.00186   0.00425   0.00000   0.00000   0.00349   0.00173   0.00860   0.00574   0.00012   0.00063   0.00224   0.00024   0.00000   0.00478   0.00163   0.00433   0.01493   0.00000   0.00289   0.00734   0.03267   0.00151   0.05629   0.00093   0.01055   0.00567   0.01176   0.01169   0.00114   0.01817   0.00089   0.00447   0.00554   0.00264   0.00241   0.00368   0.01006   0.02785   0.01041   0.01274   0.01239   0.00100   0.00187   0.00611   0.01748   0.00462   2.29037   0.51876   0.95742   1.06961   1.54179  -0.00549   0.00000   1.91203   1.48402  
 56 48.3018   8707.875186  x:  0.00323   0.01337   0.00142   0.01855   0.01971   0.00960   0.02197   0.00010   0.00170   0.00192   0.00432   0.00000   0.00000   0.00366   0.00154   0.00867   0.00594   0.00014   0.00069   0.00253   0.00049   0.00000   0.00453   0.00195   0.00436   0.01442   0.00000   0.00283   0.00762   0.03392   0.00165   0.05606   0.00107   0.00971   0.00767   0.01314   0.01069   0.00099   0.01970   0.00133   0.00479   0.00563   0.00303   0.00254   0.00430   0.01235   0.02824   0.00974   0.01286   0.01442   0.00112   0.00202   0.00617   0.01806   0.00484   2.27357   0.46678   0.95487   0.94818   1.61139   0.12108   0.00297   2.20354   1.38168  
 57 2222.5013   8707.236874  x:  0.00322   0.01249   0.00148   0.01834   0.01951   0.00971   0.02222   0.00010   0.00173   0.00193   0.00430   0.00000   0.00000   0.00375   0.00150   0.00860   0.00578   0.00015   0.00070   0.00263   0.00053   0.00000   0.00468   0.00201   0.00432   0.01453   0.00000   0.00276   0.00760   0.03414   0.00167   0.05602   0.00110   0.01055   0.00630   0.01325   0.01173   0.00101   0.01939   0.00148   0.00475   0.00581   0.00318   0.00259   0.00437   0.01222   0.02839   0.01156   0.01458   0.01356   0.00115   0.00205   0.00624   0.01664   0.00503   2.27029   0.45682   0.95435   0.92419   1.62521   0.14591   0.00336   2.26083   1.36150  
 58 4849.3642   8707.069604  x:  0.00322   0.01250   0.00149   0.01835   0.01954   0.00973   0.02224   0.00010   0.00173   0.00193   0.00430   0.00000   0.00000   0.00376   0.00150   0.00860   0.00578   0.00015   0.00070   0.00263   0.00054   0.00000   0.00468   0.00201   0.00432   0.01454   0.00000   0.00276   0.00761   0.03417   0.00167   0.05602   0.00110   0.01057   0.00630   0.01328   0.01174   0.00101   0.01940   0.00149   0.00476   0.00582   0.00319   0.00259   0.00438   0.01225   0.02841   0.01159   0.01461   0.01358   0.00115   0.00205   0.00625   0.01663   0.00504   2.26983   0.45802   0.95392   0.91790   1.63018   0.14984   0.00000   2.27222   1.35667  
 59 94.8141   8701.571635  x:  0.00323   0.01278   0.00176   0.01868   0.02005   0.01023   0.02289   0.00012   0.00176   0.00194   0.00446   0.00000   0.00000   0.00390   0.00144   0.00815   0.00594   0.00018   0.00084   0.00282   0.00073   0.00000   0.00444   0.00208   0.00400   0.01509   0.00000   0.00268   0.00776   0.03460   0.00158   0.05540   0.00103   0.01067   0.00624   0.01428   0.01224   0.00088   0.01943   0.00215   0.00514   0.00583   0.00342   0.00234   0.00479   0.01332   0.02872   0.01190   0.01595   0.01391   0.00154   0.00221   0.00550   0.01645   0.00562   2.31462   0.37196   0.77462   0.49556   1.98136   0.58275   0.00000   2.38962   0.85953  
 60 13.5105   8697.371444  x:  0.00329   0.01229   0.00166   0.01865   0.01952   0.00988   0.02214   0.00012   0.00160   0.00186   0.00455   0.00000   0.00000   0.00365   0.00171   0.00786   0.00617   0.00018   0.00086   0.00244   0.00050   0.00000   0.00427   0.00165   0.00385   0.01497   0.00000   0.00289   0.00725   0.03293   0.00130   0.05520   0.00075   0.01010   0.00605   0.01332   0.01212   0.00091   0.01813   0.00192   0.00518   0.00544   0.00283   0.00188   0.00425   0.01237   0.02793   0.01088   0.01454   0.01341   0.00166   0.00209   0.00465   0.01695   0.00548   2.38532   0.41588   0.58058   0.39449   2.19042   0.75208   0.00000   2.04308   0.57372  
 61 72.3931   8695.474810  x:  0.00329   0.01234   0.00174   0.01877   0.01974   0.01009   0.02234   0.00012   0.00161   0.00185   0.00459   0.00000   0.00000   0.00371   0.00168   0.00768   0.00621   0.00019   0.00090   0.00252   0.00056   0.00000   0.00419   0.00168   0.00379   0.01516   0.00000   0.00287   0.00720   0.03303   0.00130   0.05496   0.00076   0.01008   0.00599   0.01366   0.01229   0.00089   0.01798   0.00209   0.00530   0.00540   0.00294   0.00184   0.00439   0.01267   0.02800   0.01103   0.01483   0.01353   0.00175   0.00210   0.00435   0.01694   0.00569   2.41528   0.43952   0.45875   0.44732   2.33950   0.91485   0.00000   2.06988   0.34511  
 62 27.9230   8691.660809  x:  0.00328   0.01208   0.00177   0.01882   0.01996   0.01022   0.02223   0.00013   0.00157   0.00180   0.00461   0.00000   0.00000   0.00374   0.00170   0.00752   0.00622   0.00019   0.00090   0.00252   0.00056   0.00000   0.00412   0.00164   0.00380   0.01520   0.00000   0.00289   0.00689   0.03251   0.00136   0.05467   0.00076   0.00978   0.00576   0.01379   0.01243   0.00092   0.01743   0.00204   0.00538   0.00519   0.00295   0.00178   0.00439   0.01259   0.02784   0.01084   0.01456   0.01343   0.00171   0.00195   0.00382   0.01702   0.00584   2.45465   0.48313   0.59367   0.55902   2.51832   1.10287   0.00000   1.99966   0.00000  
 63 20.2202   8686.027073  x:  0.00310   0.01054   0.00172   0.01813   0.02165   0.01089   0.02150   0.00017   0.00150   0.00158   0.00437   0.00000   0.00000   0.00416   0.00143   0.00772   0.00547   0.00013   0.00067   0.00298   0.00065   0.00000   0.00428   0.00207   0.00471   0.01457   0.00000   0.00279   0.00573   0.03070   0.00245   0.05361   0.00145   0.00900   0.00486   0.01502   0.01272   0.00130   0.01673   0.00114   0.00513   0.00444   0.00385   0.00275   0.00473   0.01214   0.02778   0.00993   0.01369   0.01319   0.00047   0.00069   0.00281   0.01712   0.00626   2.56132   0.39919   0.53115   0.46751   2.75294   1.32743   0.00000   1.89270   0.00000  
 64  2.1079   8681.288652  x:  0.00310   0.00957   0.00184   0.01800   0.02368   0.01141   0.02150   0.00021   0.00142   0.00149   0.00441   0.00000   0.00000   0.00446   0.00131   0.00718   0.00489   0.00020   0.00095   0.00305   0.00077   0.00000   0.00416   0.00213   0.00422   0.01463   0.00000   0.00271   0.00515   0.02829   0.00209   0.05111   0.00157   0.00834   0.00422   0.01702   0.01321   0.00145   0.01555   0.00121   0.00496   0.00378   0.00411   0.00263   0.00494   0.01245   0.02775   0.00938   0.01358   0.01253   0.00130   0.00125   0.00086   0.01700   0.00675   2.69127   0.38817   0.56399   0.47263   2.62757   1.20291   0.00000   1.94057   0.00000  
 65  1.0365   8672.905175  x:  0.00306   0.00884   0.00200   0.01804   0.02844   0.01203   0.02173   0.00028   0.00132   0.00127   0.00592   0.00000   0.00000   0.00474   0.00190   0.00613   0.00428   0.00024   0.00123   0.00345   0.00132   0.00000   0.00332   0.00236   0.00264   0.01582   0.00000   0.00284   0.00430   0.02480   0.00169   0.04491   0.00149   0.00856   0.00366   0.02243   0.01442   0.00139   0.01196   0.00200   0.00516   0.00420   0.00452   0.00194   0.00598   0.01382   0.02747   0.00906   0.01443   0.01214   0.00162   0.00064   0.00309   0.01626   0.00796   3.08854   0.46844   0.73688   0.58220   2.22415   0.84210   0.00000   2.12397   0.00000  
 66  1.9168   8660.027724  x:  0.00284   0.01056   0.00156   0.01699   0.03113   0.00880   0.02094   0.00034   0.00143   0.00134   0.00634   0.00000   0.00000   0.00360   0.00183   0.00881   0.00436   0.00026   0.00164   0.00362   0.00174   0.00000   0.00334   0.00257   0.00491   0.01558   0.00000   0.00457   0.00790   0.02480   0.00165   0.03063   0.00179   0.00924   0.00620   0.02935   0.01337   0.00196   0.01774   0.00236   0.00405   0.00461   0.00426   0.00199   0.00722   0.01258   0.02547   0.00651   0.01344   0.00833   0.00194   0.00131   0.00366   0.01552   0.00434   3.62898   0.40219   0.90850   0.66771   1.97064   0.55310   0.00000   1.91894   0.00000  
 67  0.4695   8645.045065  x:  0.00285   0.01182   0.00156   0.01554   0.03206   0.00930   0.01925   0.00042   0.00191   0.00186   0.00708   0.00000   0.00000   0.00337   0.00243   0.00952   0.00633   0.00023   0.00185   0.00359   0.00242   0.00000   0.00320   0.00232   0.00559   0.01643   0.00000   0.00576   0.00621   0.03121   0.00227   0.01073   0.00185   0.01211   0.00746   0.03763   0.01180   0.00215   0.01748   0.00241   0.00477   0.00453   0.00370   0.00202   0.00762   0.01216   0.02243   0.01002   0.01322   0.01400   0.00117   0.00014   0.00219   0.01684   0.00435   4.25506   0.58157   1.18981   0.87030   1.07311  -0.34585   0.00000   2.14064   0.00000  
 68  1.4097   8639.698613  x:  0.00280   0.01178   0.00146   0.01486   0.03226   0.00991   0.01864   0.00044   0.00204   0.00200   0.00703   0.00000   0.00000   0.00362   0.00251   0.00951   0.00648   0.00024   0.00206   0.00360   0.00261   0.00000   0.00343   0.00231   0.00563   0.01630   0.00000   0.00591   0.00490   0.03315   0.00259   0.00169   0.00212   0.01258   0.00759   0.04060   0.01096   0.00241   0.01724   0.00214   0.00462   0.00422   0.00380   0.00252   0.00736   0.01178   0.02174   0.01111   0.01257   0.01603   0.00141   0.00098   0.00236   0.01735   0.00456   4.48367   0.61992   1.28125   0.92667   0.74893  -0.68791   0.00000   2.17304   0.00000  
 69  6.0642   8639.688874  x:  0.00280   0.01177   0.00146   0.01486   0.03226   0.00992   0.01864   0.00044   0.00204   0.00200   0.00703   0.00000   0.00000   0.00362   0.00251   0.00951   0.00648   0.00024   0.00206   0.00359   0.00261   0.00000   0.00343   0.00231   0.00563   0.01630   0.00000   0.00591   0.00489   0.03316   0.00259   0.00167   0.00212   0.01258   0.00758   0.04061   0.01096   0.00241   0.01723   0.00213   0.00462   0.00422   0.00380   0.00252   0.00736   0.01178   0.02174   0.01111   0.01257   0.01603   0.00141   0.00098   0.00236   0.01735   0.00456   4.48421   0.61987   1.28140   0.92672   0.74794  -0.68902   0.00225   2.17304   0.00000  
 70  4.9426   8637.855965  x:  0.00282   0.01141   0.00147   0.01501   0.03171   0.01016   0.01891   0.00044   0.00201   0.00199   0.00690   0.00000   0.00000   0.00369   0.00255   0.00907   0.00636   0.00025   0.00208   0.00348   0.00262   0.00000   0.00351   0.00226   0.00540   0.01616   0.00000   0.00582   0.00479   0.03258   0.00256   0.00040   0.00210   0.01216   0.00717   0.04046   0.01095   0.00244   0.01681   0.00210   0.00462   0.00419   0.00371   0.00248   0.00712   0.01181   0.02222   0.01084   0.01265   0.01585   0.00141   0.00090   0.00235   0.01727   0.00470   4.49682   0.58976   1.27140   0.90936   0.67425  -0.78352   0.00292   2.15627   0.00000  
 71  2.0146   8629.087812  x:  0.00301   0.00900   0.00154   0.01626   0.02724   0.01187   0.02089   0.00045   0.00176   0.00183   0.00578   0.00000   0.00000   0.00434   0.00254   0.00613   0.00528   0.00027   0.00203   0.00277   0.00241   0.00000   0.00413   0.00197   0.00373   0.01509   0.00000   0.00476   0.00407   0.02856   0.00225   0.00120   0.00198   0.00912   0.00432   0.03599   0.01116   0.00248   0.01394   0.00172   0.00457   0.00398   0.00332   0.00240   0.00530   0.01208   0.02586   0.00918   0.01316   0.01442   0.00155   0.00070   0.00257   0.01675   0.00594   4.29254   0.39164   1.11334   0.74823   0.50432  -1.07193   0.01345   2.03962   0.00000  
 72  3.2329   8625.696558  x:  0.00300   0.00932   0.00168   0.01743   0.02511   0.01150   0.02242   0.00045   0.00150   0.00156   0.00467   0.00000   0.00000   0.00433   0.00192   0.00522   0.00438   0.00028   0.00194   0.00277   0.00213   0.00000   0.00420   0.00220   0.00365   0.01475   0.00000   0.00417   0.00646   0.02429   0.00227   0.00119   0.00223   0.00746   0.00405   0.03233   0.01130   0.00250   0.01341   0.00208   0.00454   0.00437   0.00366   0.00284   0.00471   0.01229   0.02663   0.00947   0.01310   0.01163   0.00137   0.00073   0.00235   0.01622   0.00536   4.09387   0.49343   1.10789   0.76373   0.25187  -1.36000   0.01366   2.25009   0.00000  
 73  0.7954   8621.217704  x:  0.00315   0.01008   0.00174   0.01691   0.02174   0.01028   0.02074   0.00042   0.00130   0.00135   0.00430   0.00000   0.00000   0.00381   0.00164   0.00729   0.00457   0.00027   0.00171   0.00288   0.00185   0.00000   0.00348   0.00238   0.00282   0.01429   0.00000   0.00342   0.00524   0.02439   0.00152   0.00107   0.00201   0.00986   0.00510   0.02477   0.01161   0.00231   0.01421   0.00135   0.00524   0.00431   0.00377   0.00206   0.00450   0.01208   0.02678   0.00831   0.01383   0.01001   0.00110   0.00075   0.00195   0.01604   0.00542   3.70869   0.45549   0.99911   0.66567  -0.11098  -1.81952   0.02118   2.48020   0.00000  
 74  0.6713   8618.913695  x:  0.00288   0.01015   0.00163   0.01671   0.02231   0.00973   0.02021   0.00041   0.00154   0.00151   0.00460   0.00000   0.00000   0.00381   0.00142   0.00671   0.00495   0.00028   0.00155   0.00317   0.00153   0.00000   0.00343   0.00221   0.00379   0.01457   0.00000   0.00327   0.00505   0.02774   0.00149   0.00087   0.00182   0.00911   0.00546   0.01950   0.01152   0.00209   0.01468   0.00140   0.00476   0.00434   0.00392   0.00212   0.00523   0.01211   0.02449   0.00857   0.01335   0.01216   0.00082   0.00080   0.00223   0.01586   0.00490   3.42908   0.41591   0.89116   0.58662  -0.23325  -1.99434   0.02800   2.47811   0.00000  
 75  0.2772   8618.253829  x:  0.00289   0.00966   0.00160   0.01611   0.02433   0.01012   0.02025   0.00043   0.00153   0.00156   0.00506   0.00000   0.00000   0.00404   0.00167   0.00660   0.00492   0.00031   0.00153   0.00299   0.00146   0.00000   0.00370   0.00205   0.00369   0.01485   0.00000   0.00324   0.00512   0.02682   0.00176   0.00083   0.00174   0.00910   0.00530   0.01949   0.01107   0.00199   0.01465   0.00155   0.00439   0.00412   0.00364   0.00243   0.00512   0.01208   0.02455   0.00911   0.01299   0.01206   0.00088   0.00076   0.00249   0.01596   0.00553   3.35749   0.43557   0.84911   0.59247  -0.15635  -1.93211   0.03016   2.36398   0.00000  
 76  0.1243   8617.957026  x:  0.00293   0.00967   0.00163   0.01673   0.02464   0.01025   0.02055   0.00045   0.00147   0.00153   0.00524   0.00000   0.00000   0.00380   0.00172   0.00661   0.00498   0.00034   0.00148   0.00291   0.00144   0.00000   0.00368   0.00222   0.00372   0.01479   0.00000   0.00338   0.00515   0.02714   0.00189   0.00080   0.00163   0.00895   0.00494   0.01979   0.01141   0.00186   0.01422   0.00180   0.00477   0.00433   0.00347   0.00213   0.00530   0.01209   0.02555   0.00902   0.01328   0.01156   0.00086   0.00074   0.00245   0.01595   0.00535   3.26376   0.42667   0.78737   0.56974  -0.05893  -1.84974   0.03075   2.36834   0.00000  
 77  0.1117   8617.753445  x:  0.00301   0.00978   0.00164   0.01662   0.02457   0.01047   0.02055   0.00047   0.00148   0.00153   0.00515   0.00000   0.00000   0.00387   0.00167   0.00689   0.00467   0.00038   0.00146   0.00297   0.00137   0.00000   0.00368   0.00224   0.00355   0.01447   0.00000   0.00330   0.00511   0.02708   0.00169   0.00081   0.00165   0.00899   0.00518   0.02049   0.01159   0.00183   0.01456   0.00172   0.00461   0.00421   0.00369   0.00226   0.00512   0.01196   0.02564   0.00876   0.01309   0.01175   0.00094   0.00072   0.00251   0.01612   0.00529   3.17134   0.42757   0.73723   0.55621   0.03883  -1.77372   0.03251   2.40796   0.00000  
 78  0.1253   8617.609350  x:  0.00296   0.00986   0.00166   0.01655   0.02416   0.01038   0.02050   0.00050   0.00154   0.00154   0.00506   0.00000   0.00000   0.00396   0.00170   0.00683   0.00496   0.00042   0.00144   0.00305   0.00137   0.00000   0.00352   0.00215   0.00364   0.01469   0.00000   0.00345   0.00533   0.02670   0.00170   0.00082   0.00163   0.00932   0.00520   0.02196   0.01165   0.00176   0.01447   0.00170   0.00476   0.00422   0.00374   0.00223   0.00516   0.01208   0.02495   0.00891   0.01335   0.01200   0.00087   0.00073   0.00234   0.01600   0.00541   3.17113   0.43706   0.72807   0.56575  -0.00779  -1.84322   0.03628   2.44681   0.00000  
 79  0.0524   8617.491738  x:  0.00289   0.00976   0.00161   0.01660   0.02380   0.01006   0.02025   0.00053   0.00153   0.00155   0.00484   0.00000   0.00000   0.00404   0.00169   0.00668   0.00479   0.00047   0.00142   0.00302   0.00134   0.00000   0.00368   0.00216   0.00367   0.01474   0.00000   0.00348   0.00471   0.02731   0.00169   0.00079   0.00166   0.00903   0.00504   0.02224   0.01142   0.00179   0.01442   0.00159   0.00457   0.00429   0.00371   0.00226   0.00520   0.01207   0.02510   0.00905   0.01328   0.01168   0.00081   0.00073   0.00232   0.01579   0.00535   3.16283   0.43885   0.72614   0.56717  -0.07666  -1.95461   0.04092   2.50197   0.00000  
 80  0.0755   8617.306246  x:  0.00286   0.00966   0.00161   0.01660   0.02421   0.01004   0.02034   0.00060   0.00146   0.00153   0.00483   0.00000   0.00000   0.00401   0.00171   0.00655   0.00478   0.00056   0.00140   0.00298   0.00129   0.00000   0.00380   0.00220   0.00354   0.01486   0.00000   0.00350   0.00569   0.02668   0.00169   0.00079   0.00169   0.00866   0.00504   0.02213   0.01126   0.00178   0.01484   0.00150   0.00463   0.00426   0.00371   0.00222   0.00536   0.01225   0.02502   0.00887   0.01329   0.01169   0.00076   0.00075   0.00241   0.01610   0.00544   3.18726   0.42105   0.72846   0.55726  -0.12763  -2.07453   0.04776   2.61278   0.00000  
 81  0.0866   8617.089368  x:  0.00294   0.01016   0.00165   0.01682   0.02485   0.01002   0.02072   0.00069   0.00147   0.00152   0.00506   0.00000   0.00000   0.00393   0.00176   0.00657   0.00493   0.00068   0.00140   0.00302   0.00126   0.00000   0.00362   0.00222   0.00365   0.01479   0.00000   0.00357   0.00514   0.02699   0.00179   0.00089   0.00174   0.00906   0.00548   0.02185   0.01115   0.00174   0.01466   0.00167   0.00464   0.00427   0.00379   0.00235   0.00534   0.01231   0.02566   0.00872   0.01329   0.01168   0.00072   0.00081   0.00246   0.01608   0.00544   3.23619   0.42538   0.74782   0.56139  -0.04249  -2.06094   0.05489   2.73979   0.00000  
 82  0.1016   8616.988589  x:  0.00298   0.00976   0.00164   0.01666   0.02472   0.01022   0.02057   0.00073   0.00154   0.00157   0.00512   0.00000   0.00000   0.00387   0.00175   0.00683   0.00486   0.00075   0.00140   0.00299   0.00126   0.00000   0.00363   0.00221   0.00361   0.01461   0.00000   0.00355   0.00513   0.02689   0.00166   0.00086   0.00172   0.00922   0.00506   0.02144   0.01157   0.00177   0.01446   0.00159   0.00467   0.00426   0.00372   0.00223   0.00527   0.01206   0.02542   0.00901   0.01321   0.01180   0.00078   0.00083   0.00246   0.01595   0.00535   3.23845   0.42917   0.75577   0.56431   0.01865  -2.04772   0.06050   2.79874   0.00000  
 83  0.0777   8616.959798  x:  0.00292   0.00976   0.00165   0.01660   0.02429   0.01036   0.02048   0.00075   0.00152   0.00155   0.00503   0.00000   0.00000   0.00394   0.00171   0.00671   0.00481   0.00077   0.00141   0.00300   0.00128   0.00000   0.00362   0.00216   0.00358   0.01469   0.00000   0.00347   0.00508   0.02702   0.00172   0.00082   0.00170   0.00909   0.00504   0.02123   0.01162   0.00176   0.01456   0.00168   0.00469   0.00424   0.00372   0.00223   0.00516   0.01212   0.02525   0.00895   0.01334   0.01184   0.00078   0.00082   0.00240   0.01593   0.00539   3.24412   0.42790   0.76076   0.56389   0.05538  -2.02696   0.06192   2.81885   0.00000  
 84  0.0404   8616.950330  x:  0.00294   0.00978   0.00163   0.01658   0.02425   0.01032   0.02039   0.00076   0.00151   0.00155   0.00502   0.00000   0.00000   0.00396   0.00169   0.00671   0.00484   0.00078   0.00142   0.00300   0.00132   0.00000   0.00364   0.00216   0.00363   0.01472   0.00000   0.00345   0.00516   0.02696   0.00169   0.00082   0.00169   0.00905   0.00510   0.02129   0.01156   0.00178   0.01445   0.00168   0.00465   0.00425   0.00366   0.00223   0.00523   0.01210   0.02524   0.00894   0.01325   0.01182   0.00078   0.00079   0.00237   0.01596   0.00535   3.24731   0.43056   0.76725   0.56855   0.08553  -2.00004   0.06163   2.82428   0.00000  
 85  0.0306   8616.944118  x:  0.00293   0.00980   0.00163   0.01659   0.02431   0.01030   0.02047   0.00076   0.00151   0.00155   0.00505   0.00000   0.00000   0.00393   0.00168   0.00671   0.00487   0.00079   0.00143   0.00299   0.00137   0.00000   0.00363   0.00217   0.00362   0.01472   0.00000   0.00339   0.00513   0.02694   0.00170   0.00084   0.00165   0.00908   0.00507   0.02122   0.01152   0.00177   0.01452   0.00167   0.00467   0.00424   0.00371   0.00222   0.00524   0.01212   0.02524   0.00892   0.01325   0.01180   0.00078   0.00077   0.00237   0.01597   0.00537   3.23433   0.43167   0.76571   0.56898   0.08549  -2.00450   0.06208   2.82405   0.00000  
 86  0.0067   8616.942408  x:  0.00294   0.00979   0.00164   0.01661   0.02432   0.01030   0.02048   0.00076   0.00151   0.00155   0.00505   0.00000   0.00000   0.00393   0.00167   0.00670   0.00484   0.00079   0.00143   0.00300   0.00140   0.00000   0.00362   0.00217   0.00361   0.01471   0.00000   0.00338   0.00515   0.02702   0.00170   0.00083   0.00165   0.00909   0.00507   0.02129   0.01154   0.00178   0.01450   0.00167   0.00466   0.00425   0.00370   0.00224   0.00522   0.01212   0.02526   0.00894   0.01327   0.01183   0.00078   0.00076   0.00238   0.01597   0.00538   3.23562   0.43051   0.76647   0.56917   0.07643  -2.01235   0.06212   2.82251   0.00000  
 87  0.0084   8616.941918  x:  0.00294   0.00979   0.00165   0.01662   0.02431   0.01030   0.02046   0.00076   0.00151   0.00155   0.00505   0.00000   0.00000   0.00394   0.00167   0.00671   0.00485   0.00078   0.00144   0.00301   0.00141   0.00000   0.00363   0.00218   0.00362   0.01472   0.00000   0.00338   0.00514   0.02698   0.00171   0.00083   0.00166   0.00908   0.00509   0.02126   0.01155   0.00179   0.01450   0.00167   0.00467   0.00424   0.00370   0.00224   0.00521   0.01211   0.02525   0.00894   0.01327   0.01184   0.00078   0.00077   0.00238   0.01597   0.00536   3.23431   0.43077   0.76571   0.56873   0.06910  -2.01978   0.06218   2.82365   0.00000  
 88  0.0063   8616.941710  x:  0.00294   0.00979   0.00164   0.01660   0.02431   0.01031   0.02046   0.00076   0.00151   0.00155   0.00505   0.00000   0.00000   0.00394   0.00168   0.00671   0.00484   0.00078   0.00144   0.00301   0.00142   0.00000   0.00363   0.00217   0.00362   0.01472   0.00000   0.00339   0.00515   0.02699   0.00171   0.00083   0.00166   0.00908   0.00509   0.02125   0.01155   0.00179   0.01450   0.00167   0.00467   0.00425   0.00370   0.00224   0.00522   0.01211   0.02524   0.00893   0.01327   0.01182   0.00078   0.00078   0.00238   0.01597   0.00536   3.23397   0.43073   0.76441   0.56825   0.06909  -2.02018   0.06220   2.82501   0.00000  
 89  0.0011   8616.941649  x:  0.00294   0.00979   0.00164   0.01660   0.02431   0.01031   0.02046   0.00077   0.00151   0.00155   0.00505   0.00000   0.00000   0.00394   0.00168   0.00670   0.00485   0.00078   0.00145   0.00300   0.00142   0.00000   0.00363   0.00217   0.00362   0.01472   0.00000   0.00340   0.00514   0.02699   0.00170   0.00083   0.00167   0.00908   0.00508   0.02125   0.01154   0.00179   0.01450   0.00167   0.00466   0.00424   0.00370   0.00224   0.00522   0.01211   0.02524   0.00893   0.01327   0.01182   0.00078   0.00078   0.00238   0.01597   0.00536   3.23393   0.43059   0.76370   0.56805   0.07103  -2.01855   0.06222   2.82509   0.00000  
 90  0.0022   8616.941602  x:  0.00294   0.00979   0.00164   0.01660   0.02431   0.01031   0.02046   0.00077   0.00151   0.00155   0.00505   0.00000   0.00000   0.00393   0.00168   0.00670   0.00484   0.00078   0.00145   0.00301   0.00142   0.00000   0.00363   0.00217   0.00361   0.01472   0.00000   0.00340   0.00514   0.02699   0.00170   0.00083   0.00167   0.00909   0.00508   0.02124   0.01154   0.00180   0.01450   0.00167   0.00467   0.00425   0.00370   0.00224   0.00522   0.01212   0.02525   0.00893   0.01327   0.01183   0.00078   0.00078   0.00238   0.01597   0.00537   3.23425   0.43078   0.76370   0.56822   0.07263  -2.01669   0.06217   2.82440   0.00000  
 91  0.0009   8616.941514  x:  0.00294   0.00979   0.00164   0.01661   0.02431   0.01030   0.02046   0.00077   0.00151   0.00155   0.00504   0.00000   0.00000   0.00394   0.00168   0.00670   0.00485   0.00078   0.00145   0.00301   0.00142   0.00000   0.00363   0.00217   0.00362   0.01472   0.00000   0.00340   0.00515   0.02698   0.00170   0.00083   0.00167   0.00908   0.00509   0.02123   0.01155   0.00180   0.01449   0.00167   0.00467   0.00424   0.00370   0.00224   0.00522   0.01212   0.02524   0.00894   0.01327   0.01182   0.00078   0.00078   0.00238   0.01597   0.00537   3.23342   0.43061   0.76371   0.56812   0.07210  -2.01765   0.06225   2.82390   0.00000  
 92  0.0004   8616.941451  x:  0.00294   0.00979   0.00164   0.01660   0.02431   0.01031   0.02046   0.00077   0.00151   0.00155   0.00505   0.00000   0.00000   0.00394   0.00168   0.00671   0.00485   0.00078   0.00145   0.00301   0.00142   0.00000   0.00363   0.00217   0.00362   0.01472   0.00000   0.00341   0.00514   0.02699   0.00170   0.00083   0.00167   0.00909   0.00508   0.02125   0.01155   0.00181   0.01450   0.00167   0.00467   0.00424   0.00370   0.00224   0.00522   0.01212   0.02525   0.00893   0.01327   0.01183   0.00078   0.00077   0.00238   0.01597   0.00537   3.23377   0.43073   0.76406   0.56826   0.07235  -2.01744   0.06224   2.82478   0.00000  
 93  0.0005   8616.941353  x:  0.00294   0.00979   0.00164   0.01659   0.02431   0.01031   0.02046   0.00077   0.00151   0.00155   0.00505   0.00000   0.00000   0.00394   0.00168   0.00671   0.00485   0.00077   0.00145   0.00301   0.00142   0.00000   0.00362   0.00217   0.00362   0.01473   0.00000   0.00341   0.00514   0.02698   0.00171   0.00083   0.00167   0.00909   0.00508   0.02125   0.01154   0.00181   0.01450   0.00167   0.00467   0.00425   0.00370   0.00224   0.00522   0.01212   0.02524   0.00893   0.01328   0.01183   0.00078   0.00077   0.00238   0.01597   0.00537   3.23271   0.43064   0.76390   0.56808   0.07227  -2.01864   0.06234   2.82687   0.00000  
 94  0.0010   8616.941276  x:  0.00294   0.00979   0.00164   0.01660   0.02431   0.01031   0.02046   0.00077   0.00151   0.00155   0.00505   0.00000   0.00000   0.00393   0.00168   0.00670   0.00485   0.00077   0.00145   0.00300   0.00142   0.00000   0.00363   0.00217   0.00361   0.01472   0.00000   0.00340   0.00514   0.02699   0.00170   0.00083   0.00167   0.00908   0.00508   0.02126   0.01154   0.00181   0.01449   0.00168   0.00467   0.00424   0.00370   0.00224   0.00522   0.01212   0.02524   0.00894   0.01327   0.01182   0.00078   0.00078   0.00238   0.01597   0.00536   3.23295   0.43066   0.76426   0.56825   0.07137  -2.01977   0.06238   2.82770   0.00000  
 95  0.0007   8616.941209  x:  0.00294   0.00979   0.00164   0.01660   0.02431   0.01031   0.02046   0.00077   0.00151   0.00155   0.00505   0.00000   0.00000   0.00394   0.00168   0.00670   0.00484   0.00077   0.00145   0.00300   0.00142   0.00000   0.00362   0.00217   0.00362   0.01472   0.00000   0.00340   0.00515   0.02698   0.00170   0.00083   0.00166   0.00909   0.00508   0.02125   0.01154   0.00181   0.01449   0.00168   0.00467   0.00425   0.00370   0.00224   0.00522   0.01212   0.02524   0.00893   0.01327   0.01183   0.00078   0.00078   0.00238   0.01597   0.00537   3.23297   0.43069   0.76408   0.56826   0.07152  -2.01993   0.06243   2.82826   0.00000  
 96  0.0002   8616.941156  x:  0.00294   0.00979   0.00164   0.01660   0.02431   0.01031   0.02047   0.00077   0.00151   0.00155   0.00505   0.00000   0.00000   0.00394   0.00168   0.00671   0.00485   0.00077   0.00145   0.00301   0.00142   0.00000   0.00363   0.00217   0.00362   0.01472   0.00000   0.00340   0.00514   0.02699   0.00170   0.00083   0.00166   0.00908   0.00508   0.02125   0.01154   0.00181   0.01450   0.00167   0.00467   0.00424   0.00370   0.00224   0.00522   0.01212   0.02524   0.00894   0.01327   0.01182   0.00078   0.00078   0.00238   0.01597   0.00537   3.23387   0.43077   0.76406   0.56837   0.07307  -2.01846   0.06240   2.82802   0.00000  
 97  0.0009   8616.941105  x:  0.00294   0.00979   0.00164   0.01660   0.02431   0.01031   0.02046   0.00077   0.00151   0.00155   0.00504   0.00000   0.00000   0.00394   0.00168   0.00670   0.00485   0.00076   0.00144   0.00301   0.00142   0.00000   0.00363   0.00217   0.00362   0.01472   0.00000   0.00340   0.00515   0.02699   0.00170   0.00083   0.00167   0.00909   0.00508   0.02124   0.01155   0.00180   0.01450   0.00167   0.00466   0.00424   0.00370   0.00224   0.00522   0.01211   0.02525   0.00893   0.01327   0.01182   0.00078   0.00078   0.00238   0.01597   0.00536   3.23389   0.43063   0.76369   0.56810   0.07312  -2.01891   0.06245   2.82786   0.00000  
 98  0.0002   8616.941093  x:  0.00294   0.00979   0.00164   0.01660   0.02431   0.01031   0.02046   0.00077   0.00151   0.00155   0.00505   0.00000   0.00000   0.00394   0.00168   0.00670   0.00485   0.00076   0.00144   0.00301   0.00142   0.00000   0.00363   0.00217   0.00362   0.01472   0.00000   0.00340   0.00514   0.02699   0.00170   0.00083   0.00167   0.00908   0.00508   0.02125   0.01154   0.00180   0.01450   0.00167   0.00467   0.00425   0.00370   0.00224   0.00522   0.01212   0.02524   0.00894   0.01327   0.01182   0.00078   0.00078   0.00238   0.01597   0.00537   3.23390   0.43063   0.76379   0.56808   0.07288  -2.01906   0.06244   2.82817   0.00000  
 99  0.0003   8616.941087  x:  0.00294   0.00979   0.00164   0.01660   0.02431   0.01031   0.02046   0.00077   0.00151   0.00155   0.00505   0.00000   0.00000   0.00394   0.00168   0.00670   0.00485   0.00076   0.00145   0.00301   0.00142   0.00000   0.00363   0.00217   0.00362   0.01472   0.00000   0.00340   0.00514   0.02699   0.00170   0.00083   0.00167   0.00908   0.00508   0.02125   0.01154   0.00180   0.01450   0.00167   0.00467   0.00424   0.00370   0.00224   0.00522   0.01212   0.02524   0.00893   0.01327   0.01182   0.00078   0.00078   0.00238   0.01597   0.00537   3.23380   0.43066   0.76392   0.56810   0.07240  -2.01959   0.06245   2.82868   0.00000  
100  0.0005   8616.941087  x:  0.00294   0.00979   0.00164   0.01660   0.02431   0.01031   0.02046   0.00077   0.00151   0.00155   0.00505   0.00000   0.00000   0.00394   0.00168   0.00670   0.00485   0.00076   0.00145   0.00301   0.00142   0.00000   0.00363   0.00217   0.00362   0.01472   0.00000   0.00340   0.00514   0.02699   0.00170   0.00083   0.00167   0.00908   0.00508   0.02125   0.01154   0.00180   0.01450   0.00167   0.00467   0.00424   0.00370   0.00224   0.00522   0.01212   0.02524   0.00894   0.01327   0.01182   0.00078   0.00078   0.00238   0.01597   0.00537   3.23381   0.43066   0.76394   0.56815   0.07253  -2.01946   0.06245   2.82862   0.00000  