

TREE # 1

  0  0.0000   1677.254957  x:  0.00721   0.01473   0.01140   0.00804   0.00265   0.01529   0.00000   0.01216   0.02360   0.01759   0.01185   0.01294   0.00205   0.00671   0.00368   0.02546   0.01541   0.00489   0.00758   0.02959   0.03004   0.01986   0.00439   0.04380   0.01971   0.01754   0.01987   0.02581   0.01930   0.02310   0.04461   0.01957   0.02327   0.00666   0.00715   0.00325   0.05419   0.02594   0.02603   0.02018   0.02379   0.00767   0.01089   0.01611   0.01462   0.01054   0.01115   0.03604   0.01072   0.01488   0.01157   0.00919   0.02381   1.20090   0.97002   1.11846   1.21167   1.03538   0.09837   0.22443   1.63789  
  1 99.0000   1677.251896  x:  0.00721   0.01473   0.01140   0.00804   0.00265   0.01529   0.00000   0.01216   0.02360   0.01759   0.01185   0.01294   0.00205   0.00671   0.00368   0.02546   0.01541   0.00489   0.00758   0.02959   0.03004   0.01986   0.00439   0.04380   0.01971   0.01754   0.01987   0.02581   0.01930   0.02310   0.04461   0.01957   0.02327   0.00666   0.00715   0.00325   0.05419   0.02594   0.02603   0.02018   0.02379   0.00767   0.01089   0.01611   0.01462   0.01054   0.01115   0.03604   0.01072   0.01487   0.01157   0.00919   0.02381   1.20090   0.97002   1.11846   1.21167   1.03538   0.09837   0.22443   1.63789  
  2 891.8101   1670.489124  x:  0.00675   0.01270   0.00940   0.00643   0.00061   0.01478   0.00000   0.01060   0.02296   0.01686   0.01106   0.01090   0.00000   0.00466   0.00165   0.02528   0.01523   0.00437   0.00734   0.02927   0.02985   0.02003   0.00374   0.04389   0.01987   0.01667   0.01926   0.02563   0.01911   0.02220   0.04460   0.01824   0.02283   0.00661   0.00548   0.00138   0.05434   0.02552   0.02596   0.02029   0.02328   0.00749   0.01097   0.01441   0.01369   0.00878   0.01058   0.03571   0.00869   0.01376   0.00990   0.00872   0.02318   1.20094   0.97001   1.11846   1.21166   1.03542   0.09836   0.22408   1.63787  
  3 17895.1261   1668.640076  x:  0.00672   0.01210   0.00881   0.00596   0.00000   0.01465   0.00000   0.01014   0.02279   0.01667   0.01085   0.01029   0.00000   0.00405   0.00105   0.02523   0.01520   0.00424   0.00729   0.02918   0.02979   0.02007   0.00357   0.04391   0.01990   0.01644   0.01910   0.02558   0.01905   0.02195   0.04459   0.01786   0.02272   0.00660   0.00498   0.00083   0.05438   0.02540   0.02592   0.02033   0.02314   0.00746   0.01098   0.01391   0.01344   0.00825   0.01044   0.03561   0.00809   0.01346   0.00939   0.00861   0.02300   1.20096   0.97001   1.11847   1.21165   1.03543   0.09835   0.22399   1.63786  
  4 215734.0111   1666.100437  x:  0.00663   0.01120   0.00793   0.00524   0.00000   0.01447   0.00000   0.00945   0.02255   0.01642   0.01057   0.00940   0.00000   0.00315   0.00015   0.02515   0.01514   0.00405   0.00719   0.02905   0.02971   0.02013   0.00333   0.04394   0.01995   0.01611   0.01888   0.02551   0.01898   0.02161   0.04458   0.01730   0.02256   0.00656   0.00425   0.00000   0.05443   0.02523   0.02588   0.02038   0.02294   0.00739   0.01107   0.01315   0.01310   0.00747   0.01024   0.03547   0.00719   0.01305   0.00865   0.00844   0.02274   1.20098   0.97001   1.11847   1.21165   1.03545   0.09835   0.22386   1.63785  
  5 613074.7937   1665.716614  x:  0.00663   0.01107   0.00778   0.00512   0.00000   0.01443   0.00000   0.00933   0.02252   0.01638   0.01052   0.00925   0.00000   0.00300   0.00000   0.02515   0.01511   0.00399   0.00716   0.02903   0.02970   0.02016   0.00329   0.04395   0.01999   0.01608   0.01884   0.02551   0.01897   0.02157   0.04459   0.01723   0.02254   0.00658   0.00412   0.00000   0.05445   0.02521   0.02589   0.02038   0.02292   0.00736   0.01103   0.01302   0.01307   0.00733   0.01020   0.03546   0.00703   0.01301   0.00852   0.00838   0.02272   1.20098   0.97001   1.11847   1.21166   1.03545   0.09835   0.22383   1.63785  
  6 7592.3452   1658.454543  x:  0.00657   0.00844   0.00474   0.00253   0.00000   0.01360   0.00000   0.00684   0.02181   0.01543   0.00907   0.00636   0.00000   0.00000   0.00000   0.02501   0.01518   0.00357   0.00780   0.02866   0.02954   0.02045   0.00237   0.04427   0.02025   0.01515   0.01802   0.02532   0.01863   0.02071   0.04484   0.01590   0.02192   0.00643   0.00162   0.00000   0.05492   0.02484   0.02615   0.02051   0.02229   0.00758   0.01108   0.01028   0.01215   0.00449   0.00930   0.03517   0.00373   0.01193   0.00581   0.00804   0.02209   1.20116   0.97016   1.11853   1.21184   1.03547   0.09838   0.22286   1.63780  
  7 7153.9596   1654.072943  x:  0.00652   0.00681   0.00277   0.00080   0.00000   0.01346   0.00000   0.00518   0.02125   0.01494   0.00875   0.00448   0.00000   0.00000   0.00000   0.02485   0.01528   0.00308   0.00733   0.02835   0.02937   0.02046   0.00192   0.04441   0.01993   0.01437   0.01749   0.02515   0.01850   0.01991   0.04488   0.01494   0.02153   0.00656   0.00000   0.00000   0.05518   0.02451   0.02597   0.02071   0.02184   0.00745   0.01103   0.00845   0.01127   0.00260   0.00907   0.03491   0.00154   0.01086   0.00401   0.00808   0.02154   1.20126   0.97025   1.11857   1.21196   1.03548   0.09842   0.22209   1.63777  
  8 8906.6258   1652.202640  x:  0.00647   0.00610   0.00187   0.00000   0.00000   0.01341   0.00000   0.00441   0.02103   0.01489   0.00872   0.00360   0.00000   0.00000   0.00000   0.02473   0.01526   0.00286   0.00748   0.02819   0.02923   0.02054   0.00180   0.04442   0.02006   0.01406   0.01737   0.02509   0.01854   0.01946   0.04476   0.01434   0.02146   0.00632   0.00000   0.00000   0.05516   0.02426   0.02566   0.02081   0.02168   0.00733   0.01099   0.00761   0.01096   0.00173   0.00906   0.03472   0.00054   0.01051   0.00318   0.00760   0.02119   1.20128   0.97025   1.11857   1.21198   1.03547   0.09845   0.22163   1.63776  
  9 3926.9391   1651.308026  x:  0.00644   0.00574   0.00140   0.00000   0.00000   0.01332   0.00000   0.00400   0.02095   0.01485   0.00857   0.00314   0.00000   0.00000   0.00000   0.02468   0.01523   0.00280   0.00745   0.02812   0.02916   0.02059   0.00168   0.04440   0.02018   0.01395   0.01734   0.02507   0.01854   0.01926   0.04470   0.01400   0.02145   0.00643   0.00000   0.00000   0.05513   0.02413   0.02555   0.02085   0.02161   0.00732   0.01107   0.00716   0.01088   0.00127   0.00897   0.03462   0.00000   0.01045   0.00273   0.00755   0.02102   1.20127   0.97024   1.11857   1.21197   1.03546   0.09846   0.22136   1.63775  
 10 4902.3998   1649.253713  x:  0.00636   0.00474   0.00010   0.00000   0.00000   0.01305   0.00000   0.00288   0.02078   0.01461   0.00823   0.00186   0.00000   0.00000   0.00000   0.02463   0.01512   0.00251   0.00722   0.02799   0.02903   0.02073   0.00130   0.04440   0.02028   0.01373   0.01720   0.02502   0.01839   0.01896   0.04468   0.01318   0.02137   0.00606   0.00000   0.00000   0.05511   0.02390   0.02554   0.02096   0.02147   0.00729   0.01100   0.00593   0.01076   0.00000   0.00869   0.03444   0.00000   0.01034   0.00153   0.00764   0.02071   1.20126   0.97020   1.11855   1.21195   1.03544   0.09852   0.22062   1.63774  
 11 6524.2998   1649.123078  x:  0.00635   0.00466   0.00000   0.00000   0.00000   0.01304   0.00000   0.00279   0.02077   0.01458   0.00822   0.00177   0.00000   0.00000   0.00000   0.02464   0.01512   0.00249   0.00722   0.02799   0.02903   0.02074   0.00128   0.04441   0.02027   0.01372   0.01718   0.02501   0.01837   0.01896   0.04470   0.01314   0.02136   0.00607   0.00000   0.00000   0.05512   0.02389   0.02556   0.02097   0.02146   0.00728   0.01101   0.00584   0.01075   0.00000   0.00868   0.03444   0.00000   0.01032   0.00144   0.00762   0.02071   1.20125   0.97020   1.11855   1.21194   1.03544   0.09852   0.22056   1.63774  
 12 4325.1290   1647.503123  x:  0.00630   0.00335   0.00000   0.00000   0.00000   0.01299   0.00000   0.00146   0.02053   0.01457   0.00784   0.00027   0.00000   0.00000   0.00000   0.02458   0.01525   0.00247   0.00702   0.02791   0.02908   0.02076   0.00142   0.04467   0.02066   0.01352   0.01691   0.02498   0.01858   0.01888   0.04503   0.01287   0.02121   0.00602   0.00000   0.00000   0.05544   0.02390   0.02555   0.02093   0.02126   0.00732   0.01097   0.00439   0.01037   0.00000   0.00866   0.03448   0.00000   0.00990   0.00000   0.00749   0.02072   1.20124   0.97017   1.11854   1.21193   1.03542   0.09857   0.21973   1.63773  
 13 2509.4006   1647.269839  x:  0.00630   0.00311   0.00000   0.00000   0.00000   0.01296   0.00000   0.00123   0.02050   0.01457   0.00784   0.00000   0.00000   0.00000   0.00000   0.02456   0.01522   0.00241   0.00705   0.02789   0.02908   0.02074   0.00140   0.04469   0.02069   0.01347   0.01688   0.02498   0.01860   0.01882   0.04504   0.01286   0.02119   0.00602   0.00000   0.00000   0.05548   0.02388   0.02553   0.02089   0.02123   0.00732   0.01099   0.00413   0.01033   0.00000   0.00862   0.03447   0.00000   0.00987   0.00000   0.00751   0.02070   1.20124   0.97017   1.11854   1.21194   1.03542   0.09858   0.21958   1.63773  
 14 2550.5176   1646.343195  x:  0.00629   0.00178   0.00000   0.00000   0.00000   0.01286   0.00000   0.00000   0.02039   0.01450   0.00763   0.00000   0.00000   0.00000   0.00000   0.02448   0.01526   0.00233   0.00700   0.02779   0.02902   0.02074   0.00127   0.04467   0.02057   0.01329   0.01684   0.02497   0.01850   0.01849   0.04494   0.01274   0.02113   0.00602   0.00000   0.00000   0.05561   0.02380   0.02544   0.02082   0.02115   0.00728   0.01096   0.00279   0.01028   0.00000   0.00853   0.03439   0.00000   0.00984   0.00000   0.00736   0.02050   1.20125   0.97017   1.11855   1.21196   1.03542   0.09862   0.21886   1.63773  
 15 3225.3760   1645.399934  x:  0.00629   0.00000   0.00000   0.00000   0.00000   0.01279   0.00000   0.00000   0.02031   0.01431   0.00758   0.00000   0.00000   0.00000   0.00000   0.02448   0.01534   0.00213   0.00702   0.02773   0.02890   0.02103   0.00115   0.04462   0.02077   0.01318   0.01677   0.02490   0.01840   0.01831   0.04477   0.01238   0.02104   0.00603   0.00000   0.00000   0.05554   0.02369   0.02544   0.02116   0.02108   0.00735   0.01097   0.00104   0.01016   0.00000   0.00852   0.03421   0.00000   0.00963   0.00000   0.00739   0.02023   1.20127   0.97017   1.11855   1.21200   1.03543   0.09866   0.21797   1.63773  
 16 2800.0906   1645.093508  x:  0.00629   0.00000   0.00000   0.00000   0.00000   0.01280   0.00000   0.00000   0.02028   0.01435   0.00752   0.00000   0.00000   0.00000   0.00000   0.02451   0.01538   0.00209   0.00703   0.02773   0.02886   0.02093   0.00091   0.04463   0.02082   0.01317   0.01672   0.02485   0.01847   0.01839   0.04481   0.01202   0.02104   0.00604   0.00000   0.00000   0.05542   0.02355   0.02543   0.02125   0.02103   0.00724   0.01096   0.00000   0.01006   0.00000   0.00846   0.03414   0.00000   0.00955   0.00000   0.00738   0.02020   1.20128   0.97017   1.11856   1.21202   1.03544   0.09867   0.21755   1.63772  
 17 1007.5676   1643.487307  x:  0.00628   0.00000   0.00000   0.00000   0.00000   0.01174   0.00000   0.00000   0.01936   0.01541   0.00647   0.00000   0.00000   0.00000   0.00000   0.02411   0.01491   0.00000   0.00657   0.02729   0.02893   0.02162   0.00128   0.04654   0.01907   0.01256   0.01539   0.02474   0.01871   0.01898   0.04864   0.00352   0.02197   0.00604   0.00000   0.00000   0.05462   0.02131   0.02348   0.02151   0.02020   0.00948   0.01157   0.00000   0.00981   0.00000   0.00779   0.03395   0.00000   0.01020   0.00000   0.00655   0.02079   1.20166   0.97018   1.11868   1.21216   1.03595   0.09861   0.21083   1.63751  
 18 250.4259   1642.936934  x:  0.00627   0.00000   0.00000   0.00000   0.00000   0.01172   0.00000   0.00000   0.01921   0.01509   0.00644   0.00000   0.00000   0.00000   0.00000   0.02365   0.01609   0.00000   0.00674   0.02695   0.02912   0.02213   0.00162   0.04722   0.01958   0.01223   0.01540   0.02532   0.01809   0.01772   0.05049   0.00000   0.02284   0.00601   0.00000   0.00000   0.05561   0.02171   0.02346   0.02074   0.02023   0.00826   0.01164   0.00000   0.01041   0.00000   0.00817   0.03424   0.00000   0.01047   0.00000   0.00702   0.02084   1.20190   0.97015   1.11875   1.21217   1.03633   0.09847   0.20784   1.63733  
 19 175.2672   1642.086774  x:  0.00604   0.00000   0.00000   0.00000   0.00000   0.01175   0.00000   0.00000   0.01907   0.01453   0.00750   0.00000   0.00000   0.00000   0.00000   0.02343   0.01516   0.00000   0.00616   0.02610   0.02825   0.02251   0.00000   0.04753   0.02014   0.01196   0.01560   0.02511   0.01739   0.01577   0.05450   0.00000   0.02559   0.00584   0.00000   0.00000   0.05621   0.02142   0.02398   0.02208   0.02014   0.00865   0.01152   0.00000   0.01014   0.00000   0.00725   0.03328   0.00000   0.00993   0.00000   0.00645   0.01909   1.20278   0.96984   1.11894   1.21188   1.03781   0.09780   0.19853   1.63657  
 20 66.3132   1640.180213  x:  0.00517   0.00000   0.00000   0.00000   0.00000   0.00900   0.00000   0.00000   0.01815   0.01230   0.00345   0.00000   0.00000   0.00000   0.00000   0.02418   0.00963   0.00000   0.00697   0.02604   0.02591   0.02384   0.00000   0.04742   0.01818   0.01071   0.01476   0.02326   0.01734   0.01652   0.05887   0.00000   0.02333   0.00542   0.00000   0.00000   0.05455   0.01671   0.02251   0.02522   0.01867   0.00309   0.01301   0.00000   0.00862   0.00000   0.00872   0.02989   0.00000   0.00966   0.00000   0.00692   0.01498   1.20584   0.96868   1.11959   1.21074   1.04305   0.09544   0.16568   1.63379  
 21 206.7544   1638.023152  x:  0.00404   0.00000   0.00000   0.00000   0.00000   0.00563   0.00000   0.00000   0.01582   0.00914   0.00431   0.00000   0.00000   0.00000   0.00000   0.02443   0.01397   0.00000   0.00432   0.02660   0.02459   0.02287   0.00000   0.04738   0.02011   0.00812   0.01234   0.02257   0.01694   0.01734   0.05960   0.00000   0.01512   0.00479   0.00000   0.00000   0.05241   0.01030   0.02192   0.02334   0.01654   0.00437   0.01447   0.00000   0.00822   0.00000   0.00603   0.02671   0.00000   0.01091   0.00000   0.00444   0.01248   1.21033   0.96705   1.12052   1.20916   1.05065   0.09209   0.11726   1.62976  
 22 428.3809   1637.134610  x:  0.00350   0.00000   0.00000   0.00000   0.00000   0.00960   0.00000   0.00000   0.01455   0.00891   0.00214   0.00000   0.00000   0.00000   0.00000   0.02383   0.01384   0.00000   0.00363   0.02639   0.02494   0.02331   0.00000   0.04796   0.02090   0.00727   0.01126   0.02300   0.01596   0.01598   0.05863   0.00000   0.01356   0.00450   0.00000   0.00000   0.05248   0.01175   0.02236   0.02180   0.01583   0.00528   0.01598   0.00000   0.00807   0.00000   0.00447   0.02639   0.00000   0.01077   0.00000   0.00332   0.01316   1.21273   0.96624   1.12103   1.20845   1.05463   0.09042   0.09092   1.62763  
 23 508.8499   1636.093850  x:  0.00295   0.00000   0.00000   0.00000   0.00000   0.00635   0.00000   0.00000   0.01307   0.01036   0.00238   0.00000   0.00000   0.00000   0.00000   0.02279   0.01225   0.00000   0.00257   0.02601   0.02680   0.02517   0.00000   0.04925   0.02102   0.00721   0.00998   0.02349   0.01524   0.01355   0.05387   0.00000   0.01401   0.00412   0.00000   0.00000   0.05439   0.01699   0.02400   0.01934   0.01483   0.00563   0.01670   0.00000   0.00635   0.00000   0.00607   0.02767   0.00000   0.00898   0.00000   0.00241   0.01584   1.21592   0.96518   1.12168   1.20756   1.05985   0.08834   0.05585   1.62477  
 24 415.3037   1635.795635  x:  0.00293   0.00000   0.00000   0.00000   0.00000   0.00695   0.00000   0.00000   0.01367   0.00882   0.00322   0.00000   0.00000   0.00000   0.00000   0.02257   0.01168   0.00000   0.00253   0.02590   0.02803   0.02639   0.00000   0.05024   0.02048   0.00746   0.01024   0.02327   0.01616   0.01372   0.05088   0.00000   0.01418   0.00408   0.00000   0.00000   0.05646   0.01630   0.02436   0.01817   0.01467   0.00452   0.01621   0.00000   0.00659   0.00000   0.00404   0.02886   0.00000   0.00813   0.00000   0.00247   0.01651   1.21690   0.96484   1.12186   1.20734   1.06131   0.08793   0.04567   1.62383  
 25 143.8781   1635.604681  x:  0.00302   0.00000   0.00000   0.00000   0.00000   0.00732   0.00000   0.00000   0.01434   0.00764   0.00293   0.00000   0.00000   0.00000   0.00000   0.02259   0.01137   0.00000   0.00261   0.02555   0.02878   0.02521   0.00000   0.05098   0.02056   0.00727   0.01055   0.02302   0.01628   0.01369   0.04953   0.00000   0.01538   0.00410   0.00000   0.00000   0.05909   0.01422   0.02583   0.01770   0.01513   0.00504   0.01623   0.00000   0.00705   0.00000   0.00558   0.02964   0.00000   0.00773   0.00000   0.00242   0.01590   1.21781   0.96452   1.12201   1.20719   1.06252   0.08778   0.03715   1.62292  
 26 107.2520   1635.367750  x:  0.00330   0.00000   0.00000   0.00000   0.00000   0.00692   0.00000   0.00000   0.01440   0.01002   0.00259   0.00000   0.00000   0.00000   0.00000   0.02278   0.01206   0.00000   0.00294   0.02513   0.02925   0.02342   0.00000   0.05148   0.02034   0.00698   0.01056   0.02267   0.01535   0.01370   0.04813   0.00000   0.01542   0.00418   0.00000   0.00000   0.06243   0.01315   0.02770   0.01937   0.01576   0.00460   0.01625   0.00000   0.00695   0.00000   0.00473   0.03005   0.00000   0.00801   0.00000   0.00262   0.01462   1.21904   0.96407   1.12218   1.20703   1.06393   0.08790   0.02740   1.62161  
 27 108.1251   1635.183731  x:  0.00363   0.00000   0.00000   0.00000   0.00000   0.00728   0.00000   0.00000   0.01307   0.00889   0.00297   0.00000   0.00000   0.00000   0.00000   0.02263   0.01185   0.00000   0.00334   0.02502   0.02820   0.02157   0.00000   0.05081   0.02040   0.00764   0.01045   0.02263   0.01530   0.01341   0.04880   0.00000   0.01403   0.00430   0.00000   0.00000   0.06307   0.01482   0.02727   0.01985   0.01486   0.00455   0.01569   0.00000   0.00646   0.00000   0.00513   0.02869   0.00000   0.00967   0.00000   0.00282   0.01421   1.22040   0.96359   1.12236   1.20693   1.06517   0.08837   0.01939   1.62015  
 28 60.6821   1634.981925  x:  0.00405   0.00000   0.00000   0.00000   0.00000   0.00668   0.00000   0.00000   0.01417   0.00853   0.00263   0.00000   0.00000   0.00000   0.00000   0.02246   0.01249   0.00000   0.00373   0.02534   0.02624   0.02166   0.00000   0.04864   0.01981   0.00705   0.01005   0.02264   0.01552   0.01380   0.05015   0.00000   0.01487   0.00444   0.00000   0.00000   0.06065   0.01603   0.02587   0.01831   0.01449   0.00471   0.01532   0.00000   0.00703   0.00000   0.00474   0.02661   0.00000   0.00757   0.00000   0.00289   0.01538   1.22234   0.96295   1.12260   1.20689   1.06656   0.08946   0.01134   1.61804  
 29 56.4054   1634.894130  x:  0.00425   0.00000   0.00000   0.00000   0.00000   0.00720   0.00000   0.00000   0.01352   0.00927   0.00290   0.00000   0.00000   0.00000   0.00000   0.02228   0.01207   0.00000   0.00388   0.02511   0.02617   0.02323   0.00000   0.04807   0.01969   0.00697   0.00977   0.02261   0.01479   0.01347   0.05074   0.00000   0.01445   0.00450   0.00000   0.00000   0.05852   0.01492   0.02611   0.01727   0.01469   0.00489   0.01498   0.00000   0.00613   0.00000   0.00507   0.02680   0.00000   0.00718   0.00000   0.00303   0.01568   1.22355   0.96260   1.12276   1.20692   1.06720   0.09033   0.00873   1.61674  
 30 41.4048   1634.801593  x:  0.00447   0.00000   0.00000   0.00000   0.00000   0.00690   0.00000   0.00000   0.01252   0.00880   0.00265   0.00000   0.00000   0.00000   0.00000   0.02154   0.01234   0.00000   0.00403   0.02425   0.02762   0.02353   0.00000   0.04891   0.01917   0.00717   0.01021   0.02254   0.01575   0.01221   0.05091   0.00000   0.01459   0.00456   0.00000   0.00000   0.05563   0.01451   0.02566   0.01840   0.01474   0.00499   0.01486   0.00000   0.00604   0.00000   0.00486   0.02874   0.00000   0.00675   0.00000   0.00295   0.01577   1.22543   0.96215   1.12302   1.20705   1.06789   0.09192   0.00741   1.61478  
 31 29.6932   1634.740393  x:  0.00461   0.00000   0.00000   0.00000   0.00000   0.00701   0.00000   0.00000   0.01335   0.00871   0.00280   0.00000   0.00000   0.00000   0.00000   0.02129   0.01206   0.00000   0.00410   0.02392   0.02843   0.02336   0.00000   0.04996   0.01927   0.00602   0.00913   0.02246   0.01555   0.01192   0.05044   0.00000   0.01447   0.00459   0.00000   0.00000   0.05463   0.01471   0.02511   0.01899   0.01417   0.00505   0.01468   0.00000   0.00618   0.00000   0.00494   0.02935   0.00000   0.00687   0.00000   0.00293   0.01527   1.22702   0.96182   1.12325   1.20721   1.06832   0.09338   0.00777   1.61315  
 32 33.1741   1634.607553  x:  0.00491   0.00000   0.00000   0.00000   0.00000   0.00687   0.00000   0.00000   0.01416   0.00854   0.00268   0.00000   0.00000   0.00000   0.00000   0.02123   0.01204   0.00000   0.00417   0.02378   0.02899   0.02315   0.00000   0.05260   0.01915   0.00732   0.00915   0.02264   0.01405   0.01167   0.04930   0.00000   0.01428   0.00463   0.00000   0.00000   0.05512   0.01499   0.02370   0.01846   0.01325   0.00531   0.01451   0.00000   0.00530   0.00000   0.00480   0.02862   0.00000   0.00573   0.00000   0.00277   0.01375   1.23118   0.96108   1.12387   1.20774   1.06926   0.09731   0.01001   1.60897  
 33 41.8479   1634.401431  x:  0.00535   0.00000   0.00000   0.00000   0.00000   0.00685   0.00000   0.00000   0.01190   0.00846   0.00274   0.00000   0.00000   0.00000   0.00000   0.02176   0.01197   0.00000   0.00426   0.02417   0.02813   0.02387   0.00000   0.05484   0.01857   0.00558   0.00974   0.02219   0.01479   0.01143   0.04756   0.00000   0.01438   0.00468   0.00000   0.00000   0.05797   0.01550   0.02335   0.01794   0.01422   0.00545   0.01427   0.00000   0.00548   0.00000   0.00474   0.02627   0.00000   0.00477   0.00000   0.00261   0.01300   1.23814   0.95994   1.12493   1.20875   1.07079   0.10387   0.01395   1.60205  
 34 80.7074   1634.316229  x:  0.00552   0.00000   0.00000   0.00000   0.00000   0.00681   0.00000   0.00000   0.01247   0.00833   0.00261   0.00000   0.00000   0.00000   0.00000   0.02152   0.01229   0.00000   0.00429   0.02400   0.02709   0.02443   0.00000   0.05412   0.01819   0.00561   0.00924   0.02185   0.01592   0.01024   0.04707   0.00000   0.01440   0.00469   0.00000   0.00000   0.05987   0.01517   0.02365   0.01810   0.01401   0.00543   0.01428   0.00000   0.00432   0.00000   0.00470   0.02593   0.00000   0.00533   0.00000   0.00256   0.01381   1.24134   0.95950   1.12543   1.20931   1.07145   0.10689   0.01564   1.59892  
 35 71.6593   1634.268461  x:  0.00561   0.00000   0.00000   0.00000   0.00000   0.00683   0.00000   0.00000   0.01245   0.00857   0.00262   0.00000   0.00000   0.00000   0.00000   0.02108   0.01207   0.00000   0.00431   0.02363   0.02641   0.02452   0.00000   0.05284   0.01813   0.00605   0.00871   0.02178   0.01628   0.00955   0.04700   0.00000   0.01377   0.00469   0.00000   0.00000   0.06122   0.01482   0.02375   0.01834   0.01337   0.00548   0.01426   0.00000   0.00504   0.00000   0.00480   0.02634   0.00000   0.00479   0.00000   0.00252   0.01421   1.24340   0.95928   1.12576   1.20973   1.07185   0.10882   0.01661   1.59693  
 36 72.4005   1634.221137  x:  0.00568   0.00000   0.00000   0.00000   0.00000   0.00676   0.00000   0.00000   0.01215   0.00835   0.00259   0.00000   0.00000   0.00000   0.00000   0.02030   0.01203   0.00000   0.00432   0.02307   0.02618   0.02438   0.00000   0.05032   0.01836   0.00563   0.00901   0.02236   0.01574   0.01029   0.04706   0.00000   0.01381   0.00469   0.00000   0.00000   0.06258   0.01482   0.02313   0.01846   0.01310   0.00545   0.01423   0.00000   0.00466   0.00000   0.00473   0.02782   0.00000   0.00455   0.00000   0.00246   0.01415   1.24587   0.95913   1.12618   1.21039   1.07229   0.11113   0.01726   1.59462  
 37 41.8194   1634.188244  x:  0.00571   0.00000   0.00000   0.00000   0.00000   0.00672   0.00000   0.00000   0.01228   0.00823   0.00257   0.00000   0.00000   0.00000   0.00000   0.02111   0.01205   0.00000   0.00429   0.02365   0.02733   0.02427   0.00000   0.04869   0.01846   0.00579   0.00862   0.02200   0.01581   0.00981   0.04751   0.00000   0.01363   0.00469   0.00000   0.00000   0.06296   0.01518   0.02264   0.01806   0.01399   0.00541   0.01428   0.00000   0.00460   0.00000   0.00470   0.02837   0.00000   0.00442   0.00000   0.00246   0.01338   1.24844   0.95919   1.12665   1.21134   1.07268   0.11354   0.01700   1.59231  
 38 19.7412   1634.118594  x:  0.00575   0.00000   0.00000   0.00000   0.00000   0.00682   0.00000   0.00000   0.01222   0.00851   0.00258   0.00000   0.00000   0.00000   0.00000   0.02185   0.01224   0.00000   0.00419   0.02412   0.02921   0.02438   0.00000   0.04709   0.01855   0.00536   0.00960   0.02139   0.01600   0.00942   0.04749   0.00000   0.01393   0.00466   0.00000   0.00000   0.06287   0.01529   0.02283   0.01769   0.01221   0.00540   0.01448   0.00000   0.00465   0.00000   0.00479   0.02785   0.00000   0.00454   0.00000   0.00257   0.01292   1.25467   0.95951   1.12781   1.21386   1.07349   0.11945   0.01651   1.58677  
 39 36.3625   1633.662073  x:  0.00593   0.00000   0.00000   0.00000   0.00000   0.00708   0.00000   0.00000   0.01166   0.00845   0.00272   0.00000   0.00000   0.00000   0.00000   0.01827   0.01235   0.00000   0.00352   0.02131   0.03319   0.02236   0.00000   0.04345   0.01939   0.00591   0.00887   0.02131   0.01521   0.00900   0.04413   0.00000   0.01500   0.00448   0.00000   0.00000   0.06047   0.01453   0.02206   0.01808   0.01349   0.00481   0.01557   0.00000   0.00466   0.00000   0.00483   0.02272   0.00000   0.00441   0.00000   0.00300   0.01440   1.29718   0.96201   1.13576   1.23150   1.07877   0.16002   0.01325   1.54897  
 40 111.5696   1632.966053  x:  0.00610   0.00000   0.00000   0.00000   0.00000   0.00771   0.00000   0.00000   0.01400   0.00930   0.00309   0.00000   0.00000   0.00000   0.00000   0.01801   0.01249   0.00000   0.00216   0.02093   0.02707   0.02157   0.00000   0.04374   0.01974   0.00482   0.01204   0.02406   0.01635   0.00688   0.04166   0.00000   0.01405   0.00416   0.00000   0.00000   0.05759   0.01520   0.01983   0.01832   0.01492   0.00464   0.01751   0.00000   0.00456   0.00000   0.00538   0.02451   0.00000   0.00386   0.00000   0.00339   0.01205   1.36362   0.96599   1.14829   1.25914   1.08761   0.22294   0.00312   1.48978  
 41 359.6325   1632.786595  x:  0.00615   0.00000   0.00000   0.00000   0.00000   0.00800   0.00000   0.00000   0.01262   0.00941   0.00314   0.00000   0.00000   0.00000   0.00000   0.01874   0.01315   0.00000   0.00182   0.02132   0.02448   0.02180   0.00000   0.04379   0.01980   0.00562   0.01027   0.02347   0.01665   0.00720   0.03987   0.00000   0.01604   0.00408   0.00000   0.00000   0.05689   0.01517   0.01850   0.01817   0.01411   0.00452   0.01804   0.00000   0.00469   0.00000   0.00536   0.02588   0.00000   0.00428   0.00000   0.00356   0.01073   1.38107   0.96713   1.15162   1.26656   1.08987   0.23961   0.00102   1.47414  
 42 388.5301   1632.768791  x:  0.00615   0.00000   0.00000   0.00000   0.00000   0.00800   0.00000   0.00000   0.01254   0.00932   0.00315   0.00000   0.00000   0.00000   0.00000   0.01902   0.01314   0.00000   0.00183   0.02153   0.02415   0.02153   0.00000   0.04393   0.02010   0.00550   0.01058   0.02230   0.01595   0.00697   0.03977   0.00000   0.01609   0.00407   0.00000   0.00000   0.05689   0.01503   0.01799   0.01835   0.01418   0.00449   0.01805   0.00000   0.00469   0.00000   0.00534   0.02620   0.00000   0.00426   0.00000   0.00357   0.01151   1.38318   0.96754   1.15214   1.26784   1.09014   0.24178   0.00083   1.47205  
 43 23.5434   1632.706666  x:  0.00610   0.00000   0.00000   0.00000   0.00000   0.00803   0.00000   0.00000   0.01285   0.00944   0.00316   0.00000   0.00000   0.00000   0.00000   0.01801   0.01333   0.00000   0.00186   0.02095   0.02389   0.02185   0.00000   0.04415   0.02011   0.00550   0.01091   0.02019   0.01612   0.00740   0.04010   0.00000   0.01585   0.00407   0.00000   0.00000   0.05701   0.01554   0.01806   0.01797   0.01434   0.00455   0.01813   0.00000   0.00472   0.00000   0.00543   0.02646   0.00000   0.00426   0.00000   0.00359   0.01092   1.39027   0.96948   1.15417   1.27294   1.09112   0.24937   0.00000   1.46463  
 44 28.6492   1632.706666  x:  0.00610   0.00000   0.00000   0.00000   0.00000   0.00803   0.00000   0.00000   0.01285   0.00944   0.00316   0.00000   0.00000   0.00000   0.00000   0.01801   0.01333   0.00000   0.00186   0.02095   0.02389   0.02185   0.00000   0.04415   0.02011   0.00550   0.01091   0.02019   0.01612   0.00740   0.04010   0.00000   0.01585   0.00407   0.00000   0.00000   0.05701   0.01554   0.01806   0.01797   0.01434   0.00455   0.01813   0.00000   0.00472   0.00000   0.00543   0.02646   0.00000   0.00426   0.00000   0.00359   0.01092   1.39027   0.96948   1.15417   1.27294   1.09112   0.24937   0.00000   1.46463  
 45 169.1651   1632.123203  x:  0.00796   0.00000   0.00000   0.00000   0.00000   0.00841   0.00000   0.00000   0.01298   0.00914   0.00484   0.00000   0.00000   0.00000   0.00000   0.01857   0.01349   0.00000   0.00570   0.02125   0.02396   0.02201   0.00000   0.04425   0.02060   0.00599   0.01098   0.02043   0.01607   0.00837   0.04055   0.00000   0.01613   0.00467   0.00000   0.00000   0.05711   0.01581   0.01904   0.01890   0.01447   0.00500   0.01823   0.00000   0.00484   0.00000   0.00539   0.02641   0.00000   0.00439   0.00000   0.00466   0.01116   1.39030   0.96950   1.15419   1.27299   1.09112   0.24942   0.00004   1.46458  
 46 297.9997   1631.784198  x:  0.01057   0.00000   0.00000   0.00000   0.00000   0.00925   0.00000   0.00000   0.01341   0.00843   0.00486   0.00000   0.00000   0.00000   0.00000   0.02035   0.01351   0.00000   0.00412   0.02219   0.02423   0.02233   0.00000   0.04461   0.02212   0.00695   0.01110   0.02125   0.01595   0.01035   0.04214   0.00000   0.01698   0.00515   0.00000   0.00000   0.05749   0.01658   0.02212   0.02179   0.01485   0.00567   0.01860   0.00000   0.00502   0.00000   0.00536   0.02627   0.00000   0.00453   0.00000   0.00504   0.01189   1.39038   0.96958   1.15424   1.27317   1.09112   0.24963   0.00038   1.46439  
 47 117.4634   1631.685691  x:  0.00968   0.00000   0.00000   0.00000   0.00000   0.00898   0.00000   0.00000   0.01355   0.00881   0.00447   0.00000   0.00000   0.00000   0.00000   0.02139   0.01367   0.00000   0.00468   0.02280   0.02450   0.02262   0.00000   0.04497   0.02301   0.00654   0.01102   0.02177   0.01590   0.01000   0.04358   0.00000   0.01733   0.00445   0.00000   0.00000   0.05795   0.01661   0.02408   0.02344   0.01495   0.00508   0.01890   0.00000   0.00483   0.00000   0.00546   0.02623   0.00000   0.00432   0.00000   0.00432   0.01214   1.39048   0.96968   1.15431   1.27339   1.09109   0.24991   0.00095   1.46417  
 48 63.8537   1631.659467  x:  0.00904   0.00000   0.00000   0.00000   0.00000   0.00884   0.00000   0.00000   0.01353   0.00892   0.00479   0.00000   0.00000   0.00000   0.00000   0.02165   0.01370   0.00000   0.00456   0.02294   0.02463   0.02271   0.00000   0.04518   0.02324   0.00637   0.01104   0.02191   0.01593   0.00955   0.04429   0.00000   0.01732   0.00489   0.00000   0.00000   0.05825   0.01636   0.02472   0.02390   0.01495   0.00508   0.01901   0.00000   0.00494   0.00000   0.00543   0.02625   0.00000   0.00452   0.00000   0.00485   0.01210   1.39055   0.96975   1.15435   1.27356   1.09106   0.25013   0.00141   1.46400  
 49 47.4111   1631.641151  x:  0.00913   0.00000   0.00000   0.00000   0.00000   0.00897   0.00000   0.00000   0.01339   0.00874   0.00477   0.00000   0.00000   0.00000   0.00000   0.02150   0.01368   0.00000   0.00460   0.02284   0.02481   0.02276   0.00000   0.04557   0.02319   0.00658   0.01124   0.02189   0.01606   0.00920   0.04537   0.00000   0.01703   0.00489   0.00000   0.00000   0.05890   0.01554   0.02499   0.02393   0.01487   0.00558   0.01908   0.00000   0.00502   0.00000   0.00537   0.02636   0.00000   0.00434   0.00000   0.00466   0.01182   1.39073   0.96993   1.15448   1.27399   1.09097   0.25070   0.00266   1.46357  
 50 20.9409   1631.626268  x:  0.00938   0.00000   0.00000   0.00000   0.00000   0.00900   0.00000   0.00000   0.01339   0.00879   0.00467   0.00000   0.00000   0.00000   0.00000   0.02126   0.01368   0.00000   0.00458   0.02271   0.02493   0.02277   0.00000   0.04594   0.02305   0.00652   0.01124   0.02181   0.01612   0.00946   0.04626   0.00000   0.01691   0.00473   0.00000   0.00000   0.05959   0.01508   0.02496   0.02386   0.01484   0.00517   0.01910   0.00000   0.00487   0.00000   0.00546   0.02648   0.00000   0.00471   0.00000   0.00481   0.01173   1.39097   0.97017   1.15464   1.27455   1.09086   0.25144   0.00421   1.46301  
 51 32.0607   1631.611953  x:  0.00938   0.00000   0.00000   0.00000   0.00000   0.00892   0.00000   0.00000   0.01352   0.00896   0.00482   0.00000   0.00000   0.00000   0.00000   0.02109   0.01371   0.00000   0.00454   0.02263   0.02497   0.02275   0.00000   0.04625   0.02293   0.00639   0.01111   0.02176   0.01610   0.00984   0.04683   0.00000   0.01704   0.00496   0.00000   0.00000   0.06025   0.01523   0.02471   0.02386   0.01495   0.00494   0.01906   0.00000   0.00500   0.00000   0.00546   0.02658   0.00000   0.00425   0.00000   0.00475   0.01187   1.39128   0.97048   1.15486   1.27528   1.09074   0.25240   0.00612   1.46227  
 52 36.7173   1631.590323  x:  0.00913   0.00000   0.00000   0.00000   0.00000   0.00890   0.00000   0.00000   0.01374   0.00902   0.00475   0.00000   0.00000   0.00000   0.00000   0.02105   0.01379   0.00000   0.00463   0.02267   0.02493   0.02273   0.00000   0.04660   0.02285   0.00647   0.01102   0.02178   0.01605   0.00997   0.04717   0.00000   0.01743   0.00491   0.00000   0.00000   0.06116   0.01610   0.02422   0.02394   0.01519   0.00549   0.01897   0.00000   0.00508   0.00000   0.00538   0.02669   0.00000   0.00463   0.00000   0.00465   0.01222   1.39188   0.97107   1.15527   1.27668   1.09053   0.25420   0.00950   1.46086  
 53 52.0830   1631.575337  x:  0.00925   0.00000   0.00000   0.00000   0.00000   0.00908   0.00000   0.00000   0.01367   0.00882   0.00471   0.00000   0.00000   0.00000   0.00000   0.02132   0.01382   0.00000   0.00462   0.02285   0.02486   0.02280   0.00000   0.04665   0.02301   0.00672   0.01120   0.02194   0.01610   0.00949   0.04685   0.00000   0.01753   0.00475   0.00000   0.00000   0.06147   0.01659   0.02409   0.02391   0.01516   0.00531   0.01896   0.00000   0.00483   0.00000   0.00549   0.02671   0.00000   0.00441   0.00000   0.00496   0.01220   1.39238   0.97157   1.15561   1.27785   1.09041   0.25565   0.01193   1.45968  
 54 44.1037   1631.562586  x:  0.00944   0.00000   0.00000   0.00000   0.00000   0.00913   0.00000   0.00000   0.01354   0.00882   0.00481   0.00000   0.00000   0.00000   0.00000   0.02166   0.01380   0.00000   0.00462   0.02303   0.02479   0.02292   0.00000   0.04653   0.02329   0.00666   0.01134   0.02212   0.01617   0.00929   0.04622   0.00000   0.01742   0.00500   0.00000   0.00000   0.06143   0.01663   0.02424   0.02380   0.01502   0.00507   0.01900   0.00000   0.00508   0.00000   0.00548   0.02671   0.00000   0.00461   0.00000   0.00463   0.01200   1.39289   0.97208   1.15596   1.27904   1.09033   0.25708   0.01399   1.45848  
 55 47.1123   1631.550058  x:  0.00938   0.00000   0.00000   0.00000   0.00000   0.00898   0.00000   0.00000   0.01351   0.00903   0.00471   0.00000   0.00000   0.00000   0.00000   0.02192   0.01379   0.00000   0.00463   0.02314   0.02476   0.02304   0.00000   0.04629   0.02357   0.00639   0.01133   0.02224   0.01622   0.00966   0.04543   0.00000   0.01723   0.00487   0.00000   0.00000   0.06105   0.01624   0.02461   0.02369   0.01494   0.00536   0.01908   0.00000   0.00505   0.00000   0.00539   0.02669   0.00000   0.00452   0.00000   0.00482   0.01181   1.39348   0.97268   1.15638   1.28043   1.09029   0.25868   0.01587   1.45708  
 56 44.3948   1631.541643  x:  0.00912   0.00000   0.00000   0.00000   0.00000   0.00903   0.00000   0.00000   0.01372   0.00890   0.00490   0.00000   0.00000   0.00000   0.00000   0.02175   0.01383   0.00000   0.00462   0.02299   0.02482   0.02302   0.00000   0.04608   0.02354   0.00671   0.01127   0.02214   0.01617   0.00981   0.04511   0.00000   0.01731   0.00492   0.00000   0.00000   0.06045   0.01585   0.02492   0.02382   0.01510   0.00533   0.01911   0.00000   0.00484   0.00000   0.00555   0.02670   0.00000   0.00455   0.00000   0.00469   0.01201   1.39402   0.97322   1.15675   1.28167   1.09037   0.26002   0.01671   1.45582  
 57 23.9693   1631.531755  x:  0.00916   0.00000   0.00000   0.00000   0.00000   0.00910   0.00000   0.00000   0.01384   0.00883   0.00462   0.00000   0.00000   0.00000   0.00000   0.02143   0.01386   0.00000   0.00469   0.02279   0.02492   0.02295   0.00000   0.04587   0.02336   0.00680   0.01117   0.02196   0.01610   0.00964   0.04501   0.00000   0.01749   0.00491   0.00000   0.00000   0.05961   0.01559   0.02516   0.02412   0.01529   0.00521   0.01910   0.00000   0.00521   0.00000   0.00543   0.02673   0.00000   0.00453   0.00000   0.00484   0.01224   1.39475   0.97397   1.15727   1.28337   1.09053   0.26178   0.01731   1.45410  
 58 40.2323   1631.514538  x:  0.00954   0.00000   0.00000   0.00000   0.00000   0.00903   0.00000   0.00000   0.01368   0.00905   0.00489   0.00000   0.00000   0.00000   0.00000   0.02102   0.01384   0.00000   0.00457   0.02260   0.02505   0.02284   0.00000   0.04569   0.02306   0.00637   0.01111   0.02178   0.01606   0.00927   0.04526   0.00000   0.01763   0.00483   0.00000   0.00000   0.05829   0.01565   0.02522   0.02465   0.01532   0.00531   0.01904   0.00000   0.00493   0.00000   0.00527   0.02678   0.00000   0.00455   0.00000   0.00475   0.01227   1.39616   0.97541   1.15825   1.28662   1.09094   0.26506   0.01774   1.45080  
 59 53.9647   1631.472920  x:  0.00934   0.00000   0.00000   0.00000   0.00000   0.00889   0.00000   0.00000   0.01314   0.00909   0.00448   0.00000   0.00000   0.00000   0.00000   0.02089   0.01373   0.00000   0.00472   0.02273   0.02515   0.02278   0.00000   0.04567   0.02283   0.00645   0.01161   0.02180   0.01624   0.00966   0.04628   0.00000   0.01742   0.00520   0.00000   0.00000   0.05598   0.01618   0.02473   0.02523   0.01485   0.00541   0.01890   0.00000   0.00487   0.00000   0.00595   0.02683   0.00000   0.00453   0.00000   0.00475   0.01167   1.39980   0.97913   1.16082   1.29503   1.09215   0.27341   0.01770   1.44225  
 60 88.4876   1631.415215  x:  0.00891   0.00000   0.00000   0.00000   0.00000   0.00906   0.00000   0.00000   0.01324   0.00880   0.00511   0.00000   0.00000   0.00000   0.00000   0.02129   0.01370   0.00000   0.00459   0.02307   0.02510   0.02286   0.00000   0.04587   0.02299   0.00679   0.01185   0.02204   0.01637   0.01012   0.04739   0.00000   0.01708   0.00448   0.00000   0.00000   0.05402   0.01649   0.02401   0.02514   0.01449   0.00519   0.01882   0.00000   0.00537   0.00000   0.00530   0.02685   0.00000   0.00456   0.00000   0.00481   0.01131   1.40491   0.98438   1.16444   1.30684   1.09392   0.28505   0.01699   1.43025  
 61 223.6040   1631.239104  x:  0.00910   0.00000   0.00000   0.00000   0.00000   0.00948   0.00000   0.00000   0.01469   0.00858   0.00441   0.00000   0.00000   0.00000   0.00000   0.02290   0.01395   0.00000   0.00476   0.02384   0.02468   0.02329   0.00000   0.04660   0.02400   0.00666   0.01102   0.02276   0.01626   0.00987   0.04933   0.00000   0.01677   0.00540   0.00000   0.00000   0.05129   0.01623   0.02271   0.02345   0.01483   0.00514   0.01888   0.00000   0.00444   0.00000   0.00422   0.02678   0.00000   0.00453   0.00000   0.00469   0.01197   1.42060   1.00049   1.17555   1.34311   1.09953   0.32064   0.01361   1.39335  
 62 394.9664   1630.977838  x:  0.00992   0.00000   0.00000   0.00000   0.00000   0.00931   0.00000   0.00000   0.01575   0.00912   0.00487   0.00000   0.00000   0.00000   0.00000   0.02454   0.01420   0.00000   0.00449   0.02429   0.02409   0.02372   0.00000   0.04754   0.02511   0.00620   0.00991   0.02341   0.01603   0.00908   0.05094   0.00000   0.01703   0.00476   0.00000   0.00000   0.04935   0.01579   0.02191   0.02112   0.01577   0.00572   0.01908   0.00000   0.00535   0.00000   0.00670   0.02666   0.00000   0.00455   0.00000   0.00482   0.01309   1.44583   1.02641   1.19345   1.40147   1.10865   0.37783   0.00758   1.33397  
 63 1257.2670   1630.386009  x:  0.00995   0.00000   0.00000   0.00000   0.00000   0.00869   0.00000   0.00000   0.01473   0.00953   0.00485   0.00000   0.00000   0.00000   0.00000   0.02458   0.01416   0.00000   0.00446   0.02374   0.02379   0.02372   0.00000   0.04810   0.02520   0.00667   0.01052   0.02333   0.01610   0.00917   0.05082   0.00000   0.01774   0.00477   0.00000   0.00000   0.04991   0.01597   0.02266   0.02029   0.01628   0.00565   0.01929   0.00000   0.00531   0.00000   0.00636   0.02663   0.00000   0.00456   0.00000   0.00481   0.01331   1.47534   1.05676   1.21442   1.46977   1.11940   0.44468   0.00000   1.26444  
 64 1547.8624   1629.358244  x:  0.00861   0.00000   0.00000   0.00000   0.00000   0.01261   0.00000   0.00000   0.01478   0.00685   0.00480   0.00000   0.00000   0.00000   0.00000   0.02322   0.01422   0.00000   0.00460   0.02267   0.02384   0.02343   0.00000   0.04868   0.02435   0.00382   0.00938   0.02253   0.01609   0.00988   0.04881   0.00000   0.01675   0.00480   0.00000   0.00000   0.05381   0.01705   0.02446   0.02169   0.01524   0.00582   0.01936   0.00000   0.00526   0.00000   0.00682   0.02683   0.00000   0.00452   0.00000   0.00469   0.01196   1.57371   1.15805   1.28447   1.69771   1.15544   0.66766   0.00000   1.03230  
 65 5570.3744   1629.148253  x:  0.00875   0.00000   0.00000   0.00000   0.00000   0.01282   0.00000   0.00000   0.01582   0.00804   0.00478   0.00000   0.00000   0.00000   0.00000   0.02288   0.01435   0.00000   0.00456   0.02303   0.02415   0.02347   0.00000   0.04841   0.02413   0.00454   0.00910   0.02251   0.01616   0.00965   0.04831   0.00000   0.01600   0.00482   0.00000   0.00000   0.05462   0.01699   0.02419   0.02273   0.01465   0.00585   0.01919   0.00000   0.00528   0.00000   0.00682   0.02699   0.00000   0.00452   0.00000   0.00470   0.01155   1.58734   1.17213   1.29423   1.72939   1.16056   0.69854   0.00000   1.00000  
 66 2232.3914   1629.096163  x:  0.00904   0.00000   0.00000   0.00000   0.00000   0.01137   0.00000   0.00000   0.01672   0.00735   0.00479   0.00000   0.00000   0.00000   0.00000   0.02272   0.01447   0.00000   0.00451   0.02384   0.02470   0.02370   0.00000   0.04775   0.02402   0.00438   0.00970   0.02286   0.01641   0.00954   0.04793   0.00000   0.01592   0.00479   0.00000   0.00000   0.05528   0.01628   0.02318   0.02394   0.01453   0.00585   0.01891   0.00000   0.00529   0.00000   0.00686   0.02729   0.00000   0.00453   0.00000   0.00470   0.01169   1.59429   1.17943   1.29934   1.74577   1.16350   0.71422   0.00000   1.00000  
 67 314.3078   1629.084812  x:  0.00896   0.00000   0.00000   0.00000   0.00000   0.01169   0.00000   0.00000   0.01618   0.00748   0.00479   0.00000   0.00000   0.00000   0.00000   0.02290   0.01437   0.00000   0.00452   0.02415   0.02498   0.02388   0.00000   0.04716   0.02416   0.00440   0.00959   0.02313   0.01645   0.00961   0.04790   0.00000   0.01635   0.00480   0.00000   0.00000   0.05550   0.01570   0.02242   0.02446   0.01481   0.00583   0.01883   0.00000   0.00529   0.00000   0.00684   0.02746   0.00000   0.00453   0.00000   0.00470   0.01178   1.59569   1.18109   1.30059   1.74945   1.16461   0.71730   0.00000   1.00000  
 68 47.2383   1629.073963  x:  0.00898   0.00000   0.00000   0.00000   0.00000   0.01148   0.00000   0.00000   0.01589   0.00737   0.00479   0.00000   0.00000   0.00000   0.00000   0.02320   0.01459   0.00000   0.00451   0.02352   0.02496   0.02384   0.00000   0.04606   0.02440   0.00451   0.00934   0.02313   0.01623   0.00960   0.04820   0.00000   0.01581   0.00479   0.00000   0.00000   0.05571   0.01582   0.02222   0.02458   0.01482   0.00582   0.01902   0.00000   0.00529   0.00000   0.00683   0.02753   0.00000   0.00453   0.00000   0.00470   0.01200   1.59646   1.18283   1.30225   1.75316   1.16760   0.71855   0.00000   1.00000  
 69 11.1314   1629.041705  x:  0.00894   0.00000   0.00000   0.00000   0.00000   0.01190   0.00000   0.00000   0.01662   0.00762   0.00479   0.00000   0.00000   0.00000   0.00000   0.02341   0.01438   0.00000   0.00453   0.02290   0.02473   0.02370   0.00000   0.04392   0.02460   0.00421   0.01032   0.02295   0.01628   0.00960   0.04886   0.00000   0.01622   0.00479   0.00000   0.00000   0.05606   0.01596   0.02227   0.02422   0.01464   0.00585   0.01919   0.00000   0.00530   0.00000   0.00688   0.02749   0.00000   0.00452   0.00000   0.00469   0.01182   1.59845   1.18829   1.30766   1.76466   1.17798   0.72133   0.00000   1.00000  
 70 52.7862   1628.916990  x:  0.00899   0.00000   0.00000   0.00000   0.00000   0.01129   0.00000   0.00000   0.01684   0.00709   0.00476   0.00000   0.00000   0.00000   0.00000   0.02257   0.01358   0.00000   0.00456   0.02448   0.02433   0.02356   0.00000   0.04118   0.02453   0.00467   0.00866   0.02218   0.01654   0.00951   0.04968   0.00000   0.01719   0.00479   0.00000   0.00000   0.05667   0.01639   0.02310   0.02333   0.01421   0.00584   0.01873   0.00000   0.00525   0.00000   0.00681   0.02715   0.00000   0.00451   0.00000   0.00468   0.01038   1.60555   1.20911   1.32855   1.80847   1.21886   0.73062   0.00000   1.00000  
 71 160.4657   1628.428593  x:  0.00867   0.00000   0.00000   0.00000   0.00000   0.01268   0.00000   0.00000   0.01568   0.00736   0.00477   0.00000   0.00000   0.00000   0.00000   0.01992   0.01493   0.00000   0.00451   0.02883   0.02423   0.02346   0.00000   0.03984   0.02333   0.00410   0.00968   0.02188   0.01673   0.00973   0.04923   0.00000   0.01407   0.00476   0.00000   0.00000   0.05790   0.01666   0.02417   0.02318   0.01460   0.00581   0.01718   0.00000   0.00526   0.00000   0.00681   0.02628   0.00000   0.00450   0.00000   0.00467   0.01310   1.63348   1.29245   1.41236   1.98373   1.38336   0.76684   0.00000   1.00000  
 72 695.0088   1627.826162  x:  0.00858   0.00000   0.00000   0.00000   0.00000   0.01265   0.00000   0.00000   0.01689   0.00699   0.00472   0.00000   0.00000   0.00000   0.00000   0.02152   0.01455   0.00000   0.00453   0.02468   0.02532   0.02312   0.00000   0.04446   0.02275   0.00401   0.00900   0.02284   0.01496   0.00957   0.04621   0.00000   0.01509   0.00478   0.00000   0.00000   0.05878   0.01531   0.02204   0.02666   0.01306   0.00582   0.01875   0.00000   0.00522   0.00000   0.00685   0.02662   0.00000   0.00446   0.00000   0.00462   0.01094   1.66719   1.39428   1.51497   2.19799   1.58468   0.81096   0.00000   1.00000  
 73 1388.3955   1627.810678  x:  0.00856   0.00000   0.00000   0.00000   0.00000   0.01263   0.00000   0.00000   0.01701   0.00699   0.00471   0.00000   0.00000   0.00000   0.00000   0.02171   0.01397   0.00000   0.00456   0.02429   0.02518   0.02310   0.00000   0.04467   0.02300   0.00399   0.00888   0.02252   0.01603   0.00954   0.04609   0.00000   0.01479   0.00477   0.00000   0.00000   0.05880   0.01535   0.02193   0.02695   0.01358   0.00579   0.01849   0.00000   0.00522   0.00000   0.00685   0.02666   0.00000   0.00446   0.00000   0.00461   0.01091   1.66786   1.39694   1.51774   2.20366   1.58993   0.81222   0.00000   1.00000  
 74 109.1844   1627.808300  x:  0.00856   0.00000   0.00000   0.00000   0.00000   0.01262   0.00000   0.00000   0.01696   0.00699   0.00471   0.00000   0.00000   0.00000   0.00000   0.02178   0.01412   0.00000   0.00456   0.02420   0.02491   0.02310   0.00000   0.04472   0.02315   0.00399   0.00886   0.02229   0.01615   0.00953   0.04608   0.00000   0.01491   0.00477   0.00000   0.00000   0.05881   0.01525   0.02190   0.02704   0.01329   0.00580   0.01816   0.00000   0.00522   0.00000   0.00685   0.02667   0.00000   0.00446   0.00000   0.00461   0.01104   1.66745   1.39730   1.51834   2.20459   1.59065   0.81264   0.00000   1.00000  
 75  8.8579   1627.795012  x:  0.00855   0.00000   0.00000   0.00000   0.00000   0.01258   0.00000   0.00000   0.01699   0.00700   0.00471   0.00000   0.00000   0.00000   0.00000   0.02183   0.01416   0.00000   0.00456   0.02423   0.02398   0.02311   0.00000   0.04480   0.02339   0.00397   0.00905   0.02188   0.01549   0.00951   0.04609   0.00000   0.01479   0.00477   0.00000   0.00000   0.05884   0.01508   0.02180   0.02735   0.01377   0.00577   0.01757   0.00000   0.00522   0.00000   0.00685   0.02668   0.00000   0.00446   0.00000   0.00461   0.01066   1.66400   1.39869   1.52148   2.20884   1.59343   0.81515   0.00198   1.00000  
 76 12.8048   1627.734608  x:  0.00855   0.00000   0.00000   0.00000   0.00000   0.01253   0.00000   0.00000   0.01688   0.00700   0.00471   0.00000   0.00000   0.00000   0.00000   0.02149   0.01337   0.00000   0.00459   0.02443   0.02347   0.02321   0.00000   0.04482   0.02330   0.00402   0.00896   0.02211   0.01579   0.00951   0.04610   0.00000   0.01481   0.00476   0.00000   0.00000   0.05888   0.01504   0.02173   0.02743   0.01311   0.00579   0.01887   0.00000   0.00522   0.00000   0.00683   0.02677   0.00000   0.00446   0.00000   0.00461   0.01136   1.64656   1.40484   1.53632   2.22836   1.60574   0.82734   0.01217   1.00000  
 77 63.2950   1627.704269  x:  0.00857   0.00000   0.00000   0.00000   0.00000   0.01259   0.00000   0.00000   0.01694   0.00702   0.00471   0.00000   0.00000   0.00000   0.00000   0.02155   0.01474   0.00000   0.00453   0.02422   0.02456   0.02320   0.00000   0.04474   0.02321   0.00403   0.00887   0.02238   0.01655   0.00955   0.04608   0.00000   0.01507   0.00478   0.00000   0.00000   0.05885   0.01527   0.02190   0.02708   0.01348   0.00578   0.01868   0.00000   0.00522   0.00000   0.00682   0.02692   0.00000   0.00447   0.00000   0.00461   0.01084   1.63711   1.40815   1.54433   2.23889   1.61236   0.83396   0.01655   1.00000  
 78 136.1448   1627.677647  x:  0.00857   0.00000   0.00000   0.00000   0.00000   0.01255   0.00000   0.00000   0.01693   0.00702   0.00471   0.00000   0.00000   0.00000   0.00000   0.02190   0.01406   0.00000   0.00455   0.02391   0.02613   0.02328   0.00000   0.04472   0.02321   0.00406   0.00891   0.02249   0.01607   0.00953   0.04608   0.00000   0.01498   0.00477   0.00000   0.00000   0.05886   0.01549   0.02222   0.02662   0.01331   0.00579   0.01730   0.00000   0.00521   0.00000   0.00682   0.02714   0.00000   0.00446   0.00000   0.00461   0.01105   1.62803   1.41134   1.55205   2.24907   1.61881   0.84032   0.01789   1.00000  
 79 67.7663   1627.222464  x:  0.00863   0.00000   0.00000   0.00000   0.00000   0.01219   0.00000   0.00000   0.01650   0.00716   0.00469   0.00000   0.00000   0.00000   0.00000   0.02190   0.01410   0.00000   0.00452   0.02506   0.02804   0.02268   0.00000   0.04534   0.02583   0.00424   0.00990   0.01777   0.01516   0.00950   0.04594   0.00000   0.01517   0.00477   0.00000   0.00000   0.05918   0.01571   0.02169   0.02650   0.01364   0.00572   0.01972   0.00000   0.00520   0.00000   0.00667   0.02757   0.00000   0.00448   0.00000   0.00461   0.01117   1.45709   1.47217   1.69842   2.44300   1.74255   0.96098   0.01104   1.00000  
 80 107.3488   1626.958398  x:  0.00862   0.00000   0.00000   0.00000   0.00000   0.01191   0.00000   0.00000   0.01646   0.00720   0.00466   0.00000   0.00000   0.00000   0.00000   0.02103   0.01402   0.00000   0.00452   0.02395   0.02520   0.02294   0.00000   0.04511   0.02425   0.00451   0.00950   0.02232   0.01599   0.00953   0.04613   0.00000   0.01545   0.00477   0.00000   0.00000   0.05945   0.01546   0.02232   0.02677   0.01379   0.00567   0.01856   0.00000   0.00519   0.00000   0.00655   0.02697   0.00000   0.00448   0.00000   0.00459   0.01116   1.35258   1.50938   1.78805   2.56167   1.81832   1.03484   0.00617   1.00000  
 81 1159.5056   1626.952498  x:  0.00862   0.00000   0.00000   0.00000   0.00000   0.01189   0.00000   0.00000   0.01643   0.00720   0.00466   0.00000   0.00000   0.00000   0.00000   0.02169   0.01404   0.00000   0.00451   0.02404   0.02507   0.02309   0.00000   0.04504   0.02334   0.00453   0.00948   0.02207   0.01606   0.00955   0.04613   0.00000   0.01544   0.00477   0.00000   0.00000   0.05948   0.01539   0.02239   0.02680   0.01381   0.00567   0.01857   0.00000   0.00519   0.00000   0.00655   0.02688   0.00000   0.00448   0.00000   0.00459   0.01121   1.35041   1.51016   1.79007   2.56422   1.82000   1.03648   0.00607   1.00000  
 82 38.1563   1626.931314  x:  0.00863   0.00000   0.00000   0.00000   0.00000   0.01179   0.00000   0.00000   0.01634   0.00722   0.00466   0.00000   0.00000   0.00000   0.00000   0.02199   0.01398   0.00000   0.00454   0.02415   0.02520   0.02139   0.00000   0.04507   0.02332   0.00457   0.00950   0.02222   0.01607   0.00955   0.04614   0.00000   0.01547   0.00476   0.00000   0.00000   0.05955   0.01516   0.02228   0.02689   0.01384   0.00565   0.01849   0.00000   0.00518   0.00000   0.00652   0.02566   0.00000   0.00448   0.00000   0.00459   0.01125   1.35397   1.51067   1.80191   2.57017   1.82743   1.04485   0.00595   1.00000  
 83  1.6017   1626.376247  x:  0.00888   0.00000   0.00000   0.00000   0.00000   0.01023   0.00000   0.00000   0.01509   0.00758   0.00460   0.00000   0.00000   0.00000   0.00000   0.02096   0.01388   0.00000   0.00432   0.02235   0.02544   0.02569   0.00000   0.04553   0.02365   0.00557   0.01045   0.02200   0.01610   0.00957   0.04609   0.00000   0.01665   0.00477   0.00000   0.00000   0.05978   0.01538   0.02268   0.02664   0.01445   0.00544   0.01859   0.00000   0.00508   0.00000   0.00587   0.01924   0.00000   0.00449   0.00000   0.00458   0.01155   1.45146   1.52425   2.11773   2.72849   2.02577   1.26828   0.00191   1.00000  
 84 155.6154   1625.974638  x:  0.00896   0.00000   0.00000   0.00000   0.00000   0.00959   0.00000   0.00000   0.01452   0.00777   0.00457   0.00000   0.00000   0.00000   0.00000   0.02115   0.01383   0.00000   0.00428   0.02224   0.02476   0.02476   0.00000   0.04571   0.02334   0.00601   0.01083   0.02238   0.01623   0.00961   0.04594   0.00000   0.01711   0.00478   0.00000   0.00000   0.05978   0.01551   0.02347   0.02615   0.01479   0.00535   0.01871   0.00000   0.00504   0.00000   0.00558   0.02204   0.00000   0.00450   0.00000   0.00457   0.01177   1.49583   1.53048   2.26134   2.80058   2.11602   1.36993   0.00000   1.00000  
 85 2461.7391   1625.974638  x:  0.00896   0.00000   0.00000   0.00000   0.00000   0.00959   0.00000   0.00000   0.01452   0.00777   0.00457   0.00000   0.00000   0.00000   0.00000   0.02115   0.01383   0.00000   0.00428   0.02224   0.02476   0.02476   0.00000   0.04571   0.02334   0.00601   0.01083   0.02238   0.01623   0.00961   0.04594   0.00000   0.01711   0.00478   0.00000   0.00000   0.05978   0.01551   0.02347   0.02615   0.01479   0.00535   0.01871   0.00000   0.00504   0.00000   0.00558   0.02204   0.00000   0.00450   0.00000   0.00457   0.01177   1.49583   1.53048   2.26134   2.80058   2.11602   1.36993   0.00000   1.00000  
 86  1.3017   1625.861180  x:  0.00902   0.00000   0.00000   0.00000   0.00000   0.00877   0.00000   0.00000   0.01370   0.00974   0.00452   0.00000   0.00000   0.00000   0.00000   0.02135   0.01383   0.00000   0.00399   0.02237   0.02452   0.02379   0.00000   0.04582   0.02333   0.00695   0.01133   0.02226   0.01626   0.00961   0.04585   0.00000   0.01724   0.00483   0.00000   0.00000   0.05981   0.01551   0.02404   0.02531   0.01496   0.00518   0.01888   0.00000   0.00488   0.00000   0.00512   0.02437   0.00000   0.00448   0.00000   0.00468   0.01175   1.49588   1.53050   2.26131   2.80063   2.11598   1.37002   0.00002   1.00000  
 87 62.3594   1625.822675  x:  0.00901   0.00000   0.00000   0.00000   0.00000   0.00890   0.00000   0.00000   0.01335   0.00914   0.00459   0.00000   0.00000   0.00000   0.00000   0.02154   0.01387   0.00000   0.00453   0.02246   0.02429   0.02295   0.00000   0.04593   0.02332   0.00660   0.01133   0.02213   0.01622   0.00962   0.04576   0.00000   0.01733   0.00476   0.00000   0.00000   0.05986   0.01563   0.02460   0.02447   0.01507   0.00531   0.01904   0.00000   0.00509   0.00000   0.00554   0.02627   0.00000   0.00456   0.00000   0.00451   0.01174   1.49595   1.53053   2.26127   2.80069   2.11593   1.37016   0.00007   1.00000  
 88 39.0041   1625.816368  x:  0.00900   0.00000   0.00000   0.00000   0.00000   0.00901   0.00000   0.00000   0.01344   0.00887   0.00454   0.00000   0.00000   0.00000   0.00000   0.02157   0.01384   0.00000   0.00417   0.02248   0.02423   0.02279   0.00000   0.04598   0.02332   0.00649   0.01129   0.02210   0.01620   0.00962   0.04574   0.00000   0.01733   0.00481   0.00000   0.00000   0.05988   0.01573   0.02476   0.02424   0.01507   0.00530   0.01908   0.00000   0.00498   0.00000   0.00541   0.02664   0.00000   0.00449   0.00000   0.00464   0.01174   1.49599   1.53054   2.26125   2.80073   2.11590   1.37023   0.00010   1.00000  
 89 23.7040   1625.815213  x:  0.00900   0.00000   0.00000   0.00000   0.00000   0.00904   0.00000   0.00000   0.01365   0.00887   0.00456   0.00000   0.00000   0.00000   0.00000   0.02157   0.01383   0.00000   0.00423   0.02247   0.02420   0.02281   0.00000   0.04603   0.02333   0.00652   0.01127   0.02209   0.01620   0.00962   0.04572   0.00000   0.01730   0.00480   0.00000   0.00000   0.05991   0.01587   0.02486   0.02408   0.01504   0.00526   0.01908   0.00000   0.00495   0.00000   0.00528   0.02669   0.00000   0.00452   0.00000   0.00458   0.01175   1.49605   1.53057   2.26121   2.80078   2.11586   1.37035   0.00014   1.00000  
 90  6.4510   1625.814451  x:  0.00900   0.00000   0.00000   0.00000   0.00000   0.00903   0.00000   0.00000   0.01377   0.00892   0.00454   0.00000   0.00000   0.00000   0.00000   0.02156   0.01383   0.00000   0.00422   0.02245   0.02417   0.02287   0.00000   0.04610   0.02334   0.00655   0.01125   0.02209   0.01620   0.00962   0.04571   0.00000   0.01727   0.00480   0.00000   0.00000   0.05995   0.01602   0.02495   0.02391   0.01501   0.00529   0.01908   0.00000   0.00501   0.00000   0.00539   0.02666   0.00000   0.00449   0.00000   0.00464   0.01176   1.49615   1.53060   2.26116   2.80087   2.11580   1.37053   0.00020   1.00000  
 91  6.2835   1625.813610  x:  0.00901   0.00000   0.00000   0.00000   0.00000   0.00899   0.00000   0.00000   0.01366   0.00893   0.00457   0.00000   0.00000   0.00000   0.00000   0.02155   0.01384   0.00000   0.00417   0.02245   0.02416   0.02295   0.00000   0.04620   0.02335   0.00652   0.01125   0.02211   0.01621   0.00963   0.04570   0.00000   0.01728   0.00481   0.00000   0.00000   0.06002   0.01617   0.02505   0.02371   0.01501   0.00532   0.01907   0.00000   0.00496   0.00000   0.00543   0.02657   0.00000   0.00454   0.00000   0.00456   0.01176   1.49634   1.53068   2.26105   2.80104   2.11566   1.37090   0.00033   1.00000  
 92  5.5791   1625.812639  x:  0.00901   0.00000   0.00000   0.00000   0.00000   0.00900   0.00000   0.00000   0.01350   0.00891   0.00454   0.00000   0.00000   0.00000   0.00000   0.02155   0.01386   0.00000   0.00424   0.02245   0.02415   0.02299   0.00000   0.04631   0.02335   0.00650   0.01127   0.02212   0.01622   0.00963   0.04570   0.00000   0.01730   0.00480   0.00000   0.00000   0.06010   0.01626   0.02511   0.02355   0.01504   0.00530   0.01907   0.00000   0.00497   0.00000   0.00533   0.02647   0.00000   0.00449   0.00000   0.00464   0.01175   1.49663   1.53079   2.26089   2.80130   2.11545   1.37144   0.00051   1.00000  
 93 11.9881   1625.808257  x:  0.00898   0.00000   0.00000   0.00000   0.00000   0.00918   0.00000   0.00000   0.01351   0.00888   0.00460   0.00000   0.00000   0.00000   0.00000   0.02159   0.01386   0.00000   0.00415   0.02252   0.02423   0.02284   0.00000   0.04661   0.02333   0.00667   0.01139   0.02217   0.01624   0.00962   0.04575   0.00000   0.01741   0.00480   0.00000   0.00000   0.06041   0.01613   0.02508   0.02346   0.01515   0.00514   0.01908   0.00000   0.00522   0.00000   0.00534   0.02636   0.00000   0.00458   0.00000   0.00460   0.01175   1.49819   1.53139   2.26000   2.80272   2.11437   1.37439   0.00134   1.00000  
 94 12.3007   1625.798283  x:  0.00900   0.00000   0.00000   0.00000   0.00000   0.00921   0.00000   0.00000   0.01376   0.00895   0.00452   0.00000   0.00000   0.00000   0.00000   0.02169   0.01388   0.00000   0.00427   0.02266   0.02439   0.02255   0.00000   0.04711   0.02331   0.00669   0.01145   0.02224   0.01626   0.00963   0.04589   0.00000   0.01754   0.00485   0.00000   0.00000   0.06102   0.01582   0.02494   0.02359   0.01529   0.00531   0.01911   0.00000   0.00487   0.00000   0.00547   0.02634   0.00000   0.00447   0.00000   0.00460   0.01176   1.50180   1.53278   2.25796   2.80600   2.11188   1.38118   0.00316   1.00000  
 95 90.2491   1625.791321  x:  0.00909   0.00000   0.00000   0.00000   0.00000   0.00893   0.00000   0.00000   0.01385   0.00901   0.00463   0.00000   0.00000   0.00000   0.00000   0.02172   0.01389   0.00000   0.00425   0.02266   0.02444   0.02265   0.00000   0.04720   0.02337   0.00641   0.01128   0.02225   0.01626   0.00969   0.04600   0.00000   0.01746   0.00480   0.00000   0.00000   0.06127   0.01586   0.02488   0.02394   0.01520   0.00544   0.01914   0.00000   0.00506   0.00000   0.00533   0.02655   0.00000   0.00461   0.00000   0.00470   0.01180   1.50439   1.53378   2.25649   2.80836   2.11013   1.38603   0.00421   1.00000  
 96 83.0103   1625.784570  x:  0.00909   0.00000   0.00000   0.00000   0.00000   0.00896   0.00000   0.00000   0.01374   0.00896   0.00448   0.00000   0.00000   0.00000   0.00000   0.02172   0.01392   0.00000   0.00423   0.02259   0.02440   0.02302   0.00000   0.04699   0.02348   0.00650   0.01121   0.02225   0.01630   0.00972   0.04610   0.00000   0.01731   0.00488   0.00000   0.00000   0.06125   0.01611   0.02491   0.02437   0.01500   0.00524   0.01915   0.00000   0.00509   0.00000   0.00539   0.02688   0.00000   0.00444   0.00000   0.00453   0.01184   1.50695   1.53477   2.25504   2.81068   2.10845   1.39075   0.00486   1.00000  
 97 72.6702   1625.779967  x:  0.00904   0.00000   0.00000   0.00000   0.00000   0.00915   0.00000   0.00000   0.01367   0.00892   0.00463   0.00000   0.00000   0.00000   0.00000   0.02170   0.01394   0.00000   0.00428   0.02253   0.02434   0.02329   0.00000   0.04671   0.02356   0.00668   0.01128   0.02225   0.01634   0.00969   0.04614   0.00000   0.01728   0.00484   0.00000   0.00000   0.06109   0.01624   0.02497   0.02455   0.01496   0.00526   0.01916   0.00000   0.00495   0.00000   0.00545   0.02706   0.00000   0.00460   0.00000   0.00471   0.01185   1.50876   1.53547   2.25401   2.81234   2.10731   1.39407   0.00503   1.00000  
 98 79.4564   1625.769124  x:  0.00902   0.00000   0.00000   0.00000   0.00000   0.00935   0.00000   0.00000   0.01375   0.00898   0.00454   0.00000   0.00000   0.00000   0.00000   0.02165   0.01396   0.00000   0.00422   0.02253   0.02420   0.02359   0.00000   0.04586   0.02366   0.00668   0.01155   0.02230   0.01636   0.00961   0.04618   0.00000   0.01755   0.00477   0.00000   0.00000   0.06035   0.01616   0.02518   0.02439   0.01526   0.00573   0.01914   0.00000   0.00512   0.00000   0.00531   0.02708   0.00000   0.00451   0.00000   0.00459   0.01179   1.51319   1.53720   2.25149   2.81639   2.10465   1.40205   0.00446   1.00000  
 99 60.7517   1625.751829  x:  0.00910   0.00000   0.00000   0.00000   0.00000   0.00904   0.00000   0.00000   0.01391   0.00901   0.00462   0.00000   0.00000   0.00000   0.00000   0.02164   0.01397   0.00000   0.00428   0.02262   0.02410   0.02358   0.00000   0.04483   0.02374   0.00637   0.01165   0.02233   0.01631   0.00965   0.04619   0.00000   0.01782   0.00501   0.00000   0.00000   0.05923   0.01593   0.02540   0.02392   0.01552   0.00521   0.01911   0.00000   0.00502   0.00000   0.00543   0.02688   0.00000   0.00455   0.00000   0.00467   0.01176   1.52014   1.53991   2.24753   2.82276   2.10057   1.41449   0.00294   1.00000  
100 157.9023   1625.728353  x:  0.00909   0.00000   0.00000   0.00000   0.00000   0.00885   0.00000   0.00000   0.01379   0.00889   0.00449   0.00000   0.00000   0.00000   0.00000   0.02173   0.01393   0.00000   0.00420   0.02272   0.02421   0.02296   0.00000   0.04452   0.02371   0.00664   0.01134   0.02228   0.01622   0.00983   0.04613   0.00000   0.01748   0.00433   0.00000   0.00000   0.05827   0.01597   0.02537   0.02360   0.01518   0.00515   0.01913   0.00000   0.00493   0.00000   0.00547   0.02653   0.00000   0.00456   0.00000   0.00462   0.01187   1.52932   1.54351   2.24230   2.83120   2.09532   1.43081   0.00000   1.00000  
101 155.0375   1625.721337  x:  0.00906   0.00000   0.00000   0.00000   0.00000   0.00891   0.00000   0.00000   0.01369   0.00889   0.00455   0.00000   0.00000   0.00000   0.00000   0.02178   0.01391   0.00000   0.00423   0.02274   0.02430   0.02260   0.00000   0.04457   0.02366   0.00679   0.01116   0.02223   0.01619   0.00986   0.04606   0.00000   0.01724   0.00463   0.00000   0.00000   0.05781   0.01607   0.02529   0.02352   0.01495   0.00533   0.01914   0.00000   0.00499   0.00000   0.00542   0.02638   0.00000   0.00454   0.00000   0.00463   0.01192   1.53480   1.54566   2.23918   2.83624   2.09227   1.44047   0.00000   1.00000  
102 246.2663   1625.711965  x:  0.00913   0.00000   0.00000   0.00000   0.00000   0.00918   0.00000   0.00000   0.01374   0.00911   0.00449   0.00000   0.00000   0.00000   0.00000   0.02180   0.01395   0.00000   0.00421   0.02267   0.02442   0.02267   0.00000   0.04522   0.02355   0.00643   0.01133   0.02224   0.01632   0.00964   0.04598   0.00000   0.01738   0.00453   0.00000   0.00000   0.05769   0.01634   0.02512   0.02374   0.01509   0.00520   0.01917   0.00000   0.00496   0.00000   0.00546   0.02651   0.00000   0.00458   0.00000   0.00463   0.01185   1.54310   1.54895   2.23443   2.84391   2.08791   1.45490   0.00000   1.00000  
103 111.4149   1625.706117  x:  0.00913   0.00000   0.00000   0.00000   0.00000   0.00888   0.00000   0.00000   0.01382   0.00888   0.00460   0.00000   0.00000   0.00000   0.00000   0.02181   0.01399   0.00000   0.00420   0.02268   0.02445   0.02297   0.00000   0.04564   0.02359   0.00659   0.01152   0.02231   0.01638   0.00980   0.04600   0.00000   0.01759   0.00453   0.00000   0.00000   0.05788   0.01632   0.02510   0.02386   0.01528   0.00523   0.01918   0.00000   0.00497   0.00000   0.00546   0.02666   0.00000   0.00450   0.00000   0.00462   0.01185   1.54855   1.55111   2.23130   2.84897   2.08517   1.46429   0.00000   1.00000  
104 154.6493   1625.704365  x:  0.00913   0.00000   0.00000   0.00000   0.00000   0.00888   0.00000   0.00000   0.01383   0.00887   0.00443   0.00000   0.00000   0.00000   0.00000   0.02182   0.01401   0.00000   0.00420   0.02273   0.02442   0.02311   0.00000   0.04566   0.02367   0.00662   0.01145   0.02236   0.01635   0.00990   0.04608   0.00000   0.01762   0.00457   0.00000   0.00000   0.05811   0.01618   0.02518   0.02385   0.01529   0.00524   0.01919   0.00000   0.00497   0.00000   0.00546   0.02670   0.00000   0.00464   0.00000   0.00464   0.01189   1.55026   1.55180   2.23032   2.85057   2.08440   1.46715   0.00000   1.00000  
105 70.6888   1625.702359  x:  0.00913   0.00000   0.00000   0.00000   0.00000   0.00899   0.00000   0.00000   0.01381   0.00895   0.00454   0.00000   0.00000   0.00000   0.00000   0.02184   0.01402   0.00000   0.00419   0.02283   0.02437   0.02324   0.00000   0.04557   0.02380   0.00660   0.01129   0.02242   0.01629   0.00994   0.04622   0.00000   0.01760   0.00454   0.00000   0.00000   0.05852   0.01597   0.02533   0.02381   0.01525   0.00523   0.01919   0.00000   0.00497   0.00000   0.00546   0.02672   0.00000   0.00455   0.00000   0.00463   0.01195   1.55226   1.55261   2.22916   2.85246   2.08359   1.47044   0.00000   1.00000  
106 69.9951   1625.701047  x:  0.00916   0.00000   0.00000   0.00000   0.00000   0.00892   0.00000   0.00000   0.01381   0.00890   0.00452   0.00000   0.00000   0.00000   0.00000   0.02186   0.01401   0.00000   0.00419   0.02285   0.02435   0.02315   0.00000   0.04532   0.02384   0.00661   0.01138   0.02244   0.01632   0.00973   0.04637   0.00000   0.01753   0.00454   0.00000   0.00000   0.05895   0.01601   0.02545   0.02384   0.01523   0.00523   0.01920   0.00000   0.00497   0.00000   0.00546   0.02665   0.00000   0.00456   0.00000   0.00463   0.01191   1.55356   1.55315   2.22840   2.85372   2.08329   1.47239   0.00000   1.00000  
107 21.3121   1625.700265  x:  0.00912   0.00000   0.00000   0.00000   0.00000   0.00895   0.00000   0.00000   0.01381   0.00893   0.00452   0.00000   0.00000   0.00000   0.00000   0.02186   0.01401   0.00000   0.00419   0.02281   0.02436   0.02303   0.00000   0.04514   0.02381   0.00657   0.01145   0.02241   0.01636   0.00991   0.04644   0.00000   0.01756   0.00454   0.00000   0.00000   0.05919   0.01614   0.02546   0.02387   0.01526   0.00523   0.01920   0.00000   0.00497   0.00000   0.00546   0.02661   0.00000   0.00456   0.00000   0.00463   0.01189   1.55428   1.55347   2.22796   2.85445   2.08335   1.47329   0.00000   1.00000  
108 12.1066   1625.697825  x:  0.00930   0.00000   0.00000   0.00000   0.00000   0.00897   0.00000   0.00000   0.01380   0.00891   0.00452   0.00000   0.00000   0.00000   0.00000   0.02183   0.01403   0.00000   0.00419   0.02266   0.02451   0.02305   0.00000   0.04490   0.02363   0.00667   0.01125   0.02226   0.01626   0.00985   0.04636   0.00000   0.01779   0.00454   0.00000   0.00000   0.05943   0.01628   0.02515   0.02374   0.01533   0.00523   0.01921   0.00000   0.00497   0.00000   0.00546   0.02666   0.00000   0.00456   0.00000   0.00463   0.01203   1.55610   1.55438   2.22678   2.85651   2.08473   1.47461   0.00000   1.00000  
109  6.1765   1625.689247  x:  0.00868   0.00000   0.00000   0.00000   0.00000   0.00886   0.00000   0.00000   0.01380   0.00892   0.00452   0.00000   0.00000   0.00000   0.00000   0.02179   0.01401   0.00000   0.00418   0.02260   0.02475   0.02327   0.00000   0.04465   0.02345   0.00659   0.01124   0.02217   0.01623   0.00970   0.04605   0.00000   0.01771   0.00453   0.00000   0.00000   0.05974   0.01626   0.02451   0.02337   0.01523   0.00523   0.01920   0.00000   0.00496   0.00000   0.00546   0.02682   0.00000   0.00456   0.00000   0.00463   0.01198   1.56213   1.55749   2.22280   2.86351   2.09019   1.47834   0.00000   1.00000  
110 37.7961   1625.655222  x:  0.00943   0.00000   0.00000   0.00000   0.00000   0.00901   0.00000   0.00000   0.01381   0.00888   0.00452   0.00000   0.00000   0.00000   0.00000   0.02171   0.01389   0.00000   0.00417   0.02287   0.02498   0.02368   0.00000   0.04440   0.02352   0.00644   0.01188   0.02235   0.01647   0.00999   0.04510   0.00000   0.01685   0.00455   0.00000   0.00000   0.06018   0.01599   0.02346   0.02274   0.01487   0.00529   0.01915   0.00000   0.00497   0.00000   0.00545   0.02707   0.00000   0.00455   0.00000   0.00462   0.01148   1.58633   1.57001   2.20680   2.89171   2.11275   1.49275   0.00000   1.00000  
111 175.0096   1625.505184  x:  0.00905   0.00000   0.00000   0.00000   0.00000   0.00900   0.00000   0.00000   0.01376   0.00894   0.00455   0.00000   0.00000   0.00000   0.00000   0.02179   0.01418   0.00000   0.00417   0.02353   0.02405   0.02281   0.00000   0.04530   0.02475   0.00658   0.01120   0.02298   0.01634   0.00968   0.04341   0.00000   0.01740   0.00470   0.00000   0.00000   0.06020   0.01655   0.02460   0.02407   0.01559   0.00529   0.01900   0.00000   0.00498   0.00000   0.00542   0.02665   0.00000   0.00454   0.00000   0.00463   0.01221   1.69435   1.62602   2.13523   3.01796   2.21452   1.55648   0.00000   1.00000  
112 452.8709   1625.464727  x:  0.00906   0.00000   0.00000   0.00000   0.00000   0.00900   0.00000   0.00000   0.01371   0.00893   0.00454   0.00000   0.00000   0.00000   0.00000   0.02176   0.01377   0.00000   0.00418   0.02238   0.02404   0.02297   0.00000   0.04595   0.02360   0.00656   0.01130   0.02218   0.01617   0.00973   0.04508   0.00000   0.01772   0.00471   0.00000   0.00000   0.05983   0.01594   0.02547   0.02412   0.01484   0.00533   0.01916   0.00000   0.00498   0.00000   0.00540   0.02658   0.00000   0.00453   0.00000   0.00462   0.01160   1.72264   1.64080   2.11634   3.05135   2.24147   1.57330   0.00000   1.00000  
113 369.6625   1625.459744  x:  0.00906   0.00000   0.00000   0.00000   0.00000   0.00901   0.00000   0.00000   0.01373   0.00894   0.00455   0.00000   0.00000   0.00000   0.00000   0.02172   0.01406   0.00000   0.00417   0.02249   0.02418   0.02304   0.00000   0.04606   0.02339   0.00655   0.01134   0.02211   0.01624   0.00973   0.04588   0.00000   0.01733   0.00472   0.00000   0.00000   0.05967   0.01598   0.02537   0.02402   0.01517   0.00533   0.01916   0.00000   0.00499   0.00000   0.00540   0.02664   0.00000   0.00453   0.00000   0.00462   0.01190   1.72602   1.64265   2.11395   3.05562   2.24485   1.57550   0.00000   1.00000  
114 63.1250   1625.458558  x:  0.00906   0.00000   0.00000   0.00000   0.00000   0.00902   0.00000   0.00000   0.01373   0.00894   0.00455   0.00000   0.00000   0.00000   0.00000   0.02172   0.01391   0.00000   0.00418   0.02269   0.02425   0.02303   0.00000   0.04609   0.02352   0.00656   0.01128   0.02224   0.01626   0.00973   0.04625   0.00000   0.01744   0.00473   0.00000   0.00000   0.05959   0.01612   0.02519   0.02396   0.01515   0.00533   0.01913   0.00000   0.00499   0.00000   0.00540   0.02668   0.00000   0.00453   0.00000   0.00462   0.01181   1.72662   1.64309   2.11336   3.05676   2.24569   1.57614   0.00000   1.00000  
115 12.5417   1625.457369  x:  0.00906   0.00000   0.00000   0.00000   0.00000   0.00902   0.00000   0.00000   0.01374   0.00894   0.00455   0.00000   0.00000   0.00000   0.00000   0.02177   0.01415   0.00000   0.00417   0.02254   0.02421   0.02297   0.00000   0.04610   0.02371   0.00653   0.01137   0.02236   0.01623   0.00972   0.04638   0.00000   0.01754   0.00473   0.00000   0.00000   0.05957   0.01613   0.02507   0.02391   0.01498   0.00534   0.01914   0.00000   0.00499   0.00000   0.00540   0.02668   0.00000   0.00453   0.00000   0.00462   0.01186   1.72651   1.64352   2.11271   3.05825   2.24667   1.57705   0.00000   1.00000  
116  4.4863   1625.438883  x:  0.00905   0.00000   0.00000   0.00000   0.00000   0.00901   0.00000   0.00000   0.01370   0.00895   0.00454   0.00000   0.00000   0.00000   0.00000   0.02206   0.01350   0.00000   0.00421   0.02143   0.02367   0.02285   0.00000   0.04625   0.02456   0.00653   0.01138   0.02242   0.01600   0.00968   0.04661   0.00000   0.01712   0.00473   0.00000   0.00000   0.05961   0.01608   0.02460   0.02375   0.01551   0.00532   0.01926   0.00000   0.00499   0.00000   0.00540   0.02664   0.00000   0.00453   0.00000   0.00462   0.01201   1.72233   1.65026   2.10238   3.08269   2.26245   1.59219   0.00000   1.00000  
117 22.2103   1625.114247  x:  0.00902   0.00000   0.00000   0.00000   0.00000   0.00907   0.00000   0.00000   0.01375   0.00901   0.00457   0.00000   0.00000   0.00000   0.00000   0.02227   0.01493   0.00000   0.00413   0.02293   0.02095   0.02305   0.00000   0.04693   0.02485   0.00680   0.01076   0.01929   0.01628   0.00964   0.04655   0.00000   0.01725   0.00483   0.00000   0.00000   0.06050   0.01629   0.02350   0.02384   0.01580   0.00537   0.01970   0.00000   0.00501   0.00000   0.00539   0.02647   0.00000   0.00454   0.00000   0.00464   0.01016   1.64792   1.76647   1.92407   3.50534   2.53501   1.85446   0.00000   1.00000  
118 340.3170   1624.912737  x:  0.00907   0.00000   0.00000   0.00000   0.00000   0.00916   0.00000   0.00000   0.01377   0.00904   0.00459   0.00000   0.00000   0.00000   0.00000   0.02181   0.01363   0.00000   0.00420   0.02326   0.02286   0.02323   0.00000   0.04705   0.02355   0.00642   0.01202   0.02123   0.01622   0.00971   0.04610   0.00000   0.01764   0.00491   0.00000   0.00000   0.06093   0.01629   0.02444   0.02405   0.01465   0.00550   0.01941   0.00000   0.00505   0.00000   0.00539   0.02678   0.00000   0.00455   0.00000   0.00465   0.01274   1.60020   1.84103   1.80972   3.77655   2.70985   2.02285   0.00000   1.00000  
119 2700.6369   1624.884325  x:  0.00906   0.00000   0.00000   0.00000   0.00000   0.00917   0.00000   0.00000   0.01379   0.00904   0.00459   0.00000   0.00000   0.00000   0.00000   0.02174   0.01408   0.00000   0.00417   0.02265   0.02420   0.02320   0.00000   0.04697   0.02340   0.00661   0.01139   0.02242   0.01624   0.00970   0.04596   0.00000   0.01739   0.00492   0.00000   0.00000   0.06097   0.01628   0.02497   0.02410   0.01514   0.00548   0.01922   0.00000   0.00505   0.00000   0.00539   0.02695   0.00000   0.00455   0.00000   0.00465   0.01178   1.59362   1.85133   1.79399   3.81407   2.73405   2.04618   0.00000   1.00000  
120 515.8018   1624.883955  x:  0.00906   0.00000   0.00000   0.00000   0.00000   0.00917   0.00000   0.00000   0.01380   0.00904   0.00459   0.00000   0.00000   0.00000   0.00000   0.02181   0.01407   0.00000   0.00417   0.02262   0.02431   0.02321   0.00000   0.04697   0.02348   0.00661   0.01135   0.02235   0.01644   0.00970   0.04595   0.00000   0.01741   0.00492   0.00000   0.00000   0.06096   0.01625   0.02500   0.02409   0.01513   0.00548   0.01923   0.00000   0.00505   0.00000   0.00540   0.02695   0.00000   0.00455   0.00000   0.00465   0.01181   1.59355   1.85145   1.79390   3.81458   2.73439   2.04652   0.00000   1.00000  
121  6.4641   1624.883267  x:  0.00906   0.00000   0.00000   0.00000   0.00000   0.00917   0.00000   0.00000   0.01380   0.00904   0.00459   0.00000   0.00000   0.00000   0.00000   0.02196   0.01408   0.00000   0.00417   0.02267   0.02454   0.02324   0.00000   0.04697   0.02363   0.00659   0.01144   0.02218   0.01625   0.00970   0.04594   0.00000   0.01740   0.00492   0.00000   0.00000   0.06095   0.01628   0.02506   0.02410   0.01514   0.00548   0.01930   0.00000   0.00505   0.00000   0.00540   0.02694   0.00000   0.00455   0.00000   0.00465   0.01181   1.59357   1.85153   1.79456   3.81563   2.73529   2.04742   0.00000   1.00000  
122  2.0040   1624.780256  x:  0.00904   0.00000   0.00000   0.00000   0.00000   0.00917   0.00000   0.00000   0.01379   0.00904   0.00459   0.00000   0.00000   0.00000   0.00000   0.01832   0.01400   0.00000   0.00418   0.02240   0.02557   0.02282   0.00000   0.04725   0.02493   0.00652   0.01168   0.02124   0.01604   0.00965   0.04599   0.00000   0.01738   0.00493   0.00000   0.00000   0.06111   0.01609   0.02539   0.02413   0.01508   0.00547   0.01907   0.00000   0.00505   0.00000   0.00539   0.02711   0.00000   0.00455   0.00000   0.00465   0.01186   1.59890   1.85941   1.91051   3.96984   2.87121   2.18260   0.00000   1.00000  
123 12.7001   1624.269210  x:  0.00903   0.00000   0.00000   0.00000   0.00000   0.00927   0.00000   0.00000   0.01387   0.00911   0.00462   0.00000   0.00000   0.00000   0.00000   0.02322   0.01393   0.00000   0.00418   0.02257   0.02518   0.02351   0.00000   0.04750   0.02210   0.00667   0.01136   0.02384   0.01663   0.00979   0.04600   0.00000   0.01754   0.00508   0.00000   0.00000   0.06178   0.01632   0.02572   0.02440   0.01491   0.00553   0.01828   0.00000   0.00510   0.00000   0.00539   0.02729   0.00000   0.00455   0.00000   0.00465   0.01213   1.62998   1.90495   2.58084   4.86098   3.65656   2.96405   0.00000   1.00000  
124 1993.3317   1624.265974  x:  0.00903   0.00000   0.00000   0.00000   0.00000   0.00927   0.00000   0.00000   0.01388   0.00912   0.00462   0.00000   0.00000   0.00000   0.00000   0.02315   0.01395   0.00000   0.00418   0.02260   0.02517   0.02353   0.00000   0.04748   0.02204   0.00668   0.01132   0.02401   0.01669   0.00980   0.04599   0.00000   0.01755   0.00508   0.00000   0.00000   0.06177   0.01634   0.02570   0.02441   0.01492   0.00553   0.01918   0.00000   0.00510   0.00000   0.00539   0.02725   0.00000   0.00455   0.00000   0.00465   0.01213   1.63018   1.90524   2.58483   4.86633   3.66127   2.96875   0.00000   1.00000  
125 74.9825   1624.085402  x:  0.00903   0.00000   0.00000   0.00000   0.00000   0.00901   0.00000   0.00000   0.01376   0.00898   0.00453   0.00000   0.00000   0.00000   0.00000   0.02171   0.01413   0.00000   0.00413   0.02251   0.02410   0.02300   0.00000   0.04634   0.02437   0.00660   0.01137   0.02211   0.01625   0.00975   0.04655   0.00000   0.01743   0.00471   0.00000   0.00000   0.05982   0.01609   0.02523   0.02385   0.01521   0.00538   0.01938   0.00000   0.00499   0.00000   0.00540   0.02676   0.00000   0.00455   0.00000   0.00462   0.01182   1.72116   2.16995   2.67054   5.49912   4.29867   3.64304   0.00000   1.00000  
126  0.7148   1624.032594  x:  0.00906   0.00000   0.00000   0.00000   0.00000   0.00910   0.00000   0.00000   0.01378   0.00901   0.00457   0.00000   0.00000   0.00000   0.00000   0.02128   0.01412   0.00000   0.00412   0.02253   0.02400   0.02313   0.00000   0.04664   0.02389   0.00658   0.01143   0.02188   0.01626   0.00973   0.04609   0.00000   0.01741   0.00482   0.00000   0.00000   0.06048   0.01620   0.02495   0.02395   0.01516   0.00543   0.01928   0.00000   0.00503   0.00000   0.00540   0.02689   0.00000   0.00456   0.00000   0.00464   0.01169   1.75093   2.03318   2.63814   5.89523   4.72052   4.04233   0.00000   1.00000  
127  0.5037   1624.006602  x:  0.00905   0.00000   0.00000   0.00000   0.00000   0.00917   0.00000   0.00000   0.01382   0.00905   0.00460   0.00000   0.00000   0.00000   0.00000   0.02165   0.01406   0.00000   0.00414   0.02254   0.02403   0.02328   0.00000   0.04693   0.02326   0.00660   0.01138   0.02225   0.01641   0.00973   0.04591   0.00000   0.01743   0.00490   0.00000   0.00000   0.06098   0.01627   0.02501   0.02408   0.01510   0.00548   0.01927   0.00000   0.00506   0.00000   0.00539   0.02698   0.00000   0.00455   0.00000   0.00465   0.01168   1.71672   2.15555   2.65377   6.15958   5.08981   4.40984   0.00000   1.00000  
128  0.4517   1623.995849  x:  0.00904   0.00000   0.00000   0.00000   0.00000   0.00908   0.00000   0.00000   0.01381   0.00902   0.00456   0.00000   0.00000   0.00000   0.00000   0.02207   0.01412   0.00000   0.00411   0.02256   0.02427   0.02317   0.00000   0.04664   0.02368   0.00663   0.01134   0.02250   0.01636   0.00978   0.04635   0.00000   0.01744   0.00480   0.00000   0.00000   0.06035   0.01618   0.02527   0.02397   0.01513   0.00543   0.01931   0.00000   0.00502   0.00000   0.00541   0.02689   0.00000   0.00455   0.00000   0.00463   0.01186   1.73528   2.14355   2.63046   6.30273   5.42125   4.75267   0.00000   1.00000  
129  0.2269   1623.969687  x:  0.00909   0.00000   0.00000   0.00000   0.00000   0.00921   0.00000   0.00000   0.01381   0.00908   0.00464   0.00000   0.00000   0.00000   0.00000   0.02174   0.01413   0.00000   0.00417   0.02249   0.02393   0.02331   0.00000   0.04712   0.02353   0.00656   0.01151   0.02209   0.01636   0.00965   0.04587   0.00000   0.01747   0.00493   0.00000   0.00000   0.06119   0.01633   0.02474   0.02413   0.01520   0.00551   0.01930   0.00000   0.00508   0.00000   0.00539   0.02705   0.00000   0.00456   0.00000   0.00467   0.01170   1.73478   2.13809   2.58812   6.12541   6.32441   5.63340   0.00000   1.00000  
130  0.1593   1623.940538  x:  0.00903   0.00000   0.00000   0.00000   0.00000   0.00911   0.00000   0.00000   0.01381   0.00902   0.00456   0.00000   0.00000   0.00000   0.00000   0.02176   0.01406   0.00000   0.00413   0.02256   0.02411   0.02318   0.00000   0.04667   0.02345   0.00663   0.01133   0.02235   0.01638   0.00978   0.04602   0.00000   0.01741   0.00484   0.00000   0.00000   0.06059   0.01621   0.02518   0.02400   0.01509   0.00543   0.01931   0.00000   0.00503   0.00000   0.00539   0.02691   0.00000   0.00455   0.00000   0.00463   0.01172   1.70036   2.06367   2.55159   5.52016   7.32100   6.65087   0.00000   1.00000  
131  0.5968   1623.937897  x:  0.00905   0.00000   0.00000   0.00000   0.00000   0.00912   0.00000   0.00000   0.01380   0.00903   0.00458   0.00000   0.00000   0.00000   0.00000   0.02190   0.01410   0.00000   0.00415   0.02252   0.02425   0.02320   0.00000   0.04676   0.02364   0.00660   0.01141   0.02237   0.01635   0.00972   0.04630   0.00000   0.01746   0.00485   0.00000   0.00000   0.06054   0.01620   0.02515   0.02403   0.01516   0.00544   0.01928   0.00000   0.00504   0.00000   0.00540   0.02693   0.00000   0.00455   0.00000   0.00464   0.01184   1.69890   2.04632   2.52699   5.51795   7.85539   7.17641   0.00000   1.00000  
132  0.3597   1623.935366  x:  0.00904   0.00000   0.00000   0.00000   0.00000   0.00913   0.00000   0.00000   0.01381   0.00903   0.00457   0.00000   0.00000   0.00000   0.00000   0.02178   0.01406   0.00000   0.00413   0.02254   0.02407   0.02321   0.00000   0.04676   0.02339   0.00662   0.01135   0.02234   0.01638   0.00976   0.04601   0.00000   0.01743   0.00484   0.00000   0.00000   0.06068   0.01624   0.02514   0.02405   0.01511   0.00544   0.01931   0.00000   0.00504   0.00000   0.00539   0.02693   0.00000   0.00455   0.00000   0.00464   0.01173   1.70045   2.06658   2.52837   5.53807   9.00804   8.33495   0.00000   1.00000  
133  0.4006   1623.934370  x:  0.00904   0.00000   0.00000   0.00000   0.00000   0.00911   0.00000   0.00000   0.01380   0.00903   0.00457   0.00000   0.00000   0.00000   0.00000   0.02186   0.01409   0.00000   0.00414   0.02255   0.02421   0.02319   0.00000   0.04672   0.02362   0.00661   0.01138   0.02236   0.01636   0.00974   0.04621   0.00000   0.01744   0.00485   0.00000   0.00000   0.06056   0.01620   0.02515   0.02401   0.01514   0.00544   0.01930   0.00000   0.00503   0.00000   0.00540   0.02692   0.00000   0.00455   0.00000   0.00464   0.01180   1.70204   2.05860   2.54297   5.56480   9.72380   9.04751   0.00000   1.00000  
134  0.4707   1623.934009  x:  0.00904   0.00000   0.00000   0.00000   0.00000   0.00912   0.00000   0.00000   0.01380   0.00903   0.00458   0.00000   0.00000   0.00000   0.00000   0.02180   0.01408   0.00000   0.00414   0.02253   0.02414   0.02320   0.00000   0.04676   0.02348   0.00661   0.01137   0.02234   0.01637   0.00975   0.04612   0.00000   0.01744   0.00485   0.00000   0.00000   0.06062   0.01622   0.02514   0.02404   0.01512   0.00545   0.01928   0.00000   0.00504   0.00000   0.00539   0.02693   0.00000   0.00455   0.00000   0.00464   0.01177   1.70263   2.06366   2.55282   5.57404  10.70155  10.02686   0.00000   1.00000  
135  0.4897   1623.933854  x:  0.00904   0.00000   0.00000   0.00000   0.00000   0.00912   0.00000   0.00000   0.01380   0.00903   0.00457   0.00000   0.00000   0.00000   0.00000   0.02183   0.01409   0.00000   0.00414   0.02255   0.02419   0.02319   0.00000   0.04673   0.02359   0.00661   0.01137   0.02235   0.01636   0.00975   0.04617   0.00000   0.01743   0.00485   0.00000   0.00000   0.06059   0.01620   0.02515   0.02401   0.01513   0.00544   0.01930   0.00000   0.00503   0.00000   0.00540   0.02692   0.00000   0.00455   0.00000   0.00464   0.01178   1.70220   2.06109   2.54616   5.57084  11.53081  10.85509   0.00000   1.00000  
136  0.4374   1623.933789  x:  0.00904   0.00000   0.00000   0.00000   0.00000   0.00912   0.00000   0.00000   0.01380   0.00903   0.00457   0.00000   0.00000   0.00000   0.00000   0.02182   0.01408   0.00000   0.00414   0.02253   0.02416   0.02320   0.00000   0.04675   0.02351   0.00661   0.01137   0.02235   0.01637   0.00974   0.04614   0.00000   0.01744   0.00485   0.00000   0.00000   0.06061   0.01622   0.02514   0.02403   0.01512   0.00545   0.01929   0.00000   0.00504   0.00000   0.00540   0.02693   0.00000   0.00455   0.00000   0.00464   0.01178   1.70197   2.06137   2.54390   5.56084  12.48836  11.81325   0.00000   1.00000  
137  0.5128   1623.933764  x:  0.00904   0.00000   0.00000   0.00000   0.00000   0.00912   0.00000   0.00000   0.01380   0.00903   0.00457   0.00000   0.00000   0.00000   0.00000   0.02183   0.01408   0.00000   0.00414   0.02254   0.02417   0.02320   0.00000   0.04674   0.02356   0.00661   0.01137   0.02235   0.01636   0.00975   0.04615   0.00000   0.01743   0.00485   0.00000   0.00000   0.06060   0.01621   0.02515   0.02402   0.01513   0.00544   0.01929   0.00000   0.00503   0.00000   0.00540   0.02692   0.00000   0.00455   0.00000   0.00464   0.01178   1.70199   2.06132   2.54535   5.56763  13.28381  12.60832   0.00000   1.00000  
138  0.4493   1623.933753  x:  0.00904   0.00000   0.00000   0.00000   0.00000   0.00912   0.00000   0.00000   0.01380   0.00903   0.00457   0.00000   0.00000   0.00000   0.00000   0.02182   0.01408   0.00000   0.00414   0.02253   0.02417   0.02320   0.00000   0.04674   0.02353   0.00661   0.01137   0.02235   0.01637   0.00974   0.04615   0.00000   0.01744   0.00485   0.00000   0.00000   0.06060   0.01621   0.02514   0.02403   0.01513   0.00544   0.01929   0.00000   0.00504   0.00000   0.00540   0.02693   0.00000   0.00455   0.00000   0.00464   0.01178   1.70218   2.06151   2.54579   5.56523  14.23886  13.56363   0.00000   1.00000  
139  0.4968   1623.933749  x:  0.00904   0.00000   0.00000   0.00000   0.00000   0.00912   0.00000   0.00000   0.01380   0.00903   0.00457   0.00000   0.00000   0.00000   0.00000   0.02183   0.01408   0.00000   0.00414   0.02254   0.02417   0.02320   0.00000   0.04674   0.02354   0.00661   0.01137   0.02235   0.01637   0.00975   0.04615   0.00000   0.01744   0.00485   0.00000   0.00000   0.06060   0.01621   0.02515   0.02402   0.01513   0.00544   0.01929   0.00000   0.00503   0.00000   0.00540   0.02692   0.00000   0.00455   0.00000   0.00464   0.01178   1.70203   2.06145   2.54553   5.56700  15.07457  14.39918   0.00000   1.00000  
140  0.4869   1623.933747  x:  0.00904   0.00000   0.00000   0.00000   0.00000   0.00912   0.00000   0.00000   0.01380   0.00903   0.00457   0.00000   0.00000   0.00000   0.00000   0.02182   0.01408   0.00000   0.00414   0.02254   0.02417   0.02320   0.00000   0.04674   0.02353   0.00661   0.01137   0.02235   0.01637   0.00975   0.04615   0.00000   0.01744   0.00485   0.00000   0.00000   0.06060   0.01621   0.02514   0.02402   0.01513   0.00544   0.01929   0.00000   0.00504   0.00000   0.00540   0.02693   0.00000   0.00455   0.00000   0.00464   0.01178   1.70211   2.06140   2.54540   5.56533  15.94837  15.27307   0.00000   1.00000  
141  0.4764   1623.933746  x:  0.00904   0.00000   0.00000   0.00000   0.00000   0.00912   0.00000   0.00000   0.01380   0.00903   0.00457   0.00000   0.00000   0.00000   0.00000   0.02182   0.01408   0.00000   0.00414   0.02254   0.02417   0.02320   0.00000   0.04674   0.02354   0.00661   0.01137   0.02235   0.01637   0.00975   0.04615   0.00000   0.01744   0.00485   0.00000   0.00000   0.06060   0.01621   0.02514   0.02402   0.01513   0.00544   0.01929   0.00000   0.00503   0.00000   0.00540   0.02692   0.00000   0.00455   0.00000   0.00464   0.01178   1.70205   2.06145   2.54549   5.56651  16.85595  16.18059   0.00000   1.00000  
142  0.4859   1623.933746  x:  0.00904   0.00000   0.00000   0.00000   0.00000   0.00912   0.00000   0.00000   0.01380   0.00903   0.00457   0.00000   0.00000   0.00000   0.00000   0.02182   0.01408   0.00000   0.00414   0.02254   0.02417   0.02320   0.00000   0.04674   0.02354   0.00661   0.01137   0.02235   0.01637   0.00975   0.04615   0.00000   0.01744   0.00485   0.00000   0.00000   0.06060   0.01621   0.02514   0.02402   0.01513   0.00544   0.01929   0.00000   0.00504   0.00000   0.00540   0.02693   0.00000   0.00455   0.00000   0.00464   0.01178   1.70209   2.06142   2.54548   5.56583  17.50920  16.83387   0.00000   1.00000  
143  0.4252   1623.933746  x:  0.00904   0.00000   0.00000   0.00000   0.00000   0.00912   0.00000   0.00000   0.01380   0.00903   0.00457   0.00000   0.00000   0.00000   0.00000   0.02182   0.01408   0.00000   0.00414   0.02254   0.02417   0.02320   0.00000   0.04674   0.02354   0.00661   0.01137   0.02235   0.01637   0.00975   0.04615   0.00000   0.01744   0.00485   0.00000   0.00000   0.06060   0.01621   0.02514   0.02402   0.01513   0.00544   0.01929   0.00000   0.00503   0.00000   0.00540   0.02692   0.00000   0.00455   0.00000   0.00464   0.01178   1.70207   2.06144   2.54548   5.56631  18.78220  18.10685   0.00000   1.00000  
144  0.4890   1623.933746  x:  0.00904   0.00000   0.00000   0.00000   0.00000   0.00912   0.00000   0.00000   0.01380   0.00903   0.00457   0.00000   0.00000   0.00000   0.00000   0.02182   0.01408   0.00000   0.00414   0.02254   0.02417   0.02320   0.00000   0.04674   0.02354   0.00661   0.01137   0.02235   0.01637   0.00975   0.04615   0.00000   0.01744   0.00485   0.00000   0.00000   0.06060   0.01621   0.02514   0.02402   0.01513   0.00544   0.01929   0.00000   0.00504   0.00000   0.00540   0.02692   0.00000   0.00455   0.00000   0.00464   0.01178   1.70208   2.06143   2.54548   5.56606  18.87719  18.20185   0.00000   1.00000  
145  0.1151   1623.933746  x:  0.00904   0.00000   0.00000   0.00000   0.00000   0.00912   0.00000   0.00000   0.01380   0.00903   0.00457   0.00000   0.00000   0.00000   0.00000   0.02182   0.01408   0.00000   0.00414   0.02254   0.02417   0.02320   0.00000   0.04674   0.02354   0.00661   0.01137   0.02235   0.01637   0.00975   0.04615   0.00000   0.01744   0.00485   0.00000   0.00000   0.06060   0.01621   0.02514   0.02402   0.01513   0.00544   0.01929   0.00000   0.00504   0.00000   0.00540   0.02692   0.00000   0.00455   0.00000   0.00464   0.01178   1.70209   2.06145   2.54548   5.56605  19.20493  18.52960   0.00000   1.00000  
146  0.0579   1623.933746  x:  0.00904   0.00000   0.00000   0.00000   0.00000   0.00912   0.00000   0.00000   0.01380   0.00903   0.00457   0.00000   0.00000   0.00000   0.00000   0.02182   0.01408   0.00000   0.00414   0.02254   0.02417   0.02320   0.00000   0.04674   0.02354   0.00661   0.01137   0.02235   0.01637   0.00975   0.04615   0.00000   0.01744   0.00485   0.00000   0.00000   0.06060   0.01621   0.02514   0.02402   0.01513   0.00544   0.01929   0.00000   0.00504   0.00000   0.00540   0.02692   0.00000   0.00455   0.00000   0.00464   0.01178   1.70208   2.06144   2.54548   5.56605  19.17324  18.49791   0.00000   1.00000  
147  0.1609   1623.933746  x:  0.00904   0.00000   0.00000   0.00000   0.00000   0.00912   0.00000   0.00000   0.01380   0.00903   0.00457   0.00000   0.00000   0.00000   0.00000   0.02182   0.01408   0.00000   0.00414   0.02254   0.02417   0.02320   0.00000   0.04674   0.02354   0.00661   0.01137   0.02235   0.01637   0.00975   0.04615   0.00000   0.01744   0.00485   0.00000   0.00000   0.06060   0.01621   0.02514   0.02402   0.01513   0.00544   0.01929   0.00000   0.00504   0.00000   0.00540   0.02692   0.00000   0.00455   0.00000   0.00464   0.01178   1.70208   2.06144   2.54548   5.56605  19.17275  18.49742   0.00000   1.00000  
148  1.8530   1623.933746  x:  0.00904   0.00000   0.00000   0.00000   0.00000   0.00912   0.00000   0.00000   0.01380   0.00903   0.00457   0.00000   0.00000   0.00000   0.00000   0.02182   0.01408   0.00000   0.00414   0.02254   0.02417   0.02320   0.00000   0.04674   0.02354   0.00661   0.01137   0.02235   0.01637   0.00975   0.04615   0.00000   0.01744   0.00485   0.00000   0.00000   0.06060   0.01621   0.02514   0.02402   0.01513   0.00544   0.01929   0.00000   0.00504   0.00000   0.00540   0.02692   0.00000   0.00455   0.00000   0.00464   0.01178   1.70208   2.06144   2.54549   5.56612  19.17396  18.49863   0.00000   1.00000  
149  0.0007   1623.933745  x:  0.00904   0.00000   0.00000   0.00000   0.00000   0.00912   0.00000   0.00000   0.01380   0.00903   0.00457   0.00000   0.00000   0.00000   0.00000   0.02182   0.01408   0.00000   0.00414   0.02254   0.02417   0.02320   0.00000   0.04674   0.02354   0.00661   0.01137   0.02235   0.01637   0.00975   0.04615   0.00000   0.01744   0.00485   0.00000   0.00000   0.06060   0.01621   0.02514   0.02402   0.01513   0.00544   0.01929   0.00000   0.00504   0.00000   0.00540   0.02692   0.00000   0.00455   0.00000   0.00464   0.01178   1.70208   2.06143   2.54549   5.56609  19.17396  18.49863   0.00000   1.00000  
150  0.0001   1623.933745  x:  0.00904   0.00000   0.00000   0.00000   0.00000   0.00912   0.00000   0.00000   0.01380   0.00903   0.00457   0.00000   0.00000   0.00000   0.00000   0.02182   0.01408   0.00000   0.00414   0.02254   0.02417   0.02320   0.00000   0.04674   0.02354   0.00661   0.01137   0.02235   0.01637   0.00975   0.04615   0.00000   0.01744   0.00485   0.00000   0.00000   0.06060   0.01621   0.02514   0.02402   0.01513   0.00544   0.01929   0.00000   0.00504   0.00000   0.00540   0.02692   0.00000   0.00455   0.00000   0.00464   0.01178   1.70208   2.06143   2.54549   5.56609  19.17396  18.49863   0.00000   1.00000  