

TREE # 1

  0  0.0000   2008.704581  x:  0.01136   0.00378   0.00071   0.00391   0.00000   0.00302   0.01505   0.00750   0.01046   0.01253   0.00843   0.01613   0.01987   0.01789   0.01076   0.00931   0.00412   0.01496   0.00873   0.05676   0.00823   0.00431   0.00253   0.00608   0.00900   0.00820   0.00213   0.01089   0.00440   0.00344   0.01333   0.00552   0.00487   1.07272   0.83431   1.12759   0.84079   1.06204   0.53984   0.19856   0.54138  
  1 99.0000   2008.701722  x:  0.01136   0.00378   0.00071   0.00390   0.00000   0.00302   0.01505   0.00750   0.01046   0.01253   0.00843   0.01613   0.01987   0.01789   0.01076   0.00931   0.00412   0.01496   0.00873   0.05676   0.00823   0.00431   0.00253   0.00608   0.00900   0.00820   0.00213   0.01089   0.00440   0.00344   0.01333   0.00552   0.00487   1.07272   0.83431   1.12759   0.84079   1.06204   0.53984   0.19856   0.54138  
  2 1120.9396   2006.727450  x:  0.01112   0.00386   0.00000   0.00398   0.00000   0.00232   0.01491   0.00745   0.01045   0.01242   0.00836   0.01608   0.01980   0.01769   0.01076   0.00928   0.00418   0.01474   0.00861   0.05681   0.00822   0.00435   0.00182   0.00608   0.00887   0.00811   0.00142   0.01081   0.00443   0.00273   0.01302   0.00481   0.00416   1.07280   0.83434   1.12761   0.84076   1.06207   0.53982   0.19845   0.54135  
  3 9291.0655   2003.407030  x:  0.01083   0.00380   0.00000   0.00394   0.00000   0.00090   0.01472   0.00744   0.01043   0.01231   0.00832   0.01601   0.01968   0.01741   0.01073   0.00926   0.00418   0.01443   0.00853   0.05686   0.00819   0.00438   0.00041   0.00607   0.00877   0.00808   0.00000   0.01074   0.00447   0.00132   0.01257   0.00339   0.00274   1.07294   0.83439   1.12765   0.84072   1.06213   0.53976   0.19827   0.54128  
  4 38086.9179   2002.604095  x:  0.01075   0.00378   0.00000   0.00394   0.00000   0.00050   0.01467   0.00744   0.01043   0.01227   0.00830   0.01599   0.01965   0.01733   0.01072   0.00925   0.00418   0.01435   0.00850   0.05688   0.00818   0.00438   0.00000   0.00607   0.00875   0.00807   0.00000   0.01072   0.00447   0.00091   0.01245   0.00298   0.00233   1.07298   0.83441   1.12766   0.84071   1.06215   0.53974   0.19821   0.54126  
  5 5856549.1369   2001.849602  x:  0.01071   0.00366   0.00000   0.00393   0.00000   0.00000   0.01463   0.00738   0.01047   0.01224   0.00824   0.01600   0.01966   0.01731   0.01079   0.00926   0.00426   0.01433   0.00840   0.05694   0.00824   0.00446   0.00000   0.00611   0.00863   0.00795   0.00000   0.01067   0.00454   0.00042   0.01246   0.00251   0.00184   1.07303   0.83443   1.12767   0.84069   1.06217   0.53972   0.19810   0.54124  
  6 2609.9697   2001.363647  x:  0.01065   0.00368   0.00000   0.00388   0.00000   0.00000   0.01459   0.00741   0.01048   0.01220   0.00821   0.01601   0.01966   0.01727   0.01078   0.00926   0.00423   0.01428   0.00836   0.05700   0.00822   0.00448   0.00000   0.00610   0.00859   0.00794   0.00000   0.01065   0.00458   0.00000   0.01243   0.00212   0.00142   1.07308   0.83444   1.12768   0.84068   1.06219   0.53971   0.19799   0.54121  
  7 3761.0786   2000.195281  x:  0.01044   0.00359   0.00000   0.00396   0.00000   0.00000   0.01448   0.00744   0.01048   0.01209   0.00819   0.01599   0.01962   0.01711   0.01073   0.00925   0.00424   0.01409   0.00832   0.05720   0.00819   0.00445   0.00000   0.00609   0.00854   0.00796   0.00000   0.01062   0.00456   0.00000   0.01225   0.00080   0.00000   1.07323   0.83450   1.12772   0.84063   1.06227   0.53964   0.19757   0.54113  
  8 12264.5652   1999.802466  x:  0.01038   0.00362   0.00000   0.00387   0.00000   0.00000   0.01444   0.00735   0.01044   0.01211   0.00821   0.01594   0.01956   0.01700   0.01075   0.00923   0.00431   0.01399   0.00835   0.05724   0.00825   0.00447   0.00000   0.00613   0.00858   0.00793   0.00000   0.01062   0.00452   0.00000   0.01204   0.00000   0.00000   1.07331   0.83453   1.12774   0.84060   1.06231   0.53960   0.19731   0.54108  
  9 3362.0954   1999.036960  x:  0.01151   0.00330   0.00000   0.00478   0.00000   0.00000   0.01453   0.00640   0.01031   0.01384   0.00830   0.01516   0.01837   0.01563   0.01196   0.00930   0.00219   0.01330   0.00815   0.05539   0.00823   0.00492   0.00000   0.00505   0.00855   0.00629   0.00000   0.01065   0.00609   0.00000   0.00804   0.00000   0.00000   1.07547   0.83534   1.12828   0.83992   1.06335   0.53869   0.19279   0.53996  
 10 261.5980   1998.604739  x:  0.01265   0.00322   0.00000   0.00440   0.00000   0.00000   0.01449   0.00735   0.01064   0.01491   0.00791   0.01489   0.01765   0.01490   0.01217   0.00949   0.00354   0.01324   0.00699   0.05247   0.00703   0.00352   0.00000   0.00446   0.00746   0.00603   0.00000   0.01029   0.00640   0.00000   0.00612   0.00000   0.00000   1.07799   0.83629   1.12891   0.83912   1.06453   0.53762   0.18833   0.53871  
 11 221.2626   1997.852061  x:  0.01319   0.00343   0.00000   0.00444   0.00000   0.00000   0.01361   0.00846   0.01095   0.01541   0.00724   0.01468   0.01665   0.01333   0.01148   0.00941   0.00266   0.01245   0.00555   0.04608   0.00717   0.00407   0.00000   0.00736   0.00566   0.00717   0.00000   0.00937   0.00573   0.00000   0.00604   0.00000   0.00000   1.08436   0.83869   1.13054   0.83710   1.06748   0.53491   0.17767   0.53558  
 12 283.6316   1996.284306  x:  0.01132   0.00326   0.00000   0.00434   0.00000   0.00000   0.01136   0.00803   0.01123   0.01371   0.00641   0.01506   0.01634   0.01167   0.01059   0.00910   0.00305   0.01064   0.00619   0.03641   0.00865   0.00503   0.00000   0.00405   0.00599   0.00634   0.00000   0.00837   0.00506   0.00000   0.00894   0.00000   0.00000   1.09880   0.84416   1.13424   0.83251   1.07419   0.52876   0.15391   0.52850  
 13 499.1267   1992.708251  x:  0.00687   0.00397   0.00000   0.00470   0.00000   0.00000   0.01109   0.00561   0.01162   0.00932   0.00678   0.01676   0.01871   0.01454   0.01256   0.00946   0.00267   0.01113   0.00632   0.02994   0.00623   0.00151   0.00000   0.00667   0.00753   0.00321   0.00000   0.01016   0.00705   0.00000   0.00958   0.00000   0.00000   1.13252   0.85693   1.14289   0.82176   1.08998   0.51425   0.09878   0.51190  
 14 762.8772   1984.347088  x:  0.00403   0.00494   0.00000   0.00524   0.00000   0.00000   0.01268   0.00272   0.01226   0.00585   0.00541   0.01867   0.02221   0.01977   0.01651   0.00947   0.00227   0.01375   0.00356   0.02688   0.00510   0.00299   0.00000   0.00498   0.00567   0.00546   0.00000   0.01119   0.00359   0.00000   0.00776   0.00000   0.00000   1.19294   0.87981   1.15839   0.80246   1.11842   0.48812   0.00000   0.48210  
 15 3570.3477   1982.199270  x:  0.00340   0.00627   0.00000   0.00603   0.00000   0.00000   0.01297   0.00502   0.01304   0.00480   0.00381   0.02003   0.02479   0.02295   0.01925   0.00921   0.00181   0.01461   0.00348   0.02684   0.00776   0.00233   0.00000   0.00433   0.00359   0.00423   0.00000   0.01074   0.00126   0.00000   0.00705   0.00000   0.00000   1.25094   0.90178   1.17327   0.78392   1.14582   0.46295   0.00000   0.45343  
 16 3444.7674   1980.796411  x:  0.00420   0.00689   0.00000   0.00643   0.00000   0.00000   0.01225   0.00373   0.01332   0.00545   0.00272   0.02051   0.02570   0.02367   0.01963   0.00860   0.00165   0.01427   0.00283   0.02779   0.00861   0.00078   0.00000   0.00405   0.00292   0.00488   0.00000   0.00918   0.00156   0.00000   0.00790   0.00000   0.00000   1.28439   0.91445   1.18185   0.77321   1.16167   0.44839   0.00000   0.43686  
 17 4180.2098   1980.093276  x:  0.00492   0.00714   0.00000   0.00651   0.00000   0.00000   0.01159   0.00316   0.01355   0.00611   0.00269   0.02069   0.02594   0.02381   0.01936   0.00822   0.00160   0.01406   0.00240   0.02854   0.00739   0.00100   0.00000   0.00413   0.00313   0.00392   0.00000   0.00784   0.00071   0.00000   0.00863   0.00000   0.00000   1.30222   0.92120   1.18642   0.76748   1.17014   0.44061   0.00000   0.42801  
 18 3633.5342   1979.894568  x:  0.00481   0.00714   0.00000   0.00650   0.00000   0.00000   0.01172   0.00293   0.01315   0.00600   0.00336   0.02029   0.02550   0.02385   0.01919   0.00760   0.00160   0.01470   0.00286   0.02870   0.00701   0.00100   0.00000   0.00410   0.00237   0.00366   0.00000   0.00692   0.00073   0.00000   0.00887   0.00000   0.00000   1.30789   0.92333   1.18786   0.76562   1.17287   0.43808   0.00000   0.42515  
 19 650.3006   1979.591760  x:  0.00435   0.00710   0.00000   0.00646   0.00000   0.00000   0.01207   0.00317   0.01223   0.00562   0.00356   0.01920   0.02432   0.02384   0.01906   0.00651   0.00158   0.01624   0.00227   0.02893   0.00693   0.00096   0.00000   0.00407   0.00284   0.00329   0.00000   0.00554   0.00090   0.00000   0.00922   0.00000   0.00000   1.31657   0.92658   1.19006   0.76272   1.17710   0.43417   0.00000   0.42074  
 20 909.5121   1979.175033  x:  0.00392   0.00703   0.00000   0.00640   0.00000   0.00000   0.01183   0.00310   0.01154   0.00535   0.00210   0.01756   0.02234   0.02337   0.01889   0.00659   0.00158   0.01813   0.00278   0.02933   0.00623   0.00103   0.00000   0.00416   0.00275   0.00293   0.00000   0.00578   0.00094   0.00000   0.00988   0.00000   0.00000   1.32794   0.93080   1.19292   0.75886   1.18270   0.42895   0.00000   0.41488  
 21 768.5042   1978.462151  x:  0.00346   0.00704   0.00000   0.00642   0.00000   0.00000   0.01049   0.00302   0.01141   0.00482   0.00300   0.01503   0.01886   0.02208   0.01891   0.00809   0.00160   0.02078   0.00193   0.03011   0.00603   0.00087   0.00000   0.00397   0.00239   0.00249   0.00000   0.00758   0.00088   0.00000   0.01130   0.00000   0.00000   1.34903   0.93863   1.19821   0.75162   1.19316   0.41921   0.00000   0.40395  
 22 1587.9793   1977.225478  x:  0.00343   0.00715   0.00000   0.00652   0.00000   0.00000   0.00760   0.00311   0.01485   0.00361   0.00355   0.01466   0.01672   0.02094   0.02182   0.00921   0.00146   0.02341   0.00297   0.03048   0.00541   0.00057   0.00000   0.00422   0.00337   0.00337   0.00000   0.00619   0.00069   0.00000   0.01170   0.00000   0.00000   1.38626   0.95238   1.20751   0.73869   1.21171   0.40185   0.00000   0.38448  
 23 1073.6566   1974.930854  x:  0.00119   0.00705   0.00000   0.00651   0.00000   0.00000   0.00682   0.00332   0.01713   0.00604   0.00386   0.01642   0.01703   0.01993   0.02278   0.00792   0.00134   0.02437   0.00312   0.03042   0.00460   0.00052   0.00000   0.00431   0.00355   0.00352   0.00000   0.00702   0.00074   0.00000   0.01247   0.00000   0.00000   1.44473   0.97393   1.22208   0.71826   1.24091   0.37451   0.00000   0.35380  
 24 2704.3513   1967.007030  x:  0.00251   0.00640   0.00000   0.00619   0.00000   0.00000   0.00562   0.00365   0.02128   0.00479   0.00417   0.02265   0.01980   0.01632   0.02290   0.00211   0.00100   0.02433   0.00304   0.03024   0.00208   0.00083   0.00000   0.00462   0.00370   0.00286   0.00000   0.01155   0.00128   0.00000   0.01352   0.00000   0.00000   1.64790   1.04880   1.27270   0.64725   1.34231   0.27952   0.00000   0.24715  
 25 17119.0042   1958.859349  x:  0.00275   0.00572   0.00000   0.00581   0.00000   0.00000   0.00893   0.00309   0.02341   0.00348   0.00427   0.02986   0.02422   0.01345   0.01946   0.00679   0.00058   0.02333   0.00313   0.02961   0.00048   0.00100   0.00000   0.00507   0.00414   0.00147   0.00000   0.01083   0.00189   0.00000   0.01378   0.00000   0.00000   1.88374   1.13571   1.33146   0.56477   1.46003   0.16921   0.00000   0.12325  
 26 24274.2373   1956.727474  x:  0.00283   0.00551   0.00000   0.00565   0.00000   0.00000   0.00805   0.00234   0.02574   0.00321   0.00415   0.03224   0.02522   0.01485   0.01492   0.00766   0.00045   0.02480   0.00318   0.02928   0.00115   0.00116   0.00000   0.00520   0.00435   0.00063   0.00000   0.01073   0.00217   0.00000   0.01221   0.00000   0.00000   1.94754   1.15921   1.34735   0.54244   1.49185   0.13938   0.00000   0.08967  
 27 12013.6651   1955.524267  x:  0.00309   0.00527   0.00000   0.00553   0.00000   0.00000   0.00428   0.00261   0.02405   0.00403   0.00429   0.03069   0.02554   0.02085   0.01415   0.00834   0.00037   0.02277   0.00315   0.02866   0.00104   0.00141   0.00000   0.00523   0.00422   0.00072   0.00000   0.01026   0.00241   0.00000   0.01159   0.00000   0.00000   1.98106   1.17154   1.35569   0.53067   1.50849   0.12368   0.00000   0.07171  
 28 1509.5609   1954.023516  x:  0.00294   0.00502   0.00000   0.00543   0.00000   0.00000   0.00702   0.00249   0.02990   0.00407   0.00431   0.02437   0.02067   0.03185   0.01233   0.00758   0.00037   0.01435   0.00327   0.02786   0.00092   0.00154   0.00000   0.00526   0.00428   0.00066   0.00000   0.00995   0.00253   0.00000   0.01214   0.00000   0.00000   2.02805   1.18881   1.36738   0.51412   1.53162   0.10161   0.00000   0.04565  
 29 841.4754   1951.057100  x:  0.00305   0.00487   0.00000   0.00564   0.00000   0.00000   0.00772   0.00228   0.03118   0.00478   0.00483   0.01398   0.02921   0.03028   0.01140   0.00758   0.00051   0.01672   0.00362   0.02604   0.00108   0.00153   0.00000   0.00552   0.00469   0.00090   0.00000   0.01018   0.00249   0.00000   0.01198   0.00000   0.00000   2.09589   1.21342   1.38410   0.48973   1.56307   0.06912   0.00000   0.00000  
 30 133.8915   1944.213890  x:  0.00412   0.00428   0.00000   0.00674   0.00000   0.00000   0.01046   0.00221   0.01731   0.00666   0.00555   0.02926   0.01567   0.03250   0.01362   0.00944   0.00113   0.02306   0.00443   0.02122   0.00199   0.00149   0.00000   0.00593   0.00576   0.00228   0.00000   0.01155   0.00233   0.00000   0.01223   0.00000   0.00000   2.38614   1.31856   1.45557   0.38520   1.69590  -0.07017   0.00000   0.00000  
 31 810.0268   1934.519443  x:  0.00322   0.00322   0.00000   0.00760   0.00000   0.00000   0.00882   0.00152   0.01668   0.00363   0.00505   0.03085   0.01537   0.02730   0.01255   0.01050   0.00204   0.00474   0.00366   0.03235   0.00246   0.00239   0.00000   0.00577   0.00501   0.00321   0.00000   0.00993   0.00293   0.00000   0.00950   0.00000   0.00000   2.55314   1.37241   1.49529   0.33528   1.71349  -0.13866   0.00000   0.00000  
 32 25.2331   1931.583149  x:  0.00356   0.00086   0.00000   0.00494   0.00000   0.00000   0.00986   0.00229   0.01297   0.00456   0.00558   0.03060   0.01464   0.02415   0.00765   0.01082   0.00136   0.00601   0.00418   0.03565   0.00265   0.00229   0.00000   0.00539   0.00540   0.00361   0.00000   0.01028   0.00278   0.00000   0.00791   0.00000   0.00000   2.68096   1.40458   1.52474   0.35874   1.60593  -0.12209   0.00000   0.00000  
 33 11.4654   1927.956224  x:  0.00497   0.00323   0.00000   0.00228   0.00000   0.00000   0.01108   0.00415   0.01655   0.00837   0.00643   0.02813   0.01088   0.01769   0.01167   0.01278   0.00106   0.00719   0.00496   0.04382   0.00306   0.00306   0.00000   0.00473   0.00577   0.00382   0.00000   0.00960   0.00341   0.00000   0.00937   0.00000   0.00000   2.94586   1.45158   1.57843   0.41189   1.36784  -0.13483   0.00000   0.00000  
 34 18.2281   1924.331372  x:  0.00461   0.00421   0.00000   0.00088   0.00000   0.00000   0.01164   0.00407   0.01142   0.00773   0.00653   0.02654   0.01360   0.01376   0.00981   0.01234   0.00022   0.00781   0.00498   0.04461   0.00316   0.00291   0.00000   0.00388   0.00584   0.00418   0.00000   0.00970   0.00307   0.00000   0.00648   0.00000   0.00000   2.97903   1.41468   1.60764   0.52794   1.31423  -0.53556   0.00000   0.00000  
 35  7.4886   1921.521331  x:  0.00473   0.00499   0.00000   0.00276   0.00000   0.00000   0.01120   0.00472   0.00496   0.00841   0.00714   0.02430   0.01602   0.01091   0.00954   0.01222   0.00053   0.00729   0.00551   0.04624   0.00306   0.00276   0.00000   0.00389   0.00626   0.00383   0.00000   0.00989   0.00287   0.00000   0.00483   0.00000   0.00000   3.09955   1.39545   1.64755   0.65202   1.15465  -0.89390   0.00000   0.00000  
 36 20.9582   1917.902322  x:  0.00489   0.00296   0.00000   0.00156   0.00000   0.00000   0.01044   0.00541   0.01029   0.00909   0.00683   0.02045   0.01920   0.00764   0.01742   0.01267   0.00129   0.00809   0.00509   0.04876   0.00309   0.00329   0.00000   0.00427   0.00566   0.00342   0.00000   0.00855   0.00317   0.00000   0.00487   0.00000   0.00000   3.20412   1.36338   1.70953   0.83838   0.90480  -1.61523   0.00000   0.00000  
 37 13.3648   1916.787385  x:  0.00484   0.00416   0.00000   0.00243   0.00000   0.00000   0.01039   0.00539   0.01288   0.00896   0.00673   0.01869   0.01840   0.00967   0.01147   0.01235   0.00141   0.01012   0.00510   0.05103   0.00306   0.00333   0.00000   0.00436   0.00563   0.00352   0.00000   0.00843   0.00319   0.00000   0.00321   0.00000   0.00000   3.21879   1.47700   1.77667   0.83324   0.70885  -1.91162   0.00000   0.00000  
 38  2.1920   1915.828697  x:  0.00506   0.00397   0.00000   0.00281   0.00000   0.00000   0.01052   0.00618   0.01210   0.00950   0.00702   0.01432   0.01854   0.01253   0.01210   0.01214   0.00129   0.00929   0.00543   0.05321   0.00309   0.00325   0.00000   0.00508   0.00572   0.00341   0.00000   0.00852   0.00317   0.00000   0.00608   0.00000   0.00000   3.24479   1.67858   1.91243   0.76892   0.42790  -2.23755   0.00000   0.00000  
 39  3.3692   1915.009451  x:  0.00519   0.00382   0.00000   0.00156   0.00000   0.00000   0.01031   0.00598   0.01067   0.00957   0.00696   0.01269   0.01587   0.01149   0.00937   0.01200   0.00178   0.00713   0.00558   0.05687   0.00338   0.00339   0.00000   0.00564   0.00570   0.00377   0.00000   0.00810   0.00323   0.00000   0.00564   0.00000   0.00000   3.41713   1.92102   2.05759   1.02274   0.27781  -2.40121   0.00000   0.00000  
 40  0.7435   1914.444615  x:  0.00527   0.00309   0.00000   0.00278   0.00000   0.00000   0.01096   0.00564   0.01067   0.00942   0.00677   0.01261   0.01475   0.00860   0.01080   0.01202   0.00149   0.00671   0.00557   0.06078   0.00388   0.00360   0.00000   0.00625   0.00559   0.00449   0.00000   0.00776   0.00334   0.00000   0.00550   0.00000   0.00000   3.58344   2.13661   2.20806   1.21600   0.21550  -2.42341   0.00000   0.00000  
 41  1.0933   1913.825948  x:  0.00527   0.00224   0.00000   0.00238   0.00000   0.00000   0.01144   0.00531   0.00918   0.00865   0.00644   0.01524   0.01583   0.01125   0.01304   0.01181   0.00177   0.00796   0.00552   0.06545   0.00440   0.00370   0.00000   0.00636   0.00546   0.00519   0.00000   0.00766   0.00339   0.00000   0.00511   0.00000   0.00000   3.80503   2.35335   2.38186   1.47395   0.24006  -2.34599   0.00000   0.00000  
 42  1.1280   1913.527620  x:  0.00530   0.00263   0.00000   0.00244   0.00000   0.00000   0.01135   0.00545   0.00969   0.00832   0.00621   0.01622   0.01834   0.01013   0.01055   0.01130   0.00201   0.00874   0.00554   0.06798   0.00465   0.00356   0.00000   0.00590   0.00539   0.00550   0.00000   0.00799   0.00334   0.00000   0.00573   0.00000   0.00000   3.94147   2.42798   2.51326   1.48397   0.18474  -2.28745   0.00000   0.00000  
 43  0.4421   1913.178497  x:  0.00539   0.00238   0.00000   0.00269   0.00000   0.00000   0.01102   0.00582   0.01000   0.00827   0.00595   0.01378   0.01877   0.01150   0.01049   0.00989   0.00222   0.00705   0.00571   0.06958   0.00501   0.00325   0.00000   0.00475   0.00536   0.00576   0.00000   0.00847   0.00309   0.00000   0.00503   0.00000   0.00000   4.17159   2.45760   2.67452   1.59777   0.13769  -2.25488   0.00000   0.00000  
 44  0.3628   1912.971780  x:  0.00532   0.00235   0.00000   0.00267   0.00000   0.00000   0.01035   0.00550   0.00975   0.00816   0.00565   0.01308   0.01618   0.01134   0.01014   0.00844   0.00244   0.00867   0.00568   0.06983   0.00523   0.00299   0.00000   0.00471   0.00527   0.00589   0.00000   0.00849   0.00280   0.00000   0.00515   0.00000   0.00000   4.33016   2.41756   2.76041   1.64619   0.11281  -2.28022   0.00000   0.00000  
 45  0.2125   1912.776144  x:  0.00543   0.00251   0.00000   0.00286   0.00000   0.00000   0.00985   0.00575   0.01028   0.00841   0.00545   0.01501   0.01594   0.01167   0.01023   0.00751   0.00261   0.00768   0.00554   0.06797   0.00557   0.00265   0.00000   0.00574   0.00512   0.00603   0.00000   0.00813   0.00260   0.00000   0.00547   0.00000   0.00000   4.56397   2.33711   2.76150   1.80648   0.09112  -2.31108   0.00000   0.00000  
 46  0.2947   1912.681160  x:  0.00556   0.00259   0.00000   0.00261   0.00000   0.00000   0.00945   0.00599   0.00988   0.00894   0.00566   0.01456   0.01715   0.01072   0.01153   0.00731   0.00270   0.00791   0.00562   0.06660   0.00569   0.00248   0.00000   0.00586   0.00522   0.00589   0.00000   0.00783   0.00251   0.00000   0.00510   0.00000   0.00000   4.64472   2.35077   2.75338   1.75692   0.04049  -2.32188   0.00000   0.00000  
 47  0.1281   1912.599332  x:  0.00567   0.00279   0.00000   0.00274   0.00000   0.00000   0.00941   0.00580   0.01036   0.00924   0.00606   0.01450   0.01736   0.01084   0.01164   0.00791   0.00275   0.00809   0.00570   0.06444   0.00594   0.00259   0.00000   0.00526   0.00550   0.00594   0.00000   0.00784   0.00264   0.00000   0.00557   0.00000   0.00000   4.80728   2.30178   2.65437   1.87361   0.00542  -2.37299   0.00000   0.00000  
 48  0.1799   1912.518977  x:  0.00559   0.00277   0.00000   0.00259   0.00000   0.00000   0.00927   0.00589   0.00993   0.00889   0.00613   0.01450   0.01651   0.01059   0.01112   0.00802   0.00296   0.00796   0.00553   0.06287   0.00660   0.00261   0.00000   0.00497   0.00537   0.00628   0.00000   0.00796   0.00264   0.00000   0.00525   0.00000   0.00000   5.04352   2.45470   2.80363   1.98919  -0.02743  -2.34628   0.00000   0.00000  
 49  0.1364   1912.496998  x:  0.00555   0.00268   0.00000   0.00268   0.00000   0.00000   0.00951   0.00583   0.00998   0.00888   0.00616   0.01412   0.01686   0.01096   0.01103   0.00823   0.00295   0.00808   0.00546   0.06270   0.00682   0.00266   0.00000   0.00547   0.00534   0.00637   0.00000   0.00801   0.00268   0.00000   0.00521   0.00000   0.00000   5.12103   2.48759   2.84164   2.03704  -0.06767  -2.37769   0.00000   0.00000  
 50  0.0920   1912.479016  x:  0.00540   0.00255   0.00000   0.00272   0.00000   0.00000   0.00979   0.00565   0.01003   0.00909   0.00606   0.01469   0.01702   0.01103   0.01122   0.00831   0.00290   0.00810   0.00529   0.06220   0.00703   0.00263   0.00000   0.00527   0.00528   0.00628   0.00000   0.00799   0.00266   0.00000   0.00539   0.00000   0.00000   5.14403   2.48691   2.88884   1.99893  -0.08223  -2.39266   0.00000   0.00000  
 51  0.0211   1912.453358  x:  0.00509   0.00266   0.00000   0.00270   0.00000   0.00000   0.00987   0.00556   0.01003   0.00931   0.00595   0.01408   0.01688   0.01097   0.01104   0.00808   0.00277   0.00810   0.00519   0.06191   0.00718   0.00255   0.00000   0.00527   0.00527   0.00587   0.00000   0.00811   0.00257   0.00000   0.00528   0.00000   0.00000   5.11778   2.34379   2.87563   1.80276  -0.07491  -2.36816   0.00000   0.00000  
 52  0.0685   1912.428316  x:  0.00493   0.00273   0.00000   0.00263   0.00000   0.00000   0.00977   0.00564   0.01000   0.00906   0.00599   0.01440   0.01686   0.01092   0.01105   0.00837   0.00268   0.00795   0.00523   0.06295   0.00745   0.00272   0.00000   0.00543   0.00532   0.00556   0.00000   0.00798   0.00268   0.00000   0.00528   0.00000   0.00000   5.16129   2.18690   2.77883   1.69876  -0.08673  -2.38522   0.00000   0.00000  
 53  0.0622   1912.417530  x:  0.00505   0.00265   0.00000   0.00266   0.00000   0.00000   0.00958   0.00562   0.01008   0.00897   0.00602   0.01438   0.01691   0.01100   0.01114   0.00818   0.00273   0.00805   0.00528   0.06333   0.00781   0.00268   0.00000   0.00527   0.00536   0.00553   0.00000   0.00807   0.00267   0.00000   0.00532   0.00000   0.00000   5.28167   2.19315   2.76934   1.73549  -0.11566  -2.39478   0.00000   0.00000  
 54  0.0590   1912.409220  x:  0.00522   0.00263   0.00000   0.00265   0.00000   0.00000   0.00963   0.00562   0.01003   0.00897   0.00597   0.01441   0.01686   0.01088   0.01114   0.00822   0.00266   0.00803   0.00523   0.06320   0.00801   0.00262   0.00000   0.00534   0.00528   0.00530   0.00000   0.00793   0.00265   0.00000   0.00525   0.00000   0.00000   5.23615   2.24216   2.75459   1.68579  -0.10843  -2.38154   0.00000   0.00000  
 55  0.0259   1912.404587  x:  0.00543   0.00267   0.00000   0.00268   0.00000   0.00000   0.00969   0.00560   0.01009   0.00883   0.00598   0.01437   0.01683   0.01100   0.01107   0.00827   0.00264   0.00802   0.00526   0.06310   0.00800   0.00262   0.00000   0.00534   0.00529   0.00527   0.00000   0.00801   0.00267   0.00000   0.00531   0.00000   0.00000   5.17830   2.29422   2.71682   1.74215  -0.08526  -2.38077   0.00000   0.00000  
 56  0.0553   1912.402402  x:  0.00538   0.00266   0.00000   0.00264   0.00000   0.00000   0.00978   0.00553   0.01006   0.00877   0.00594   0.01437   0.01693   0.01095   0.01110   0.00816   0.00263   0.00806   0.00520   0.06300   0.00806   0.00264   0.00000   0.00526   0.00529   0.00523   0.00000   0.00803   0.00264   0.00000   0.00530   0.00000   0.00000   5.12615   2.32579   2.73329   1.77053  -0.06056  -2.37515   0.00000   0.00000  
 57  0.0203   1912.400587  x:  0.00533   0.00266   0.00000   0.00263   0.00000   0.00000   0.00976   0.00555   0.01006   0.00880   0.00596   0.01437   0.01690   0.01092   0.01108   0.00813   0.00266   0.00800   0.00520   0.06294   0.00818   0.00270   0.00000   0.00536   0.00532   0.00527   0.00000   0.00797   0.00264   0.00000   0.00526   0.00000   0.00000   5.12154   2.34663   2.76178   1.83095  -0.04259  -2.36428   0.00000   0.00000  
 58  0.0255   1912.399396  x:  0.00534   0.00267   0.00000   0.00266   0.00000   0.00000   0.00974   0.00560   0.01008   0.00893   0.00598   0.01437   0.01687   0.01096   0.01107   0.00814   0.00265   0.00803   0.00522   0.06307   0.00825   0.00270   0.00000   0.00532   0.00534   0.00525   0.00000   0.00802   0.00265   0.00000   0.00531   0.00000   0.00000   5.08943   2.35860   2.78701   1.84793  -0.03216  -2.36036   0.00000   0.00000  
 59  0.0180   1912.399073  x:  0.00533   0.00266   0.00000   0.00265   0.00000   0.00000   0.00969   0.00564   0.01004   0.00892   0.00596   0.01439   0.01688   0.01095   0.01109   0.00817   0.00266   0.00806   0.00521   0.06306   0.00825   0.00269   0.00000   0.00532   0.00531   0.00528   0.00000   0.00800   0.00265   0.00000   0.00529   0.00000   0.00000   5.07699   2.36029   2.79402   1.84824  -0.02413  -2.35374   0.00000   0.00000  
 60  0.0079   1912.398754  x:  0.00531   0.00265   0.00000   0.00266   0.00000   0.00000   0.00967   0.00561   0.01003   0.00892   0.00597   0.01436   0.01689   0.01095   0.01107   0.00819   0.00266   0.00804   0.00521   0.06304   0.00829   0.00265   0.00000   0.00533   0.00530   0.00528   0.00000   0.00803   0.00266   0.00000   0.00528   0.00000   0.00000   5.06875   2.34138   2.78271   1.83540  -0.01893  -2.35407   0.00000   0.00000  
 61  0.0077   1912.398600  x:  0.00532   0.00265   0.00000   0.00266   0.00000   0.00000   0.00969   0.00560   0.01004   0.00891   0.00598   0.01438   0.01689   0.01095   0.01106   0.00819   0.00266   0.00805   0.00522   0.06307   0.00831   0.00264   0.00000   0.00531   0.00531   0.00531   0.00000   0.00800   0.00266   0.00000   0.00529   0.00000   0.00000   5.06458   2.34722   2.77982   1.83354  -0.01673  -2.35302   0.00000   0.00000  
 62  0.0029   1912.398490  x:  0.00531   0.00267   0.00000   0.00265   0.00000   0.00000   0.00971   0.00561   0.01006   0.00890   0.00599   0.01436   0.01687   0.01095   0.01109   0.00818   0.00266   0.00804   0.00522   0.06308   0.00832   0.00264   0.00000   0.00532   0.00532   0.00531   0.00000   0.00800   0.00266   0.00000   0.00529   0.00000   0.00000   5.05773   2.33915   2.76928   1.81272  -0.01444  -2.35082   0.00000   0.00000  
 63  0.0101   1912.398411  x:  0.00532   0.00266   0.00000   0.00265   0.00000   0.00000   0.00970   0.00561   0.01007   0.00890   0.00597   0.01437   0.01689   0.01096   0.01108   0.00818   0.00267   0.00804   0.00521   0.06305   0.00832   0.00266   0.00000   0.00533   0.00531   0.00533   0.00000   0.00802   0.00266   0.00000   0.00530   0.00000   0.00000   5.05609   2.33476   2.75803   1.79883  -0.01407  -2.35135   0.00000   0.00000  
 64  0.0045   1912.398385  x:  0.00533   0.00266   0.00000   0.00265   0.00000   0.00000   0.00969   0.00560   0.01005   0.00891   0.00597   0.01437   0.01688   0.01095   0.01108   0.00817   0.00267   0.00804   0.00521   0.06304   0.00833   0.00266   0.00000   0.00532   0.00532   0.00533   0.00000   0.00801   0.00266   0.00000   0.00529   0.00000   0.00000   5.05372   2.33243   2.75276   1.79417  -0.01242  -2.35024   0.00000   0.00000  
 65  0.0049   1912.398382  x:  0.00533   0.00266   0.00000   0.00266   0.00000   0.00000   0.00970   0.00561   0.01005   0.00891   0.00597   0.01437   0.01689   0.01096   0.01108   0.00817   0.00267   0.00804   0.00521   0.06305   0.00833   0.00266   0.00000   0.00532   0.00532   0.00533   0.00000   0.00801   0.00266   0.00000   0.00529   0.00000   0.00000   5.05403   2.33102   2.75340   1.79314  -0.01265  -2.35021   0.00000   0.00000  
 66  0.0009   1912.398380  x:  0.00533   0.00266   0.00000   0.00266   0.00000   0.00000   0.00970   0.00561   0.01005   0.00891   0.00598   0.01437   0.01688   0.01095   0.01108   0.00817   0.00267   0.00804   0.00521   0.06304   0.00833   0.00266   0.00000   0.00532   0.00531   0.00532   0.00000   0.00801   0.00266   0.00000   0.00529   0.00000   0.00000   5.05380   2.32992   2.75422   1.79299  -0.01242  -2.35022   0.00000   0.00000  
 67  0.0005   1912.398379  x:  0.00533   0.00266   0.00000   0.00266   0.00000   0.00000   0.00970   0.00560   0.01005   0.00891   0.00598   0.01437   0.01688   0.01095   0.01108   0.00818   0.00268   0.00804   0.00521   0.06304   0.00833   0.00266   0.00000   0.00532   0.00531   0.00532   0.00000   0.00801   0.00266   0.00000   0.00529   0.00000   0.00000   5.05359   2.32931   2.75518   1.79295  -0.01225  -2.35004   0.00000   0.00000  
 68  0.0005   1912.398378  x:  0.00533   0.00266   0.00000   0.00266   0.00000   0.00000   0.00970   0.00560   0.01005   0.00891   0.00598   0.01437   0.01688   0.01095   0.01108   0.00818   0.00268   0.00804   0.00521   0.06305   0.00833   0.00266   0.00000   0.00532   0.00531   0.00532   0.00000   0.00801   0.00266   0.00000   0.00529   0.00000   0.00000   5.05363   2.32953   2.75518   1.79304  -0.01236  -2.35010   0.00000   0.00000  
 69  0.0001   1912.398378  x:  0.00533   0.00266   0.00000   0.00266   0.00000   0.00000   0.00970   0.00560   0.01005   0.00891   0.00598   0.01437   0.01688   0.01095   0.01108   0.00818   0.00268   0.00804   0.00521   0.06305   0.00833   0.00266   0.00000   0.00532   0.00531   0.00532   0.00000   0.00801   0.00266   0.00000   0.00529   0.00000   0.00000   5.05364   2.32955   2.75514   1.79306  -0.01235  -2.35009   0.00000   0.00000  
 70  0.0001   1912.398378  x:  0.00533   0.00266   0.00000   0.00266   0.00000   0.00000   0.00970   0.00560   0.01005   0.00891   0.00598   0.01437   0.01688   0.01095   0.01108   0.00818   0.00268   0.00804   0.00521   0.06305   0.00833   0.00266   0.00000   0.00532   0.00531   0.00532   0.00000   0.00801   0.00266   0.00000   0.00529   0.00000   0.00000   5.05364   2.32960   2.75509   1.79307  -0.01234  -2.35009   0.00000   0.00000  
 71  0.0004   1912.398378  x:  0.00533   0.00266   0.00000   0.00266   0.00000   0.00000   0.00970   0.00560   0.01005   0.00891   0.00598   0.01437   0.01688   0.01095   0.01108   0.00818   0.00268   0.00804   0.00521   0.06305   0.00833   0.00266   0.00000   0.00532   0.00531   0.00532   0.00000   0.00801   0.00266   0.00000   0.00529   0.00000   0.00000   5.05364   2.32963   2.75505   1.79308  -0.01233  -2.35009   0.00000   0.00000  
 72  0.0004   1912.398378  x:  0.00533   0.00266   0.00000   0.00266   0.00000   0.00000   0.00970   0.00560   0.01005   0.00891   0.00598   0.01437   0.01688   0.01095   0.01108   0.00818   0.00268   0.00804   0.00521   0.06305   0.00833   0.00266   0.00000   0.00532   0.00531   0.00532   0.00000   0.00801   0.00266   0.00000   0.00529   0.00000   0.00000   5.05364   2.32965   2.75503   1.79309  -0.01233  -2.35009   0.00000   0.00000  
 73  0.0004   1912.398378  x:  0.00533   0.00266   0.00000   0.00266   0.00000   0.00000   0.00970   0.00560   0.01005   0.00891   0.00598   0.01437   0.01688   0.01095   0.01108   0.00818   0.00268   0.00804   0.00521   0.06305   0.00833   0.00266   0.00000   0.00532   0.00531   0.00532   0.00000   0.00801   0.00266   0.00000   0.00529   0.00000   0.00000   5.05364   2.32966   2.75501   1.79308  -0.01233  -2.35008   0.00000   0.00000  
 74  0.0004   1912.398378  x:  0.00533   0.00266   0.00000   0.00266   0.00000   0.00000   0.00970   0.00560   0.01005   0.00891   0.00598   0.01437   0.01688   0.01095   0.01108   0.00818   0.00268   0.00804   0.00521   0.06305   0.00833   0.00266   0.00000   0.00532   0.00531   0.00532   0.00000   0.00801   0.00266   0.00000   0.00529   0.00000   0.00000   5.05363   2.32968   2.75500   1.79309  -0.01233  -2.35008   0.00000   0.00000  
 75  0.0004   1912.398378  x:  0.00533   0.00266   0.00000   0.00266   0.00000   0.00000   0.00970   0.00560   0.01005   0.00891   0.00598   0.01437   0.01688   0.01095   0.01108   0.00818   0.00268   0.00804   0.00521   0.06305   0.00833   0.00266   0.00000   0.00532   0.00531   0.00532   0.00000   0.00801   0.00266   0.00000   0.00529   0.00000   0.00000   5.05363   2.32969   2.75498   1.79309  -0.01233  -2.35008   0.00000   0.00000  