

TREE # 1

  0  0.0000   1983.458827  x:  0.00643   0.00235   0.00045   0.00387   0.00000   0.00105   0.01039   0.00373   0.01055   0.00953   0.00257   0.01643   0.01598   0.01372   0.00893   0.00880   0.00265   0.01151   0.00491   0.05823   0.00905   0.00318   0.00024   0.00677   0.00542   0.00593   0.00022   0.00726   0.00319   0.00117   0.00799   0.00116   0.00080   1.06764   0.86413   1.07762   0.85073   1.35005   0.05298   0.16774   1.04120   2.03935  
  1 99.0000   1983.455991  x:  0.00643   0.00235   0.00045   0.00387   0.00000   0.00105   0.01039   0.00373   0.01055   0.00953   0.00258   0.01643   0.01598   0.01372   0.00893   0.00880   0.00265   0.01151   0.00491   0.05823   0.00905   0.00318   0.00024   0.00677   0.00542   0.00593   0.00022   0.00726   0.00319   0.00117   0.00799   0.00116   0.00080   1.06764   0.86413   1.07762   0.85073   1.35005   0.05298   0.16774   1.04120   2.03935  
  2 1113.5568   1982.887009  x:  0.00641   0.00235   0.00023   0.00383   0.00000   0.00084   0.01039   0.00376   0.01055   0.00952   0.00255   0.01641   0.01600   0.01369   0.00897   0.00880   0.00265   0.01146   0.00493   0.05825   0.00905   0.00317   0.00002   0.00674   0.00543   0.00592   0.00000   0.00729   0.00318   0.00095   0.00793   0.00094   0.00058   1.06766   0.86414   1.07763   0.85072   1.35006   0.05297   0.16768   1.04119   2.03935  
  3 5485.1627   1982.849197  x:  0.00641   0.00235   0.00021   0.00383   0.00000   0.00082   0.01039   0.00376   0.01055   0.00952   0.00255   0.01641   0.01600   0.01369   0.00898   0.00880   0.00265   0.01146   0.00493   0.05825   0.00905   0.00316   0.00000   0.00674   0.00543   0.00592   0.00000   0.00729   0.00318   0.00094   0.00793   0.00092   0.00056   1.06767   0.86414   1.07763   0.85072   1.35006   0.05297   0.16767   1.04118   2.03935  
  4 55493.1989   1982.456650  x:  0.00640   0.00235   0.00000   0.00382   0.00000   0.00061   0.01040   0.00376   0.01055   0.00952   0.00256   0.01639   0.01601   0.01366   0.00900   0.00879   0.00265   0.01142   0.00493   0.05826   0.00904   0.00316   0.00000   0.00672   0.00543   0.00592   0.00000   0.00730   0.00318   0.00073   0.00789   0.00071   0.00035   1.06769   0.86415   1.07763   0.85072   1.35007   0.05296   0.16761   1.04117   2.03935  
  5 1180615.2949   1981.940096  x:  0.00639   0.00228   0.00000   0.00377   0.00000   0.00026   0.01040   0.00377   0.01055   0.00952   0.00256   0.01638   0.01601   0.01364   0.00903   0.00879   0.00265   0.01139   0.00496   0.05828   0.00904   0.00314   0.00000   0.00671   0.00544   0.00592   0.00000   0.00733   0.00316   0.00038   0.00787   0.00037   0.00000   1.06772   0.86416   1.07764   0.85070   1.35009   0.05294   0.16751   1.04115   2.03935  
  6 28655.6481   1981.647720  x:  0.00639   0.00230   0.00000   0.00372   0.00000   0.00000   0.01040   0.00374   0.01056   0.00952   0.00256   0.01638   0.01602   0.01365   0.00907   0.00879   0.00265   0.01140   0.00500   0.05829   0.00905   0.00313   0.00000   0.00671   0.00545   0.00592   0.00000   0.00737   0.00314   0.00012   0.00787   0.00011   0.00000   1.06775   0.86417   1.07765   0.85070   1.35010   0.05293   0.16744   1.04114   2.03935  
  7 10067.1907   1981.568679  x:  0.00638   0.00229   0.00000   0.00372   0.00000   0.00000   0.01041   0.00374   0.01056   0.00952   0.00256   0.01638   0.01602   0.01365   0.00910   0.00879   0.00265   0.01140   0.00499   0.05829   0.00905   0.00314   0.00000   0.00670   0.00545   0.00591   0.00000   0.00738   0.00315   0.00002   0.00786   0.00000   0.00000   1.06776   0.86417   1.07765   0.85069   1.35011   0.05293   0.16741   1.04113   2.03935  
  8 3180.1088   1981.561902  x:  0.00638   0.00229   0.00000   0.00372   0.00000   0.00000   0.01041   0.00374   0.01056   0.00952   0.00256   0.01638   0.01602   0.01365   0.00910   0.00879   0.00265   0.01140   0.00499   0.05829   0.00905   0.00314   0.00000   0.00670   0.00545   0.00591   0.00000   0.00738   0.00315   0.00000   0.00785   0.00000   0.00000   1.06776   0.86417   1.07765   0.85069   1.35011   0.05293   0.16741   1.04113   2.03935  
  9 2817.7139   1980.377683  x:  0.00640   0.00223   0.00000   0.00235   0.00000   0.00000   0.01025   0.00393   0.01035   0.00888   0.00255   0.01530   0.01700   0.01128   0.00814   0.00828   0.00130   0.00789   0.00670   0.05972   0.00870   0.00382   0.00000   0.00638   0.00566   0.00595   0.00000   0.00688   0.00382   0.00000   0.00494   0.00000   0.00000   1.07068   0.86517   1.07843   0.84985   1.35157   0.05151   0.15825   1.03947   2.03932  
 10 437.7398   1979.983486  x:  0.00645   0.00226   0.00000   0.00200   0.00000   0.00000   0.01010   0.00377   0.01019   0.00862   0.00257   0.01454   0.01734   0.00999   0.00793   0.00813   0.00274   0.00630   0.00741   0.06053   0.00850   0.00435   0.00000   0.00645   0.00584   0.00599   0.00000   0.00709   0.00436   0.00000   0.00446   0.00000   0.00000   1.07204   0.86564   1.07879   0.84944   1.35226   0.05085   0.15389   1.03872   2.03930  
 11 865.2210   1979.271724  x:  0.00632   0.00229   0.00000   0.00368   0.00000   0.00000   0.00978   0.00387   0.00985   0.00841   0.00264   0.01246   0.01776   0.00751   0.00899   0.00810   0.00241   0.00471   0.00801   0.06259   0.00809   0.00427   0.00000   0.00660   0.00620   0.00595   0.00000   0.00854   0.00428   0.00000   0.00600   0.00000   0.00000   1.07466   0.86654   1.07946   0.84867   1.35356   0.04959   0.14525   1.03735   2.03927  
 12 448.7506   1977.053849  x:  0.00614   0.00232   0.00000   0.00195   0.00000   0.00000   0.00890   0.00401   0.00894   0.00806   0.00289   0.00707   0.01859   0.00467   0.00907   0.00797   0.00236   0.00749   0.00612   0.06974   0.00682   0.00395   0.00000   0.00659   0.00566   0.00572   0.00000   0.00872   0.00403   0.00000   0.00681   0.00000   0.00000   1.08291   0.86935   1.08155   0.84619   1.35765   0.04564   0.11731   1.03318   2.03918  
 13 587.9071   1967.112891  x:  0.00664   0.00261   0.00000   0.00211   0.00000   0.00000   0.00702   0.00480   0.00700   0.00783   0.00323   0.00123   0.02104   0.01117   0.00841   0.00793   0.00241   0.00633   0.00593   0.09886   0.00509   0.00415   0.00000   0.00764   0.00612   0.00602   0.00000   0.00969   0.00413   0.00000   0.00734   0.00000   0.00000   1.11720   0.88102   1.09021   0.83586   1.37472   0.02916   0.00000   1.01600   2.03878  
 14 2175.4477   1966.703538  x:  0.00679   0.00271   0.00000   0.00191   0.00000   0.00000   0.00627   0.00509   0.00624   0.00767   0.00331   0.00166   0.02199   0.01174   0.00813   0.00789   0.00241   0.00626   0.00562   0.10994   0.00435   0.00417   0.00000   0.00803   0.00617   0.00608   0.00000   0.01004   0.00414   0.00000   0.00780   0.00000   0.00000   1.13025   0.88546   1.09350   0.83193   1.38122   0.02289   0.00000   1.00945   2.03863  
 15 1707.0269   1966.118605  x:  0.00720   0.00290   0.00000   0.00244   0.00000   0.00000   0.00730   0.00553   0.00737   0.00828   0.00319   0.00168   0.02277   0.01130   0.00755   0.00813   0.00257   0.00698   0.00642   0.12556   0.00667   0.00449   0.00000   0.00857   0.00622   0.00631   0.00000   0.00965   0.00447   0.00000   0.00781   0.00000   0.00000   1.14991   0.89215   1.09846   0.82600   1.39107   0.01338   0.00000   0.99951   2.03840  
 16 1354.1909   1965.882448  x:  0.00742   0.00295   0.00000   0.00230   0.00000   0.00000   0.00864   0.00567   0.00866   0.00871   0.00319   0.00165   0.02160   0.01107   0.00818   0.00859   0.00260   0.00678   0.00673   0.12899   0.00530   0.00456   0.00000   0.00871   0.00627   0.00643   0.00000   0.00850   0.00457   0.00000   0.00816   0.00000   0.00000   1.15753   0.89476   1.10038   0.82368   1.39500   0.00959   0.00000   0.99558   2.03831  
 17 330.1020   1965.016397  x:  0.00688   0.00301   0.00000   0.00202   0.00000   0.00000   0.00750   0.00592   0.00750   0.00752   0.00316   0.00162   0.01438   0.01023   0.00961   0.00890   0.00260   0.00652   0.00715   0.13165   0.00604   0.00460   0.00000   0.00782   0.00627   0.00601   0.00000   0.00719   0.00465   0.00000   0.00820   0.00000   0.00000   1.18474   0.90410   1.10723   0.81539   1.40938  -0.00429   0.00000   0.98131   2.03797  
 18 303.5878   1963.530028  x:  0.00648   0.00314   0.00000   0.00247   0.00000   0.00000   0.00772   0.00637   0.00786   0.00878   0.00318   0.00146   0.01006   0.00867   0.00679   0.00763   0.00259   0.00716   0.00697   0.13095   0.00448   0.00458   0.00000   0.00717   0.00624   0.00626   0.00000   0.01173   0.00455   0.00000   0.00677   0.00000   0.00000   1.23596   0.92172   1.12014   0.79973   1.43663  -0.03060   0.00000   0.95430   2.03734  
 19 910.5425   1959.267834  x:  0.00714   0.00343   0.00000   0.00046   0.00000   0.00000   0.00737   0.00751   0.00736   0.00850   0.00303   0.00112   0.01305   0.00593   0.00680   0.00711   0.00242   0.00569   0.00526   0.12508   0.00501   0.00435   0.00000   0.00796   0.00534   0.00607   0.00000   0.01285   0.00439   0.00000   0.00893   0.00000   0.00000   1.35298   0.96199   1.14965   0.76389   1.49898  -0.09078   0.00000   0.89245   2.03590  
 20 2791.7153   1957.079269  x:  0.00763   0.00368   0.00000   0.00137   0.00000   0.00000   0.00612   0.00831   0.00593   0.00713   0.00296   0.00082   0.01638   0.00359   0.00785   0.00722   0.00269   0.00746   0.00760   0.12091   0.00356   0.00489   0.00000   0.00894   0.00564   0.00589   0.00000   0.01258   0.00493   0.00000   0.00816   0.00000   0.00000   1.43622   0.99065   1.17064   0.73838   1.54329  -0.13355   0.00000   0.84848   2.03487  
 21 12768.9070   1956.914824  x:  0.00589   0.00367   0.00000   0.00134   0.00000   0.00000   0.00606   0.00831   0.00648   0.00635   0.00292   0.00082   0.01680   0.00365   0.00729   0.00690   0.00274   0.00764   0.00809   0.12064   0.00337   0.00496   0.00000   0.00813   0.00611   0.00523   0.00000   0.01234   0.00507   0.00000   0.00879   0.00000   0.00000   1.44148   0.99247   1.17200   0.73671   1.54590  -0.13606   0.00000   0.84575   2.03480  
 22 287.8552   1956.773765  x:  0.00514   0.00366   0.00000   0.00133   0.00000   0.00000   0.00660   0.00828   0.00552   0.00703   0.00295   0.00081   0.01704   0.00368   0.00707   0.00689   0.00277   0.00769   0.00856   0.12030   0.00331   0.00503   0.00000   0.00694   0.00593   0.00579   0.00000   0.01201   0.00517   0.00000   0.00922   0.00000   0.00000   1.44532   0.99384   1.17307   0.73535   1.54738  -0.13746   0.00000   0.84384   2.03475  
 23 99.2728   1956.143347  x:  0.00598   0.00359   0.00000   0.00135   0.00000   0.00000   0.00490   0.00814   0.00644   0.00804   0.00301   0.00082   0.01744   0.00391   0.00708   0.00683   0.00282   0.00776   0.00930   0.11876   0.00318   0.00513   0.00000   0.00412   0.00530   0.00645   0.00000   0.01168   0.00529   0.00000   0.00972   0.00000   0.00000   1.46024   0.99923   1.17734   0.72986   1.55245  -0.14222   0.00000   0.83660   2.03454  
 24 269.4553   1940.745871  x:  0.00866   0.00206   0.00000   0.00194   0.00000   0.00000   0.00846   0.00511   0.00469   0.00613   0.00324   0.00120   0.01920   0.00958   0.01057   0.00354   0.00247   0.00789   0.00909   0.08213   0.00363   0.00385   0.00000   0.00252   0.00498   0.00099   0.00000   0.01343   0.00410   0.00000   0.00635   0.00000   0.00000   1.79342   1.11976   1.27325   0.60612   1.66221  -0.24499   0.00000   0.67560   2.02986  
 25 1342.6592   1933.953489  x:  0.00694   0.00107   0.00000   0.00231   0.00000   0.00000   0.00902   0.00319   0.00550   0.00310   0.00335   0.00143   0.02024   0.01308   0.01305   0.00343   0.00216   0.00784   0.00760   0.05792   0.00417   0.00281   0.00000   0.00368   0.00589   0.00586   0.00000   0.01465   0.00311   0.00000   0.00337   0.00000   0.00000   2.01265   1.19907   1.33636   0.52469   1.73439  -0.31257   0.00000   0.56969   2.02678  
 26 47038.2966   1932.177760  x:  0.00469   0.00085   0.00000   0.00238   0.00000   0.00000   0.00740   0.00275   0.00574   0.00555   0.00350   0.00146   0.02050   0.01362   0.01328   0.00663   0.00205   0.00746   0.00709   0.05221   0.00434   0.00268   0.00000   0.00524   0.00646   0.00526   0.00000   0.01460   0.00266   0.00000   0.00219   0.00000   0.00000   2.06316   1.21735   1.35091   0.50591   1.75099  -0.32810   0.00000   0.54533   2.02606  
 27 8269.1324   1932.164219  x:  0.00453   0.00085   0.00000   0.00239   0.00000   0.00000   0.00726   0.00275   0.00578   0.00580   0.00351   0.00146   0.02049   0.01363   0.01340   0.00621   0.00205   0.00746   0.00714   0.05217   0.00434   0.00274   0.00000   0.00545   0.00636   0.00528   0.00000   0.01450   0.00261   0.00000   0.00218   0.00000   0.00000   2.06353   1.21750   1.35103   0.50574   1.75108  -0.32818   0.00000   0.54523   2.02605  
 28 51.0359   1932.158098  x:  0.00449   0.00086   0.00000   0.00239   0.00000   0.00000   0.00724   0.00275   0.00579   0.00581   0.00351   0.00146   0.02048   0.01363   0.01341   0.00619   0.00205   0.00745   0.00716   0.05213   0.00434   0.00254   0.00000   0.00549   0.00625   0.00528   0.00000   0.01450   0.00280   0.00000   0.00218   0.00000   0.00000   2.06383   1.21766   1.35117   0.50554   1.75106  -0.32811   0.00000   0.54541   2.02603  
 29 10.0782   1931.999699  x:  0.00420   0.00102   0.00000   0.00243   0.00000   0.00000   0.00732   0.00289   0.00594   0.00544   0.00346   0.00149   0.02047   0.01367   0.01326   0.00656   0.00206   0.00733   0.00731   0.05120   0.00431   0.00277   0.00000   0.00568   0.00456   0.00521   0.00000   0.01456   0.00261   0.00000   0.00222   0.00000   0.00000   2.07181   1.22205   1.35480   0.49996   1.75050  -0.32622   0.00000   0.55059   2.02529  
 30 60.1082   1930.957250  x:  0.00480   0.00227   0.00000   0.00261   0.00000   0.00000   0.00738   0.00386   0.00597   0.00614   0.00324   0.00161   0.02049   0.01330   0.01213   0.00626   0.00207   0.00668   0.00521   0.04411   0.00477   0.00254   0.00000   0.00539   0.00694   0.00536   0.00000   0.01264   0.00243   0.00000   0.00245   0.00000   0.00000   2.13337   1.25589   1.38280   0.45697   1.74626  -0.31173   0.00000   0.59049   2.01957  
 31 752.3656   1929.974526  x:  0.00502   0.00230   0.00000   0.00287   0.00000   0.00000   0.00743   0.00223   0.00622   0.00649   0.00384   0.00166   0.02044   0.01305   0.01053   0.00640   0.00195   0.00578   0.00314   0.04688   0.00524   0.00280   0.00000   0.00561   0.00642   0.00539   0.00000   0.01065   0.00279   0.00000   0.00341   0.00000   0.00000   2.15944   1.29669   1.41383   0.40017   1.80185  -0.34123   0.00000   0.66727   2.00528  
 32  5.3385   1926.735772  x:  0.00554   0.00215   0.00000   0.00319   0.00000   0.00000   0.00801   0.00459   0.00737   0.00786   0.00425   0.00198   0.02165   0.01425   0.01010   0.00779   0.00227   0.00623   0.00457   0.06027   0.00600   0.00238   0.00000   0.00702   0.00664   0.00616   0.00000   0.00961   0.00241   0.00000   0.00572   0.00000   0.00000   2.21039   1.45120   1.53366   0.20816   2.04791  -0.46231   0.00000   1.06405   1.93649  
 33 10.2556   1923.602364  x:  0.00635   0.00235   0.00000   0.00384   0.00000   0.00000   0.00892   0.00704   0.00908   0.00987   0.00500   0.00243   0.02383   0.01658   0.00909   0.00978   0.00263   0.00649   0.00515   0.07856   0.00736   0.00199   0.00000   0.00921   0.00707   0.00743   0.00000   0.00737   0.00207   0.00000   0.00866   0.00000   0.00000   2.43420   1.65217   1.68932   0.55498   2.42038  -0.64506   0.00000   1.63319   1.83106  
 34 16.8602   1922.244629  x:  0.00671   0.00138   0.00000   0.00370   0.00000   0.00000   0.00987   0.00653   0.01024   0.01065   0.00570   0.00307   0.02378   0.01441   0.00996   0.01043   0.00284   0.00820   0.00801   0.07270   0.00800   0.00314   0.00000   0.00917   0.00647   0.00759   0.00000   0.00821   0.00343   0.00000   0.01078   0.00000   0.00000   2.73991   1.75654   1.80747   0.60163   2.38575  -0.51330   0.00000   1.89410   1.77495  
 35  5.2857   1920.903719  x:  0.00562   0.00302   0.00000   0.00371   0.00000   0.00000   0.01089   0.00575   0.01129   0.01109   0.00633   0.00353   0.02363   0.01401   0.01292   0.01069   0.00279   0.00968   0.00745   0.08052   0.00895   0.00467   0.00000   0.00787   0.00776   0.00817   0.00000   0.01015   0.00492   0.00000   0.00918   0.00000   0.00000   2.86185   1.69467   1.90522   0.57844   2.62844  -0.56162   0.00000   2.14031   1.65754  
 36  1.4946   1917.919436  x:  0.00522   0.00216   0.00000   0.00404   0.00000   0.00000   0.01229   0.00684   0.01261   0.01075   0.00734   0.00467   0.01965   0.00989   0.01089   0.00946   0.00282   0.00867   0.00399   0.07176   0.01070   0.00394   0.00000   0.00479   0.00471   0.00786   0.00000   0.00527   0.00404   0.00000   0.00706   0.00000   0.00000   3.18235   1.46141   2.03194   0.53956   3.01914  -0.48232   0.00000   2.30157   1.36475  
 37  1.6234   1916.621009  x:  0.00506   0.00271   0.00000   0.00372   0.00000   0.00000   0.01203   0.00502   0.01256   0.01031   0.00777   0.00528   0.01679   0.00792   0.01136   0.00898   0.00262   0.00897   0.00594   0.06477   0.01085   0.00218   0.00000   0.00390   0.00467   0.00732   0.00000   0.00713   0.00204   0.00000   0.00666   0.00000   0.00000   3.35038   1.42626   2.00176   0.54635   3.13166  -0.30178   0.00000   2.14231   1.17080  
 38  0.9692   1914.961818  x:  0.00652   0.00312   0.00000   0.00387   0.00000   0.00000   0.01005   0.00485   0.01149   0.00868   0.00689   0.00649   0.01565   0.00966   0.01117   0.00858   0.00271   0.00890   0.00453   0.06140   0.01033   0.00235   0.00000   0.00833   0.00503   0.00632   0.00000   0.00939   0.00232   0.00000   0.00444   0.00000   0.00000   3.97932   1.63344   1.53336   0.56755   3.55162  -0.06861   0.00000   2.41010   0.68578  
 39  0.8055   1914.247799  x:  0.00386   0.00319   0.00000   0.00365   0.00000   0.00000   0.00888   0.00532   0.01047   0.00794   0.00601   0.00722   0.01500   0.00946   0.01246   0.00867   0.00267   0.00824   0.00438   0.05942   0.00951   0.00298   0.00000   0.00695   0.00618   0.00586   0.00000   0.00888   0.00308   0.00000   0.00449   0.00000   0.00000   4.24398   1.72167   1.53114   0.64768   3.70467   0.16553   0.00000   2.25483   0.35619  
 40  0.5068   1913.633336  x:  0.00468   0.00315   0.00000   0.00354   0.00000   0.00000   0.00859   0.00485   0.00957   0.00849   0.00532   0.00808   0.01596   0.01002   0.01171   0.00873   0.00275   0.00805   0.00679   0.05847   0.00824   0.00298   0.00000   0.00629   0.00613   0.00583   0.00000   0.00711   0.00312   0.00000   0.00555   0.00000   0.00000   4.57891   1.80107   1.67431   0.72409   3.96350   0.28979   0.00000   2.41255   0.00000  
 41  1.0881   1913.127239  x:  0.00533   0.00277   0.00000   0.00352   0.00000   0.00000   0.00939   0.00595   0.00928   0.00886   0.00484   0.00902   0.01689   0.01002   0.01154   0.00819   0.00266   0.00749   0.00561   0.06066   0.00744   0.00290   0.00000   0.00422   0.00506   0.00578   0.00000   0.00826   0.00300   0.00000   0.00499   0.00000   0.00000   4.89201   1.87485   1.83762   0.82556   4.16470   0.48581   0.00000   2.40107   0.00000  
 42  0.7027   1912.806442  x:  0.00536   0.00276   0.00000   0.00335   0.00000   0.00000   0.00923   0.00608   0.00914   0.00857   0.00577   0.00995   0.01690   0.01021   0.01106   0.00782   0.00267   0.00819   0.00532   0.06304   0.00719   0.00216   0.00000   0.00517   0.00514   0.00520   0.00000   0.00791   0.00201   0.00000   0.00479   0.00000   0.00000   5.26820   1.86268   1.91563   0.91746   4.32290   0.69586   0.00000   2.38766   0.00000  
 43  0.3433   1912.569141  x:  0.00532   0.00281   0.00000   0.00301   0.00000   0.00000   0.00950   0.00601   0.00950   0.00868   0.00663   0.01116   0.01685   0.01008   0.01128   0.00779   0.00269   0.00865   0.00557   0.06526   0.00738   0.00286   0.00000   0.00528   0.00542   0.00475   0.00000   0.00826   0.00301   0.00000   0.00513   0.00000   0.00000   5.68253   1.87716   2.11504   1.05658   4.50877   0.95484   0.00000   2.33054   0.00000  
 44  0.3344   1912.426615  x:  0.00488   0.00248   0.00000   0.00279   0.00000   0.00000   0.00970   0.00601   0.00988   0.00866   0.00629   0.01206   0.01653   0.01077   0.01134   0.00793   0.00266   0.00811   0.00525   0.06271   0.00789   0.00259   0.00000   0.00503   0.00508   0.00452   0.00000   0.00827   0.00268   0.00000   0.00596   0.00000   0.00000   5.95125   1.83215   2.26148   1.16616   4.67649   1.14230   0.00000   2.13995   0.00000  
 45  0.2511   1912.341984  x:  0.00528   0.00279   0.00000   0.00260   0.00000   0.00000   0.00979   0.00543   0.00995   0.00865   0.00597   0.01248   0.01629   0.01106   0.01119   0.00772   0.00265   0.00791   0.00520   0.06282   0.00817   0.00264   0.00000   0.00482   0.00525   0.00458   0.00000   0.00765   0.00257   0.00000   0.00525   0.00000   0.00000   6.01156   1.83892   2.33750   1.22178   4.71006   1.26106   0.00000   1.91422   0.00000  
 46  0.2736   1912.282438  x:  0.00550   0.00278   0.00000   0.00254   0.00000   0.00000   0.00991   0.00536   0.01024   0.00888   0.00576   0.01250   0.01697   0.01144   0.01103   0.00806   0.00268   0.00796   0.00504   0.06389   0.00868   0.00268   0.00000   0.00538   0.00534   0.00505   0.00000   0.00815   0.00261   0.00000   0.00536   0.00000   0.00000   5.90165   1.89140   2.41427   1.25424   4.67916   1.24635   0.00000   1.80988   0.00000  
 47  0.1302   1912.251607  x:  0.00531   0.00270   0.00000   0.00247   0.00000   0.00000   0.00966   0.00554   0.01003   0.00897   0.00607   0.01243   0.01690   0.01094   0.01101   0.00818   0.00271   0.00806   0.00518   0.06318   0.00859   0.00264   0.00000   0.00527   0.00527   0.00534   0.00000   0.00790   0.00272   0.00000   0.00533   0.00000   0.00000   5.72176   1.97331   2.46841   1.27426   4.62933   1.22557   0.00000   1.67750   0.00000  
 48  0.1186   1912.235065  x:  0.00530   0.00261   0.00000   0.00255   0.00000   0.00000   0.00969   0.00576   0.00996   0.00895   0.00605   0.01248   0.01697   0.01067   0.01112   0.00824   0.00267   0.00811   0.00522   0.06377   0.00813   0.00269   0.00000   0.00537   0.00532   0.00546   0.00000   0.00807   0.00260   0.00000   0.00527   0.00000   0.00000   5.66051   1.96852   2.39213   1.28314   4.60140   1.22105   0.00000   1.65980   0.00000  
 49  0.0330   1912.214552  x:  0.00534   0.00256   0.00000   0.00262   0.00000   0.00000   0.00986   0.00558   0.01019   0.00888   0.00585   0.01317   0.01672   0.01076   0.01099   0.00827   0.00264   0.00802   0.00537   0.06347   0.00812   0.00260   0.00000   0.00545   0.00530   0.00547   0.00000   0.00803   0.00260   0.00000   0.00516   0.00000   0.00000   5.68339   2.01751   2.38138   1.36156   4.67532   1.29771   0.00000   1.58334   0.00000  
 50  0.0437   1912.185826  x:  0.00526   0.00251   0.00000   0.00294   0.00000   0.00000   0.00984   0.00560   0.01026   0.00885   0.00596   0.01368   0.01672   0.01072   0.01104   0.00829   0.00269   0.00830   0.00546   0.06359   0.00824   0.00265   0.00000   0.00535   0.00537   0.00546   0.00000   0.00797   0.00276   0.00000   0.00522   0.00000   0.00000   5.58863   2.15721   2.34918   1.41812   4.70625   1.28132   0.00000   1.72768   0.00000  
 51  0.0732   1912.163305  x:  0.00535   0.00257   0.00000   0.00302   0.00000   0.00000   0.00951   0.00563   0.00998   0.00888   0.00595   0.01403   0.01689   0.01088   0.01122   0.00821   0.00271   0.00819   0.00513   0.06301   0.00841   0.00273   0.00000   0.00530   0.00533   0.00552   0.00000   0.00805   0.00267   0.00000   0.00521   0.00000   0.00000   5.36933   2.27827   2.42310   1.49147   4.67421   1.28706   0.00000   1.63735   0.00000  
 52  0.1211   1912.150749  x:  0.00532   0.00270   0.00000   0.00297   0.00000   0.00000   0.00962   0.00550   0.00997   0.00892   0.00602   0.01423   0.01695   0.01097   0.01106   0.00815   0.00267   0.00798   0.00529   0.06357   0.00837   0.00260   0.00000   0.00532   0.00535   0.00534   0.00000   0.00797   0.00260   0.00000   0.00538   0.00000   0.00000   5.27368   2.28274   2.47159   1.52858   4.65877   1.28293   0.00000   1.64648   0.00000  
 53  0.0433   1912.142874  x:  0.00536   0.00270   0.00000   0.00281   0.00000   0.00000   0.00977   0.00559   0.01004   0.00889   0.00603   0.01425   0.01682   0.01083   0.01103   0.00814   0.00268   0.00804   0.00516   0.06335   0.00826   0.00266   0.00000   0.00535   0.00524   0.00520   0.00000   0.00803   0.00268   0.00000   0.00536   0.00000   0.00000   5.20307   2.23980   2.51369   1.53621   4.65161   1.25746   0.00000   1.66109   0.00000  
 54  0.0388   1912.140088  x:  0.00529   0.00269   0.00000   0.00271   0.00000   0.00000   0.00976   0.00559   0.01005   0.00889   0.00594   0.01429   0.01691   0.01094   0.01110   0.00820   0.00269   0.00811   0.00521   0.06341   0.00828   0.00268   0.00000   0.00529   0.00535   0.00525   0.00000   0.00799   0.00266   0.00000   0.00533   0.00000   0.00000   5.18371   2.23206   2.51918   1.54339   4.65411   1.24948   0.00000   1.66668   0.00000  
 55  0.0134   1912.138725  x:  0.00534   0.00265   0.00000   0.00268   0.00000   0.00000   0.00968   0.00561   0.01002   0.00889   0.00594   0.01436   0.01689   0.01099   0.01109   0.00817   0.00268   0.00805   0.00524   0.06330   0.00834   0.00265   0.00000   0.00532   0.00530   0.00529   0.00000   0.00799   0.00265   0.00000   0.00526   0.00000   0.00000   5.18765   2.24202   2.50762   1.55021   4.65881   1.25006   0.00000   1.68651   0.00000  
 56  0.0131   1912.138509  x:  0.00532   0.00265   0.00000   0.00265   0.00000   0.00000   0.00968   0.00561   0.01003   0.00891   0.00598   0.01438   0.01688   0.01096   0.01108   0.00818   0.00268   0.00806   0.00522   0.06332   0.00834   0.00265   0.00000   0.00531   0.00531   0.00530   0.00000   0.00800   0.00265   0.00000   0.00528   0.00000   0.00000   5.19262   2.24950   2.50794   1.55415   4.65771   1.25353   0.00000   1.68575   0.00000  
 57  0.0060   1912.138451  x:  0.00532   0.00265   0.00000   0.00265   0.00000   0.00000   0.00968   0.00559   0.01003   0.00890   0.00596   0.01439   0.01688   0.01096   0.01107   0.00818   0.00268   0.00805   0.00521   0.06329   0.00833   0.00266   0.00000   0.00532   0.00531   0.00532   0.00000   0.00800   0.00266   0.00000   0.00528   0.00000   0.00000   5.19176   2.25710   2.50132   1.55498   4.65601   1.25058   0.00000   1.68751   0.00000  
 58  0.0049   1912.138432  x:  0.00532   0.00266   0.00000   0.00265   0.00000   0.00000   0.00969   0.00559   0.01003   0.00890   0.00597   0.01438   0.01688   0.01096   0.01107   0.00818   0.00268   0.00805   0.00521   0.06331   0.00832   0.00265   0.00000   0.00531   0.00530   0.00532   0.00000   0.00800   0.00265   0.00000   0.00529   0.00000   0.00000   5.19262   2.25910   2.49914   1.55468   4.65312   1.24578   0.00000   1.68935   0.00000  
 59  0.0024   1912.138409  x:  0.00532   0.00266   0.00000   0.00265   0.00000   0.00000   0.00968   0.00560   0.01003   0.00889   0.00598   0.01438   0.01689   0.01095   0.01108   0.00817   0.00268   0.00805   0.00521   0.06332   0.00833   0.00266   0.00000   0.00531   0.00531   0.00532   0.00000   0.00800   0.00265   0.00000   0.00529   0.00000   0.00000   5.18924   2.26632   2.49606   1.55719   4.64487   1.23813   0.00000   1.68801   0.00000  
 60  0.0033   1912.138347  x:  0.00533   0.00266   0.00000   0.00264   0.00000   0.00000   0.00970   0.00560   0.01004   0.00887   0.00596   0.01437   0.01689   0.01096   0.01108   0.00817   0.00268   0.00805   0.00521   0.06331   0.00834   0.00266   0.00000   0.00532   0.00531   0.00530   0.00000   0.00799   0.00265   0.00000   0.00529   0.00000   0.00000   5.19308   2.27543   2.49122   1.56377   4.61578   1.20937   0.00000   1.68604   0.00000  
 61  0.0087   1912.138191  x:  0.00530   0.00266   0.00000   0.00265   0.00000   0.00000   0.00971   0.00560   0.01004   0.00890   0.00595   0.01433   0.01688   0.01097   0.01106   0.00817   0.00268   0.00806   0.00522   0.06331   0.00833   0.00265   0.00000   0.00531   0.00529   0.00531   0.00000   0.00800   0.00266   0.00000   0.00530   0.00000   0.00000   5.18134   2.28781   2.49788   1.57851   4.54211   1.13674   0.00000   1.68445   0.00000  
 62  0.0171   1912.137892  x:  0.00531   0.00266   0.00000   0.00265   0.00000   0.00000   0.00969   0.00560   0.01003   0.00893   0.00597   0.01428   0.01685   0.01099   0.01106   0.00817   0.00267   0.00807   0.00522   0.06330   0.00834   0.00266   0.00000   0.00531   0.00531   0.00530   0.00000   0.00801   0.00265   0.00000   0.00527   0.00000   0.00000   5.20012   2.30469   2.52214   1.61133   4.39597   0.98934   0.00000   1.68590   0.00000  
 63  0.0545   1912.137751  x:  0.00532   0.00265   0.00000   0.00265   0.00000   0.00000   0.00968   0.00559   0.01003   0.00892   0.00598   0.01430   0.01688   0.01096   0.01108   0.00818   0.00268   0.00805   0.00521   0.06328   0.00831   0.00265   0.00000   0.00532   0.00531   0.00530   0.00000   0.00799   0.00265   0.00000   0.00528   0.00000   0.00000   5.19498   2.31540   2.53703   1.63564   4.31113   0.90307   0.00000   1.68450   0.00000  
 64  0.0499   1912.137695  x:  0.00532   0.00265   0.00000   0.00266   0.00000   0.00000   0.00969   0.00559   0.01004   0.00891   0.00597   0.01429   0.01689   0.01095   0.01108   0.00818   0.00268   0.00805   0.00521   0.06330   0.00833   0.00266   0.00000   0.00531   0.00530   0.00531   0.00000   0.00800   0.00265   0.00000   0.00528   0.00000   0.00000   5.20456   2.30815   2.54615   1.64010   4.27987   0.87282   0.00000   1.68491   0.00000  
 65  0.0207   1912.137660  x:  0.00532   0.00266   0.00000   0.00265   0.00000   0.00000   0.00968   0.00559   0.01003   0.00888   0.00597   0.01428   0.01688   0.01095   0.01108   0.00817   0.00268   0.00805   0.00521   0.06329   0.00833   0.00266   0.00000   0.00531   0.00531   0.00532   0.00000   0.00800   0.00265   0.00000   0.00528   0.00000   0.00000   5.20011   2.30783   2.55207   1.64282   4.25034   0.84276   0.00000   1.68560   0.00000  
 66  0.0121   1912.137588  x:  0.00532   0.00266   0.00000   0.00266   0.00000   0.00000   0.00970   0.00560   0.01003   0.00887   0.00597   0.01429   0.01686   0.01098   0.01106   0.00816   0.00268   0.00806   0.00521   0.06329   0.00832   0.00265   0.00000   0.00531   0.00531   0.00534   0.00000   0.00800   0.00265   0.00000   0.00529   0.00000   0.00000   5.20641   2.30877   2.55621   1.64812   4.18909   0.78171   0.00000   1.68499   0.00000  
 67  0.0143   1912.137075  x:  0.00532   0.00267   0.00000   0.00265   0.00000   0.00000   0.00971   0.00562   0.01005   0.00886   0.00598   0.01430   0.01688   0.01099   0.01108   0.00815   0.00267   0.00805   0.00522   0.06327   0.00831   0.00267   0.00000   0.00532   0.00530   0.00534   0.00000   0.00799   0.00266   0.00000   0.00528   0.00000   0.00000   5.20561   2.31559   2.57303   1.67095   3.91051   0.50491   0.00000   1.68097   0.00000  
 68  0.0492   1912.009245  x:  0.00526   0.00289   0.00000   0.00260   0.00000   0.00000   0.00985   0.00607   0.01045   0.00858   0.00612   0.01434   0.01722   0.01135   0.01132   0.00807   0.00248   0.00797   0.00537   0.06282   0.00809   0.00290   0.00000   0.00536   0.00508   0.00544   0.00000   0.00778   0.00274   0.00000   0.00505   0.00000   0.00000   5.21329   2.48673   2.92827   2.16729  -2.37758  -5.75365   0.00000   1.61263   0.00000  
 69 11.7519   1912.009123  x:  0.00526   0.00289   0.00000   0.00260   0.00000   0.00000   0.00985   0.00607   0.01046   0.00857   0.00613   0.01434   0.01722   0.01136   0.01133   0.00807   0.00247   0.00797   0.00537   0.06281   0.00809   0.00291   0.00000   0.00536   0.00508   0.00544   0.00000   0.00778   0.00274   0.00000   0.00505   0.00000   0.00000   5.21368   2.49023   2.93520   2.17753  -2.50655  -5.88214   0.00000   1.61202   0.00000  
 70 14.3705   1911.977879  x:  0.00528   0.00282   0.00000   0.00260   0.00000   0.00000   0.00962   0.00591   0.01041   0.00883   0.00604   0.01456   0.01719   0.01109   0.01130   0.00825   0.00259   0.00797   0.00530   0.06308   0.00823   0.00282   0.00000   0.00534   0.00521   0.00529   0.00000   0.00793   0.00269   0.00000   0.00520   0.00000   0.00000   5.23956   2.43128   2.78693   2.08942  -2.88433  -6.28301   0.00000   1.78956   0.00000  
 71  0.1326   1911.943476  x:  0.00536   0.00276   0.00000   0.00270   0.00000   0.00000   0.00966   0.00566   0.01005   0.00886   0.00591   0.01420   0.01672   0.01091   0.01094   0.00818   0.00275   0.00811   0.00521   0.06336   0.00837   0.00259   0.00000   0.00529   0.00533   0.00539   0.00000   0.00801   0.00264   0.00000   0.00534   0.00000   0.00000   5.26910   2.49524   2.59986   1.93100  -3.50605  -6.94546   0.00000   1.77173   0.00000  
 72  0.3228   1911.925518  x:  0.00530   0.00272   0.00000   0.00266   0.00000   0.00000   0.00963   0.00564   0.00995   0.00896   0.00594   0.01435   0.01680   0.01089   0.01102   0.00817   0.00272   0.00806   0.00521   0.06328   0.00839   0.00263   0.00000   0.00531   0.00530   0.00533   0.00000   0.00804   0.00264   0.00000   0.00535   0.00000   0.00000   5.22363   2.27578   2.51173   1.58436  -4.18094  -7.58474   0.00000   1.70995   0.00000  
 73  0.4692   1911.922560  x:  0.00531   0.00268   0.00000   0.00265   0.00000   0.00000   0.00968   0.00563   0.01004   0.00892   0.00596   0.01443   0.01694   0.01094   0.01110   0.00819   0.00268   0.00804   0.00522   0.06331   0.00833   0.00267   0.00000   0.00532   0.00530   0.00531   0.00000   0.00799   0.00266   0.00000   0.00528   0.00000   0.00000   5.20106   2.26649   2.49345   1.56667  -4.68830  -8.10369   0.00000   1.75826   0.00000  
 74  0.4551   1911.921196  x:  0.00532   0.00263   0.00000   0.00266   0.00000   0.00000   0.00973   0.00557   0.01003   0.00887   0.00597   0.01429   0.01687   0.01098   0.01107   0.00816   0.00267   0.00806   0.00521   0.06330   0.00832   0.00265   0.00000   0.00531   0.00531   0.00532   0.00000   0.00799   0.00265   0.00000   0.00530   0.00000   0.00000   5.19618   2.29772   2.51065   1.58900  -5.48974  -8.90511   0.00000   1.75317   0.00000  
 75  0.4127   1911.920670  x:  0.00531   0.00264   0.00000   0.00264   0.00000   0.00000   0.00967   0.00557   0.01003   0.00891   0.00598   0.01435   0.01689   0.01097   0.01110   0.00819   0.00267   0.00804   0.00521   0.06333   0.00832   0.00266   0.00000   0.00532   0.00531   0.00530   0.00000   0.00801   0.00266   0.00000   0.00529   0.00000   0.00000   5.19412   2.27501   2.50902   1.58195  -6.08015  -9.48917   0.00000   1.74034   0.00000  
 76  0.2888   1911.920279  x:  0.00532   0.00265   0.00000   0.00266   0.00000   0.00000   0.00968   0.00558   0.01003   0.00889   0.00598   0.01434   0.01685   0.01098   0.01105   0.00816   0.00269   0.00806   0.00521   0.06336   0.00833   0.00266   0.00000   0.00530   0.00531   0.00532   0.00000   0.00799   0.00266   0.00000   0.00530   0.00000   0.00000   5.19948   2.28594   2.49598   1.58481  -6.99612  -10.41199   0.00000   1.74920   0.00000  
 77  0.4187   1911.920088  x:  0.00531   0.00266   0.00000   0.00265   0.00000   0.00000   0.00968   0.00560   0.01004   0.00890   0.00597   0.01434   0.01689   0.01096   0.01108   0.00817   0.00268   0.00805   0.00521   0.06331   0.00833   0.00266   0.00000   0.00532   0.00531   0.00531   0.00000   0.00800   0.00265   0.00000   0.00530   0.00000   0.00000   5.19905   2.27869   2.50988   1.58280  -7.88385  -11.29564   0.00000   1.74563   0.00000  
 78  0.4696   1911.920030  x:  0.00532   0.00266   0.00000   0.00265   0.00000   0.00000   0.00969   0.00559   0.01003   0.00890   0.00596   0.01434   0.01688   0.01095   0.01107   0.00817   0.00268   0.00805   0.00521   0.06332   0.00833   0.00265   0.00000   0.00531   0.00531   0.00532   0.00000   0.00800   0.00265   0.00000   0.00530   0.00000   0.00000   5.20150   2.28984   2.50395   1.58841  -8.66670  -12.08116   0.00000   1.74970   0.00000  
 79  0.4681   1911.920003  x:  0.00532   0.00266   0.00000   0.00265   0.00000   0.00000   0.00969   0.00560   0.01003   0.00890   0.00597   0.01435   0.01688   0.01096   0.01108   0.00818   0.00268   0.00805   0.00521   0.06331   0.00833   0.00266   0.00000   0.00531   0.00531   0.00531   0.00000   0.00800   0.00265   0.00000   0.00530   0.00000   0.00000   5.19985   2.28112   2.50560   1.58090  -9.43493  -12.84788   0.00000   1.74711   0.00000  
 80  0.4239   1911.919991  x:  0.00532   0.00266   0.00000   0.00265   0.00000   0.00000   0.00969   0.00559   0.01003   0.00890   0.00597   0.01435   0.01688   0.01096   0.01108   0.00818   0.00268   0.00805   0.00521   0.06331   0.00833   0.00266   0.00000   0.00531   0.00531   0.00531   0.00000   0.00800   0.00265   0.00000   0.00530   0.00000   0.00000   5.20045   2.28536   2.50768   1.58890  -10.11577  -13.52884   0.00000   1.74731   0.00000  
 81  0.5129   1911.919984  x:  0.00532   0.00265   0.00000   0.00265   0.00000   0.00000   0.00969   0.00559   0.01003   0.00890   0.00597   0.01434   0.01688   0.01096   0.01107   0.00817   0.00268   0.00805   0.00521   0.06332   0.00833   0.00266   0.00000   0.00531   0.00531   0.00531   0.00000   0.00800   0.00265   0.00000   0.00530   0.00000   0.00000   5.19999   2.28457   2.50330   1.58375  -10.81862  -14.23230   0.00000   1.74820   0.00000  
 82  0.5125   1911.919981  x:  0.00532   0.00266   0.00000   0.00265   0.00000   0.00000   0.00969   0.00559   0.01003   0.00890   0.00597   0.01434   0.01688   0.01096   0.01108   0.00817   0.00268   0.00805   0.00521   0.06332   0.00833   0.00266   0.00000   0.00531   0.00531   0.00531   0.00000   0.00800   0.00265   0.00000   0.00530   0.00000   0.00000   5.19996   2.28359   2.50666   1.58559  -11.63458  -15.04774   0.00000   1.74732   0.00000  
 83  0.4800   1911.919979  x:  0.00532   0.00266   0.00000   0.00265   0.00000   0.00000   0.00968   0.00559   0.01003   0.00890   0.00597   0.01434   0.01688   0.01096   0.01107   0.00817   0.00268   0.00805   0.00521   0.06332   0.00833   0.00266   0.00000   0.00531   0.00531   0.00531   0.00000   0.00800   0.00265   0.00000   0.00530   0.00000   0.00000   5.20007   2.28487   2.50469   1.58508  -12.68129  -16.09478   0.00000   1.74793   0.00000  
 84  0.5301   1911.919979  x:  0.00532   0.00266   0.00000   0.00265   0.00000   0.00000   0.00968   0.00559   0.01003   0.00890   0.00597   0.01434   0.01688   0.01096   0.01107   0.00817   0.00268   0.00805   0.00521   0.06332   0.00833   0.00266   0.00000   0.00531   0.00531   0.00531   0.00000   0.00800   0.00265   0.00000   0.00530   0.00000   0.00000   5.20002   2.28409   2.50580   1.58517  -13.28510  -16.69841   0.00000   1.74761   0.00000  
 85  0.4346   1911.919978  x:  0.00532   0.00266   0.00000   0.00265   0.00000   0.00000   0.00969   0.00559   0.01003   0.00890   0.00597   0.01434   0.01688   0.01096   0.01107   0.00818   0.00268   0.00805   0.00521   0.06332   0.00833   0.00266   0.00000   0.00531   0.00531   0.00531   0.00000   0.00800   0.00265   0.00000   0.00530   0.00000   0.00000   5.20003   2.28430   2.50541   1.58519  -15.58370  -18.99700   0.00000   1.74767   0.00000  
 86  0.6428   1911.919978  x:  0.00532   0.00266   0.00000   0.00265   0.00000   0.00000   0.00969   0.00559   0.01003   0.00890   0.00597   0.01434   0.01688   0.01096   0.01107   0.00817   0.00268   0.00805   0.00521   0.06332   0.00833   0.00266   0.00000   0.00531   0.00531   0.00531   0.00000   0.00800   0.00265   0.00000   0.00530   0.00000   0.00000   5.20008   2.28429   2.50548   1.58517  -16.54322  -19.95658   0.00000   1.74771   0.00000  
 87  0.8481   1911.919978  x:  0.00532   0.00266   0.00000   0.00265   0.00000   0.00000   0.00969   0.00559   0.01003   0.00890   0.00597   0.01434   0.01688   0.01096   0.01107   0.00817   0.00268   0.00805   0.00521   0.06332   0.00833   0.00266   0.00000   0.00531   0.00531   0.00531   0.00000   0.00800   0.00265   0.00000   0.00530   0.00000   0.00000   5.20009   2.28429   2.50550   1.58518  -17.41051  -20.82388   0.00000   1.74771   0.00000  
 88  2.5401   1911.919978  x:  0.00532   0.00266   0.00000   0.00265   0.00000   0.00000   0.00969   0.00559   0.01003   0.00890   0.00597   0.01434   0.01688   0.01096   0.01107   0.00817   0.00268   0.00805   0.00521   0.06332   0.00833   0.00266   0.00000   0.00531   0.00531   0.00531   0.00000   0.00800   0.00265   0.00000   0.00530   0.00000   0.00000   5.20007   2.28428   2.50550   1.58519  -16.87245  -20.28581   0.00000   1.74770   0.00000  
 89  1.2279   1911.919978  x:  0.00532   0.00266   0.00000   0.00265   0.00000   0.00000   0.00969   0.00559   0.01003   0.00890   0.00597   0.01434   0.01688   0.01096   0.01107   0.00817   0.00268   0.00805   0.00521   0.06332   0.00833   0.00266   0.00000   0.00531   0.00531   0.00531   0.00000   0.00800   0.00265   0.00000   0.00530   0.00000   0.00000   5.20004   2.28391   2.50539   1.58483  -16.14807  -19.56143   0.00000   1.74773   0.00000  
 90 28.7069   1911.919978  x:  0.00532   0.00266   0.00000   0.00265   0.00000   0.00000   0.00969   0.00559   0.01003   0.00890   0.00597   0.01434   0.01688   0.01096   0.01107   0.00817   0.00268   0.00805   0.00521   0.06332   0.00833   0.00266   0.00000   0.00531   0.00531   0.00531   0.00000   0.00800   0.00265   0.00000   0.00530   0.00000   0.00000   5.20007   2.28412   2.50538   1.58497  -15.25649  -18.66986   0.00000   1.74772   0.00000  
 91 25.8859   1911.919978  x:  0.00532   0.00266   0.00000   0.00265   0.00000   0.00000   0.00969   0.00559   0.01003   0.00890   0.00597   0.01434   0.01688   0.01096   0.01107   0.00817   0.00268   0.00805   0.00521   0.06332   0.00833   0.00266   0.00000   0.00531   0.00531   0.00531   0.00000   0.00800   0.00265   0.00000   0.00530   0.00000   0.00000   5.20005   2.28424   2.50537   1.58505  -14.93153  -18.34489   0.00000   1.74771   0.00000  
 92 24.7045   1911.919978  x:  0.00532   0.00266   0.00000   0.00265   0.00000   0.00000   0.00969   0.00559   0.01003   0.00890   0.00597   0.01434   0.01688   0.01096   0.01107   0.00817   0.00268   0.00805   0.00521   0.06332   0.00833   0.00266   0.00000   0.00531   0.00531   0.00531   0.00000   0.00800   0.00265   0.00000   0.00530   0.00000   0.00000   5.20005   2.28424   2.50537   1.58505  -14.93123  -18.34459   0.00000   1.74771   0.00000  
 93 27.6499   1911.919978  x:  0.00532   0.00266   0.00000   0.00265   0.00000   0.00000   0.00969   0.00559   0.01003   0.00890   0.00597   0.01434   0.01688   0.01096   0.01107   0.00817   0.00268   0.00805   0.00521   0.06332   0.00833   0.00266   0.00000   0.00531   0.00531   0.00531   0.00000   0.00800   0.00265   0.00000   0.00530   0.00000   0.00000   5.20003   2.28436   2.50540   1.58516  -14.95447  -18.36783   0.00000   1.74771   0.00000  
 94 25.1788   1911.919978  x:  0.00532   0.00266   0.00000   0.00265   0.00000   0.00000   0.00969   0.00559   0.01003   0.00890   0.00597   0.01434   0.01688   0.01096   0.01107   0.00817   0.00268   0.00805   0.00521   0.06332   0.00833   0.00266   0.00000   0.00531   0.00531   0.00531   0.00000   0.00800   0.00265   0.00000   0.00530   0.00000   0.00000   5.20002   2.28436   2.50540   1.58516  -14.95463  -18.36799   0.00000   1.74771   0.00000  
 95 18.7805   1911.919978  x:  0.00532   0.00266   0.00000   0.00265   0.00000   0.00000   0.00969   0.00559   0.01003   0.00890   0.00597   0.01434   0.01688   0.01096   0.01107   0.00817   0.00268   0.00805   0.00521   0.06332   0.00833   0.00266   0.00000   0.00531   0.00531   0.00531   0.00000   0.00800   0.00265   0.00000   0.00530   0.00000   0.00000   5.20006   2.28432   2.50542   1.58515  -14.94850  -18.36186   0.00000   1.74771   0.00000  
 96 192.6981   1911.919978  x:  0.00532   0.00266   0.00000   0.00265   0.00000   0.00000   0.00969   0.00559   0.01003   0.00890   0.00597   0.01434   0.01688   0.01096   0.01107   0.00817   0.00268   0.00805   0.00521   0.06332   0.00833   0.00266   0.00000   0.00531   0.00531   0.00531   0.00000   0.00800   0.00265   0.00000   0.00530   0.00000   0.00000   5.20006   2.28432   2.50542   1.58515  -14.94851  -18.36187   0.00000   1.74771   0.00000  
 97 42.1921   1911.919978  x:  0.00532   0.00266   0.00000   0.00265   0.00000   0.00000   0.00969   0.00559   0.01003   0.00890   0.00597   0.01434   0.01688   0.01096   0.01107   0.00817   0.00268   0.00805   0.00521   0.06332   0.00833   0.00266   0.00000   0.00531   0.00531   0.00531   0.00000   0.00800   0.00265   0.00000   0.00530   0.00000   0.00000   5.19997   2.28434   2.50542   1.58516  -14.95107  -18.36447   0.00000   1.74782   0.00000  
 98  0.3327   1911.919978  x:  0.00532   0.00266   0.00000   0.00265   0.00000   0.00000   0.00969   0.00559   0.01003   0.00890   0.00597   0.01434   0.01688   0.01096   0.01107   0.00817   0.00268   0.00805   0.00521   0.06332   0.00833   0.00266   0.00000   0.00531   0.00531   0.00531   0.00000   0.00800   0.00265   0.00000   0.00530   0.00000   0.00000   5.19997   2.28434   2.50542   1.58516  -14.95107  -18.36447   0.00000   1.74782   0.00000  
 99  0.0010   1911.919978  x:  0.00532   0.00266   0.00000   0.00265   0.00000   0.00000   0.00969   0.00559   0.01003   0.00890   0.00597   0.01434   0.01688   0.01096   0.01107   0.00817   0.00268   0.00805   0.00521   0.06332   0.00833   0.00266   0.00000   0.00531   0.00531   0.00531   0.00000   0.00800   0.00265   0.00000   0.00530   0.00000   0.00000   5.20020   2.28433   2.50538   1.58512  -14.95068  -18.36399   0.00000   1.74758   0.00000  
100  0.6401   1911.919978  x:  0.00532   0.00266   0.00000   0.00265   0.00000   0.00000   0.00969   0.00559   0.01003   0.00890   0.00597   0.01434   0.01688   0.01096   0.01107   0.00817   0.00268   0.00805   0.00521   0.06332   0.00833   0.00266   0.00000   0.00531   0.00531   0.00531   0.00000   0.00800   0.00265   0.00000   0.00530   0.00000   0.00000   5.20020   2.28433   2.50538   1.58512  -14.95068  -18.36399   0.00000   1.74758   0.00000  
101  0.0026   1911.919978  x:  0.00532   0.00266   0.00000   0.00265   0.00000   0.00000   0.00969   0.00559   0.01003   0.00890   0.00597   0.01434   0.01688   0.01096   0.01107   0.00817   0.00268   0.00805   0.00521   0.06332   0.00833   0.00266   0.00000   0.00531   0.00531   0.00531   0.00000   0.00800   0.00265   0.00000   0.00530   0.00000   0.00000   5.20020   2.28433   2.50538   1.58512  -14.95068  -18.36399   0.00000   1.74758   0.00000  
102  0.0088   1911.919978  x:  0.00532   0.00266   0.00000   0.00265   0.00000   0.00000   0.00969   0.00559   0.01003   0.00890   0.00597   0.01434   0.01688   0.01096   0.01107   0.00817   0.00268   0.00805   0.00521   0.06332   0.00833   0.00266   0.00000   0.00531   0.00531   0.00531   0.00000   0.00800   0.00265   0.00000   0.00530   0.00000   0.00000   5.20020   2.28433   2.50538   1.58512  -14.95068  -18.36399   0.00000   1.74758   0.00000  
check convergence!
