Supplemental results for CODEML (seqf: /home/leticiamagpali/phd/evol_models/codeml/small_dataset/cml_align/CASQ1_codon_aligned.phy  treef: /home/leticiamagpali/phd/evol_models/codeml/small_dataset/cml_trees/gene_trees/M0_gene_trees/CASQ1_codon.tre)

I	J	ij	2Ns_IJ	pMut_IJ	pSub_IJ	2Ns_JI	pMut_JI	pSub_JI

TTC	TTT	CT	0.75601	0.19235	0.27414	-0.75601	0.40967	0.27414	0.27414	0.27414
TTA	TTT	AT	1.33539	0.00924	0.01675	-1.33539	0.03513	0.01675	0.00747	0.00747
TTA	TTC	AC	0.57938	0.03612	0.04759	-0.57938	0.06447	0.04759	0.02121	0.02121
TTG	TTT	GT	5.10170	0.00011	0.00057	-5.10170	0.01830	0.00057	0.00025	0.00025
TTG	TTC	GC	4.34569	0.00044	0.00192	-4.34569	0.03357	0.00192	0.00085	0.00085
TTG	TTA	GA	3.76631	0.00094	0.00361	-3.76631	0.04044	0.00361	0.00361	0.00361
TCT	TTT	CT	2.26882	0.04237	0.10723	-2.26882	0.40967	0.10723	0.04780	0.04780
TCC	TTC	CT	4.56760	0.00781	0.03603	-4.56760	0.75179	0.03603	0.01606	0.01606
TCC	TCT	CT	3.05479	0.00781	0.02502	-3.05479	0.16561	0.02502	0.02502	0.02502
TCA	TTA	CT	0.98617	0.06746	0.10611	-0.98617	0.18086	0.10611	0.04730	0.04730
TCA	TCT	AT	0.05273	0.01347	0.01383	-0.05273	0.01420	0.01383	0.01383	0.01383
TCA	TCC	AC	-3.00206	0.05266	0.00827	3.00206	0.00262	0.00827	0.00827	0.00827
TCG	TTG	CT	1.36312	0.00056	0.00102	-1.36312	0.00218	0.00102	0.00046	0.00046
TCG	TCT	GT	4.19599	0.00011	0.00047	-4.19599	0.00740	0.00047	0.00047	0.00047
TCG	TCC	GC	1.14120	0.00044	0.00073	-1.14120	0.00136	0.00073	0.00073	0.00073
TCG	TCA	GA	4.14326	0.00094	0.00394	-4.14326	0.05896	0.00394	0.00394	0.00394
TAT	TTT	AT	1.02685	0.01258	0.02013	-1.02685	0.03513	0.02013	0.00897	0.00897
TAT	TCT	AC	-1.24198	0.04918	0.02480	1.24198	0.01420	0.02480	0.01106	0.01106
TAC	TTC	AT	0.90601	0.02606	0.03962	-0.90601	0.06447	0.03962	0.01766	0.01766
TAC	TCC	AC	-3.66159	0.10184	0.00983	3.66159	0.00262	0.00983	0.00438	0.00438
TAC	TAT	CT	0.63518	0.13047	0.17626	-0.63518	0.24624	0.17626	0.17626	0.17626
TGT	TTT	GT	9.67965	0.00000	0.00000	-9.67965	0.01830	0.00001	0.00000	0.00000
TGT	TCT	GC	7.41082	0.00000	0.00000	-7.41082	0.00740	0.00003	0.00000	0.00001
TGT	TAT	GA	8.65280	0.00000	0.00000	-8.65280	0.05506	0.00008	0.00000	0.00004
TGC	TTC	GT	10.28675	0.00000	0.00000	-10.28675	0.03357	0.00001	0.00000	0.00001
TGC	TCC	GC	5.71915	0.00000	0.00000	-5.71915	0.00136	0.00003	0.00000	0.00001
TGC	TAC	GA	9.38073	0.00000	0.00000	-9.38073	0.11402	0.00009	0.00000	0.00004
TGC	TGT	CT	1.36312	0.00000	0.00000	-1.36312	0.00000	0.00000	0.00000	0.00000
TGG	TTG	GT	-4.92223	0.01336	0.00048	4.92223	0.00010	0.00048	0.00022	0.00022
TGG	TCG	GC	-6.28535	0.05222	0.00061	6.28535	0.00010	0.00061	0.00027	0.00027
TGG	TGT	GT	-9.50018	0.01336	0.00001	9.50018	0.00000	0.00000	0.00000	0.00000
TGG	TGC	GC	-10.86329	0.05222	0.00001	10.86329	0.00000	0.00000	0.00000	0.00000
CTT	TTT	CT	3.26735	0.01561	0.05303	-3.26735	0.40967	0.05303	0.02364	0.02364
CTC	TTC	CT	2.55270	0.05854	0.16206	-2.55270	0.75179	0.16206	0.07224	0.07224
CTC	CTT	CT	0.04136	0.05854	0.05976	-0.04136	0.06101	0.05976	0.05976	0.05976
CTA	TTA	CT	0.86930	0.07583	0.11350	-0.86930	0.18086	0.11350	0.11350	0.11350
CTA	CTT	AT	-1.06266	0.01514	0.00850	1.06266	0.00523	0.00850	0.00850	0.00850
CTA	CTC	AC	-1.10402	0.05919	0.03241	1.10402	0.01962	0.03241	0.03241	0.03241
CTG	TTG	CT	-5.23811	0.41036	0.01148	5.23811	0.00218	0.01148	0.01148	0.01148
CTG	CTT	GT	-3.40377	0.08195	0.00959	3.40377	0.00272	0.00959	0.00959	0.00959
CTG	CTC	GC	-3.44513	0.32031	0.03636	3.44513	0.01022	0.03636	0.03636	0.03636
CTG	CTA	GA	-2.34111	0.68871	0.17166	2.34111	0.06627	0.17166	0.17166	0.17166
CCT	TCT	CT	0.50646	0.09980	0.12720	-0.50646	0.16561	0.12720	0.05670	0.05670
CCT	CTT	CT	-0.49207	0.09980	0.07725	0.49207	0.06101	0.07725	0.03444	0.03444
CCC	TCC	CT	-1.37311	0.12043	0.05610	1.37311	0.03051	0.05610	0.02501	0.02501
CCC	CTC	CT	0.64180	0.12043	0.16318	-0.64180	0.22880	0.16318	0.07274	0.07274
CCC	CCT	CT	1.17522	0.12043	0.20475	-1.17522	0.39006	0.20475	0.20475	0.20475
CCA	TCA	CT	2.82670	0.01561	0.04691	-2.82670	0.26367	0.04691	0.02091	0.02091
CCA	CTA	CT	2.94357	0.01561	0.04851	-2.94357	0.29636	0.04851	0.02162	0.02162
CCA	CCT	AT	2.37297	0.00312	0.00816	-2.37297	0.03345	0.00816	0.00816	0.00816
CCA	CCC	AC	1.19775	0.01219	0.02091	-1.19775	0.04037	0.02091	0.02091	0.02091
CCG	TCG	CT	-1.96909	0.01561	0.00499	1.96909	0.00218	0.00499	0.00222	0.00222
CCG	CTG	CT	4.63214	0.01561	0.07302	-4.63214	1.60381	0.07302	0.03255	0.03255
CCG	CCT	GT	1.72044	0.00312	0.00653	-1.72044	0.01742	0.00653	0.00653	0.00653
CCG	CCC	GC	0.54522	0.01219	0.01581	-0.54522	0.02102	0.01581	0.01581	0.01581
CCG	CCA	GA	-0.65253	0.02620	0.01858	0.65253	0.01364	0.01858	0.01858	0.01858
CAT	TAT	CT	2.03006	0.03234	0.07557	-2.03006	0.24624	0.07557	0.03369	0.03369
CAT	CTT	AT	-0.21045	0.00646	0.00580	0.21045	0.00523	0.00580	0.00259	0.00259
CAT	CCT	AC	0.28162	0.02524	0.02896	-0.28162	0.03345	0.02896	0.01291	0.01291
CAC	TAC	CT	2.75799	0.03234	0.09523	-2.75799	0.50991	0.09523	0.04245	0.04245
CAC	CTC	AT	1.11131	0.00646	0.01070	-1.11131	0.01962	0.01070	0.00477	0.00477
CAC	CCC	AC	0.46951	0.02524	0.03163	-0.46951	0.04037	0.03163	0.01410	0.01410
CAC	CAT	CT	1.36312	0.03234	0.05924	-1.36312	0.12639	0.05924	0.05924	0.05924
CAA	CTA	AT	0.78606	0.01158	0.01672	-0.78606	0.02542	0.01672	0.00745	0.00745
CAA	CCA	AC	-2.15751	0.04526	0.01277	2.15751	0.00523	0.01277	0.00569	0.00569
CAA	CAT	AT	-0.06616	0.01158	0.01120	0.06616	0.01084	0.01120	0.00499	0.00499
CAA	CAC	AC	-1.42927	0.04526	0.02037	1.42927	0.01084	0.02037	0.00908	0.00908
CAG	CTG	AT	2.53405	0.01091	0.03004	-2.53405	0.13754	0.03004	0.01339	0.01339
CAG	CCG	AC	-2.09809	0.04265	0.01251	2.09809	0.00523	0.01251	0.00558	0.00558
CAG	CAT	GT	-0.65927	0.01091	0.00771	0.65927	0.00564	0.00771	0.00344	0.00344
CAG	CAC	GC	-2.02238	0.04265	0.01316	2.02238	0.00564	0.01316	0.00586	0.00586
CAG	CAA	GA	-0.59311	0.09170	0.06718	0.59311	0.05068	0.06718	0.06718	0.06718
CGT	TGT	CT	-6.58212	0.01617	0.00015	6.58212	0.00000	0.00000	0.00007	0.00000
CGT	CTT	GT	-0.16983	0.00323	0.00296	0.16983	0.00272	0.00296	0.00132	0.00132
CGT	CCT	GC	0.32223	0.01262	0.01476	-0.32223	0.01742	0.01476	0.00658	0.00658
CGT	CAT	GA	0.04062	0.02714	0.02769	-0.04062	0.02826	0.02769	0.01234	0.01234
CGC	TGC	CT	1.36312	0.00000	0.00000	-1.36312	0.00000	0.00000	0.00000	0.00000
CGC	CTC	GT	9.09716	0.00000	0.00000	-9.09716	0.01022	0.00001	0.00000	0.00000
CGC	CCC	GC	8.45537	0.00000	0.00000	-8.45537	0.02102	0.00004	0.00000	0.00002
CGC	CAC	GA	7.98586	0.00000	0.00000	-7.98586	0.02826	0.00008	0.00000	0.00003
CGC	CGT	CT	9.30836	0.00000	0.00000	-9.30836	0.06319	0.00005	0.00000	0.00005
CGA	CTA	GT	1.37672	0.00334	0.00615	-1.37672	0.01323	0.00615	0.00274	0.00274
CGA	CCA	GC	-1.56685	0.01306	0.00540	1.56685	0.00272	0.00540	0.00241	0.00241
CGA	CAA	GA	0.59066	0.02807	0.03717	-0.59066	0.05068	0.03717	0.01657	0.01657
CGA	CGT	AT	0.48389	0.00334	0.00421	-0.48389	0.00542	0.00421	0.00421	0.00421
CGA	CGC	AC	-8.82447	0.01306	0.00002	8.82447	0.00000	0.00000	0.00002	0.00000
CGG	TGG	CT	2.81840	0.01561	0.04679	-2.81840	0.26149	0.04679	0.02086	0.02086
CGG	CTG	GT	3.13429	0.00312	0.01022	-3.13429	0.07162	0.01022	0.00455	0.00455
CGG	CCG	GC	-1.49786	0.01219	0.00526	1.49786	0.00272	0.00526	0.00234	0.00234
CGG	CAG	GA	0.60023	0.02620	0.03485	-0.60023	0.04775	0.03485	0.01553	0.01553
CGG	CGT	GT	-0.09965	0.00312	0.00297	0.09965	0.00282	0.00297	0.00297	0.00297
CGG	CGC	GC	-9.40801	0.01219	0.00001	9.40801	0.00000	0.00000	0.00001	0.00000
CGG	CGA	GA	-0.58354	0.02620	0.01930	0.58354	0.01462	0.01930	0.01930	0.01930
ATT	TTT	AT	0.34706	0.02483	0.02939	-0.34706	0.03513	0.02939	0.01310	0.01310
ATT	CTT	AC	-2.92029	0.09705	0.01615	2.92029	0.00523	0.01615	0.00720	0.00720
ATC	TTC	AT	0.87654	0.02684	0.04029	-0.87654	0.06447	0.04029	0.01796	0.01796
ATC	CTC	AC	-1.67616	0.10488	0.04046	1.67616	0.01962	0.04046	0.01804	0.01804
ATC	ATT	CT	1.28549	0.13437	0.23875	-1.28549	0.48594	0.23875	0.23875	0.23875
ATA	TTA	AT	1.35311	0.00401	0.00731	-1.35311	0.01551	0.00731	0.00326	0.00326
ATA	CTA	AC	0.48381	0.01567	0.01976	-0.48381	0.02542	0.01976	0.00881	0.00881
ATA	ATT	AT	2.34144	0.00401	0.01038	-2.34144	0.04167	0.01038	0.01038	0.01038
ATA	ATC	AC	1.05595	0.01567	0.02537	-1.05595	0.04504	0.02537	0.02537	0.02537
ATG	TTG	AT	-4.82932	0.02338	0.00091	4.82932	0.00019	0.00091	0.00041	0.00041
ATG	CTG	AC	0.40880	0.09139	0.11134	-0.40880	0.13754	0.11134	0.04963	0.04963
ATG	ATT	GT	-0.07468	0.02338	0.02252	0.07468	0.02170	0.02252	0.01004	0.01004
ATG	ATC	GC	-1.36017	0.09139	0.04291	1.36017	0.02345	0.04291	0.01913	0.01913
ATG	ATA	GA	-2.41612	0.19651	0.04654	2.41612	0.01754	0.04654	0.02074	0.02074
ACT	TCT	AT	0.40587	0.00946	0.01152	-0.40587	0.01420	0.01152	0.00513	0.00513
ACT	CCT	AC	-0.10059	0.03699	0.03516	0.10059	0.03345	0.03516	0.01567	0.01567
ACT	ATT	CT	2.32764	0.04739	0.12223	-2.32764	0.48594	0.12223	0.05449	0.05449
ACC	TCC	AT	-1.76313	0.01526	0.00557	1.76313	0.00262	0.00557	0.00248	0.00248
ACC	CCC	AC	-0.39003	0.05962	0.04875	0.39003	0.04037	0.04875	0.02173	0.02173
ACC	ATC	CT	1.92793	0.07638	0.17233	-1.92793	0.52516	0.17233	0.07682	0.07682
ACC	ACT	CT	0.88579	0.07638	0.11514	-0.88579	0.18522	0.11514	0.11514	0.11514
ACA	TCA	AT	1.18645	0.00690	0.01179	-1.18645	0.02261	0.01179	0.00526	0.00526
ACA	CCA	AC	-1.64025	0.02698	0.01065	1.64025	0.00523	0.01065	0.00475	0.00475
ACA	ATA	CT	0.81950	0.03457	0.05065	-0.81950	0.07845	0.05065	0.02258	0.02258
ACA	ACT	AT	0.83331	0.00690	0.01018	-0.83331	0.01588	0.01018	0.01018	0.01018
ACA	ACC	AC	-0.05248	0.02698	0.02628	0.05248	0.02560	0.02628	0.02628	0.02628
ACG	TCG	AT	-3.11979	0.00423	0.00061	3.11979	0.00019	0.00061	0.00027	0.00027
ACG	CCG	AC	-1.15071	0.01654	0.00881	1.15071	0.00523	0.00881	0.00393	0.00393
ACG	ATG	CT	3.07264	0.02119	0.06826	-3.07264	0.45761	0.06826	0.03043	0.03043
ACG	ACT	GT	0.67032	0.00423	0.00581	-0.67032	0.00827	0.00581	0.00581	0.00581
ACG	ACC	GC	-0.21546	0.01654	0.01482	0.21546	0.01333	0.01482	0.01482	0.01482
ACG	ACA	GA	-0.16298	0.03556	0.03274	0.16298	0.03021	0.03274	0.03274	0.03274
AAT	TAT	AT	0.22790	0.01681	0.01880	-0.22790	0.02112	0.01880	0.00838	0.00838
AAT	CAT	AC	-1.80216	0.06571	0.02339	1.80216	0.01084	0.02339	0.01043	0.01043
AAT	ATT	AT	0.90768	0.01681	0.02558	-0.90768	0.04167	0.02558	0.01140	0.01140
AAT	ACT	AC	-1.41995	0.06571	0.02975	1.41995	0.01588	0.02975	0.01326	0.01326
AAC	TAC	AT	0.64039	0.02305	0.03121	-0.64039	0.04373	0.03121	0.01391	0.01391
AAC	CAC	AC	-2.11760	0.09009	0.02609	2.11760	0.01084	0.02609	0.01163	0.01163
AAC	ATC	AT	0.66987	0.02305	0.03163	-0.66987	0.04504	0.03163	0.01410	0.01410
AAC	ACC	AC	-1.25806	0.09009	0.04500	1.25806	0.02560	0.04500	0.02006	0.02006
AAC	AAT	CT	1.04768	0.11541	0.18624	-1.04768	0.32904	0.18624	0.18624	0.18624
AAA	CAA	AC	-1.00495	0.05309	0.03081	1.00495	0.01944	0.03081	0.01373	0.01373
AAA	ATA	AT	-0.70271	0.01358	0.00937	0.70271	0.00673	0.00937	0.00418	0.00418
AAA	ACA	AC	-1.52221	0.05309	0.02256	1.52221	0.01159	0.02256	0.01006	0.01006
AAA	AAT	AT	0.73105	0.01358	0.01915	-0.73105	0.02822	0.01915	0.00854	0.00854
AAA	AAC	AC	-0.31663	0.05309	0.04513	0.31663	0.03868	0.04513	0.02012	0.02012
AAG	CAG	AC	-2.44244	0.21064	0.04899	2.44244	0.01831	0.04899	0.02184	0.02184
AAG	ATG	AT	-0.31719	0.05389	0.04580	0.31719	0.03925	0.04580	0.02042	0.02042
AAG	ACG	AC	-3.38982	0.21064	0.02491	3.38982	0.00710	0.02491	0.01111	0.01111
AAG	AAT	GT	-1.29955	0.05389	0.02625	1.29955	0.01469	0.02625	0.01170	0.01170
AAG	AAC	GC	-2.34722	0.21064	0.05228	2.34722	0.02014	0.05228	0.02331	0.02331
AAG	AAA	GA	-2.03060	0.45290	0.13895	2.03060	0.05945	0.13895	0.13895	0.13895
AGT	TGT	AT	-7.86682	0.00501	0.00002	7.86682	0.00000	0.00000	0.00001	0.00000
AGT	CGT	AC	-1.28469	0.01958	0.00963	1.28469	0.00542	0.00963	0.00429	0.00429
AGT	ATT	GT	1.46577	0.00501	0.00955	-1.46577	0.02170	0.00955	0.00426	0.00426
AGT	ACT	GC	-0.86187	0.01958	0.01234	0.86187	0.00827	0.01234	0.00550	0.00550
AGT	AAT	GA	0.55809	0.04211	0.05495	-0.55809	0.07358	0.05495	0.02449	0.02449
AGC	TGC	AT	-9.20182	0.01904	0.00002	9.20182	0.00000	0.00000	0.00001	0.00000
AGC	CGC	AC	-10.56493	0.07442	0.00002	10.56493	0.00000	0.00000	0.00001	0.00000
AGC	ATC	GT	0.20839	0.01904	0.02109	-0.20839	0.02345	0.02109	0.00940	0.00940
AGC	ACC	GC	-1.71954	0.07442	0.02793	1.71954	0.01333	0.02793	0.01245	0.01245
AGC	AAC	GA	-0.46148	0.16001	0.12592	0.46148	0.10086	0.12592	0.05613	0.05613
AGC	AGT	CT	0.02811	0.09534	0.09669	-0.02811	0.09806	0.09669	0.09669	0.09669
AGA	CGA	AC	-1.77486	0.03308	0.01198	1.77486	0.00561	0.01198	0.01198	0.01198
AGA	ATA	GT	-0.88195	0.00846	0.00527	0.88195	0.00350	0.00527	0.00235	0.00235
AGA	ACA	GC	-1.70146	0.03308	0.01256	1.70146	0.00603	0.01256	0.00560	0.00560
AGA	AAA	GA	-0.17924	0.07112	0.06493	0.17924	0.05945	0.06493	0.02895	0.02895
AGA	AGT	AT	-0.00628	0.00846	0.00844	0.00628	0.00841	0.00844	0.00376	0.00376
AGA	AGC	AC	-0.03439	0.03308	0.03251	0.03439	0.03196	0.03251	0.01449	0.01449
AGG	TGG	AT	0.91083	0.00902	0.01374	-0.91083	0.02243	0.01374	0.00613	0.00613
AGG	CGG	AC	-1.90757	0.03525	0.01172	1.90757	0.00523	0.01172	0.01172	0.01172
AGG	ATG	GT	0.81792	0.00902	0.01321	-0.81792	0.02044	0.01321	0.00589	0.00589
AGG	ACG	GC	-2.25472	0.03525	0.00931	2.25472	0.00370	0.00931	0.00415	0.00415
AGG	AAG	GA	1.13510	0.07580	0.12678	-1.13510	0.23584	0.12678	0.05652	0.05652
AGG	AGT	GT	-0.72253	0.00902	0.00615	0.72253	0.00438	0.00615	0.00274	0.00274
AGG	AGC	GC	-0.75064	0.03525	0.02366	0.75064	0.01664	0.02366	0.01055	0.01055
AGG	AGA	GA	-0.71625	0.07580	0.05186	0.71625	0.03703	0.05186	0.05186	0.05186
GTT	TTT	GT	1.00736	0.00668	0.01060	-1.00736	0.01830	0.01060	0.00473	0.00473
GTT	CTT	GC	-2.26000	0.02611	0.00688	2.26000	0.00272	0.00688	0.00306	0.00306
GTT	ATT	GA	0.66030	0.05614	0.07671	-0.66030	0.10866	0.07671	0.03419	0.03419
GTC	TTC	GT	0.41550	0.02216	0.02708	-0.41550	0.03357	0.02708	0.01207	0.01207
GTC	CTC	GC	-2.13720	0.08660	0.02476	2.13720	0.01022	0.02476	0.01104	0.01104
GTC	ATC	GA	-0.46104	0.18621	0.14657	0.46104	0.11743	0.14657	0.06534	0.06534
GTC	GTT	CT	0.16416	0.11095	0.12031	-0.16416	0.13075	0.12031	0.12031	0.12031
GTA	TTA	GT	-0.21571	0.01002	0.00898	0.21571	0.00808	0.00898	0.00400	0.00400
GTA	CTA	GC	-1.08501	0.03917	0.02169	1.08501	0.01323	0.02169	0.00967	0.00967
GTA	ATA	GA	-1.56882	0.08422	0.03476	1.56882	0.01754	0.03476	0.01549	0.01549
GTA	GTT	AT	0.11233	0.01002	0.01059	-0.11233	0.01121	0.01059	0.01059	0.01059
GTA	GTC	AC	-0.05183	0.03917	0.03816	0.05183	0.03719	0.03816	0.03816	0.03816
GTG	TTG	GT	-6.14601	0.04543	0.00060	6.14601	0.00010	0.00060	0.00027	0.00027
GTG	CTG	GC	-0.90789	0.17756	0.10899	0.90789	0.07162	0.10899	0.04858	0.04858
GTG	ATG	GA	-1.31669	0.38178	0.18406	1.31669	0.10233	0.18406	0.08205	0.08205
GTG	GTT	GT	-2.05166	0.04543	0.01375	2.05166	0.00584	0.01375	0.01375	0.01375
GTG	GTC	GC	-2.21582	0.17756	0.04816	2.21582	0.01937	0.04816	0.04816	0.04816
GTG	GTA	GA	-2.16399	0.38178	0.10721	2.16399	0.04385	0.10721	0.10721	0.10721
GCT	TCT	GT	-0.82789	0.01693	0.01088	0.82789	0.00740	0.01088	0.00485	0.00485
GCT	CCT	GC	-1.33435	0.06615	0.03155	1.33435	0.01742	0.03155	0.01407	0.01407
GCT	ACT	GA	-1.23376	0.14223	0.07209	1.23376	0.04142	0.07209	0.03214	0.03214
GCT	GTT	CT	0.43358	0.08475	0.10444	-0.43358	0.13075	0.10444	0.04656	0.04656
GCC	TCC	GT	-2.98462	0.02695	0.00428	2.98462	0.00136	0.00428	0.00191	0.00191
GCC	CCC	GC	-1.61152	0.10532	0.04232	1.61152	0.02102	0.04232	0.01887	0.01887
GCC	ACC	GA	-1.22149	0.22645	0.11563	1.22149	0.06676	0.11563	0.05154	0.05154
GCC	GTC	CT	1.16748	0.13493	0.22868	-1.16748	0.43364	0.22868	0.10194	0.10194
GCC	GCT	CT	0.89806	0.13493	0.20446	-0.89806	0.33122	0.20446	0.20446	0.20446
GCA	TCA	GT	-0.77267	0.02550	0.01690	0.77267	0.01178	0.01690	0.00754	0.00754
GCA	CCA	GC	-3.59937	0.09966	0.01008	3.59937	0.00272	0.01008	0.00449	0.00449
GCA	ACA	GA	-1.95912	0.21428	0.06890	1.95912	0.03021	0.06890	0.03071	0.03071
GCA	GTA	CT	0.42920	0.12768	0.15703	-0.42920	0.19612	0.15703	0.07000	0.07000
GCA	GCT	AT	0.10795	0.02550	0.02690	-0.10795	0.02841	0.02690	0.02690	0.02690
GCA	GCC	AC	-0.79011	0.09966	0.06542	0.79011	0.04523	0.06542	0.06542	0.06542
GCG	TCG	GT	-4.17779	0.00635	0.00041	4.17779	0.00010	0.00041	0.00018	0.00018
GCG	CCG	GC	-2.20870	0.02481	0.00676	2.20870	0.00272	0.00676	0.00301	0.00301
GCG	ACG	GA	-1.05800	0.05334	0.03001	1.05800	0.01852	0.03001	0.01338	0.01338
GCG	GTG	CT	3.33133	0.03178	0.10980	-3.33133	0.88907	0.10980	0.04894	0.04894
GCG	GCT	GT	0.84609	0.00635	0.00941	-0.84609	0.01479	0.00941	0.00941	0.00941
GCG	GCC	GC	-0.05197	0.02481	0.02417	0.05197	0.02355	0.02417	0.02417	0.02417
GCG	GCA	GA	0.73814	0.05334	0.07542	-0.73814	0.11158	0.07542	0.07542	0.07542
GAT	TAT	GT	-1.69892	0.06013	0.02286	1.69892	0.01100	0.02286	0.01019	0.01019
GAT	CAT	GC	-3.72898	0.23501	0.02157	3.72898	0.00564	0.02157	0.00961	0.00961
GAT	AAT	GA	-1.92682	0.50530	0.16593	1.92682	0.07358	0.16593	0.07397	0.07397
GAT	GTT	AT	-1.67943	0.06013	0.02315	1.67943	0.01121	0.02315	0.01032	0.01032
GAT	GCT	AC	-2.11301	0.23501	0.06827	2.11301	0.02841	0.06827	0.03044	0.03044
GAC	TAC	GT	-1.29949	0.08351	0.04068	1.29949	0.02277	0.04068	0.01814	0.01814
GAC	CAC	GC	-4.05749	0.32640	0.02330	4.05749	0.00564	0.02330	0.01039	0.01039
GAC	AAC	GA	-1.93989	0.70181	0.22851	1.93989	0.10086	0.22851	0.10186	0.10186
GAC	GTC	AT	-0.80898	0.08351	0.05424	0.80898	0.03719	0.05424	0.02418	0.02418
GAC	GCC	AC	-1.97646	0.32640	0.10376	1.97646	0.04523	0.10376	0.04626	0.04626
GAC	GAT	CT	1.03461	0.41816	0.67113	-1.03461	1.17671	0.67113	0.67113	0.67113
GAA	CAA	GC	-2.75062	0.15841	0.02974	2.75062	0.01012	0.02974	0.01326	0.01326
GAA	AAA	GA	-1.74566	0.34061	0.12571	1.74566	0.05945	0.12571	0.05604	0.05604
GAA	GTA	AT	-0.87955	0.04053	0.02529	0.87955	0.01682	0.02529	0.01127	0.01127
GAA	GCA	AC	-1.30876	0.15841	0.07674	1.30876	0.04280	0.07674	0.03421	0.03421
GAA	GAT	AT	0.91221	0.04053	0.06179	-0.91221	0.10092	0.06179	0.02754	0.02754
GAA	GAC	AC	-0.12241	0.15841	0.14891	0.12241	0.14016	0.14891	0.06638	0.06638
GAG	CAG	GC	-3.97079	0.50570	0.03860	3.97079	0.00954	0.03860	0.01721	0.01721
GAG	AAG	GA	-1.52835	1.08733	0.46027	1.52835	0.23584	0.46027	0.20518	0.20518
GAG	GTG	AT	-0.52884	0.12939	0.09818	0.52884	0.07625	0.09818	0.04377	0.04377
GAG	GCG	AC	-3.86017	0.50570	0.04200	3.86017	0.01065	0.04200	0.01872	0.01872
GAG	GAT	GT	-0.90107	0.12939	0.07973	0.90107	0.05255	0.07973	0.03554	0.03554
GAG	GAC	GC	-1.93568	0.50570	0.16511	1.93568	0.07299	0.16511	0.07360	0.07360
GAG	GAA	GA	-1.81328	1.08733	0.38430	1.81328	0.17736	0.38430	0.38430	0.38430
GGT	TGT	GT	-9.21249	0.01002	0.00001	9.21249	0.00000	0.00000	0.00000	0.00000
GGT	CGT	GC	-2.63037	0.03917	0.00800	2.63037	0.00282	0.00800	0.00357	0.00357
GGT	AGT	GA	-1.34568	0.08422	0.03989	1.34568	0.02193	0.03989	0.01778	0.01778
GGT	GTT	GT	-0.54021	0.01002	0.00756	0.54021	0.00584	0.00756	0.00337	0.00337
GGT	GCT	GC	-0.97379	0.03917	0.02314	0.97379	0.01479	0.02314	0.01032	0.01032
GGT	GAT	GA	1.13923	0.08422	0.14111	-1.13923	0.26312	0.14111	0.06290	0.06290
GGC	TGC	GT	-9.82467	0.01848	0.00001	9.82467	0.00000	0.00000	0.00000	0.00000
GGC	CGC	GC	-11.18779	0.07224	0.00001	11.18779	0.00000	0.00000	0.00000	0.00000
GGC	AGC	GA	-0.62286	0.15533	0.11195	0.62286	0.08332	0.11195	0.04990	0.04990
GGC	GTC	GT	0.04658	0.01848	0.01892	-0.04658	0.01937	0.01892	0.00843	0.00843
GGC	GCC	GC	-1.12091	0.07224	0.03916	1.12091	0.02355	0.03916	0.01746	0.01746
GGC	GAC	GA	0.85555	0.15533	0.23114	-0.85555	0.36545	0.23114	0.10304	0.10304
GGC	GGT	CT	0.75094	0.09255	0.13161	-0.75094	0.19612	0.13161	0.13161	0.13161
GGA	CGA	GC	-2.46611	0.03438	0.00787	2.46611	0.00292	0.00787	0.00351	0.00351
GGA	AGA	GA	-0.69125	0.07392	0.05129	0.69125	0.03703	0.05129	0.02287	0.02287
GGA	GTA	GT	-0.00438	0.00880	0.00878	0.00438	0.00876	0.00878	0.00391	0.00391
GGA	GCA	GC	-0.43358	0.03438	0.02746	0.43358	0.02228	0.02746	0.01224	0.01224
GGA	GAA	GA	0.87517	0.07392	0.11093	-0.87517	0.17736	0.11093	0.04945	0.04945
GGA	GGT	AT	0.64815	0.00880	0.01195	-0.64815	0.01682	0.01195	0.01195	0.01195
GGA	GGC	AC	-0.10278	0.03438	0.03264	0.10278	0.03102	0.03264	0.03264	0.03264
GGG	TGG	GT	-0.43485	0.01804	0.01440	0.43485	0.01168	0.01440	0.00642	0.00642
GGG	CGG	GC	-3.25325	0.07050	0.00922	3.25325	0.00272	0.00922	0.00411	0.00411
GGG	AGG	GA	-1.34568	0.15159	0.07181	1.34568	0.03947	0.07181	0.03201	0.03201
GGG	GTG	GT	0.78893	0.01804	0.02608	-0.78893	0.03970	0.02608	0.01163	0.01163
GGG	GCG	GC	-2.54240	0.07050	0.01531	2.54240	0.00555	0.01531	0.00682	0.00682
GGG	GAG	GA	1.31777	0.15159	0.27280	-1.31777	0.56620	0.27280	0.12161	0.12161
GGG	GGT	GT	-0.72253	0.01804	0.01230	0.72253	0.00876	0.01230	0.01230	0.01230
GGG	GGC	GC	-1.47346	0.07050	0.03088	1.47346	0.01615	0.03088	0.03088	0.03088
GGG	GGA	GA	-1.37068	0.15159	0.07072	1.37068	0.03849	0.07072	0.07072	0.07072


Histograms
2Ns	FMut	FSub(CodonUsage)	FSubw(after w)

-10.65504	0.00538	0.00000	0.00000
-9.58953	0.00645	0.00001	0.00001
-8.52403	0.00206	0.00001	0.00000
-7.45853	0.00094	0.00000	0.00000
-6.39302	0.00263	0.00005	0.00004
-5.32752	0.01080	0.00051	0.00074
-4.26201	0.08885	0.00840	0.00620
-3.19651	0.11069	0.02574	0.02080
-2.13101	0.23361	0.11335	0.11022
-1.06550	0.29348	0.26795	0.28601
0.00000	0.10544	0.16800	0.15198
1.06550	0.10369	0.26795	0.28601
2.13101	0.02981	0.11335	0.11022
3.19651	0.00490	0.02574	0.02080
4.26201	0.00120	0.00840	0.00620
5.32752	0.00006	0.00051	0.00074
6.39302	0.00000	0.00005	0.00003
7.45853	0.00000	0.00000	0.00000
8.52403	0.00000	0.00000	0.00000
9.58953	0.00000	0.00000	0.00000
10.65504	0.00000	0.00000	0.00000

Proportion of advantageous (S > 0) mutations:
 0.18455

Proportions of good & bad mutations (|S| > 2.0000) among mutations:
0.01855  0.34911

mean |Ns| = 1.97492	mean Ns+ = 1.07168	mean Ns- = -2.17933
