

TREE # 1

  0  0.0000   8407.971809  x:  0.00324   0.00501   0.00650   0.00908   0.00335   0.00392   0.01997   0.02396   0.00641   0.00801   0.00511   0.00786   0.00490   0.01072   0.00830   0.01841   0.01101   0.00911   0.00291   0.01191   0.00829   0.00602   0.00501   0.00752   0.00000   0.00593   0.00898   0.01249   0.00782   0.99255   0.77289   0.88121   0.93300   0.85670   0.25000   0.84459  
  1 99.0000   8405.237112  x:  0.00322   0.00492   0.00649   0.00905   0.00334   0.00402   0.01995   0.02398   0.00640   0.00800   0.00512   0.00782   0.00489   0.01073   0.00830   0.01843   0.01100   0.00909   0.00288   0.01191   0.00827   0.00597   0.00499   0.00748   0.00150   0.00593   0.00896   0.01249   0.00778   0.99256   0.77289   0.88121   0.93300   0.85671   0.24998   0.84459  
  2 23957.1203   8386.245359  x:  0.00242   0.00000   0.00620   0.00733   0.00270   0.00980   0.01900   0.02504   0.00593   0.00761   0.00576   0.00582   0.00477   0.01108   0.00842   0.01948   0.01026   0.00783   0.00113   0.01208   0.00711   0.00324   0.00390   0.00454   0.00150   0.00595   0.00744   0.01228   0.00576   0.99291   0.77292   0.88123   0.93301   0.85685   0.24888   0.84447  
  3 2823.9890   8383.434112  x:  0.00357   0.00000   0.00621   0.00640   0.00304   0.00897   0.01782   0.02607   0.00537   0.00721   0.00572   0.00382   0.00479   0.01141   0.00851   0.02045   0.00976   0.00703   0.00211   0.01272   0.00669   0.00245   0.00441   0.00189   0.00152   0.00594   0.00638   0.01224   0.00468   0.99339   0.77294   0.88127   0.93301   0.85705   0.24737   0.84428  
  4 1222.6154   8382.379231  x:  0.00269   0.00000   0.00645   0.00589   0.00309   0.00827   0.01663   0.02715   0.00528   0.00709   0.00576   0.00271   0.00479   0.01183   0.00851   0.02135   0.00924   0.00667   0.00140   0.01329   0.00655   0.00347   0.00428   0.00149   0.00152   0.00593   0.00588   0.01241   0.00460   0.99404   0.77298   0.88132   0.93302   0.85731   0.24538   0.84403  
  5 794.9744   8380.865296  x:  0.00266   0.00000   0.00692   0.00531   0.00318   0.00766   0.01405   0.02964   0.00561   0.00710   0.00599   0.00257   0.00480   0.01285   0.00843   0.02328   0.00823   0.00638   0.00127   0.01460   0.00643   0.00260   0.00403   0.00310   0.00152   0.00592   0.00545   0.01284   0.00476   0.99580   0.77309   0.88145   0.93304   0.85805   0.23988   0.84335  
  6 981.0970   8378.589082  x:  0.00312   0.00000   0.00692   0.00608   0.00317   0.00831   0.01160   0.03311   0.00631   0.00737   0.00611   0.00470   0.00480   0.01395   0.00831   0.02549   0.00726   0.00710   0.00154   0.01601   0.00684   0.00339   0.00421   0.00193   0.00151   0.00594   0.00651   0.01306   0.00532   0.99931   0.77329   0.88172   0.93308   0.85951   0.22891   0.84198  
  7 1375.4008   8364.612276  x:  0.00084   0.00000   0.00557   0.01062   0.00224   0.00832   0.01550   0.04524   0.00423   0.00626   0.00368   0.00307   0.00496   0.01298   0.00900   0.02992   0.00875   0.01009   0.00181   0.01846   0.00833   0.00160   0.00558   0.00198   0.00149   0.00620   0.01014   0.01328   0.00499   1.02154   0.77460   0.88337   0.93333   0.86888   0.15882   0.83331  
  8 1910.0876   8351.605023  x:  0.00350   0.00000   0.00463   0.01397   0.00153   0.00906   0.01979   0.05641   0.00256   0.00541   0.00292   0.00093   0.00507   0.01181   0.00966   0.03359   0.01024   0.01211   0.00018   0.02023   0.00921   0.00241   0.00584   0.00321   0.00147   0.00642   0.01254   0.01350   0.00468   1.04416   0.77593   0.88506   0.93359   0.87845   0.08734   0.82448  
  9 39722.9759   8329.970068  x:  0.00433   0.00000   0.00427   0.01606   0.00169   0.01010   0.02532   0.06860   0.00176   0.00481   0.00452   0.00009   0.00519   0.01037   0.01046   0.03713   0.01201   0.01289   0.00203   0.02161   0.00927   0.00436   0.00510   0.00462   0.00146   0.00664   0.01328   0.01371   0.00393   1.07170   0.77755   0.88711   0.93392   0.89015   0.00000   0.81373  
 10 55928.8182   8329.780383  x:  0.00428   0.00000   0.00429   0.01595   0.00168   0.01007   0.02493   0.06779   0.00184   0.00487   0.00444   0.00005   0.00518   0.01048   0.01040   0.03689   0.01189   0.01286   0.00197   0.02151   0.00927   0.00425   0.00514   0.00455   0.00146   0.00662   0.01327   0.01370   0.00401   1.06986   0.77744   0.88697   0.93390   0.88937   0.00000   0.81444  
 11 37170.7003   8328.551597  x:  0.00405   0.00000   0.00425   0.01532   0.00143   0.01020   0.02268   0.06329   0.00105   0.00481   0.00409   0.00006   0.00510   0.01090   0.01011   0.03574   0.01118   0.01276   0.00213   0.02112   0.00933   0.00412   0.00519   0.00446   0.00146   0.00653   0.01323   0.01367   0.00414   1.05888   0.77680   0.88616   0.93377   0.88468   0.00000   0.81873  
 12 9274.1645   8326.332367  x:  0.00373   0.00000   0.00363   0.01434   0.00114   0.01045   0.01930   0.05599   0.00153   0.00350   0.00338   0.00007   0.00496   0.01085   0.00992   0.03435   0.01027   0.01268   0.00257   0.02084   0.00940   0.00434   0.00516   0.00466   0.00146   0.00639   0.01309   0.01369   0.00297   1.03861   0.77560   0.88466   0.93352   0.87597   0.00000   0.82666  
 13 8750.9112   8324.123212  x:  0.00328   0.00000   0.00343   0.01356   0.00334   0.01072   0.01673   0.04884   0.00144   0.00325   0.00434   0.00007   0.00501   0.01019   0.01015   0.03367   0.00988   0.01263   0.00245   0.02111   0.00933   0.00410   0.00517   0.00452   0.00147   0.00636   0.01282   0.01375   0.00279   1.01462   0.77419   0.88289   0.93322   0.86560   0.00000   0.83603  
 14 6810.4999   8319.020218  x:  0.00284   0.00000   0.00467   0.01153   0.00200   0.01088   0.01437   0.03785   0.00193   0.00535   0.00563   0.00009   0.00517   0.00889   0.01096   0.03354   0.00994   0.01179   0.00315   0.02216   0.00860   0.00385   0.00483   0.00376   0.00148   0.00646   0.01117   0.01390   0.00421   0.97063   0.77159   0.87966   0.93267   0.84654   0.00000   0.85319  
 15 8899.5566   8316.987155  x:  0.00287   0.00000   0.00511   0.01073   0.00291   0.01126   0.01564   0.03588   0.00204   0.00606   0.00435   0.00010   0.00485   0.01269   0.00981   0.03260   0.00919   0.01070   0.00385   0.02122   0.00831   0.00428   0.00432   0.00384   0.00149   0.00647   0.01036   0.01373   0.00426   0.95490   0.77066   0.87849   0.93248   0.83986   0.00000   0.85922  
 16 1908.1970   8315.988610  x:  0.00275   0.00000   0.00480   0.01043   0.00235   0.01088   0.01618   0.03609   0.00211   0.00515   0.00589   0.00010   0.00519   0.01457   0.00883   0.03123   0.00842   0.01020   0.00375   0.01975   0.00840   0.00403   0.00475   0.00367   0.00149   0.00643   0.01036   0.01357   0.00461   0.94871   0.77029   0.87801   0.93241   0.83739   0.00000   0.86150  
 17 1239.8509   8314.669034  x:  0.00274   0.00000   0.00605   0.00978   0.00257   0.01068   0.01485   0.03929   0.00217   0.00528   0.00569   0.00010   0.00551   0.01391   0.00935   0.02699   0.00780   0.00978   0.00395   0.01563   0.00847   0.00390   0.00436   0.00349   0.00149   0.00634   0.01058   0.01376   0.00451   0.94534   0.77008   0.87767   0.93240   0.83668   0.00000   0.86238  
 18 370.1348   8314.295615  x:  0.00269   0.00000   0.00496   0.00950   0.00260   0.01069   0.01427   0.04017   0.00219   0.00581   0.00564   0.00010   0.00481   0.01380   0.00932   0.02570   0.00835   0.00970   0.00398   0.01511   0.00821   0.00398   0.00473   0.00360   0.00149   0.00639   0.01019   0.01374   0.00465   0.94593   0.77011   0.87766   0.93243   0.83737   0.00000   0.86190  
 19 311.5054   8313.417472  x:  0.00267   0.00000   0.00511   0.00968   0.00266   0.01094   0.01333   0.04076   0.00219   0.00540   0.00548   0.00010   0.00598   0.01415   0.00823   0.02325   0.01039   0.01019   0.00401   0.01647   0.00790   0.00401   0.00445   0.00347   0.00150   0.00645   0.00911   0.01381   0.00490   0.95306   0.77052   0.87795   0.93261   0.84241   0.00000   0.85804  
 20 328.4587   8310.271507  x:  0.00251   0.00000   0.00693   0.01041   0.00227   0.01086   0.01293   0.04013   0.00210   0.00535   0.00665   0.00009   0.00352   0.01525   0.00930   0.01965   0.01032   0.01058   0.00375   0.01937   0.00865   0.00384   0.00433   0.00326   0.00150   0.00618   0.00873   0.01368   0.00350   0.98208   0.77219   0.87921   0.93332   0.86232   0.00000   0.84267  
 21 1181.9967   8298.366887  x:  0.00233   0.00000   0.00509   0.00938   0.00252   0.01169   0.01312   0.03650   0.00214   0.00469   0.00587   0.00008   0.00546   0.01552   0.01408   0.01338   0.00400   0.00849   0.00424   0.02460   0.00914   0.00396   0.00462   0.00339   0.00150   0.00570   0.00792   0.01241   0.00537   1.09428   0.77866   0.88411   0.93605   0.93900   0.00000   0.78345  
 22 6992.8892   8263.892234  x:  0.00156   0.00000   0.00506   0.00378   0.00243   0.01071   0.00808   0.02225   0.00201   0.00670   0.00621   0.00007   0.00650   0.01596   0.00869   0.01759   0.00618   0.00514   0.00467   0.01568   0.00681   0.00375   0.00401   0.00320   0.00147   0.00703   0.01351   0.01094   0.00267   1.42508   0.79775   0.89862   0.94416   1.16522   0.00000   0.60907  
 23 12714.6603   8258.300805  x:  0.00163   0.00000   0.00559   0.00499   0.00264   0.01091   0.00722   0.01960   0.00215   0.00436   0.00553   0.00009   0.00427   0.01542   0.00742   0.01939   0.00581   0.00650   0.00502   0.01246   0.00600   0.00342   0.00329   0.00268   0.00148   0.00615   0.01044   0.01185   0.00508   1.48403   0.80116   0.90119   0.94563   1.20568   0.00000   0.57811  
 24 15822.2323   8257.208500  x:  0.00158   0.00000   0.00558   0.00584   0.00256   0.01115   0.00701   0.01898   0.00212   0.00510   0.00569   0.00008   0.00490   0.01556   0.00733   0.01993   0.00539   0.00760   0.00502   0.01134   0.00683   0.00356   0.00426   0.00288   0.00149   0.00559   0.00847   0.01261   0.00436   1.49549   0.80184   0.90168   0.94595   1.21375   0.00000   0.57219  
 25 3307.0978   8257.144660  x:  0.00159   0.00000   0.00537   0.00574   0.00254   0.01107   0.00701   0.01892   0.00212   0.00513   0.00574   0.00008   0.00495   0.01571   0.00754   0.01997   0.00549   0.00777   0.00502   0.01123   0.00723   0.00349   0.00389   0.00279   0.00149   0.00571   0.00836   0.01291   0.00437   1.49607   0.80188   0.90169   0.94601   1.21439   0.00000   0.57200  
 26 232.3682   8257.111806  x:  0.00159   0.00000   0.00542   0.00557   0.00255   0.01115   0.00705   0.01889   0.00212   0.00503   0.00571   0.00008   0.00494   0.01580   0.00767   0.01997   0.00560   0.00773   0.00503   0.01122   0.00729   0.00352   0.00410   0.00278   0.00149   0.00581   0.00842   0.01345   0.00445   1.49623   0.80192   0.90164   0.94613   1.21517   0.00000   0.57227  
 27 86.0127   8257.019147  x:  0.00160   0.00000   0.00526   0.00583   0.00252   0.01107   0.00713   0.01886   0.00211   0.00518   0.00576   0.00008   0.00497   0.01574   0.00750   0.01987   0.00543   0.00753   0.00503   0.01130   0.00692   0.00348   0.00390   0.00270   0.00149   0.00568   0.00860   0.01451   0.00433   1.49638   0.80207   0.90140   0.94663   1.21821   0.00000   0.57374  
 28 154.8007   8252.198559  x:  0.00174   0.00000   0.00539   0.00329   0.00282   0.01145   0.00879   0.01998   0.00220   0.00558   0.00562   0.00009   0.00429   0.01392   0.00460   0.02020   0.00431   0.00871   0.00563   0.01206   0.00856   0.00384   0.00369   0.00275   0.00149   0.00395   0.00829   0.01545   0.00454   1.49814   0.80948   0.88861   0.97341   1.37602   0.00000   0.65563  
 29 385.8780   8195.953308  x:  0.00271   0.00000   0.00632   0.00521   0.00314   0.01420   0.01628   0.02721   0.00236   0.00585   0.00707   0.00007   0.00402   0.01114   0.00402   0.02646   0.00568   0.00656   0.01075   0.01038   0.00917   0.00800   0.00216   0.00486   0.00152   0.00623   0.00136   0.01622   0.00504   1.51416   0.87991   0.76704   1.22791   2.87596   0.00000   1.43460  
 30 49843.6514   8191.721719  x:  0.00280   0.00000   0.00626   0.00420   0.00310   0.01417   0.01706   0.02781   0.00235   0.00575   0.00744   0.00007   0.00450   0.01218   0.00595   0.02720   0.00661   0.00843   0.01119   0.00992   0.00713   0.00839   0.00186   0.00501   0.00152   0.00318   0.00141   0.01612   0.00499   1.51579   0.88673   0.75531   1.25250   3.02083   0.00000   1.50998  
 31 46638.7087   8191.436803  x:  0.00281   0.00000   0.00629   0.00385   0.00309   0.01409   0.01724   0.02785   0.00234   0.00582   0.00751   0.00006   0.00454   0.01227   0.00602   0.02717   0.00630   0.00944   0.01122   0.00991   0.00637   0.00842   0.00184   0.00502   0.00152   0.00387   0.00138   0.01613   0.00486   1.51603   0.88725   0.75447   1.25432   3.03151   0.00000   1.51569  
 32 3196.8626   8163.660440  x:  0.00376   0.00000   0.00770   0.00533   0.00401   0.01408   0.02186   0.03180   0.00297   0.00718   0.00848   0.00009   0.00476   0.01255   0.00396   0.03570   0.00809   0.01095   0.01203   0.00772   0.00870   0.00938   0.00232   0.00572   0.00151   0.00505   0.00227   0.01931   0.00634   2.29525   1.02066   0.84568   1.42329   3.75443   0.00000   2.81861  
 33 72.3505   8162.418040  x:  0.00385   0.00000   0.00784   0.00547   0.00410   0.01408   0.02231   0.03218   0.00303   0.00731   0.00857   0.00010   0.00478   0.01258   0.00376   0.03652   0.00826   0.01110   0.01211   0.00751   0.00892   0.00947   0.00237   0.00578   0.00151   0.00516   0.00235   0.01962   0.00648   2.37043   1.03355   0.85450   1.43964   3.82416   0.00653   2.94431  
 34 11655.3931   8140.267994  x:  0.00417   0.00000   0.00766   0.00700   0.00407   0.01059   0.02320   0.03115   0.00356   0.00847   0.00817   0.00015   0.00507   0.01334   0.01004   0.03738   0.00636   0.00968   0.00831   0.01817   0.00799   0.00467   0.00531   0.00271   0.00149   0.00677   0.00582   0.01473   0.00719   2.76518   1.88042   1.73871   4.30852   3.40063   0.00464   3.06645  
 35  3.5644   8136.740918  x:  0.00414   0.00000   0.00787   0.00701   0.00410   0.00977   0.02287   0.03057   0.00377   0.00875   0.00823   0.00017   0.00519   0.01372   0.01053   0.03729   0.00711   0.00924   0.00765   0.01720   0.00739   0.00382   0.00555   0.00212   0.00148   0.00673   0.00532   0.01450   0.00741   3.00808   1.54831   1.31264   4.70329   3.28885   0.00425   3.25314  
 36  4.1167   8127.714087  x:  0.00385   0.00000   0.00831   0.00590   0.00408   0.00801   0.02139   0.03049   0.00439   0.00962   0.00860   0.00022   0.00551   0.01325   0.01064   0.03295   0.00914   0.00757   0.00634   0.01432   0.00591   0.00178   0.00544   0.00068   0.00151   0.00616   0.00378   0.01422   0.00749   3.36154   1.11839   2.08305   5.13016   3.57639   0.00601   4.00633  
 37  2.6510   8127.555614  x:  0.00384   0.00040   0.00832   0.00586   0.00408   0.00794   0.02134   0.03049   0.00441   0.00966   0.00862   0.00022   0.00552   0.01323   0.01064   0.03278   0.00922   0.00750   0.00629   0.01421   0.00585   0.00170   0.00543   0.00062   0.00151   0.00614   0.00372   0.01421   0.00750   3.37553   1.10138   2.11354   5.14705   3.58777   0.00608   4.03614  
 38 126561.9152   8116.845992  x:  0.00326   0.00021   0.00879   0.00457   0.00385   0.00743   0.01837   0.03096   0.00521   0.01074   0.00949   0.00027   0.00598   0.01168   0.01070   0.02481   0.01158   0.00453   0.00569   0.00993   0.00459   0.00182   0.00427   0.00165   0.00152   0.00634   0.00438   0.01353   0.00713   3.71917   2.28613   1.85360   5.61344   4.15881   0.01121   5.10334  
 39  4.6806   8113.968680  x:  0.00318   0.00000   0.00872   0.00465   0.00379   0.00789   0.01777   0.03104   0.00528   0.01078   0.00958   0.00028   0.00594   0.01133   0.01058   0.02389   0.01141   0.00508   0.00567   0.01075   0.00499   0.00227   0.00406   0.00201   0.00152   0.00654   0.00498   0.01342   0.00696   3.74015   2.13258   1.80277   5.65599   4.28369   0.01265   5.24698  
 40  2.0713   8104.924818  x:  0.00225   0.00000   0.00779   0.00645   0.00309   0.00886   0.01356   0.02956   0.00600   0.01025   0.00951   0.00037   0.00530   0.01253   0.01004   0.02080   0.00881   0.01094   0.00133   0.01384   0.00682   0.00188   0.00364   0.00343   0.00151   0.00658   0.00500   0.01243   0.00555   4.29763   2.09829   1.72168   6.08764   4.46724   0.01397   6.45589  
 41  1.1628   8102.020256  x:  0.00221   0.00000   0.00714   0.00680   0.00277   0.01008   0.01331   0.02844   0.00620   0.00936   0.00883   0.00041   0.00503   0.01229   0.01040   0.02263   0.00693   0.00890   0.00083   0.01300   0.00720   0.00328   0.00380   0.00370   0.00149   0.00714   0.00652   0.01200   0.00540   4.38085   1.60327   1.69428   6.23829   4.59632   0.01513   6.84313  
 42  0.8177   8098.359891  x:  0.00338   0.00000   0.00684   0.00610   0.00267   0.01064   0.01447   0.02693   0.00648   0.00798   0.00715   0.00049   0.00547   0.01241   0.01001   0.02558   0.00716   0.00722   0.00135   0.01346   0.00644   0.00350   0.00493   0.00131   0.00149   0.00695   0.00702   0.01332   0.00561   4.40152   1.97333   1.68859   6.21235   4.61118   0.01521   7.29020  
 43  0.3489   8096.119751  x:  0.00368   0.00000   0.00648   0.00588   0.00254   0.01043   0.01413   0.02787   0.00680   0.00686   0.00615   0.00057   0.00562   0.01267   0.00930   0.02475   0.00833   0.00740   0.00034   0.01251   0.00560   0.00337   0.00508   0.00179   0.00149   0.00678   0.00768   0.01303   0.00528   4.48235   1.92365   1.88158   6.32432   4.55359   0.01400   7.81437  
 44  0.5502   8093.945346  x:  0.00464   0.00000   0.00633   0.00534   0.00247   0.01044   0.01428   0.02856   0.00717   0.00548   0.00489   0.00070   0.00554   0.01276   0.00841   0.02406   0.00925   0.00656   0.00157   0.01129   0.00523   0.00299   0.00501   0.00298   0.00148   0.00668   0.00838   0.01252   0.00502   4.42699   1.67144   2.01053   6.26551   4.57488   0.01395   8.47652  
 45  1.0973   8089.701893  x:  0.00525   0.00000   0.00679   0.00530   0.00263   0.00930   0.01590   0.02841   0.00808   0.00511   0.00540   0.00091   0.00494   0.01270   0.00858   0.02571   0.00841   0.00673   0.00135   0.01489   0.00821   0.00157   0.00453   0.00350   0.00149   0.00673   0.00695   0.01308   0.00487   4.62133   1.79365   1.88134   5.79321   4.74468   0.01803  10.22318  
 46  1.2163   8082.752355  x:  0.00470   0.00000   0.00737   0.00591   0.00259   0.00787   0.01862   0.02908   0.00944   0.00657   0.00796   0.00132   0.00475   0.01289   0.00849   0.02528   0.00811   0.00981   0.00159   0.01392   0.00620   0.00405   0.00343   0.00269   0.00150   0.00601   0.00458   0.01349   0.00428   4.65571   1.94324   1.87065   4.95994   4.58953   0.01846  12.99094  
 47  1.3253   8076.195702  x:  0.00490   0.00000   0.00685   0.00663   0.00259   0.00923   0.01828   0.03405   0.01057   0.00726   0.00911   0.00174   0.00560   0.01193   0.00871   0.02253   0.00795   0.00923   0.00151   0.01247   0.00527   0.00340   0.00415   0.00085   0.00146   0.00741   0.00888   0.01321   0.00419   4.31998   1.61396   1.58891   4.54296   4.56310   0.01923  15.47721  
 48  1.9810   8076.161130  x:  0.00491   0.00024   0.00684   0.00664   0.00259   0.00925   0.01827   0.03414   0.01059   0.00727   0.00913   0.00175   0.00561   0.01192   0.00871   0.02248   0.00794   0.00922   0.00151   0.01244   0.00525   0.00338   0.00416   0.00082   0.00146   0.00743   0.00895   0.01320   0.00418   4.31396   1.60806   1.58386   4.53548   4.56262   0.01924  15.52179  
 49 62578.0948   8074.437272  x:  0.00491   0.00000   0.00671   0.00663   0.00267   0.00957   0.01843   0.03415   0.01077   0.00732   0.00918   0.00182   0.00575   0.01193   0.00889   0.02318   0.00792   0.00903   0.00153   0.01280   0.00549   0.00336   0.00440   0.00118   0.00146   0.00757   0.00907   0.01326   0.00442   4.26998   1.52611   1.59941   4.39341   4.54761   0.01949  15.97941  
 50  2.7993   8063.944974  x:  0.00474   0.00000   0.00650   0.00707   0.00363   0.01325   0.02076   0.03509   0.01341   0.00791   0.01036   0.00298   0.00757   0.01282   0.01117   0.03209   0.00725   0.00805   0.00163   0.01719   0.00763   0.00289   0.00688   0.00156   0.00144   0.00945   0.01108   0.01571   0.00705   3.46042   1.12991   1.52315   1.65205   4.36507   0.02296  23.13496  
 51  6.3879   8061.633204  x:  0.00457   0.00000   0.00720   0.00745   0.00373   0.01380   0.02027   0.03485   0.01400   0.00840   0.01115   0.00327   0.00806   0.01400   0.01193   0.03362   0.00826   0.00897   0.00174   0.01751   0.00711   0.00264   0.00741   0.00224   0.00143   0.00998   0.01190   0.01643   0.00747   3.30607   0.99973   1.46260   2.10725   4.48007   0.02634  25.10838  
 52  2.7374   8059.402317  x:  0.00437   0.00000   0.00848   0.00785   0.00396   0.01431   0.02045   0.03578   0.01500   0.00912   0.01221   0.00381   0.00874   0.01576   0.01316   0.03670   0.01020   0.01124   0.00195   0.01702   0.00685   0.00229   0.00805   0.00321   0.00144   0.01073   0.01261   0.01716   0.00825   2.91004   1.27791   1.19391   1.72261   4.37164   0.02788  28.53039  
 53  3.6281   8058.859216  x:  0.00432   0.00000   0.00888   0.00786   0.00398   0.01434   0.02062   0.03641   0.01543   0.00928   0.01226   0.00404   0.00885   0.01606   0.01378   0.03806   0.01071   0.01152   0.00191   0.01675   0.00723   0.00285   0.00798   0.00327   0.00145   0.01102   0.01259   0.01753   0.00857   2.82718   1.16575   1.31277   1.43558   4.38491   0.02848  30.06798  
 54  1.7596   8058.477281  x:  0.00434   0.00000   0.00917   0.00782   0.00392   0.01410   0.02041   0.03668   0.01556   0.00935   0.01196   0.00416   0.00877   0.01612   0.01434   0.03903   0.01098   0.01160   0.00179   0.01631   0.00768   0.00334   0.00767   0.00315   0.00147   0.01117   0.01233   0.01774   0.00878   2.86004   1.15607   1.43618   1.73235   4.34178   0.02781  30.85521  
 55  1.4790   8058.111032  x:  0.00456   0.00000   0.00938   0.00777   0.00382   0.01374   0.02031   0.03719   0.01574   0.00948   0.01153   0.00430   0.00865   0.01602   0.01503   0.04023   0.01102   0.01193   0.00158   0.01646   0.00777   0.00362   0.00735   0.00306   0.00151   0.01126   0.01190   0.01789   0.00894   2.97543   1.23620   1.42074   1.86714   4.41996   0.02814  31.96519  
 56  1.3118   8057.513712  x:  0.00521   0.00000   0.00966   0.00798   0.00373   0.01345   0.02083   0.03885   0.01615   0.00999   0.01098   0.00477   0.00874   0.01609   0.01653   0.04308   0.01125   0.01314   0.00123   0.01789   0.00725   0.00338   0.00692   0.00300   0.00159   0.01167   0.01185   0.01807   0.00935   2.99376   1.14476   1.31981   1.55075   4.37833   0.02642  35.05744  
 57  1.4973   8057.193342  x:  0.00559   0.00000   0.00944   0.00810   0.00376   0.01418   0.02118   0.03893   0.01600   0.01021   0.01121   0.00499   0.00914   0.01663   0.01704   0.04268   0.01143   0.01304   0.00129   0.01790   0.00727   0.00260   0.00716   0.00291   0.00166   0.01200   0.01237   0.01795   0.00931   2.96027   1.09528   1.30007   1.48480   4.43339   0.02594  36.57509  
 58  0.5615   8056.716856  x:  0.00589   0.00000   0.00902   0.00828   0.00378   0.01519   0.02182   0.03804   0.01477   0.01025   0.01145   0.00518   0.00954   0.01745   0.01759   0.04113   0.01139   0.01224   0.00151   0.01686   0.00718   0.00290   0.00736   0.00262   0.00184   0.01203   0.01184   0.01831   0.00897   3.13088   1.17700   1.38010   1.69809   4.44030   0.02343  38.03095  
 59  0.3597   8056.096877  x:  0.00569   0.00000   0.00926   0.00878   0.00416   0.01613   0.02236   0.03939   0.01296   0.01085   0.01285   0.00579   0.01008   0.01714   0.01862   0.04223   0.01128   0.01251   0.00196   0.01787   0.00663   0.00323   0.00820   0.00308   0.00213   0.01245   0.01205   0.01938   0.00923   3.01069   1.10044   1.36121   1.40841   4.45446   0.02551  42.18625  
 60  0.7630   8055.477418  x:  0.00561   0.00000   0.00927   0.00871   0.00426   0.01558   0.02225   0.04072   0.00969   0.01068   0.01320   0.00599   0.00987   0.01629   0.01855   0.04219   0.01088   0.01243   0.00203   0.01821   0.00759   0.00313   0.00815   0.00306   0.00247   0.01237   0.01164   0.01875   0.00908   3.25072   1.13756   1.44291   1.67951   4.48713   0.02664  43.80554  
 61  0.5334   8055.223707  x:  0.00551   0.00000   0.00924   0.00838   0.00410   0.01471   0.02200   0.04067   0.00883   0.01019   0.01275   0.00586   0.00950   0.01653   0.01758   0.04314   0.01138   0.01309   0.00182   0.01878   0.00718   0.00272   0.00783   0.00310   0.00251   0.01215   0.01212   0.01786   0.00920   3.26817   1.10721   1.40191   1.54384   4.47478   0.02747  42.93965  
 62  0.4211   8055.102472  x:  0.00528   0.00000   0.00904   0.00811   0.00396   0.01484   0.02154   0.03923   0.00850   0.00991   0.01236   0.00578   0.00939   0.01722   0.01696   0.04313   0.01187   0.01284   0.00172   0.01815   0.00699   0.00296   0.00768   0.00297   0.00250   0.01211   0.01258   0.01795   0.00932   3.21883   1.10907   1.40421   1.54002   4.50718   0.02779  42.37878  
 63  0.2572   8055.054770  x:  0.00522   0.00000   0.00887   0.00804   0.00391   0.01505   0.02120   0.03863   0.00786   0.00999   0.01206   0.00574   0.00925   0.01709   0.01672   0.04248   0.01167   0.01252   0.00168   0.01763   0.00713   0.00291   0.00758   0.00284   0.00254   0.01208   0.01272   0.01801   0.00927   3.20849   1.11156   1.39059   1.53533   4.51018   0.02710  42.12753  
 64  0.1283   8055.028264  x:  0.00522   0.00000   0.00889   0.00804   0.00384   0.01491   0.02090   0.03834   0.00810   0.01019   0.01159   0.00566   0.00905   0.01662   0.01664   0.04214   0.01132   0.01252   0.00156   0.01747   0.00701   0.00286   0.00740   0.00280   0.00249   0.01200   0.01267   0.01785   0.00925   3.17771   1.11587   1.37312   1.53215   4.52186   0.02666  41.57045  
 65  0.2757   8055.013598  x:  0.00516   0.00000   0.00892   0.00805   0.00383   0.01472   0.02081   0.03818   0.00768   0.01024   0.01148   0.00564   0.00895   0.01634   0.01651   0.04171   0.01109   0.01248   0.00156   0.01746   0.00687   0.00286   0.00739   0.00284   0.00252   0.01188   0.01248   0.01758   0.00918   3.17263   1.12177   1.38513   1.54778   4.53952   0.02689  41.48310  
 66  0.0520   8054.996229  x:  0.00510   0.00000   0.00888   0.00799   0.00378   0.01440   0.02070   0.03753   0.00771   0.01010   0.01127   0.00554   0.00891   0.01647   0.01618   0.04072   0.01101   0.01222   0.00154   0.01711   0.00688   0.00285   0.00737   0.00283   0.00248   0.01164   0.01208   0.01725   0.00904   3.14206   1.12819   1.39985   1.55623   4.54963   0.02704  40.77376  
 67  0.2347   8054.987891  x:  0.00515   0.00000   0.00876   0.00791   0.00375   0.01423   0.02063   0.03745   0.00761   0.00999   0.01115   0.00555   0.00889   0.01645   0.01620   0.04050   0.01096   0.01213   0.00150   0.01714   0.00686   0.00279   0.00731   0.00277   0.00249   0.01153   0.01175   0.01731   0.00899   3.15193   1.12200   1.38596   1.54495   4.55955   0.02702  40.91440  
 68  0.0608   8054.985190  x:  0.00513   0.00000   0.00870   0.00786   0.00374   0.01427   0.02052   0.03735   0.00764   0.00992   0.01116   0.00556   0.00886   0.01636   0.01617   0.04059   0.01099   0.01212   0.00150   0.01708   0.00679   0.00282   0.00727   0.00276   0.00248   0.01151   0.01172   0.01737   0.00899   3.14074   1.11841   1.37872   1.53494   4.56403   0.02716  40.97571  
 69  0.0279   8054.983256  x:  0.00511   0.00000   0.00866   0.00783   0.00374   0.01428   0.02042   0.03721   0.00761   0.00983   0.01118   0.00554   0.00881   0.01620   0.01610   0.04043   0.01094   0.01207   0.00151   0.01695   0.00679   0.00278   0.00721   0.00275   0.00247   0.01146   0.01165   0.01718   0.00892   3.14144   1.12221   1.38344   1.54223   4.57055   0.02718  40.89866  
 70  0.0300   8054.982518  x:  0.00511   0.00000   0.00865   0.00785   0.00373   0.01429   0.02041   0.03719   0.00764   0.00980   0.01120   0.00555   0.00881   0.01624   0.01610   0.04049   0.01094   0.01207   0.00150   0.01699   0.00677   0.00280   0.00719   0.00274   0.00246   0.01148   0.01166   0.01717   0.00890   3.14869   1.12255   1.38732   1.54415   4.57141   0.02708  40.95392  
 71  0.0166   8054.981056  x:  0.00503   0.00000   0.00865   0.00786   0.00372   0.01419   0.02025   0.03711   0.00760   0.00979   0.01119   0.00554   0.00876   0.01623   0.01603   0.04036   0.01087   0.01202   0.00149   0.01697   0.00678   0.00279   0.00718   0.00274   0.00243   0.01147   0.01165   0.01716   0.00883   3.14239   1.12089   1.38664   1.54059   4.57655   0.02705  40.96033  
 72  0.0024   8054.979082  x:  0.00500   0.00000   0.00866   0.00786   0.00375   0.01414   0.02032   0.03723   0.00767   0.00980   0.01123   0.00554   0.00879   0.01625   0.01603   0.04046   0.01092   0.01206   0.00151   0.01694   0.00674   0.00276   0.00726   0.00275   0.00239   0.01149   0.01170   0.01719   0.00882   3.14963   1.12234   1.38290   1.54296   4.57571   0.02711  41.06217  
 73  0.0223   8054.976282  x:  0.00496   0.00000   0.00863   0.00781   0.00374   0.01411   0.02033   0.03703   0.00761   0.00982   0.01106   0.00552   0.00877   0.01615   0.01595   0.04038   0.01090   0.01200   0.00150   0.01677   0.00674   0.00278   0.00726   0.00270   0.00233   0.01147   0.01170   0.01713   0.00882   3.15717   1.12118   1.38636   1.54392   4.58128   0.02706  41.09231  
 74  0.0092   8054.972580  x:  0.00499   0.00000   0.00864   0.00785   0.00373   0.01419   0.02045   0.03708   0.00764   0.00984   0.01106   0.00553   0.00883   0.01613   0.01602   0.04046   0.01090   0.01202   0.00153   0.01696   0.00678   0.00277   0.00726   0.00273   0.00224   0.01150   0.01173   0.01711   0.00888   3.15785   1.11459   1.39173   1.53176   4.58280   0.02722  41.38802  
 75  0.0789   8054.969217  x:  0.00500   0.00000   0.00861   0.00783   0.00368   0.01424   0.02037   0.03703   0.00760   0.00979   0.01101   0.00548   0.00879   0.01620   0.01590   0.04034   0.01089   0.01204   0.00154   0.01699   0.00674   0.00276   0.00718   0.00276   0.00216   0.01146   0.01180   0.01712   0.00891   3.15661   1.12260   1.38879   1.54567   4.58107   0.02725  41.21760  
 76  0.0642   8054.966622  x:  0.00504   0.00000   0.00864   0.00785   0.00370   0.01428   0.02036   0.03727   0.00760   0.00983   0.01112   0.00546   0.00879   0.01625   0.01600   0.04026   0.01087   0.01205   0.00154   0.01690   0.00678   0.00280   0.00718   0.00277   0.00212   0.01146   0.01179   0.01721   0.00891   3.15693   1.12495   1.38886   1.55125   4.57939   0.02719  41.23790  
 77  0.0069   8054.963953  x:  0.00507   0.00000   0.00866   0.00780   0.00372   0.01421   0.02033   0.03724   0.00753   0.00981   0.01116   0.00541   0.00876   0.01625   0.01600   0.04025   0.01090   0.01206   0.00149   0.01689   0.00674   0.00278   0.00716   0.00274   0.00207   0.01142   0.01182   0.01711   0.00890   3.15079   1.11509   1.38579   1.52939   4.58113   0.02717  41.11506  
 78  0.0466   8054.962228  x:  0.00509   0.00000   0.00865   0.00782   0.00375   0.01424   0.02036   0.03705   0.00754   0.00982   0.01122   0.00539   0.00878   0.01621   0.01606   0.04031   0.01090   0.01201   0.00149   0.01697   0.00676   0.00278   0.00721   0.00273   0.00205   0.01143   0.01182   0.01712   0.00889   3.14749   1.12049   1.38536   1.54335   4.57918   0.02711  41.06166  
 79  0.0204   8054.959998  x:  0.00512   0.00000   0.00864   0.00784   0.00372   0.01415   0.02031   0.03709   0.00750   0.00983   0.01123   0.00536   0.00879   0.01618   0.01611   0.04054   0.01094   0.01208   0.00148   0.01695   0.00680   0.00278   0.00723   0.00275   0.00205   0.01145   0.01183   0.01720   0.00888   3.14646   1.13114   1.38819   1.54729   4.57700   0.02712  41.05511  
 80  0.0023   8054.953953  x:  0.00515   0.00000   0.00853   0.00790   0.00364   0.01411   0.02026   0.03697   0.00753   0.00983   0.01114   0.00527   0.00885   0.01617   0.01615   0.04047   0.01093   0.01202   0.00153   0.01677   0.00671   0.00276   0.00726   0.00275   0.00203   0.01147   0.01177   0.01723   0.00881   3.13871   1.12044   1.40209   1.55326   4.58144   0.02702  41.02528  
 81  0.0063   8054.930470  x:  0.00512   0.00000   0.00856   0.00797   0.00360   0.01409   0.02010   0.03727   0.00750   0.00984   0.01116   0.00492   0.00887   0.01623   0.01634   0.04074   0.01096   0.01196   0.00161   0.01693   0.00682   0.00283   0.00721   0.00274   0.00214   0.01168   0.01186   0.01697   0.00877   3.15363   1.09360   1.36661   1.51724   4.57760   0.02723  40.85610  
 82  0.0224   8054.900920  x:  0.00502   0.00000   0.00863   0.00786   0.00370   0.01417   0.01996   0.03693   0.00755   0.00984   0.01104   0.00459   0.00881   0.01624   0.01636   0.04000   0.01085   0.01189   0.00164   0.01684   0.00666   0.00276   0.00717   0.00271   0.00207   0.01166   0.01161   0.01691   0.00868   3.14800   1.12723   1.35698   1.49719   4.59284   0.02725  41.17673  
 83  0.0928   8054.877097  x:  0.00500   0.00000   0.00874   0.00774   0.00380   0.01431   0.02005   0.03712   0.00762   0.00982   0.01108   0.00435   0.00878   0.01639   0.01650   0.04026   0.01100   0.01209   0.00159   0.01699   0.00670   0.00275   0.00714   0.00267   0.00226   0.01179   0.01169   0.01712   0.00880   3.15894   1.12000   1.40404   1.55308   4.59071   0.02740  41.69235  
 84  0.2093   8054.861132  x:  0.00499   0.00000   0.00861   0.00783   0.00374   0.01420   0.02035   0.03724   0.00770   0.00978   0.01127   0.00424   0.00875   0.01632   0.01624   0.04039   0.01080   0.01216   0.00148   0.01705   0.00673   0.00277   0.00722   0.00272   0.00228   0.01165   0.01174   0.01712   0.00885   3.15767   1.10847   1.39773   1.52345   4.59100   0.02739  41.97788  
 85  0.0714   8054.857203  x:  0.00503   0.00000   0.00855   0.00784   0.00370   0.01428   0.02035   0.03710   0.00771   0.00979   0.01129   0.00417   0.00880   0.01635   0.01611   0.04029   0.01086   0.01209   0.00149   0.01692   0.00671   0.00275   0.00722   0.00272   0.00230   0.01159   0.01176   0.01709   0.00886   3.16006   1.11997   1.39209   1.53484   4.59935   0.02734  42.12380  
 86  0.0836   8054.855205  x:  0.00505   0.00000   0.00863   0.00782   0.00370   0.01421   0.02026   0.03713   0.00774   0.00986   0.01130   0.00418   0.00881   0.01626   0.01601   0.04033   0.01090   0.01204   0.00149   0.01694   0.00670   0.00276   0.00720   0.00273   0.00231   0.01150   0.01172   0.01705   0.00888   3.16228   1.11616   1.39322   1.53322   4.60069   0.02731  42.17622  
 87  0.0198   8054.854949  x:  0.00507   0.00000   0.00863   0.00782   0.00371   0.01423   0.02024   0.03714   0.00773   0.00987   0.01132   0.00416   0.00882   0.01629   0.01600   0.04038   0.01090   0.01204   0.00150   0.01694   0.00671   0.00276   0.00721   0.00273   0.00231   0.01150   0.01174   0.01707   0.00888   3.16319   1.11454   1.39303   1.52867   4.59938   0.02730  42.19269  
 88  0.0114   8054.854874  x:  0.00507   0.00000   0.00863   0.00782   0.00372   0.01423   0.02024   0.03713   0.00773   0.00987   0.01132   0.00417   0.00881   0.01630   0.01600   0.04041   0.01087   0.01204   0.00150   0.01693   0.00670   0.00276   0.00721   0.00273   0.00231   0.01149   0.01174   0.01708   0.00889   3.16370   1.11495   1.39361   1.53000   4.59952   0.02731  42.20429  
 89  0.0064   8054.854865  x:  0.00507   0.00000   0.00863   0.00782   0.00372   0.01422   0.02023   0.03712   0.00773   0.00987   0.01131   0.00417   0.00881   0.01630   0.01600   0.04041   0.01087   0.01204   0.00150   0.01693   0.00670   0.00276   0.00721   0.00273   0.00231   0.01148   0.01173   0.01707   0.00889   3.16343   1.11502   1.39362   1.53040   4.59982   0.02731  42.19789  
 90  0.0046   8054.854862  x:  0.00507   0.00000   0.00863   0.00782   0.00372   0.01422   0.02024   0.03712   0.00773   0.00987   0.01132   0.00417   0.00881   0.01631   0.01600   0.04041   0.01087   0.01204   0.00150   0.01693   0.00670   0.00276   0.00721   0.00273   0.00231   0.01148   0.01174   0.01707   0.00890   3.16339   1.11505   1.39361   1.53020   4.59971   0.02731  42.20234  
 91  0.0022   8054.854861  x:  0.00507   0.00000   0.00863   0.00783   0.00372   0.01422   0.02024   0.03712   0.00773   0.00987   0.01132   0.00417   0.00881   0.01630   0.01600   0.04040   0.01087   0.01204   0.00150   0.01693   0.00670   0.00276   0.00721   0.00273   0.00231   0.01148   0.01174   0.01707   0.00890   3.16347   1.11512   1.39369   1.53032   4.59971   0.02732  42.20267  
 92  0.0002   8054.854860  x:  0.00507   0.00000   0.00863   0.00783   0.00372   0.01422   0.02023   0.03712   0.00773   0.00987   0.01132   0.00417   0.00881   0.01630   0.01600   0.04040   0.01087   0.01204   0.00150   0.01693   0.00670   0.00276   0.00721   0.00273   0.00231   0.01148   0.01174   0.01707   0.00890   3.16352   1.11502   1.39365   1.53023   4.59978   0.02732  42.20107  
 93  0.0005   8054.854860  x:  0.00507   0.00000   0.00863   0.00783   0.00372   0.01422   0.02023   0.03712   0.00773   0.00987   0.01132   0.00417   0.00881   0.01630   0.01600   0.04040   0.01087   0.01204   0.00150   0.01693   0.00670   0.00276   0.00721   0.00273   0.00231   0.01148   0.01174   0.01707   0.00890   3.16354   1.11506   1.39366   1.53025   4.59977   0.02732  42.20171  
 94  0.0003   8054.854860  x:  0.00507   0.00000   0.00863   0.00783   0.00372   0.01422   0.02023   0.03712   0.00773   0.00987   0.01132   0.00417   0.00881   0.01630   0.01600   0.04040   0.01087   0.01204   0.00150   0.01693   0.00670   0.00276   0.00721   0.00273   0.00231   0.01148   0.01174   0.01707   0.00890   3.16353   1.11505   1.39365   1.53025   4.59977   0.02732  42.20185  
 95  0.0001   8054.854860  x:  0.00507   0.00000   0.00863   0.00783   0.00372   0.01422   0.02023   0.03712   0.00773   0.00987   0.01132   0.00417   0.00881   0.01630   0.01600   0.04040   0.01087   0.01204   0.00150   0.01693   0.00670   0.00276   0.00721   0.00273   0.00231   0.01148   0.01174   0.01707   0.00890   3.16352   1.11506   1.39366   1.53025   4.59977   0.02732  42.20192  
 96  0.0001   8054.854860  x:  0.00507   0.00000   0.00863   0.00783   0.00372   0.01422   0.02023   0.03712   0.00773   0.00987   0.01132   0.00417   0.00881   0.01630   0.01600   0.04040   0.01087   0.01204   0.00150   0.01693   0.00670   0.00276   0.00721   0.00273   0.00231   0.01148   0.01174   0.01707   0.00890   3.16351   1.11506   1.39366   1.53026   4.59977   0.02732  42.20176  
 97  0.0001   8054.854860  x:  0.00507   0.00000   0.00863   0.00783   0.00372   0.01422   0.02023   0.03712   0.00773   0.00987   0.01132   0.00417   0.00881   0.01630   0.01600   0.04040   0.01087   0.01204   0.00150   0.01693   0.00670   0.00276   0.00721   0.00273   0.00231   0.01148   0.01174   0.01707   0.00890   3.16352   1.11506   1.39366   1.53025   4.59977   0.02732  42.20168  
 98  0.0000   8054.854860  x:  0.00507   0.00000   0.00863   0.00783   0.00372   0.01422   0.02023   0.03712   0.00773   0.00987   0.01132   0.00417   0.00881   0.01630   0.01600   0.04040   0.01087   0.01204   0.00150   0.01693   0.00670   0.00276   0.00721   0.00273   0.00231   0.01148   0.01174   0.01707   0.00890   3.16352   1.11506   1.39366   1.53026   4.59977   0.02732  42.20168  
 99  0.0000   8054.854860  x:  0.00507   0.00000   0.00863   0.00783   0.00372   0.01422   0.02023   0.03712   0.00773   0.00987   0.01132   0.00417   0.00881   0.01630   0.01600   0.04040   0.01087   0.01204   0.00150   0.01693   0.00670   0.00276   0.00721   0.00273   0.00231   0.01148   0.01174   0.01707   0.00890   3.16351   1.11506   1.39366   1.53026   4.59977   0.02732  42.20167  
100  0.0000   8054.854860  x:  0.00507   0.00000   0.00863   0.00783   0.00372   0.01422   0.02023   0.03712   0.00773   0.00987   0.01132   0.00417   0.00881   0.01630   0.01600   0.04040   0.01087   0.01204   0.00150   0.01693   0.00670   0.00276   0.00721   0.00273   0.00231   0.01148   0.01174   0.01707   0.00890   3.16352   1.11506   1.39366   1.53025   4.59977   0.02732  42.20168  
101  0.0000   8054.854860  x:  0.00507   0.00000   0.00863   0.00783   0.00372   0.01422   0.02023   0.03712   0.00773   0.00987   0.01132   0.00417   0.00881   0.01630   0.01600   0.04040   0.01087   0.01204   0.00150   0.01693   0.00670   0.00276   0.00721   0.00273   0.00231   0.01148   0.01174   0.01707   0.00890   3.16352   1.11506   1.39366   1.53025   4.59977   0.02732  42.20168  