Supplemental results for CODEML (seqf: /home/leticiamagpali/phd/evol_models/codeml/small_dataset/cml_align/CALML6_codon_aligned.phy  treef: /home/leticiamagpali/phd/evol_models/codeml/small_dataset/cml_trees/gene_trees/H1a_gene_trees/CALML6_tree_H1a.tre)

I	J	ij	2Ns_IJ	pMut_IJ	pSub_IJ	2Ns_JI	pMut_JI	pSub_JI

TTC	TTT	CT	-0.11227	0.09658	0.09126	0.11227	0.08632	0.09126	0.09126	0.09126
TTA	TTT	AT	10.41894	0.00000	0.00000	-10.41894	0.02426	0.00001	0.00000	0.00000
TTA	TTC	AC	10.53121	0.00000	0.00000	-10.53121	0.09055	0.00003	0.00000	0.00001
TTG	TTT	GT	2.33745	0.00082	0.00212	-2.33745	0.00850	0.00212	0.00106	0.00106
TTG	TTC	GC	2.44972	0.00274	0.00734	-2.44972	0.03173	0.00734	0.00367	0.00367
TTG	TTA	GA	-8.08149	0.01359	0.00003	8.08149	0.00000	0.00000	0.00003	0.00000
TCT	TTT	CT	0.99531	0.03191	0.05038	-0.99531	0.08632	0.05038	0.02519	0.02519
TCC	TTC	CT	1.28880	0.08882	0.15802	-1.28880	0.32228	0.15802	0.07901	0.07901
TCC	TCT	CT	0.18122	0.08882	0.09711	-0.18122	0.10647	0.09711	0.09711	0.09711
TCA	TTA	CT	-4.44142	0.00086	0.00005	4.44142	0.00000	0.00000	0.00002	0.00000
TCA	TCT	AT	4.98220	0.00021	0.00103	-4.98220	0.02991	0.00103	0.00103	0.00103
TCA	TCC	AC	4.80098	0.00068	0.00331	-4.80098	0.08328	0.00331	0.00331	0.00331
TCG	TTG	CT	2.59133	0.00086	0.00242	-2.59133	0.01151	0.00242	0.00121	0.00121
TCG	TCT	GT	3.93346	0.00021	0.00082	-3.93346	0.01048	0.00082	0.00082	0.00082
TCG	TCC	GC	3.75224	0.00068	0.00263	-3.75224	0.02918	0.00263	0.00263	0.00263
TCG	TCA	GA	-1.04874	0.00340	0.00192	1.04874	0.00119	0.00192	0.00192	0.00192
TAT	TTT	AT	10.41894	0.00000	0.00000	-10.41894	0.02426	0.00001	0.00000	0.00000
TAT	TCT	AC	9.42363	0.00000	0.00000	-9.42363	0.02991	0.00002	0.00000	0.00001
TAC	TTC	AT	1.69533	0.01662	0.03451	-1.69533	0.09055	0.03451	0.01726	0.01726
TAC	TCC	AC	0.40653	0.05546	0.06749	-0.40653	0.08328	0.06749	0.03375	0.03375
TAC	TAT	CT	-8.83587	0.06985	0.00009	8.83587	0.00000	0.00000	0.00009	0.00000
TGT	TTT	GT	1.15879	0.00267	0.00450	-1.15879	0.00850	0.00450	0.00225	0.00225
TGT	TCT	GC	0.16348	0.00890	0.00965	-0.16348	0.01048	0.00965	0.00482	0.00482
TGT	TAT	GA	-9.26015	0.04417	0.00004	9.26015	0.00000	0.00000	0.00002	0.00000
TGC	TTC	GT	1.40346	0.00780	0.01451	-1.40346	0.03173	0.01451	0.00725	0.00725
TGC	TCC	GC	0.11466	0.02602	0.02754	-0.11466	0.02918	0.02754	0.01377	0.01377
TGC	TAC	GA	-0.29188	0.12912	0.11119	0.29188	0.09644	0.11119	0.05560	0.05560
TGC	TGT	CT	0.13240	0.03277	0.03499	-0.13240	0.03741	0.03499	0.03499	0.03499
TGG	TTG	GT	-2.58162	0.01498	0.00316	2.58162	0.00113	0.00316	0.00158	0.00158
TGG	TCG	GC	-5.17295	0.04998	0.00147	5.17295	0.00028	0.00147	0.00074	0.00074
TGG	TGT	GT	-1.40296	0.01498	0.00685	1.40296	0.00368	0.00685	0.00343	0.00343
TGG	TGC	GC	-1.53536	0.04998	0.02106	1.53536	0.01076	0.02106	0.01053	0.01053
CTT	TTT	CT	10.25269	0.00000	0.00000	-10.25269	0.08632	0.00003	0.00000	0.00002
CTC	TTC	CT	1.15285	0.10176	0.17144	-1.15285	0.32228	0.17144	0.08572	0.08572
CTC	CTT	CT	-9.21211	0.10176	0.00009	9.21211	0.00000	0.00000	0.00009	0.00000
CTA	TTA	CT	-5.13457	0.00172	0.00005	5.13457	0.00000	0.00000	0.00005	0.00000
CTA	CTT	AT	-4.96832	0.00041	0.00001	4.96832	0.00000	0.00000	0.00001	0.00000
CTA	CTC	AC	4.24379	0.00137	0.00590	-4.24379	0.09540	0.00590	0.00590	0.00590
CTG	TTG	CT	-2.76526	0.18282	0.03397	2.76526	0.01151	0.03397	0.03397	0.03397
CTG	CTT	GT	-10.68050	0.04350	0.00001	10.68050	0.00000	0.00000	0.00001	0.00000
CTG	CTC	GC	-1.46839	0.14515	0.06377	1.46839	0.03343	0.06377	0.06377	0.06377
CTG	CTA	GA	-5.71218	0.72037	0.01365	5.71218	0.00238	0.01365	0.01365	0.01365
CCT	TCT	CT	0.19098	0.08796	0.09662	-0.19098	0.10647	0.09662	0.04831	0.04831
CCT	CTT	CT	-9.06640	0.08796	0.00009	9.06640	0.00000	0.00000	0.00005	0.00000
CCC	TCC	CT	1.06908	0.10176	0.16566	-1.06908	0.29638	0.16566	0.08283	0.08283
CCC	CTC	CT	1.20503	0.10176	0.17509	-1.20503	0.33954	0.17509	0.08755	0.08755
CCC	CCT	CT	1.05932	0.10176	0.16499	-1.05932	0.29350	0.16499	0.16499	0.16499
CCA	TCA	CT	-2.32133	0.02932	0.00741	2.32133	0.00288	0.00741	0.00370	0.00370
CCA	CTA	CT	-1.62818	0.02932	0.01166	1.62818	0.00575	0.01166	0.00583	0.00583
CCA	CCT	AT	2.46990	0.00698	0.01882	-2.46990	0.08247	0.01882	0.01882	0.01882
CCA	CCC	AC	1.41058	0.02328	0.04343	-1.41058	0.09540	0.04343	0.04343	0.04343
CCG	TCG	CT	-1.50302	0.01294	0.00556	1.50302	0.00288	0.00556	0.00278	0.00278
CCG	CTG	CT	3.85357	0.01294	0.05093	-3.85357	0.61003	0.05093	0.02546	0.02546
CCG	CCT	GT	2.23947	0.00308	0.00771	-2.23947	0.02890	0.00771	0.00771	0.00771
CCG	CCC	GC	1.18015	0.01027	0.01750	-1.18015	0.03343	0.01750	0.01750	0.01750
CCG	CCA	GA	-0.23043	0.05097	0.04532	0.23043	0.04048	0.04532	0.04532	0.04532
CAT	TAT	CT	-6.74401	0.00862	0.00007	6.74401	0.00000	0.00000	0.00003	0.00000
CAT	CTT	AT	-6.57776	0.00205	0.00002	6.57776	0.00000	0.00000	0.00001	0.00000
CAT	CCT	AC	2.48864	0.00685	0.01858	-2.48864	0.08247	0.01858	0.00929	0.00929
CAC	TAC	CT	1.86181	0.03622	0.07984	-1.86181	0.23308	0.07984	0.03992	0.03992
CAC	CTC	AT	2.40430	0.00862	0.02278	-2.40430	0.09540	0.02278	0.01139	0.01139
CAC	CCC	AC	1.19927	0.02876	0.04937	-1.19927	0.09540	0.04937	0.02468	0.02468
CAC	CAT	CT	-0.23005	0.03622	0.03221	0.23005	0.02877	0.03221	0.03221	0.03221
CAA	CTA	AT	-0.13279	0.00185	0.00173	0.13279	0.00162	0.00173	0.00086	0.00086
CAA	CCA	AC	1.49539	0.00616	0.01188	-1.49539	0.02749	0.01188	0.00594	0.00594
CAA	CAT	AT	1.47665	0.00185	0.00353	-1.47665	0.00809	0.00353	0.00177	0.00177
CAA	CAC	AC	1.70670	0.00616	0.01285	-1.70670	0.03396	0.01285	0.00642	0.00642
CAG	CTG	AT	2.20608	0.01888	0.04680	-2.20608	0.17140	0.04680	0.02340	0.02340
CAG	CCG	AC	-1.64749	0.06299	0.02474	1.64749	0.01213	0.02474	0.01237	0.01237
CAG	CAT	GT	-1.89666	0.01888	0.00632	1.89666	0.00283	0.00632	0.00316	0.00316
CAG	CAC	GC	-1.66661	0.06299	0.02445	1.66661	0.01190	0.02445	0.01222	0.01222
CAG	CAA	GA	-3.37330	0.31261	0.03743	3.37330	0.01072	0.03743	0.03743	0.03743
CGT	TGT	CT	2.38369	0.00345	0.00906	-2.38369	0.03741	0.00906	0.00453	0.00453
CGT	CTT	GT	-6.71021	0.00082	0.00001	6.71021	0.00000	0.00000	0.00000	0.00000
CGT	CCT	GC	2.35619	0.00274	0.00713	-2.35619	0.02890	0.00713	0.00356	0.00356
CGT	CAT	GA	-0.13245	0.01359	0.01271	0.13245	0.01191	0.01271	0.00636	0.00636
CGC	TGC	CT	1.40863	0.02673	0.04984	-1.40863	0.10934	0.04984	0.02492	0.02492
CGC	CTC	GT	1.65924	0.00636	0.01303	-1.65924	0.03343	0.01303	0.00652	0.00652
CGC	CCC	GC	0.45421	0.02122	0.02641	-0.45421	0.03343	0.02641	0.01320	0.01320
CGC	CAC	GA	-0.74506	0.10534	0.07092	0.74506	0.05000	0.07092	0.03546	0.03546
CGC	CGT	CT	-0.84266	0.02673	0.01703	0.84266	0.01151	0.01703	0.01703	0.01703
CGA	CTA	GT	-1.62336	0.00287	0.00115	1.62336	0.00057	0.00115	0.00057	0.00057
CGA	CCA	GC	0.00482	0.00959	0.00961	-0.00482	0.00963	0.00961	0.00480	0.00480
CGA	CAA	GA	-1.49057	0.04757	0.02062	1.49057	0.01072	0.02062	0.01031	0.01031
CGA	CGT	AT	0.11852	0.00287	0.00305	-0.11852	0.00323	0.00305	0.00305	0.00305
CGA	CGC	AC	0.96118	0.00959	0.01492	-0.96118	0.02506	0.01492	0.01492	0.01492
CGG	TGG	CT	2.36000	0.01983	0.05169	-2.36000	0.21006	0.05169	0.02584	0.02584
CGG	CTG	GT	2.54364	0.00472	0.01303	-2.54364	0.06006	0.01303	0.00651	0.00651
CGG	CCG	GC	-1.30993	0.01575	0.00762	1.30993	0.00425	0.00762	0.00381	0.00381
CGG	CAG	GA	0.33756	0.07815	0.09208	-0.33756	0.10953	0.09208	0.04604	0.04604
CGG	CGT	GT	-1.42665	0.00472	0.00213	1.42665	0.00113	0.00213	0.00213	0.00213
CGG	CGC	GC	-0.58399	0.01575	0.01159	0.58399	0.00878	0.01159	0.01159	0.01159
CGG	CGA	GA	-1.54518	0.07815	0.03274	1.54518	0.01667	0.03274	0.03274	0.03274
ATT	TTT	AT	2.82657	0.00144	0.00432	-2.82657	0.02426	0.00432	0.00216	0.00216
ATT	CTT	AC	-7.42612	0.00479	0.00002	7.42612	0.00000	0.00000	0.00001	0.00000
ATC	TTC	AT	1.87028	0.01395	0.03085	-1.87028	0.09055	0.03085	0.01542	0.01542
ATC	CTC	AC	0.71743	0.04656	0.06524	-0.71743	0.09540	0.06524	0.03262	0.03262
ATC	ATT	CT	-1.06856	0.05864	0.03279	1.06856	0.02014	0.03279	0.03279	0.03279
ATA	TTA	AT	-5.66147	0.00082	0.00002	5.66147	0.00000	0.00000	0.00001	0.00000
ATA	CTA	AC	-0.52690	0.00274	0.00208	0.52690	0.00162	0.00208	0.00104	0.00104
ATA	ATT	AT	1.93090	0.00082	0.00185	-1.93090	0.00566	0.00185	0.00185	0.00185
ATA	ATC	AC	2.99947	0.00274	0.00865	-2.99947	0.05498	0.00865	0.00865	0.00865
ATG	TTG	AT	-2.35441	0.03406	0.00841	2.35441	0.00323	0.00841	0.00421	0.00421
ATG	CTG	AC	0.41085	0.11366	0.13860	-0.41085	0.17140	0.13860	0.06930	0.06930
ATG	ATT	GT	-2.84353	0.03406	0.00599	2.84353	0.00198	0.00599	0.00299	0.00299
ATG	ATC	GC	-1.77497	0.11366	0.04117	1.77497	0.01926	0.04117	0.02058	0.02058
ATG	ATA	GA	-4.77443	0.56406	0.02293	4.77443	0.00476	0.02293	0.01147	0.01147
ACT	TCT	AT	2.27415	0.00308	0.00780	-2.27415	0.02991	0.00780	0.00390	0.00390
ACT	CCT	AC	2.08317	0.01027	0.02444	-2.08317	0.08247	0.02444	0.01222	0.01222
ACT	ATT	CT	0.44289	0.01294	0.01601	-0.44289	0.02014	0.01601	0.00801	0.00801
ACC	TCC	AT	2.11419	0.01005	0.02417	-2.11419	0.08328	0.02417	0.01209	0.01209
ACC	CCC	AC	1.04512	0.03355	0.05408	-1.04512	0.09540	0.05408	0.02704	0.02704
ACC	ATC	CT	1.53272	0.04225	0.08260	-1.53272	0.19567	0.08260	0.04130	0.04130
ACC	ACT	CT	0.02126	0.04225	0.04271	-0.02126	0.04316	0.04271	0.04271	0.04271
ACA	TCA	AT	0.67814	0.00041	0.00057	-0.67814	0.00081	0.00057	0.00028	0.00028
ACA	CCA	AC	2.99947	0.00137	0.00432	-2.99947	0.02749	0.00432	0.00216	0.00216
ACA	ATA	CT	1.89818	0.00172	0.00385	-1.89818	0.01151	0.00385	0.00193	0.00193
ACA	ACT	AT	3.38619	0.00041	0.00144	-3.38619	0.01213	0.00144	0.00144	0.00144
ACA	ACC	AC	3.36493	0.00137	0.00477	-3.36493	0.03962	0.00477	0.00477	0.00477
ACG	TCG	AT	-2.87721	0.01436	0.00247	2.87721	0.00081	0.00247	0.00123	0.00123
ACG	CCG	AC	-1.37419	0.04793	0.02231	1.37419	0.01213	0.02231	0.01116	0.01116
ACG	ATG	CT	2.06853	0.06036	0.14293	-2.06853	0.47766	0.14293	0.07146	0.07146
ACG	ACT	GT	-1.21790	0.01436	0.00735	1.21790	0.00425	0.00735	0.00735	0.00735
ACG	ACC	GC	-1.23916	0.04793	0.02421	1.23916	0.01388	0.02421	0.02421	0.02421
ACG	ACA	GA	-4.60409	0.23786	0.01107	4.60409	0.00238	0.01107	0.01107	0.01107
AAT	TAT	AT	-6.76008	0.00246	0.00002	6.76008	0.00000	0.00000	0.00001	0.00000
AAT	CAT	AC	-0.01607	0.00822	0.00815	0.01607	0.00809	0.00815	0.00408	0.00408
AAT	ATT	AT	0.83229	0.00246	0.00363	-0.83229	0.00566	0.00363	0.00181	0.00181
AAT	ACT	AC	0.38940	0.00822	0.00992	-0.38940	0.01213	0.00992	0.00496	0.00496
AAC	TAC	AT	1.57608	0.01354	0.02691	-1.57608	0.06549	0.02691	0.01345	0.01345
AAC	CAC	AC	-0.28573	0.04519	0.03904	0.28573	0.03396	0.03904	0.01952	0.01952
AAC	ATC	AT	1.40114	0.01354	0.02518	-1.40114	0.05498	0.02518	0.01259	0.01259
AAC	ACC	AC	-0.13158	0.04519	0.04228	0.13158	0.03962	0.04228	0.02114	0.02114
AAC	AAT	CT	-0.49972	0.05691	0.04387	0.49972	0.03453	0.04387	0.04387	0.04387
AAA	CAA	AC	-0.40911	0.01095	0.00887	0.40911	0.00728	0.00887	0.00443	0.00443
AAA	ATA	AT	-0.01501	0.00328	0.00326	0.01501	0.00323	0.00326	0.00163	0.00163
AAA	ACA	AC	-1.91319	0.01095	0.00363	1.91319	0.00162	0.00363	0.00181	0.00181
AAA	AAT	AT	1.08360	0.00328	0.00538	-1.08360	0.00970	0.00538	0.00269	0.00269
AAA	AAC	AC	1.58332	0.01095	0.02183	-1.58332	0.05336	0.02183	0.01091	0.01091
AAG	CAG	AC	-0.60526	0.13625	0.09915	0.60526	0.07438	0.09915	0.04958	0.04958
AAG	ATG	AT	1.18997	0.04083	0.06983	-1.18997	0.13421	0.06983	0.03492	0.03492
AAG	ACG	AC	-0.87856	0.13625	0.08505	0.87856	0.05660	0.08505	0.04253	0.04253
AAG	AAT	GT	-2.48585	0.04083	0.00922	2.48585	0.00340	0.00922	0.00461	0.00461
AAG	AAC	GC	-1.98614	0.13625	0.04304	1.98614	0.01870	0.04304	0.02152	0.02152
AAG	AAA	GA	-3.56945	0.67619	0.06997	3.56945	0.01905	0.06997	0.06997	0.06997
AGT	TGT	AT	0.08609	0.00964	0.01006	-0.08609	0.01051	0.01006	0.00503	0.00503
AGT	CGT	AC	-2.29760	0.03218	0.00826	2.29760	0.00323	0.00826	0.00413	0.00413
AGT	ATT	GT	-1.58169	0.00964	0.00395	1.58169	0.00198	0.00395	0.00197	0.00197
AGT	ACT	GC	-2.02458	0.03218	0.00991	2.02458	0.00425	0.00991	0.00496	0.00496
AGT	AAT	GA	-2.41398	0.15970	0.03788	2.41398	0.01429	0.03788	0.01894	0.01894
AGC	TGC	AT	1.03858	0.01087	0.01748	-1.03858	0.03072	0.01748	0.00874	0.00874
AGC	CGC	AC	-0.37005	0.03629	0.02999	0.37005	0.02506	0.02999	0.01499	0.01499
AGC	ATC	GT	0.57176	0.01087	0.01428	-0.57176	0.01926	0.01428	0.00714	0.00714
AGC	ACC	GC	-0.96096	0.03629	0.02160	0.96096	0.01388	0.02160	0.01080	0.01080
AGC	AAC	GA	-0.82938	0.18009	0.11562	0.82938	0.07858	0.11562	0.05781	0.05781
AGC	AGT	CT	1.08489	0.04570	0.07489	-1.08489	0.13524	0.07489	0.07489	0.07489
AGA	CGA	AC	-0.02790	0.01164	0.01148	0.02790	0.01132	0.01148	0.01148	0.01148
AGA	ATA	GT	-1.12437	0.00349	0.00189	1.12437	0.00113	0.00189	0.00094	0.00094
AGA	ACA	GC	-3.02255	0.01164	0.00180	3.02255	0.00057	0.00180	0.00090	0.00090
AGA	AAA	GA	-1.10936	0.05777	0.03153	1.10936	0.01905	0.03153	0.01577	0.01577
AGA	AGT	AT	2.38822	0.00349	0.00917	-2.38822	0.03800	0.00917	0.00459	0.00459
AGA	AGC	AC	1.30333	0.01164	0.02083	-1.30333	0.04285	0.02083	0.01041	0.01041
AGG	TGG	AT	2.10640	0.00718	0.01722	-2.10640	0.05902	0.01722	0.00861	0.00861
AGG	CGG	AC	-0.25360	0.02396	0.02105	0.25360	0.01860	0.02105	0.02105	0.02105
AGG	ATG	GT	1.87919	0.00718	0.01593	-1.87919	0.04703	0.01593	0.00796	0.00796
AGG	ACG	GC	-0.18934	0.02396	0.02177	0.18934	0.01983	0.02177	0.01088	0.01088
AGG	AAG	GA	0.68922	0.11893	0.16458	-0.68922	0.23692	0.16458	0.08229	0.08229
AGG	AGT	GT	0.61735	0.00718	0.00962	-0.61735	0.01331	0.00962	0.00481	0.00481
AGG	AGC	GC	-0.46754	0.02396	0.01880	0.46754	0.01501	0.01880	0.00940	0.00940
AGG	AGA	GA	-1.77087	0.11893	0.04319	1.77087	0.02024	0.04319	0.04319	0.04319
GTT	TTT	GT	9.37020	0.00000	0.00000	-9.37020	0.00850	0.00001	0.00000	0.00000
GTT	CTT	GC	-0.88249	0.00000	0.00000	0.88249	0.00000	0.00000	0.00000	0.00000
GTT	ATT	GA	6.54363	0.00000	0.00000	-6.54363	0.00833	0.00008	0.00000	0.00004
GTC	TTC	GT	1.51468	0.00698	0.01355	-1.51468	0.03173	0.01355	0.00677	0.00677
GTC	CTC	GC	0.36184	0.02328	0.02774	-0.36184	0.03343	0.02774	0.01387	0.01387
GTC	ATC	GA	-0.35559	0.11553	0.09620	0.35559	0.08096	0.09620	0.04810	0.04810
GTC	GTT	CT	-7.96779	0.02932	0.00008	7.96779	0.00000	0.00000	0.00008	0.00000
GTA	TTA	GT	0.32255	0.00000	0.00000	-0.32255	0.00000	0.00000	0.00000	0.00000
GTA	CTA	GC	5.45712	0.00000	0.00000	-5.45712	0.00057	0.00001	0.00000	0.00001
GTA	ATA	GA	5.98401	0.00000	0.00000	-5.98401	0.00476	0.00007	0.00000	0.00004
GTA	GTT	AT	1.37128	0.00000	0.00000	-1.37128	0.00000	0.00000	0.00000	0.00000
GTA	GTC	AC	9.33907	0.00000	0.00000	-9.33907	0.02749	0.00002	0.00000	0.00002
GTG	TTG	GT	-3.06184	0.02421	0.00364	3.06184	0.00113	0.00364	0.00182	0.00182
GTG	CTG	GC	-0.29658	0.08079	0.06940	0.29658	0.06006	0.06940	0.03470	0.03470
GTG	ATG	GA	-0.70744	0.40096	0.27572	0.70744	0.19764	0.27572	0.13786	0.13786
GTG	GTT	GT	-10.09460	0.02421	0.00001	10.09460	0.00000	0.00000	0.00001	0.00000
GTG	GTC	GC	-2.12681	0.08079	0.02326	2.12681	0.00963	0.02326	0.02326	0.02326
GTG	GTA	GA	-11.46588	0.40096	0.00005	11.46588	0.00000	0.00000	0.00005	0.00000
GCT	TCT	GT	0.49948	0.00636	0.00808	-0.49948	0.01048	0.00808	0.00404	0.00404
GCT	CCT	GC	0.30850	0.02122	0.02467	-0.30850	0.02890	0.02467	0.01233	0.01233
GCT	ACT	GA	-1.77468	0.10534	0.03816	1.77468	0.01786	0.03816	0.01908	0.01908
GCT	GTT	CT	-7.87541	0.02673	0.00008	7.87541	0.00000	0.00000	0.00004	0.00000
GCC	TCC	GT	-0.23011	0.03673	0.03266	0.23011	0.02918	0.03266	0.01633	0.01633
GCC	CCC	GC	-1.29919	0.12256	0.05972	1.29919	0.03343	0.05972	0.02986	0.02986
GCC	ACC	GA	-2.34430	0.60823	0.15127	2.34430	0.05834	0.15127	0.07564	0.07564
GCC	GTC	CT	-0.45599	0.15436	0.12183	0.45599	0.09783	0.12183	0.06092	0.06092
GCC	GCT	CT	-0.54837	0.15436	0.11588	0.54837	0.08920	0.11588	0.11588	0.11588
GCA	TCA	GT	-0.37060	0.00041	0.00034	0.37060	0.00028	0.00034	0.00017	0.00017
GCA	CCA	GC	1.95073	0.00137	0.00311	-1.95073	0.00963	0.00311	0.00156	0.00156
GCA	ACA	GA	-1.04874	0.00680	0.00384	1.04874	0.00238	0.00384	0.00192	0.00192
GCA	GTA	CT	-5.13457	0.00172	0.00005	5.13457	0.00000	0.00000	0.00003	0.00000
GCA	GCT	AT	4.11212	0.00041	0.00172	-4.11212	0.02506	0.00172	0.00172	0.00172
GCA	GCC	AC	4.66049	0.00137	0.00644	-4.66049	0.14472	0.00644	0.00644	0.00644
GCG	TCG	GT	-4.36880	0.02237	0.00125	4.36880	0.00028	0.00125	0.00063	0.00063
GCG	CCG	GC	-2.86578	0.07463	0.01291	2.86578	0.00425	0.01291	0.00646	0.00646
GCG	ACG	GA	-1.49159	0.37038	0.16040	1.49159	0.08334	0.16040	0.08020	0.08020
GCG	GTG	CT	1.28437	0.09399	0.16694	-1.28437	0.33954	0.16694	0.08347	0.08347
GCG	GCT	GT	-0.93481	0.02237	0.01352	0.93481	0.00878	0.01352	0.01352	0.01352
GCG	GCC	GC	-0.38645	0.07463	0.06114	0.38645	0.05071	0.06114	0.06114	0.06114
GCG	GCA	GA	-5.04694	0.37038	0.01210	5.04694	0.00238	0.01210	0.01210	0.01210
GAT	TAT	GT	-8.21428	0.00369	0.00001	8.21428	0.00000	0.00000	0.00000	0.00000
GAT	CAT	GC	-1.47027	0.01232	0.00541	1.47027	0.00283	0.00541	0.00270	0.00270
GAT	AAT	GA	-1.45420	0.06116	0.02711	1.45420	0.01429	0.02711	0.01355	0.01355
GAT	GTT	AT	-7.16554	0.00369	0.00002	7.16554	0.00000	0.00000	0.00001	0.00000
GAT	GCT	AC	0.70987	0.01232	0.01721	-0.70987	0.02506	0.01721	0.00861	0.00861
GAC	TAC	GT	-0.48701	0.03734	0.02899	0.48701	0.02295	0.02899	0.01449	0.01449
GAC	CAC	GC	-2.34882	0.12461	0.03090	2.34882	0.01190	0.03090	0.01545	0.01545
GAC	AAC	GA	-2.06309	0.61843	0.18571	2.06309	0.07858	0.18571	0.09285	0.09285
GAC	GTC	AT	-0.30636	0.03734	0.03191	0.30636	0.02749	0.03191	0.01596	0.01596
GAC	GCC	AC	0.14963	0.12461	0.13417	-0.14963	0.14472	0.13417	0.06708	0.06708
GAC	GAT	CT	-1.10860	0.15695	0.08570	1.10860	0.05179	0.08570	0.08570	0.08570
GAA	CAA	GC	-1.68099	0.01369	0.00527	1.68099	0.00255	0.00527	0.00263	0.00263
GAA	AAA	GA	-1.27188	0.06796	0.03366	1.27188	0.01905	0.03366	0.01683	0.01683
GAA	GTA	AT	-7.27090	0.00410	0.00002	7.27090	0.00000	0.00000	0.00001	0.00000
GAA	GCA	AC	-2.13633	0.01369	0.00392	2.13633	0.00162	0.00392	0.00196	0.00196
GAA	GAT	AT	1.26592	0.00410	0.00724	-1.26592	0.01455	0.00724	0.00362	0.00362
GAA	GAC	AC	2.37453	0.01369	0.03585	-2.37453	0.14715	0.03585	0.01793	0.01793
GAG	CAG	GC	-2.24123	0.24511	0.06536	2.24123	0.02606	0.06536	0.03268	0.03268
GAG	AAG	GA	-1.63597	1.21647	0.48135	1.63597	0.23692	0.48135	0.24067	0.24067
GAG	GTG	AT	0.26144	0.07346	0.08348	-0.26144	0.09540	0.08348	0.04174	0.04174
GAG	GCG	AC	-1.02293	0.24511	0.14076	1.02293	0.08813	0.14076	0.07038	0.07038
GAG	GAT	GT	-2.66761	0.07346	0.01462	2.66761	0.00510	0.01462	0.00731	0.00731
GAG	GAC	GC	-1.55901	0.24511	0.10179	1.55901	0.05156	0.10179	0.05090	0.05090
GAG	GAA	GA	-3.93354	1.21647	0.09553	3.93354	0.02381	0.09553	0.09553	0.09553
GGT	TGT	GT	0.05428	0.00349	0.00358	-0.05428	0.00368	0.00358	0.00179	0.00179
GGT	CGT	GC	-2.32941	0.01164	0.00292	2.32941	0.00113	0.00292	0.00146	0.00146
GGT	AGT	GA	-0.03180	0.05777	0.05685	0.03180	0.05596	0.05685	0.02843	0.02843
GGT	GTT	GT	-8.15712	0.00349	0.00001	8.15712	0.00000	0.00000	0.00000	0.00000
GGT	GCT	GC	-0.28171	0.01164	0.01008	0.28171	0.00878	0.01008	0.00504	0.00504
GGT	GAT	GA	-0.99158	0.05777	0.03378	0.99158	0.02143	0.03378	0.01689	0.01689
GGC	TGC	GT	-0.95252	0.02791	0.01669	0.95252	0.01076	0.01669	0.00835	0.00835
GGC	CGC	GC	-2.36115	0.09312	0.02289	2.36115	0.00878	0.02289	0.01145	0.01145
GGC	AGC	GA	-1.99110	0.46212	0.14551	1.99110	0.06310	0.14551	0.07275	0.07275
GGC	GTC	GT	-1.06375	0.02791	0.01565	1.06375	0.00963	0.01565	0.00782	0.00782
GGC	GCC	GC	-0.60776	0.09312	0.06767	0.60776	0.05071	0.06767	0.03383	0.03383
GGC	GAC	GA	-0.75739	0.46212	0.30900	0.75739	0.21668	0.30900	0.15450	0.15450
GGC	GGT	CT	-0.87441	0.11728	0.07338	0.87441	0.04892	0.07338	0.07338	0.07338
GGA	CGA	GC	-1.61072	0.01986	0.00798	1.61072	0.00397	0.00798	0.00399	0.00399
GGA	AGA	GA	-1.58282	0.09854	0.04032	1.58282	0.02024	0.04032	0.02016	0.02016
GGA	GTA	GT	-8.69121	0.00595	0.00001	8.69121	0.00000	0.00000	0.00000	0.00000
GGA	GCA	GC	-3.55664	0.01986	0.00207	3.55664	0.00057	0.00207	0.00104	0.00104
GGA	GAA	GA	-1.42030	0.09854	0.04460	1.42030	0.02381	0.04460	0.02230	0.02230
GGA	GGT	AT	0.83720	0.00595	0.00878	-0.83720	0.01374	0.00878	0.00878	0.00878
GGA	GGC	AC	1.71161	0.01986	0.04147	-1.71161	0.10996	0.04147	0.04147	0.04147
GGG	TGG	GT	-0.41087	0.03119	0.02522	0.41087	0.02068	0.02522	0.01261	0.01261
GGG	CGG	GC	-2.77087	0.10407	0.01926	2.77087	0.00652	0.01926	0.00963	0.00963
GGG	AGG	GA	-2.51727	0.51649	0.11410	2.51727	0.04167	0.11410	0.05705	0.05705
GGG	GTG	GT	0.06935	0.03119	0.03228	-0.06935	0.03343	0.03228	0.01614	0.01614
GGG	GCG	GC	-1.21502	0.10407	0.05335	1.21502	0.03088	0.05335	0.02667	0.02667
GGG	GAG	GA	-0.19209	0.51649	0.46847	0.19209	0.42623	0.46847	0.23424	0.23424
GGG	GGT	GT	-1.86812	0.03119	0.01064	1.86812	0.00482	0.01064	0.01064	0.01064
GGG	GGC	GC	-0.99371	0.10407	0.06079	0.99371	0.03853	0.06079	0.06079	0.06079
GGG	GGA	GA	-2.70532	0.51649	0.10010	2.70532	0.03453	0.10010	0.10010	0.10010


Histograms
2Ns	FMut	FSub(CodonUsage)	FSubw(after w)

-10.91989	0.01814	0.00001	0.00001
-9.82790	0.00549	0.00000	0.00001
-8.73591	0.00974	0.00002	0.00002
-7.64392	0.00267	0.00001	0.00002
-6.55193	0.00069	0.00001	0.00001
-5.45994	0.03671	0.00145	0.00236
-4.36795	0.09360	0.01021	0.01387
-3.27597	0.05105	0.01101	0.01600
-2.18398	0.21185	0.09658	0.09138
-1.09199	0.28862	0.25086	0.24699
0.00000	0.16037	0.25975	0.25875
1.09199	0.09305	0.25086	0.24699
2.18398	0.02433	0.09658	0.09138
3.27597	0.00202	0.01101	0.01600
4.36795	0.00150	0.01021	0.01387
5.45994	0.00016	0.00144	0.00235
6.55193	0.00000	0.00000	0.00000
7.64392	0.00000	0.00000	0.00000
8.73591	0.00000	0.00000	0.00000
9.82790	0.00000	0.00000	0.00000
10.91989	0.00000	0.00000	0.00000

Proportion of advantageous (S > 0) mutations:
 0.19093

Proportions of good & bad mutations (|S| > 2.0000) among mutations:
0.01915  0.37390

mean |Ns| = 2.14873	mean Ns+ = 0.95819	mean Ns- = -2.42968

