

TREE # 1

  0  0.0000   1906.459374  x:  0.04084   0.01438   0.04602   0.02040   0.01556   0.01944   0.00822   0.00868   0.01273   0.00976   0.00347   0.01553   0.02341   0.01934   0.02122   0.01509   0.01900   0.00000   0.04812   0.01461   0.01597   0.10943   0.06300   0.00200   0.10840   0.09644   0.08202   0.01522   0.02316   0.02033   0.04030   0.45708   0.45062   0.42776   0.58183   0.57027   0.51564  
  1 99.0000   1906.456800  x:  0.04084   0.01438   0.04602   0.02040   0.01556   0.01944   0.00822   0.00868   0.01273   0.00976   0.00347   0.01553   0.02341   0.01934   0.02122   0.01509   0.01900   0.00000   0.04812   0.01461   0.01597   0.10943   0.06300   0.00199   0.10840   0.09644   0.08202   0.01522   0.02316   0.02033   0.04030   0.45708   0.45062   0.42776   0.58183   0.57027   0.51564  
  2 642.4035   1902.466935  x:  0.04100   0.01385   0.04630   0.02016   0.01534   0.01944   0.00568   0.01017   0.01264   0.00688   0.00000   0.01207   0.02355   0.01758   0.02047   0.01530   0.01847   0.00000   0.04766   0.01571   0.01411   0.10999   0.06224   0.00059   0.10861   0.09665   0.08228   0.01481   0.02304   0.02027   0.03993   0.45933   0.45064   0.42777   0.58206   0.56961   0.51565  
  3 1631.1868   1901.093266  x:  0.04106   0.01365   0.04640   0.02008   0.01532   0.01944   0.00447   0.01081   0.01263   0.00553   0.00000   0.01056   0.02360   0.01689   0.02027   0.01538   0.01828   0.00000   0.04747   0.01601   0.01341   0.11022   0.06193   0.00000   0.10870   0.09676   0.08239   0.01466   0.02299   0.02025   0.03980   0.46029   0.45065   0.42777   0.58216   0.56932   0.51565  
  4 42923.5875   1894.610806  x:  0.04136   0.01250   0.04702   0.01970   0.01655   0.01953   0.00000   0.01556   0.01304   0.00013   0.00000   0.00226   0.02392   0.01234   0.01940   0.01573   0.01716   0.00000   0.04638   0.01504   0.00827   0.11157   0.06008   0.00000   0.10923   0.09730   0.08300   0.01373   0.02277   0.02025   0.03901   0.46566   0.45070   0.42779   0.58272   0.56776   0.51567  
  5 4654.7831   1894.494250  x:  0.04137   0.01249   0.04704   0.01969   0.01652   0.01952   0.00000   0.01561   0.01302   0.00000   0.00000   0.00204   0.02393   0.01228   0.01939   0.01572   0.01715   0.00000   0.04635   0.01503   0.00829   0.11160   0.06004   0.00000   0.10924   0.09730   0.08301   0.01372   0.02276   0.02025   0.03900   0.46579   0.45070   0.42779   0.58274   0.56772   0.51567  
  6 820.3581   1893.764295  x:  0.04139   0.01247   0.04710   0.01967   0.01669   0.01951   0.00000   0.01571   0.01315   0.00000   0.00000   0.00000   0.02396   0.01223   0.01935   0.01570   0.01713   0.00000   0.04623   0.01518   0.00822   0.11181   0.05978   0.00000   0.10933   0.09733   0.08306   0.01367   0.02274   0.02024   0.03895   0.46696   0.45071   0.42780   0.58286   0.56735   0.51568  
  7 2464.8497   1890.926799  x:  0.04132   0.01207   0.04656   0.01968   0.01483   0.02025   0.00000   0.01499   0.00811   0.00000   0.00000   0.00000   0.02395   0.01521   0.01858   0.01746   0.01736   0.00000   0.04607   0.01384   0.00169   0.11391   0.05782   0.00000   0.11023   0.09788   0.08331   0.01395   0.02305   0.02009   0.03915   0.48818   0.45106   0.42814   0.58537   0.55960   0.51578  
  8 611.1075   1888.219605  x:  0.04125   0.00632   0.04104   0.01881   0.01678   0.02436   0.00000   0.01550   0.00606   0.00000   0.00000   0.00000   0.02286   0.01902   0.00783   0.02821   0.01432   0.00000   0.05101   0.00900   0.00365   0.11243   0.06266   0.00000   0.10989   0.09944   0.08257   0.01476   0.02456   0.01918   0.03996   0.52038   0.45188   0.42914   0.58984   0.54462   0.51595  
  9 272.3306   1886.776154  x:  0.04126   0.00626   0.03795   0.01784   0.01195   0.02555   0.00000   0.01333   0.01237   0.00000   0.00000   0.00000   0.02197   0.01941   0.00760   0.03355   0.01204   0.00000   0.05521   0.00605   0.00272   0.10958   0.06840   0.00000   0.10893   0.10037   0.08156   0.01544   0.02505   0.01971   0.04050   0.54202   0.45256   0.43008   0.59318   0.53288   0.51609  
 10 422.8020   1882.441383  x:  0.04171   0.01190   0.03221   0.01458   0.01364   0.02426   0.00000   0.00430   0.00923   0.00000   0.00000   0.00000   0.01953   0.01145   0.02211   0.04245   0.00675   0.00000   0.06788   0.00724   0.00432   0.09702   0.09017   0.00000   0.10465   0.10306   0.07812   0.01696   0.02457   0.02328   0.04128   0.60496   0.45489   0.43355   0.60390   0.49405   0.51654  
 11 490.4659   1879.337131  x:  0.04188   0.01367   0.03818   0.01648   0.01216   0.01513   0.00000   0.00214   0.00826   0.00000   0.00000   0.00000   0.01939   0.01070   0.02334   0.03486   0.02820   0.00000   0.07587   0.00594   0.00532   0.08464   0.11168   0.00000   0.10002   0.10321   0.07528   0.01873   0.02202   0.02252   0.04130   0.66300   0.45756   0.43781   0.61520   0.45164   0.51704  
 12 423.9936   1877.530891  x:  0.04214   0.01367   0.03991   0.01606   0.01047   0.00953   0.00000   0.00839   0.00737   0.00000   0.00000   0.00000   0.01982   0.01931   0.02359   0.01963   0.02761   0.00000   0.07870   0.00635   0.00585   0.07819   0.12560   0.00000   0.09726   0.10139   0.07356   0.02018   0.02047   0.02279   0.04167   0.69329   0.45931   0.44079   0.62213   0.42478   0.51734  
 13 471.9860   1876.477116  x:  0.04123   0.01355   0.04255   0.01993   0.00926   0.01724   0.00000   0.00828   0.00703   0.00000   0.00000   0.00000   0.02096   0.02216   0.02398   0.01041   0.02694   0.00000   0.07795   0.00641   0.00617   0.07906   0.13120   0.00000   0.09672   0.10007   0.07415   0.02040   0.02224   0.02145   0.04215   0.70632   0.46059   0.44279   0.62619   0.40864   0.51749  
 14 271.9976   1874.878817  x:  0.03808   0.01350   0.04839   0.02550   0.00624   0.01246   0.00000   0.00635   0.00649   0.00000   0.00000   0.00000   0.02478   0.03067   0.02600   0.01316   0.02289   0.00000   0.06614   0.00581   0.00714   0.09472   0.13554   0.00000   0.09903   0.09480   0.07877   0.02020   0.02661   0.01986   0.04377   0.71664   0.46450   0.44850   0.63577   0.36916   0.51785  
 15 112.2852   1873.862831  x:  0.04136   0.01474   0.04364   0.01919   0.00470   0.01624   0.00000   0.00655   0.00638   0.00000   0.00000   0.00000   0.02354   0.03322   0.02562   0.01419   0.02606   0.00000   0.05760   0.00662   0.00745   0.10011   0.13555   0.00000   0.10135   0.09239   0.07815   0.02150   0.02099   0.02614   0.04426   0.71700   0.46878   0.45402   0.64489   0.33312   0.51819  
 16 118.5652   1872.584790  x:  0.04175   0.02239   0.03997   0.01500   0.00549   0.01636   0.00000   0.00680   0.00617   0.00000   0.00000   0.00000   0.02010   0.03027   0.02276   0.01358   0.02609   0.00000   0.05329   0.00575   0.00737   0.09895   0.13355   0.00000   0.10333   0.09148   0.07445   0.02260   0.02312   0.01800   0.04371   0.71267   0.47623   0.46243   0.65986   0.27889   0.51878  
 17 145.6265   1871.939596  x:  0.03999   0.02113   0.04047   0.02037   0.00608   0.01472   0.00000   0.00660   0.00642   0.00000   0.00000   0.00000   0.02041   0.02742   0.02121   0.01315   0.02488   0.00000   0.05558   0.00619   0.00704   0.09535   0.13192   0.00000   0.10370   0.09289   0.07415   0.02349   0.02497   0.02354   0.04377   0.70877   0.48153   0.46751   0.67019   0.24751   0.51920  
 18 169.5193   1871.674969  x:  0.04009   0.01514   0.04279   0.01958   0.00572   0.01493   0.00000   0.00640   0.00662   0.00000   0.00000   0.00000   0.02302   0.02716   0.02373   0.01367   0.02433   0.00000   0.05936   0.00668   0.00695   0.09359   0.13077   0.00000   0.10342   0.09464   0.07645   0.02416   0.02197   0.02091   0.04355   0.70643   0.48514   0.46990   0.67710   0.23673   0.51948  
 19 61.8188   1871.472682  x:  0.04254   0.01453   0.04629   0.01541   0.00598   0.01547   0.00000   0.00651   0.00647   0.00000   0.00000   0.00000   0.02381   0.02799   0.02445   0.01348   0.02457   0.00000   0.06282   0.00608   0.00704   0.09517   0.12907   0.00000   0.10306   0.09528   0.07879   0.02294   0.02458   0.02262   0.04298   0.70557   0.49111   0.47253   0.68858   0.23339   0.51992  
 20 28.2058   1870.295556  x:  0.04458   0.01620   0.04139   0.01811   0.00622   0.01335   0.00000   0.00635   0.00577   0.00000   0.00000   0.00000   0.01994   0.02810   0.02531   0.00942   0.02501   0.00000   0.07272   0.00420   0.00732   0.10486   0.11867   0.00000   0.10200   0.09641   0.08359   0.01534   0.01776   0.02286   0.04228   0.70356   0.53149   0.48901   0.76615   0.22879   0.52290  
 21 68.0539   1868.255497  x:  0.04033   0.01081   0.03579   0.01511   0.00442   0.01038   0.00000   0.00553   0.00591   0.00000   0.00000   0.00000   0.01808   0.02304   0.02556   0.00477   0.02587   0.00000   0.07449   0.00584   0.00719   0.10344   0.10693   0.00000   0.10061   0.09540   0.07696   0.01394   0.02552   0.02230   0.04331   0.70132   0.60349   0.51922   0.90471   0.22713   0.52829  
 22 273.0404   1863.724580  x:  0.03759   0.01651   0.05290   0.01442   0.00298   0.01098   0.00000   0.00451   0.00534   0.00000   0.00000   0.00000   0.02237   0.01486   0.01832   0.00693   0.01662   0.00000   0.06325   0.00457   0.00726   0.08548   0.08624   0.00000   0.09622   0.08522   0.05868   0.01891   0.01917   0.02346   0.04017   0.69950   0.77366   0.59226   1.23334   0.22436   0.54113  
 23 1058.9474   1861.627358  x:  0.04668   0.01635   0.05141   0.01718   0.00325   0.00990   0.00000   0.00482   0.00536   0.00000   0.00000   0.00000   0.02683   0.00591   0.01615   0.00660   0.01544   0.00000   0.04615   0.00477   0.00682   0.07709   0.09936   0.00000   0.09624   0.08168   0.07262   0.02519   0.02068   0.02226   0.04113   0.69809   0.84732   0.62730   1.37600   0.22373   0.54681  
 24 426.5939   1861.118638  x:  0.03977   0.01435   0.05293   0.01471   0.00382   0.01062   0.00000   0.00521   0.00533   0.00000   0.00000   0.00000   0.02701   0.00407   0.01673   0.00653   0.01591   0.00000   0.03974   0.00455   0.00666   0.07859   0.10899   0.00000   0.09821   0.08510   0.07239   0.02294   0.01919   0.02341   0.03778   0.69743   0.86497   0.63822   1.41049   0.22355   0.54825  
 25 159.3362   1860.947692  x:  0.04276   0.01295   0.05394   0.01607   0.00366   0.01056   0.00000   0.00522   0.00535   0.00000   0.00000   0.00000   0.02577   0.00460   0.01737   0.00697   0.01572   0.00000   0.03732   0.00467   0.00666   0.07822   0.11248   0.00000   0.10089   0.08942   0.06986   0.01830   0.01951   0.02307   0.03478   0.69711   0.87049   0.64430   1.42157   0.22380   0.54882  
 26 57.2445   1860.872376  x:  0.04321   0.01319   0.05440   0.01612   0.00365   0.01049   0.00000   0.00521   0.00538   0.00000   0.00000   0.00000   0.02570   0.00434   0.01703   0.00695   0.01560   0.00000   0.03775   0.00480   0.00662   0.07855   0.11357   0.00337   0.10181   0.09004   0.06938   0.01732   0.01930   0.02298   0.03549   0.69714   0.87155   0.64668   1.42384   0.22394   0.54898  
 27 46.2674   1860.747233  x:  0.04398   0.01439   0.05579   0.01604   0.00363   0.01028   0.00000   0.00519   0.00550   0.00000   0.00000   0.00000   0.02537   0.00346   0.01564   0.00688   0.01520   0.00000   0.03982   0.00529   0.00651   0.07935   0.11668   0.00220   0.10496   0.09101   0.06877   0.01428   0.01860   0.02271   0.03747   0.69745   0.87479   0.65613   1.43097   0.22455   0.54956  
 28 35.3436   1859.989690  x:  0.03907   0.01772   0.05535   0.01453   0.00327   0.01049   0.00000   0.00496   0.00554   0.00000   0.00000   0.00000   0.02543   0.00512   0.01392   0.00716   0.01489   0.00000   0.04200   0.00553   0.00665   0.07289   0.11179   0.00278   0.11772   0.08948   0.07713   0.00941   0.01839   0.02302   0.03302   0.70222   0.88883   0.72369   1.46397   0.23020   0.55317  
 29 44.4321   1855.929127  x:  0.04298   0.01094   0.05763   0.01652   0.00484   0.00825   0.00000   0.00435   0.00616   0.00000   0.00000   0.00000   0.02323   0.00501   0.01662   0.00488   0.01299   0.00000   0.04898   0.00549   0.00700   0.07854   0.09081   0.00000   0.16185   0.08368   0.07212   0.03562   0.01695   0.02364   0.02675   0.73059   0.97071   1.12778   1.65609   0.26302   0.57469  
 30 317.5319   1855.929127  x:  0.04298   0.01094   0.05763   0.01652   0.00484   0.00825   0.00000   0.00435   0.00616   0.00000   0.00000   0.00000   0.02323   0.00501   0.01662   0.00488   0.01299   0.00000   0.04898   0.00549   0.00700   0.07854   0.09081   0.00000   0.16185   0.08368   0.07212   0.03562   0.01695   0.02364   0.02675   0.73059   0.97071   1.12778   1.65609   0.26302   0.57469  
 31 658.3773   1849.323510  x:  0.04383   0.00778   0.05703   0.01485   0.02575   0.01163   0.00000   0.00429   0.01553   0.00000   0.00000   0.00000   0.02406   0.00383   0.01259   0.01131   0.01094   0.00000   0.04637   0.01657   0.00452   0.08290   0.08695   0.00007   0.16078   0.08511   0.07414   0.03251   0.01761   0.02275   0.02796   0.73363   0.97072   1.12769   1.65617   0.26299   0.57469  
 32 779.8790   1849.267475  x:  0.04384   0.00774   0.05702   0.01481   0.02576   0.01164   0.00000   0.00429   0.01553   0.00000   0.00000   0.00000   0.02407   0.00384   0.01252   0.01128   0.01091   0.00000   0.04631   0.01657   0.00451   0.08299   0.08686   0.00000   0.16076   0.08514   0.07418   0.03244   0.01762   0.02273   0.02798   0.73370   0.97072   1.12768   1.65617   0.26299   0.57469  
 33 287.6305   1848.077999  x:  0.04443   0.00761   0.05668   0.01383   0.02590   0.01196   0.00000   0.00417   0.01531   0.00000   0.00000   0.00000   0.02474   0.00116   0.01166   0.01102   0.01066   0.00000   0.04409   0.01630   0.00522   0.08665   0.08283   0.00000   0.15955   0.08657   0.07589   0.02921   0.01766   0.02236   0.02847   0.73709   0.97073   1.12758   1.65626   0.26294   0.57469  
 34 724.7416   1842.427680  x:  0.04765   0.01639   0.05514   0.01122   0.02716   0.01349   0.00000   0.00289   0.01493   0.00000   0.00000   0.00000   0.02876   0.00258   0.01679   0.01512   0.01511   0.00000   0.03011   0.01570   0.01373   0.10964   0.05416   0.00000   0.15080   0.09687   0.08684   0.00629   0.01616   0.02151   0.02966   0.76213   0.97083   1.12680   1.65694   0.26267   0.57472  
 35 885.3553   1841.541239  x:  0.04784   0.01840   0.05515   0.01291   0.02673   0.01258   0.00000   0.00979   0.01537   0.00000   0.00000   0.00000   0.02944   0.00240   0.01929   0.01534   0.01540   0.00000   0.02973   0.01609   0.00923   0.11481   0.04524   0.00000   0.14741   0.09949   0.08886   0.00488   0.01553   0.02231   0.02871   0.77297   0.97088   1.12646   1.65724   0.26257   0.57475  
 36 265.2456   1840.264640  x:  0.04771   0.02002   0.05526   0.01471   0.02609   0.01180   0.00000   0.00750   0.01582   0.00000   0.00000   0.00000   0.02993   0.00219   0.02168   0.01509   0.01520   0.00000   0.03097   0.01660   0.00315   0.11957   0.03644   0.00000   0.14338   0.10201   0.09035   0.00786   0.01520   0.02325   0.02751   0.78664   0.97093   1.12601   1.65763   0.26248   0.57479  
 37 361.9338   1838.924459  x:  0.04638   0.01858   0.05568   0.01775   0.02598   0.01124   0.00000   0.00758   0.01714   0.00000   0.00000   0.00000   0.02983   0.00250   0.02282   0.01262   0.01196   0.00000   0.03798   0.01849   0.00893   0.12440   0.02741   0.00000   0.13555   0.10473   0.09024   0.01418   0.01600   0.02482   0.02547   0.81599   0.97103   1.12504   1.65848   0.26233   0.57488  
 38 256.5273   1830.919183  x:  0.03778   0.01089   0.05737   0.02144   0.02498   0.02174   0.00000   0.00556   0.01438   0.00000   0.00000   0.00000   0.02633   0.00237   0.02820   0.01428   0.01483   0.00000   0.06524   0.01733   0.00620   0.13812   0.04343   0.00000   0.08910   0.11374   0.08034   0.00429   0.01822   0.02563   0.02636   1.01391   0.97167   1.11846   1.66434   0.26189   0.57552  
 39 313.5796   1825.791340  x:  0.04489   0.01588   0.05812   0.01276   0.02714   0.00696   0.00000   0.00788   0.01554   0.00000   0.00000   0.00000   0.02540   0.00263   0.02602   0.01723   0.01688   0.00000   0.05786   0.01381   0.00824   0.13876   0.05528   0.00000   0.07500   0.11391   0.07637   0.01430   0.01178   0.02083   0.03059   1.14429   0.97194   1.11404   1.66836   0.26292   0.57598  
 40 587.4314   1818.781258  x:  0.05776   0.02952   0.06079   0.01170   0.02483   0.01812   0.00000   0.01086   0.01638   0.00000   0.00000   0.00000   0.02466   0.00276   0.02129   0.01022   0.01458   0.00000   0.02969   0.01768   0.00903   0.11772   0.06158   0.00000   0.08899   0.10351   0.07270   0.02420   0.02840   0.02365   0.02543   1.35671   0.97214   1.10675   1.67519   0.26666   0.57676  
 41 651.1491   1812.703380  x:  0.05237   0.02736   0.05842   0.02224   0.02391   0.00913   0.00000   0.00685   0.01375   0.00000   0.00000   0.00000   0.02550   0.00243   0.01364   0.01392   0.00683   0.00000   0.02369   0.01837   0.00795   0.08835   0.05418   0.00000   0.12415   0.08945   0.07620   0.01270   0.01697   0.02642   0.02504   1.52241   0.97194   1.10100   1.68088   0.27178   0.57749  
 42 612.1538   1811.077805  x:  0.05113   0.02314   0.05665   0.01859   0.02431   0.01014   0.00000   0.00677   0.01607   0.00000   0.00000   0.00000   0.02652   0.00238   0.01175   0.01159   0.01812   0.00000   0.02778   0.01626   0.00803   0.07958   0.04877   0.00000   0.14196   0.08481   0.07895   0.01174   0.01260   0.02393   0.02770   1.57868   0.97170   1.09905   1.68297   0.27454   0.57777  
 43 565.1178   1810.340233  x:  0.05045   0.02007   0.05590   0.01248   0.02461   0.00787   0.00000   0.00696   0.01578   0.00000   0.00000   0.00000   0.02715   0.00235   0.01730   0.01350   0.01754   0.00000   0.03200   0.01457   0.00771   0.07945   0.04800   0.00000   0.15385   0.08455   0.08060   0.01122   0.01710   0.02149   0.02913   1.60117   0.97139   1.09829   1.68400   0.27664   0.57793  
 44 218.2516   1810.030455  x:  0.05040   0.01926   0.05628   0.01049   0.02412   0.01055   0.00000   0.00744   0.01493   0.00000   0.00000   0.00000   0.02737   0.00239   0.02009   0.01423   0.01556   0.00000   0.03333   0.01459   0.00789   0.08324   0.04995   0.00000   0.16161   0.08653   0.08141   0.01277   0.01386   0.02102   0.02915   1.61052   0.97105   1.09803   1.68461   0.27831   0.57804  
 45 110.3076   1809.762890  x:  0.05023   0.01880   0.05757   0.01336   0.02347   0.00872   0.00000   0.00730   0.01589   0.00000   0.00000   0.00000   0.02726   0.00243   0.02046   0.01255   0.01679   0.00000   0.03449   0.01571   0.00807   0.09024   0.05416   0.00000   0.17076   0.09039   0.08191   0.01324   0.01391   0.02223   0.02864   1.61862   0.97045   1.09788   1.68543   0.28070   0.57821  
 46 82.0679   1809.730667  x:  0.04975   0.01926   0.05783   0.01379   0.02361   0.00887   0.00000   0.00745   0.01541   0.00000   0.00000   0.00000   0.02694   0.00245   0.01919   0.01383   0.01712   0.00000   0.03477   0.01460   0.00816   0.09114   0.05418   0.00000   0.17198   0.09130   0.08109   0.01371   0.01439   0.02227   0.02838   1.61947   0.97015   1.09795   1.68572   0.28139   0.57829  
 47 22.6501   1809.704776  x:  0.04883   0.02040   0.05791   0.01291   0.02319   0.00864   0.00000   0.00743   0.01517   0.00000   0.00000   0.00000   0.02624   0.00245   0.01838   0.01347   0.01705   0.00000   0.03504   0.01520   0.00805   0.09131   0.05375   0.00000   0.17265   0.09240   0.07894   0.01337   0.01437   0.02199   0.02829   1.61988   0.96940   1.09822   1.68639   0.28268   0.57847  
 48 11.6626   1809.677646  x:  0.04892   0.02056   0.05761   0.01325   0.02310   0.00877   0.00000   0.00735   0.01593   0.00000   0.00000   0.00000   0.02576   0.00245   0.01877   0.01270   0.01659   0.00000   0.03483   0.01399   0.00800   0.09110   0.05341   0.00000   0.17273   0.09309   0.07753   0.01309   0.01422   0.02190   0.02907   1.62007   0.96807   1.09874   1.68754   0.28461   0.57880  
 49 10.4969   1809.575806  x:  0.05089   0.01858   0.05612   0.01435   0.02100   0.00874   0.00000   0.00727   0.01375   0.00000   0.00000   0.00000   0.02531   0.00244   0.01972   0.01279   0.01727   0.00000   0.03391   0.01425   0.00813   0.09036   0.05264   0.00000   0.17178   0.09394   0.07625   0.01318   0.01417   0.02206   0.02991   1.62043   0.96224   1.10105   1.69259   0.29230   0.58022  
 50 21.2490   1809.494379  x:  0.05085   0.01834   0.05612   0.01370   0.01839   0.00868   0.00000   0.00716   0.01480   0.00000   0.00000   0.00000   0.02578   0.00244   0.01946   0.01303   0.01720   0.00000   0.03381   0.01360   0.00813   0.09006   0.05277   0.00000   0.17069   0.09336   0.07775   0.01292   0.01401   0.02229   0.02771   1.62070   0.95723   1.10309   1.69689   0.29788   0.58145  
 51 40.6216   1809.440636  x:  0.04962   0.01987   0.05710   0.01349   0.01842   0.00866   0.00000   0.00723   0.01347   0.00000   0.00000   0.00000   0.02647   0.00246   0.01920   0.01165   0.01697   0.00000   0.03423   0.01286   0.00811   0.09015   0.05307   0.00000   0.17000   0.09214   0.08002   0.01302   0.01413   0.02213   0.02775   1.62091   0.95361   1.10462   1.69999   0.30074   0.58234  
 52 34.6733   1809.426598  x:  0.04922   0.02035   0.05743   0.01358   0.01765   0.00883   0.00000   0.00728   0.01372   0.00000   0.00000   0.00000   0.02662   0.00246   0.01894   0.01190   0.01682   0.00000   0.03437   0.01313   0.00812   0.09037   0.05309   0.00000   0.16994   0.09159   0.08052   0.01318   0.01431   0.02207   0.02895   1.62104   0.95241   1.10516   1.70099   0.30065   0.58264  
 53 15.5418   1809.319788  x:  0.04969   0.02023   0.05711   0.01333   0.01649   0.00859   0.00000   0.00715   0.01307   0.00000   0.00000   0.00000   0.02580   0.00245   0.01925   0.01161   0.01710   0.00000   0.03451   0.01240   0.00810   0.09332   0.05259   0.00000   0.17129   0.08760   0.07823   0.01289   0.01402   0.02333   0.02877   1.62304   0.94023   1.11124   1.71104   0.28773   0.58576  
 54  9.3091   1809.265524  x:  0.04961   0.02005   0.05699   0.01414   0.01579   0.00865   0.00000   0.00712   0.01292   0.00000   0.00000   0.00000   0.02587   0.00246   0.01935   0.01137   0.01709   0.00000   0.03435   0.01236   0.00810   0.09315   0.05259   0.00000   0.17181   0.08881   0.07836   0.01294   0.01409   0.02074   0.02826   1.62423   0.93373   1.11447   1.71646   0.28136   0.58745  
 55 41.2769   1809.190067  x:  0.04929   0.01973   0.05695   0.01338   0.01525   0.00854   0.00000   0.00714   0.01266   0.00000   0.00000   0.00000   0.02655   0.00248   0.01919   0.01111   0.01716   0.00000   0.03421   0.01203   0.00813   0.09110   0.05279   0.00000   0.17224   0.09371   0.07983   0.01313   0.01416   0.02234   0.02873   1.62620   0.92393   1.11927   1.72473   0.27352   0.59000  
 56 45.4994   1808.614595  x:  0.05994   0.02002   0.06763   0.01275   0.01561   0.00842   0.00000   0.00607   0.01254   0.00000   0.00000   0.00000   0.02783   0.00245   0.01691   0.01144   0.01572   0.00000   0.03926   0.01211   0.00739   0.09022   0.05053   0.00000   0.17173   0.09535   0.07975   0.00967   0.01347   0.02190   0.02908   1.64802   0.83879   1.15866   1.80040   0.27339   0.61280  
 57 14.6243   1806.523320  x:  0.05097   0.01096   0.07205   0.01192   0.01734   0.00865   0.00000   0.00513   0.01313   0.00000   0.00000   0.00000   0.02821   0.00247   0.01832   0.01193   0.01720   0.00000   0.03173   0.01240   0.00722   0.09481   0.04680   0.00000   0.16747   0.09484   0.08009   0.01021   0.01390   0.02161   0.02947   1.71729   0.57290   1.28177   2.03787   0.27923   0.68424  
 58 386.6241   1806.159444  x:  0.05335   0.01499   0.06064   0.01214   0.01771   0.00916   0.00000   0.00503   0.01337   0.00000   0.00000   0.00000   0.02800   0.00253   0.01576   0.01142   0.01583   0.00000   0.03479   0.01262   0.00686   0.09638   0.04742   0.00000   0.16712   0.09459   0.08262   0.00983   0.01450   0.02155   0.02960   1.73078   0.52398   1.30546   2.08393   0.28061   0.69809  
 59 214.3090   1799.585566  x:  0.05113   0.00639   0.04581   0.00902   0.01985   0.01077   0.00000   0.00108   0.01384   0.00000   0.00000   0.00000   0.04271   0.00279   0.00788   0.01004   0.01342   0.00000   0.03316   0.01286   0.00433   0.11404   0.03734   0.00000   0.15709   0.09676   0.08800   0.00599   0.01667   0.02029   0.03150   1.95045   0.80048   1.63477   2.83567   0.28186   0.92450  
 60  8.0383   1799.459128  x:  0.05146   0.00594   0.04648   0.00855   0.01988   0.01081   0.00000   0.00099   0.01385   0.00000   0.00000   0.00000   0.03158   0.00280   0.00774   0.01003   0.01338   0.00000   0.03303   0.01287   0.00427   0.11413   0.03694   0.00000   0.15680   0.09702   0.09182   0.00582   0.01669   0.02021   0.03160   1.95497   0.80606   1.64126   2.85065   0.28181   0.92875  
 61 32.6781   1797.665720  x:  0.05112   0.00239   0.04621   0.00692   0.02055   0.01186   0.00000   0.00422   0.01389   0.00000   0.00000   0.00000   0.02377   0.00308   0.00517   0.00887   0.01193   0.00000   0.03210   0.01305   0.00371   0.12022   0.03623   0.00000   0.15259   0.09753   0.09714   0.00664   0.01794   0.01969   0.03238   2.06321   0.88821   1.73715   3.10988   0.28142   0.94334  
 62  2.0529   1795.193383  x:  0.04959   0.01345   0.05321   0.00487   0.02127   0.01389   0.00000   0.00632   0.01359   0.00000   0.00000   0.00000   0.02033   0.00351   0.00648   0.00585   0.00773   0.00000   0.02805   0.01349   0.00252   0.13382   0.03622   0.00000   0.14192   0.09819   0.10311   0.00816   0.01917   0.01891   0.03411   2.29150   1.00077   1.74841   3.40287   0.27675   0.75479  
 63  1.2003   1792.619388  x:  0.04831   0.00857   0.06572   0.00920   0.02054   0.01455   0.00000   0.00598   0.01245   0.00000   0.00000   0.00000   0.04088   0.00397   0.01259   0.00740   0.00582   0.00000   0.02886   0.01361   0.00383   0.14348   0.03917   0.00000   0.13339   0.09898   0.09906   0.01009   0.01920   0.01970   0.03405   2.55702   0.99389   1.66796   3.35186   0.27755   0.39176  
 64  0.9994   1791.331425  x:  0.04806   0.00662   0.07181   0.01141   0.01922   0.01458   0.00000   0.00567   0.01164   0.00000   0.00000   0.00000   0.05105   0.00436   0.01249   0.00972   0.00938   0.00000   0.02908   0.01377   0.00519   0.15189   0.04244   0.00000   0.12950   0.10051   0.09386   0.01174   0.01913   0.02084   0.03288   2.83220   0.99573   1.77165   3.11618   0.29269   1.22482  
 65  1.7080   1789.576654  x:  0.04981   0.00686   0.06317   0.01127   0.01863   0.01153   0.00000   0.00509   0.01279   0.00000   0.00000   0.00000   0.04599   0.00472   0.00556   0.01000   0.01116   0.00000   0.03512   0.01320   0.00518   0.15358   0.04346   0.00000   0.13020   0.10342   0.08803   0.00906   0.01741   0.02149   0.03088   3.17770   0.95170   2.08040   2.74626   0.31417   0.95212  
 66  0.5621   1788.744706  x:  0.05099   0.00400   0.05545   0.00975   0.01859   0.01058   0.00000   0.00475   0.01362   0.00000   0.00000   0.00000   0.03716   0.00487   0.00931   0.00809   0.01117   0.00000   0.03656   0.01329   0.00449   0.15360   0.04239   0.00000   0.12938   0.10393   0.08631   0.00715   0.01665   0.02149   0.03033   3.38738   0.89730   2.01798   2.64762   0.31023   0.87922  
 67  0.5582   1788.276990  x:  0.05000   0.00526   0.05457   0.00849   0.01928   0.01082   0.00000   0.00465   0.01325   0.00000   0.00000   0.00000   0.02840   0.00492   0.00823   0.00933   0.01100   0.00000   0.03420   0.01301   0.00459   0.15248   0.04044   0.00000   0.12666   0.10362   0.08829   0.00812   0.01677   0.02063   0.03130   3.56045   0.83080   1.79032   2.73923   0.29331   0.72691  
 68  0.4500   1787.911813  x:  0.04829   0.00571   0.05811   0.00862   0.02015   0.01141   0.00000   0.00446   0.01282   0.00000   0.00000   0.00000   0.02508   0.00496   0.00845   0.00859   0.00979   0.00000   0.03173   0.01335   0.00446   0.14942   0.04031   0.00000   0.12709   0.10283   0.09040   0.01005   0.01754   0.01992   0.03236   3.80592   0.80489   2.18764   2.68697   0.31347   0.61969  
 69  0.5501   1787.751883  x:  0.04887   0.00545   0.06127   0.00922   0.02003   0.01192   0.00000   0.00423   0.01287   0.00000   0.00000   0.00000   0.03152   0.00493   0.00806   0.00776   0.00855   0.00000   0.03192   0.01351   0.00414   0.14703   0.04038   0.00000   0.12727   0.10222   0.08999   0.00976   0.01777   0.02015   0.03250   3.94308   0.76305   2.19308   2.72540   0.31149   0.71101  
 70  0.2412   1787.637320  x:  0.05063   0.00613   0.05925   0.00973   0.01982   0.01154   0.00000   0.00430   0.01295   0.00000   0.00000   0.00000   0.03328   0.00479   0.00864   0.00902   0.00969   0.00000   0.03275   0.01345   0.00433   0.14401   0.04117   0.00000   0.13113   0.10190   0.09088   0.00884   0.01760   0.02075   0.03211   4.10922   0.73384   2.31216   2.77221   0.31253   0.70973  
 71  0.1870   1787.617702  x:  0.04997   0.00591   0.05889   0.00965   0.01960   0.01150   0.00000   0.00421   0.01299   0.00000   0.00000   0.00000   0.03218   0.00469   0.00861   0.00840   0.00995   0.00000   0.03288   0.01344   0.00461   0.14241   0.04105   0.00000   0.12991   0.10204   0.09040   0.00882   0.01760   0.02078   0.03181   4.17707   0.71846   2.35365   2.80024   0.31262   0.70297  
 72  0.0871   1787.612600  x:  0.04959   0.00584   0.05888   0.00948   0.01960   0.01150   0.00000   0.00422   0.01298   0.00000   0.00000   0.00000   0.03175   0.00459   0.00870   0.00863   0.00967   0.00000   0.03289   0.01334   0.00455   0.14198   0.04087   0.00000   0.12931   0.10222   0.09035   0.00879   0.01748   0.02061   0.03187   4.19965   0.72099   2.39611   2.82267   0.31335   0.72285  
 73  0.0637   1787.610328  x:  0.04986   0.00578   0.05921   0.00941   0.01965   0.01148   0.00000   0.00425   0.01296   0.00000   0.00000   0.00000   0.03180   0.00448   0.00867   0.00856   0.00990   0.00000   0.03273   0.01335   0.00446   0.14209   0.04094   0.00000   0.12949   0.10242   0.09025   0.00893   0.01755   0.02053   0.03195   4.20763   0.72499   2.42095   2.84716   0.31313   0.72206  
 74  0.0308   1787.609477  x:  0.04991   0.00582   0.05908   0.00957   0.01963   0.01148   0.00000   0.00429   0.01296   0.00000   0.00000   0.00000   0.03163   0.00438   0.00861   0.00854   0.00982   0.00000   0.03287   0.01338   0.00448   0.14220   0.04104   0.00000   0.12972   0.10237   0.09029   0.00892   0.01752   0.02061   0.03198   4.20735   0.72616   2.42642   2.86329   0.31303   0.72390  
 75  0.0134   1787.609150  x:  0.04987   0.00582   0.05912   0.00948   0.01961   0.01147   0.00000   0.00430   0.01296   0.00000   0.00000   0.00000   0.03179   0.00433   0.00858   0.00857   0.00982   0.00000   0.03283   0.01337   0.00449   0.14236   0.04096   0.00000   0.12968   0.10232   0.09028   0.00887   0.01751   0.02063   0.03196   4.20488   0.72487   2.42276   2.86437   0.31311   0.72087  
 76  0.0052   1787.609087  x:  0.04985   0.00580   0.05909   0.00950   0.01963   0.01148   0.00000   0.00431   0.01297   0.00000   0.00000   0.00000   0.03179   0.00432   0.00861   0.00856   0.00982   0.00000   0.03283   0.01336   0.00449   0.14242   0.04097   0.00000   0.12960   0.10231   0.09029   0.00891   0.01753   0.02060   0.03193   4.20210   0.72464   2.41851   2.86014   0.31301   0.72093  
 77  0.0050   1787.609076  x:  0.04986   0.00580   0.05910   0.00950   0.01963   0.01148   0.00000   0.00431   0.01296   0.00000   0.00000   0.00000   0.03178   0.00431   0.00862   0.00856   0.00982   0.00000   0.03284   0.01337   0.00449   0.14240   0.04097   0.00000   0.12961   0.10232   0.09028   0.00889   0.01752   0.02061   0.03194   4.20236   0.72430   2.41740   2.85565   0.31304   0.72052  
 78  0.0031   1787.609074  x:  0.04986   0.00581   0.05910   0.00950   0.01963   0.01148   0.00000   0.00431   0.01297   0.00000   0.00000   0.00000   0.03179   0.00431   0.00861   0.00856   0.00982   0.00000   0.03283   0.01337   0.00449   0.14239   0.04097   0.00000   0.12961   0.10232   0.09028   0.00890   0.01752   0.02061   0.03194   4.20264   0.72427   2.41731   2.85432   0.31306   0.72066  
 79  0.0012   1787.609073  x:  0.04985   0.00581   0.05910   0.00950   0.01963   0.01148   0.00000   0.00431   0.01297   0.00000   0.00000   0.00000   0.03179   0.00431   0.00861   0.00856   0.00982   0.00000   0.03283   0.01337   0.00449   0.14239   0.04097   0.00000   0.12961   0.10232   0.09028   0.00890   0.01752   0.02061   0.03194   4.20275   0.72425   2.41712   2.85399   0.31307   0.72068  
 80  0.0004   1787.609073  x:  0.04985   0.00581   0.05910   0.00950   0.01963   0.01148   0.00000   0.00431   0.01297   0.00000   0.00000   0.00000   0.03179   0.00431   0.00861   0.00856   0.00982   0.00000   0.03283   0.01337   0.00449   0.14239   0.04097   0.00000   0.12961   0.10232   0.09028   0.00890   0.01752   0.02061   0.03194   4.20273   0.72428   2.41698   2.85398   0.31307   0.72073  
 81  0.0001   1787.609073  x:  0.04985   0.00581   0.05910   0.00950   0.01963   0.01148   0.00000   0.00431   0.01297   0.00000   0.00000   0.00000   0.03179   0.00431   0.00861   0.00856   0.00982   0.00000   0.03283   0.01337   0.00449   0.14239   0.04097   0.00000   0.12961   0.10232   0.09028   0.00890   0.01752   0.02061   0.03194   4.20272   0.72430   2.41690   2.85405   0.31307   0.72073  
 82  0.0001   1787.609073  x:  0.04985   0.00581   0.05910   0.00950   0.01963   0.01148   0.00000   0.00431   0.01297   0.00000   0.00000   0.00000   0.03179   0.00431   0.00861   0.00856   0.00982   0.00000   0.03283   0.01337   0.00449   0.14239   0.04097   0.00000   0.12961   0.10232   0.09028   0.00890   0.01752   0.02061   0.03194   4.20273   0.72430   2.41690   2.85405   0.31307   0.72073  
 83  0.0000   1787.609073  x:  0.04985   0.00581   0.05910   0.00950   0.01963   0.01148   0.00000   0.00431   0.01297   0.00000   0.00000   0.00000   0.03179   0.00431   0.00861   0.00856   0.00982   0.00000   0.03283   0.01337   0.00449   0.14239   0.04097   0.00000   0.12961   0.10232   0.09028   0.00890   0.01752   0.02061   0.03194   4.20273   0.72430   2.41690   2.85405   0.31307   0.72073  