

TREE # 1

  0  0.0000   4249.629505  x:  0.00653   0.00234   0.00366   0.00877   0.00192   0.00469   0.00876   0.02187   0.00446   0.00155   0.00361   0.00005   0.00080   0.00416   0.00246   0.02334   0.01270   0.00232   0.00151   0.00125   0.00495   0.00480   0.00252   0.00262   0.00178   0.00131   0.00150   0.00527   0.00099   0.00000   0.00021   0.00041   0.00100   0.40326   0.46809   0.44654   0.50363   0.59505   0.57721  
  1 99.0000   4249.626643  x:  0.00653   0.00234   0.00366   0.00877   0.00192   0.00469   0.00876   0.02187   0.00446   0.00155   0.00361   0.00005   0.00080   0.00416   0.00246   0.02334   0.01270   0.00232   0.00151   0.00125   0.00495   0.00480   0.00252   0.00262   0.00178   0.00131   0.00150   0.00527   0.00099   0.00000   0.00021   0.00041   0.00100   0.40326   0.46809   0.44654   0.50363   0.59505   0.57721  
  2 1740.1095   4249.517165  x:  0.00654   0.00232   0.00366   0.00877   0.00191   0.00469   0.00875   0.02187   0.00446   0.00155   0.00361   0.00000   0.00079   0.00415   0.00246   0.02334   0.01270   0.00232   0.00151   0.00125   0.00495   0.00480   0.00252   0.00262   0.00179   0.00131   0.00149   0.00527   0.00099   0.00000   0.00019   0.00036   0.00100   0.40327   0.46809   0.44654   0.50363   0.59504   0.57720  
  3 7266.0034   4249.056757  x:  0.00658   0.00216   0.00365   0.00875   0.00184   0.00470   0.00871   0.02186   0.00447   0.00152   0.00360   0.00000   0.00079   0.00412   0.00245   0.02333   0.01271   0.00232   0.00149   0.00125   0.00494   0.00479   0.00251   0.00260   0.00179   0.00139   0.00147   0.00525   0.00097   0.00000   0.00004   0.00000   0.00099   0.40335   0.46809   0.44655   0.50363   0.59500   0.57719  
  4 13156.2231   4249.002136  x:  0.00659   0.00211   0.00365   0.00875   0.00181   0.00470   0.00869   0.02186   0.00448   0.00151   0.00360   0.00000   0.00080   0.00411   0.00245   0.02332   0.01271   0.00232   0.00148   0.00125   0.00493   0.00479   0.00251   0.00259   0.00179   0.00142   0.00147   0.00524   0.00096   0.00000   0.00000   0.00000   0.00098   0.40338   0.46809   0.44655   0.50363   0.59499   0.57719  
  5 25036.8127   4248.625544  x:  0.00687   0.00114   0.00362   0.00865   0.00155   0.00471   0.00839   0.02180   0.00455   0.00151   0.00359   0.00000   0.00076   0.00394   0.00244   0.02325   0.01277   0.00233   0.00148   0.00126   0.00487   0.00477   0.00248   0.00253   0.00177   0.00190   0.00148   0.00512   0.00133   0.00000   0.00000   0.00000   0.00127   0.40397   0.46809   0.44660   0.50363   0.59467   0.57710  
  6 910.4224   4248.082049  x:  0.00840   0.00095   0.00360   0.00827   0.00220   0.00474   0.00719   0.02154   0.00464   0.00169   0.00358   0.00000   0.00078   0.00368   0.00248   0.02291   0.01303   0.00230   0.00157   0.00106   0.00474   0.00474   0.00256   0.00265   0.00279   0.00198   0.00152   0.00482   0.00104   0.00000   0.00000   0.00000   0.00111   0.40746   0.46811   0.44688   0.50364   0.59279   0.57660  
  7 338.2797   4246.962673  x:  0.01086   0.00179   0.00358   0.00764   0.00198   0.00479   0.00520   0.02096   0.00474   0.00131   0.00357   0.00000   0.00076   0.00343   0.00244   0.02215   0.01352   0.00234   0.00126   0.00175   0.00459   0.00471   0.00249   0.00257   0.00208   0.00201   0.00126   0.00447   0.00142   0.00000   0.00000   0.00000   0.00114   0.41599   0.46817   0.44757   0.50366   0.58820   0.57538  
  8 1281.1184   4244.926159  x:  0.01273   0.00159   0.00363   0.00737   0.00136   0.00479   0.00507   0.02026   0.00462   0.00157   0.00359   0.00000   0.00077   0.00389   0.00241   0.02120   0.01399   0.00234   0.00167   0.00076   0.00472   0.00474   0.00244   0.00250   0.00100   0.00092   0.00168   0.00472   0.00103   0.00000   0.00000   0.00000   0.00151   0.43001   0.46826   0.44870   0.50369   0.58062   0.57335  
  9 2148.5403   4239.994478  x:  0.01488   0.00168   0.00373   0.00741   0.00019   0.00474   0.00686   0.01898   0.00426   0.00176   0.00364   0.00000   0.00078   0.00507   0.00235   0.01943   0.01469   0.00234   0.00205   0.00159   0.00516   0.00485   0.00233   0.00235   0.00150   0.00077   0.00209   0.00564   0.00104   0.00000   0.00000   0.00000   0.00137   0.46127   0.46846   0.45124   0.50376   0.56369   0.56883  
 10 7874.1224   4232.365675  x:  0.01797   0.00086   0.00378   0.00763   0.00120   0.00467   0.01059   0.01651   0.00385   0.00048   0.00363   0.00000   0.00083   0.00689   0.00200   0.01602   0.01598   0.00249   0.00132   0.00284   0.00586   0.00500   0.00172   0.00143   0.00136   0.00017   0.00156   0.00727   0.00106   0.00000   0.00000   0.00000   0.00086   0.52507   0.46888   0.45643   0.50390   0.52910   0.55960  
 11 46942.1080   4229.327219  x:  0.01885   0.00117   0.00375   0.00773   0.00136   0.00466   0.01203   0.01555   0.00382   0.00014   0.00360   0.00000   0.00083   0.00745   0.00185   0.01470   0.01648   0.00258   0.00059   0.00231   0.00606   0.00504   0.00151   0.00116   0.00146   0.00082   0.00087   0.00782   0.00099   0.00000   0.00000   0.00000   0.00110   0.55308   0.46907   0.45870   0.50396   0.51390   0.55555  
 12 59142.4092   4228.252500  x:  0.01906   0.00121   0.00372   0.00776   0.00142   0.00466   0.01246   0.01525   0.00386   0.00041   0.00358   0.00000   0.00083   0.00755   0.00180   0.01428   0.01664   0.00262   0.00026   0.00223   0.00610   0.00505   0.00142   0.00107   0.00145   0.00094   0.00052   0.00795   0.00100   0.00000   0.00000   0.00000   0.00111   0.56272   0.46913   0.45949   0.50398   0.50867   0.55415  
 13 109910.9307   4226.838545  x:  0.01893   0.00126   0.00363   0.00779   0.00144   0.00467   0.01267   0.01506   0.00404   0.00046   0.00354   0.00000   0.00082   0.00737   0.00176   0.01403   0.01674   0.00268   0.00053   0.00216   0.00603   0.00502   0.00141   0.00114   0.00145   0.00099   0.00015   0.00791   0.00108   0.00000   0.00000   0.00000   0.00104   0.57244   0.46920   0.46028   0.50400   0.50338   0.55274  
 14 31617.2830   4209.517822  x:  0.01618   0.00185   0.00247   0.00810   0.00163   0.00488   0.01419   0.01329   0.00654   0.00082   0.00295   0.00000   0.00079   0.00425   0.00128   0.01176   0.01768   0.00338   0.00129   0.00140   0.00478   0.00459   0.00132   0.00199   0.00161   0.00140   0.00069   0.00671   0.00223   0.00000   0.00000   0.00000   0.00007   0.68298   0.46993   0.46929   0.50423   0.44313   0.53667  
 15 101937.9223   4197.796750  x:  0.01317   0.00238   0.00133   0.00842   0.00193   0.00509   0.01560   0.01162   0.00909   0.00121   0.00237   0.00000   0.00075   0.00089   0.00093   0.00963   0.01859   0.00406   0.00209   0.00159   0.00347   0.00415   0.00133   0.00281   0.00178   0.00174   0.00120   0.00536   0.00193   0.00000   0.00000   0.00000   0.00085   0.79589   0.47068   0.47850   0.50447   0.38158   0.52026  
 16 535254.9468   4169.503728  x:  0.00482   0.00205   0.00458   0.00861   0.00231   0.00542   0.01379   0.01156   0.01351   0.00143   0.00284   0.00000   0.00073   0.00337   0.00578   0.01069   0.01932   0.00411   0.00242   0.00194   0.00134   0.00355   0.00424   0.00424   0.00224   0.00208   0.00150   0.00089   0.00176   0.00000   0.00000   0.00000   0.00129   1.03023   0.47226   0.49765   0.50496   0.25343   0.48612  
 17 60863.3698   4156.715116  x:  0.00123   0.00177   0.00546   0.00856   0.00246   0.00548   0.01158   0.01266   0.01511   0.00152   0.00321   0.00000   0.00072   0.00345   0.00717   0.01264   0.01918   0.00375   0.00255   0.00204   0.00272   0.00354   0.00511   0.00474   0.00254   0.00223   0.00160   0.00295   0.00168   0.00000   0.00000   0.00000   0.00140   1.12781   0.47291   0.50563   0.50516   0.19990   0.47187  
 18 91313.3449   4126.396338  x:  0.00275   0.00201   0.00502   0.01277   0.00250   0.00489   0.01316   0.02488   0.01790   0.00135   0.00405   0.00000   0.00072   0.00053   0.00766   0.02957   0.01267   0.00120   0.00206   0.00187   0.00488   0.00499   0.00531   0.00504   0.00237   0.00217   0.00141   0.00147   0.00190   0.00000   0.00000   0.00000   0.00127   1.36471   0.47456   0.52513   0.50563   0.06825   0.43696  
 19 28822.1668   4118.910884  x:  0.00291   0.00203   0.00279   0.01393   0.00259   0.00482   0.01275   0.02885   0.01926   0.00141   0.00352   0.00000   0.00073   0.00229   0.00576   0.03491   0.01028   0.00212   0.00218   0.00196   0.00388   0.00503   0.00429   0.00517   0.00254   0.00225   0.00150   0.00157   0.00177   0.00000   0.00000   0.00000   0.00143   1.43481   0.47505   0.53092   0.50577   0.02902   0.42657  
 20 54000.6023   4118.086551  x:  0.00293   0.00208   0.00356   0.01384   0.00260   0.00486   0.01274   0.02930   0.01862   0.00145   0.00344   0.00000   0.00073   0.00208   0.00532   0.03566   0.01015   0.00233   0.00227   0.00193   0.00253   0.00472   0.00405   0.00485   0.00258   0.00229   0.00153   0.00216   0.00179   0.00000   0.00000   0.00000   0.00143   1.44151   0.47511   0.53148   0.50579   0.02525   0.42550  
 21 3140.9291   4117.404982  x:  0.00250   0.00214   0.00430   0.01324   0.00263   0.00497   0.01248   0.02959   0.01656   0.00158   0.00330   0.00000   0.00072   0.00202   0.00391   0.03640   0.01039   0.00254   0.00258   0.00184   0.00261   0.00409   0.00338   0.00407   0.00272   0.00240   0.00164   0.00159   0.00180   0.00000   0.00000   0.00000   0.00144   1.44701   0.47517   0.53197   0.50583   0.02234   0.42447  
 22 1214.2172   4117.179833  x:  0.00227   0.00208   0.00352   0.01274   0.00263   0.00507   0.01241   0.02955   0.01490   0.00155   0.00329   0.00000   0.00072   0.00197   0.00380   0.03687   0.01059   0.00229   0.00250   0.00183   0.00219   0.00424   0.00382   0.00418   0.00270   0.00238   0.00159   0.00152   0.00182   0.00000   0.00000   0.00000   0.00139   1.44910   0.47521   0.53218   0.50586   0.02186   0.42389  
 23 352.0947   4117.110530  x:  0.00228   0.00204   0.00337   0.01257   0.00262   0.00513   0.01244   0.02947   0.01431   0.00152   0.00314   0.00000   0.00073   0.00187   0.00397   0.03715   0.01055   0.00285   0.00242   0.00183   0.00222   0.00412   0.00396   0.00446   0.00268   0.00236   0.00155   0.00151   0.00183   0.00000   0.00000   0.00000   0.00137   1.44994   0.47523   0.53228   0.50589   0.02202   0.42353  
 24 243.3087   4116.997049  x:  0.00226   0.00198   0.00346   0.01242   0.00262   0.00516   0.01243   0.02897   0.01388   0.00148   0.00305   0.00000   0.00073   0.00192   0.00385   0.03774   0.01016   0.00266   0.00230   0.00186   0.00213   0.00379   0.00338   0.00525   0.00266   0.00234   0.00152   0.00149   0.00180   0.00000   0.00000   0.00000   0.00138   1.45185   0.47532   0.53258   0.50599   0.02356   0.42233  
 25 133.0588   4116.891385  x:  0.00223   0.00199   0.00363   0.01241   0.00263   0.00513   0.01238   0.02849   0.01381   0.00150   0.00330   0.00000   0.00073   0.00194   0.00342   0.03842   0.01009   0.00290   0.00236   0.00185   0.00203   0.00434   0.00334   0.00509   0.00269   0.00236   0.00154   0.00145   0.00180   0.00000   0.00000   0.00000   0.00139   1.45386   0.47545   0.53294   0.50612   0.02550   0.42080  
 26 247.0380   4116.794989  x:  0.00227   0.00206   0.00355   0.01247   0.00264   0.00513   0.01240   0.02820   0.01395   0.00155   0.00296   0.00000   0.00073   0.00198   0.00326   0.03908   0.01028   0.00289   0.00249   0.00182   0.00199   0.00401   0.00365   0.00435   0.00272   0.00240   0.00158   0.00149   0.00182   0.00000   0.00000   0.00000   0.00139   1.45564   0.47558   0.53330   0.50626   0.02732   0.41918  
 27 338.2689   4116.780361  x:  0.00227   0.00208   0.00346   0.01246   0.00264   0.00516   0.01241   0.02828   0.01396   0.00157   0.00317   0.00000   0.00073   0.00198   0.00336   0.03912   0.01039   0.00293   0.00253   0.00181   0.00196   0.00388   0.00354   0.00421   0.00273   0.00241   0.00160   0.00149   0.00182   0.00000   0.00000   0.00000   0.00139   1.45586   0.47562   0.53338   0.50631   0.02755   0.41874  
 28 99.3956   4116.742974  x:  0.00225   0.00210   0.00342   0.01239   0.00265   0.00523   0.01243   0.02881   0.01394   0.00159   0.00297   0.00000   0.00072   0.00198   0.00360   0.03894   0.01072   0.00294   0.00258   0.00181   0.00193   0.00406   0.00319   0.00413   0.00275   0.00242   0.00162   0.00149   0.00182   0.00000   0.00000   0.00000   0.00140   1.45618   0.47578   0.53369   0.50647   0.02790   0.41694  
 29 85.3082   4116.521846  x:  0.00225   0.00204   0.00367   0.01193   0.00265   0.00529   0.01256   0.03203   0.01394   0.00154   0.00310   0.00000   0.00073   0.00205   0.00309   0.03717   0.01139   0.00298   0.00245   0.00185   0.00191   0.00385   0.00360   0.00466   0.00271   0.00239   0.00157   0.00149   0.00181   0.00000   0.00000   0.00000   0.00140   1.45755   0.47687   0.53577   0.50763   0.02945   0.40470  
 30 294.2431   4116.230326  x:  0.00212   0.00207   0.00362   0.01169   0.00265   0.00487   0.01230   0.03410   0.01339   0.00159   0.00303   0.00000   0.00072   0.00199   0.00339   0.03511   0.00967   0.00301   0.00259   0.00180   0.00185   0.00385   0.00363   0.00396   0.00276   0.00242   0.00161   0.00146   0.00182   0.00000   0.00000   0.00000   0.00139   1.45871   0.47832   0.53849   0.50917   0.03058   0.38850  
 31 576.8326   4112.733788  x:  0.00199   0.00190   0.00395   0.02076   0.00250   0.01643   0.00939   0.03809   0.00922   0.00163   0.00310   0.00000   0.00073   0.00198   0.00317   0.02969   0.00652   0.00289   0.00274   0.00160   0.00194   0.00401   0.00432   0.00294   0.00287   0.00242   0.00164   0.00147   0.00178   0.00000   0.00000   0.00000   0.00134   1.46726   0.50342   0.58469   0.53565   0.03359   0.10877  
 32 746.3629   4110.744857  x:  0.00195   0.00185   0.00396   0.02222   0.00248   0.01671   0.00889   0.03876   0.00842   0.00164   0.00310   0.00000   0.00073   0.00198   0.00314   0.02893   0.00645   0.00292   0.00275   0.00157   0.00192   0.00398   0.00435   0.00292   0.00289   0.00242   0.00163   0.00146   0.00176   0.00000   0.00000   0.00000   0.00133   1.46945   0.51042   0.59756   0.54305   0.03414   0.03070  
 33 17737.9453   4110.716466  x:  0.00198   0.00189   0.00398   0.02113   0.00250   0.01720   0.00920   0.03870   0.00874   0.00165   0.00311   0.00000   0.00073   0.00199   0.00315   0.02911   0.00625   0.00289   0.00277   0.00158   0.00195   0.00402   0.00438   0.00283   0.00289   0.00243   0.00165   0.00147   0.00177   0.00000   0.00000   0.00000   0.00134   1.46946   0.51066   0.59796   0.54332   0.03408   0.02917  
 34 58.0788   4104.253171  x:  0.00249   0.00176   0.00410   0.01554   0.00269   0.01666   0.00923   0.03682   0.00244   0.00188   0.00331   0.00000   0.00075   0.00208   0.00319   0.02944   0.00670   0.00250   0.00323   0.00165   0.00244   0.00432   0.00434   0.00256   0.00312   0.00272   0.00181   0.00174   0.00164   0.00000   0.00000   0.00000   0.00134   1.49113   0.67625   0.87802   0.77047   0.03426   0.03740  
 35  7.2762   4094.397963  x:  0.00352   0.00135   0.00423   0.00801   0.00235   0.01115   0.00730   0.03076   0.00950   0.00163   0.00369   0.00000   0.00098   0.00250   0.00309   0.02972   0.00970   0.00193   0.00277   0.00052   0.00334   0.00486   0.00350   0.00256   0.00329   0.00237   0.00166   0.00251   0.00171   0.00000   0.00000   0.00000   0.00140   1.50934   1.68578   1.82025   2.16363   0.03194   0.04151  
 36  4.5117   4090.735586  x:  0.00391   0.00059   0.00410   0.01097   0.00236   0.00775   0.00547   0.03018   0.00926   0.00168   0.00377   0.00000   0.00109   0.00270   0.00284   0.03009   0.01017   0.00196   0.00285   0.00160   0.00355   0.00493   0.00303   0.00258   0.00292   0.00245   0.00170   0.00280   0.00107   0.00000   0.00000   0.00000   0.00142   1.56321   1.62909   1.56554   2.55443   0.02908   0.01471  
 37  2.6124   4086.035774  x:  0.00460   0.00071   0.00408   0.00902   0.00231   0.00255   0.00498   0.02693   0.00796   0.00167   0.00392   0.00000   0.00119   0.00295   0.00264   0.02970   0.01074   0.00192   0.00279   0.00173   0.00401   0.00509   0.00248   0.00273   0.00289   0.00241   0.00169   0.00329   0.00087   0.00000   0.00000   0.00000   0.00145   1.63729   1.26165   1.30308   2.31813   0.02793   0.02928  
 38  1.9821   4083.096678  x:  0.00508   0.00110   0.00403   0.00746   0.00227   0.00331   0.00528   0.02598   0.00630   0.00163   0.00401   0.00000   0.00124   0.00316   0.00253   0.03007   0.01119   0.00189   0.00266   0.00131   0.00435   0.00521   0.00237   0.00304   0.00304   0.00234   0.00165   0.00363   0.00103   0.00000   0.00000   0.00000   0.00147   1.71245   0.83931   0.76391   2.24581   0.02552   0.02133  
 39  4.4706   4081.316274  x:  0.00550   0.00115   0.00401   0.00619   0.00218   0.00418   0.00666   0.02290   0.00570   0.00152   0.00401   0.00000   0.00127   0.00322   0.00266   0.02866   0.01246   0.00199   0.00242   0.00149   0.00459   0.00522   0.00249   0.00316   0.00277   0.00221   0.00155   0.00390   0.00108   0.00000   0.00000   0.00000   0.00145   1.74030   0.58928   0.98496   2.00126   0.02686   0.02492  
 40  1.4735   4078.782411  x:  0.00615   0.00145   0.00389   0.00713   0.00195   0.00506   0.00877   0.01848   0.00456   0.00131   0.00394   0.00000   0.00131   0.00332   0.00286   0.02630   0.01441   0.00226   0.00191   0.00133   0.00494   0.00516   0.00272   0.00341   0.00247   0.00193   0.00135   0.00433   0.00137   0.00000   0.00000   0.00000   0.00140   1.81922   0.94942   1.01202   1.55441   0.02887   0.02900  
 41  3.6521   4077.609464  x:  0.00652   0.00166   0.00365   0.01034   0.00171   0.00469   0.00888   0.01955   0.00401   0.00114   0.00383   0.00000   0.00130   0.00345   0.00266   0.02463   0.01493   0.00249   0.00156   0.00061   0.00504   0.00502   0.00266   0.00321   0.00251   0.00167   0.00121   0.00455   0.00164   0.00000   0.00000   0.00000   0.00138   1.88057   0.81667   0.98838   1.61375   0.02889   0.02718  
 42  0.6114   4075.879639  x:  0.00724   0.00128   0.00323   0.01052   0.00152   0.00558   0.00918   0.02327   0.00390   0.00104   0.00361   0.00000   0.00131   0.00373   0.00219   0.02196   0.01556   0.00271   0.00134   0.00135   0.00529   0.00481   0.00251   0.00205   0.00201   0.00152   0.00112   0.00499   0.00129   0.00000   0.00000   0.00000   0.00136   2.02891   0.78312   0.82080   1.61301   0.02908   0.04322  
 43  0.5609   4073.797242  x:  0.00810   0.00112   0.00294   0.00715   0.00112   0.00464   0.00813   0.02445   0.00374   0.00075   0.00335   0.00000   0.00125   0.00408   0.00195   0.02134   0.01584   0.00266   0.00064   0.00098   0.00551   0.00451   0.00196   0.00243   0.00209   0.00109   0.00088   0.00563   0.00121   0.00000   0.00000   0.00000   0.00137   2.26513   0.81040   0.86557   1.52912   0.03030   0.02872  
 44  0.2880   4071.568691  x:  0.00890   0.00128   0.00346   0.00790   0.00101   0.00424   0.00654   0.02161   0.00515   0.00095   0.00320   0.00000   0.00116   0.00449   0.00261   0.02593   0.01534   0.00240   0.00101   0.00114   0.00562   0.00432   0.00193   0.00139   0.00243   0.00114   0.00109   0.00632   0.00076   0.00000   0.00000   0.00000   0.00153   2.60201   0.73764   0.94170   1.81083   0.03009   0.02371  
 45  0.4788   4070.579215  x:  0.00936   0.00115   0.00379   0.00910   0.00098   0.00441   0.00652   0.02144   0.00582   0.00095   0.00331   0.00000   0.00111   0.00473   0.00296   0.02694   0.01435   0.00218   0.00085   0.00145   0.00558   0.00443   0.00239   0.00318   0.00246   0.00112   0.00111   0.00674   0.00093   0.00000   0.00000   0.00000   0.00162   2.82328   0.71589   0.99166   2.01169   0.02968   0.02863  
 46  0.5982   4069.099566  x:  0.00998   0.00110   0.00434   0.00831   0.00095   0.00431   0.00787   0.02406   0.00536   0.00128   0.00374   0.00000   0.00110   0.00503   0.00246   0.02409   0.01349   0.00221   0.00144   0.00137   0.00546   0.00478   0.00280   0.00272   0.00261   0.00135   0.00141   0.00726   0.00179   0.00000   0.00000   0.00000   0.00175   3.22749   0.81295   1.15913   1.95256   0.03139   0.02529  
 47  0.3631   4068.084374  x:  0.01056   0.00092   0.00362   0.00909   0.00065   0.00528   0.00811   0.02166   0.00422   0.00127   0.00382   0.00000   0.00117   0.00516   0.00202   0.02380   0.01246   0.00249   0.00131   0.00122   0.00534   0.00488   0.00227   0.00225   0.00244   0.00119   0.00138   0.00767   0.00148   0.00000   0.00000   0.00000   0.00175   3.63593   0.71021   1.13737   1.90949   0.03155   0.03709  
 48  0.3093   4067.558725  x:  0.01049   0.00144   0.00311   0.00909   0.00063   0.00493   0.00839   0.02188   0.00430   0.00126   0.00367   0.00000   0.00120   0.00505   0.00290   0.02256   0.01195   0.00252   0.00117   0.00122   0.00518   0.00483   0.00250   0.00231   0.00240   0.00108   0.00134   0.00767   0.00093   0.00000   0.00000   0.00000   0.00173   3.88663   0.66834   1.17360   1.98209   0.03264   0.03150  
 49  0.2537   4066.606896  x:  0.00943   0.00159   0.00326   0.00832   0.00086   0.00430   0.00766   0.02215   0.00552   0.00131   0.00327   0.00000   0.00122   0.00451   0.00224   0.02513   0.01094   0.00241   0.00109   0.00115   0.00452   0.00452   0.00230   0.00228   0.00238   0.00108   0.00131   0.00696   0.00126   0.00000   0.00000   0.00000   0.00167   4.33303   0.66681   1.32439   2.19710   0.03352   0.02197  
 50  0.2349   4065.575993  x:  0.00787   0.00092   0.00389   0.00787   0.00119   0.00487   0.00696   0.02202   0.00547   0.00140   0.00333   0.00000   0.00126   0.00361   0.00274   0.02313   0.01159   0.00215   0.00110   0.00099   0.00419   0.00465   0.00250   0.00199   0.00226   0.00122   0.00128   0.00584   0.00122   0.00000   0.00000   0.00000   0.00151   4.84521   0.61021   1.36951   2.01971   0.03549   0.03398  
 51  0.3120   4065.175444  x:  0.00717   0.00128   0.00378   0.00876   0.00133   0.00473   0.00785   0.02174   0.00500   0.00142   0.00354   0.00000   0.00125   0.00326   0.00224   0.02293   0.01261   0.00235   0.00105   0.00117   0.00419   0.00473   0.00218   0.00224   0.00222   0.00122   0.00124   0.00524   0.00106   0.00000   0.00000   0.00000   0.00144   5.09774   0.56903   1.40100   1.98753   0.03557   0.03438  
 52  0.2745   4065.059556  x:  0.00709   0.00122   0.00335   0.00864   0.00127   0.00462   0.00785   0.02164   0.00463   0.00139   0.00362   0.00000   0.00121   0.00328   0.00241   0.02323   0.01316   0.00241   0.00098   0.00118   0.00443   0.00479   0.00255   0.00227   0.00228   0.00117   0.00120   0.00511   0.00127   0.00000   0.00000   0.00000   0.00141   5.23368   0.57171   1.39944   1.99722   0.03537   0.03242  
 53  0.1193   4064.993179  x:  0.00715   0.00116   0.00331   0.00852   0.00118   0.00483   0.00766   0.02218   0.00467   0.00140   0.00364   0.00000   0.00117   0.00340   0.00245   0.02334   0.01329   0.00238   0.00104   0.00117   0.00466   0.00478   0.00227   0.00247   0.00240   0.00115   0.00122   0.00506   0.00120   0.00000   0.00000   0.00000   0.00142   5.37298   0.59907   1.42740   2.06345   0.03476   0.03167  
 54  0.1350   4064.949830  x:  0.00720   0.00114   0.00349   0.00861   0.00105   0.00476   0.00760   0.02211   0.00479   0.00140   0.00358   0.00000   0.00116   0.00350   0.00231   0.02323   0.01329   0.00234   0.00105   0.00117   0.00481   0.00473   0.00236   0.00243   0.00242   0.00111   0.00122   0.00503   0.00118   0.00000   0.00000   0.00000   0.00141   5.53800   0.56928   1.44002   2.13341   0.03422   0.03115  
 55  0.1479   4064.931541  x:  0.00714   0.00118   0.00351   0.00872   0.00099   0.00475   0.00775   0.02197   0.00487   0.00139   0.00354   0.00000   0.00118   0.00352   0.00238   0.02336   0.01317   0.00239   0.00109   0.00120   0.00481   0.00472   0.00237   0.00232   0.00236   0.00110   0.00122   0.00493   0.00120   0.00000   0.00000   0.00000   0.00139   5.63939   0.58508   1.47112   2.17857   0.03421   0.03209  
 56  0.0815   4064.921761  x:  0.00710   0.00117   0.00346   0.00862   0.00097   0.00469   0.00778   0.02191   0.00473   0.00139   0.00357   0.00000   0.00120   0.00356   0.00242   0.02343   0.01305   0.00237   0.00115   0.00119   0.00478   0.00476   0.00235   0.00234   0.00235   0.00114   0.00122   0.00486   0.00116   0.00000   0.00000   0.00000   0.00136   5.68079   0.57392   1.47839   2.18274   0.03459   0.03225  
 57  0.0220   4064.908721  x:  0.00712   0.00121   0.00346   0.00865   0.00093   0.00476   0.00765   0.02206   0.00474   0.00131   0.00361   0.00000   0.00122   0.00367   0.00234   0.02330   0.01300   0.00236   0.00115   0.00117   0.00471   0.00479   0.00242   0.00236   0.00236   0.00115   0.00118   0.00482   0.00116   0.00000   0.00000   0.00000   0.00130   5.65676   0.57812   1.50221   2.18607   0.03495   0.03255  
 58  0.0141   4064.900739  x:  0.00714   0.00119   0.00350   0.00869   0.00093   0.00472   0.00769   0.02202   0.00479   0.00126   0.00359   0.00000   0.00121   0.00372   0.00241   0.02325   0.01307   0.00238   0.00114   0.00118   0.00467   0.00476   0.00234   0.00238   0.00236   0.00116   0.00115   0.00481   0.00122   0.00000   0.00000   0.00000   0.00126   5.62102   0.57197   1.50470   2.18254   0.03488   0.03233  
 59  0.0295   4064.897083  x:  0.00712   0.00116   0.00351   0.00864   0.00095   0.00472   0.00777   0.02194   0.00480   0.00124   0.00357   0.00000   0.00119   0.00373   0.00239   0.02339   0.01315   0.00239   0.00115   0.00119   0.00466   0.00473   0.00237   0.00238   0.00238   0.00118   0.00114   0.00479   0.00118   0.00000   0.00000   0.00000   0.00124   5.60835   0.57483   1.50109   2.17936   0.03460   0.03214  
 60  0.0114   4064.894941  x:  0.00714   0.00119   0.00348   0.00864   0.00097   0.00475   0.00773   0.02194   0.00478   0.00123   0.00356   0.00000   0.00118   0.00373   0.00239   0.02334   0.01317   0.00237   0.00117   0.00119   0.00469   0.00474   0.00236   0.00234   0.00240   0.00119   0.00114   0.00481   0.00118   0.00000   0.00000   0.00000   0.00122   5.62538   0.57227   1.49685   2.17831   0.03438   0.03208  
 61  0.0084   4064.892889  x:  0.00716   0.00118   0.00349   0.00864   0.00100   0.00473   0.00770   0.02201   0.00480   0.00121   0.00358   0.00000   0.00119   0.00372   0.00240   0.02329   0.01311   0.00240   0.00117   0.00119   0.00471   0.00475   0.00237   0.00235   0.00237   0.00119   0.00115   0.00486   0.00118   0.00000   0.00000   0.00000   0.00119   5.65075   0.57481   1.49066   2.17789   0.03445   0.03214  
 62  0.0090   4064.892304  x:  0.00716   0.00118   0.00349   0.00865   0.00100   0.00473   0.00772   0.02196   0.00479   0.00120   0.00357   0.00000   0.00119   0.00370   0.00239   0.02334   0.01311   0.00237   0.00117   0.00118   0.00471   0.00474   0.00236   0.00236   0.00236   0.00118   0.00115   0.00488   0.00119   0.00000   0.00000   0.00000   0.00119   5.65427   0.57479   1.48763   2.17254   0.03456   0.03215  
 63  0.0047   4064.892065  x:  0.00716   0.00119   0.00350   0.00864   0.00100   0.00474   0.00773   0.02199   0.00478   0.00119   0.00357   0.00000   0.00119   0.00369   0.00239   0.02334   0.01312   0.00239   0.00116   0.00118   0.00471   0.00474   0.00237   0.00236   0.00237   0.00118   0.00115   0.00488   0.00118   0.00000   0.00000   0.00000   0.00119   5.65321   0.57371   1.48726   2.16886   0.03460   0.03211  
 64  0.0014   4064.891843  x:  0.00715   0.00118   0.00349   0.00865   0.00099   0.00474   0.00773   0.02198   0.00480   0.00119   0.00357   0.00000   0.00119   0.00368   0.00239   0.02334   0.01312   0.00237   0.00117   0.00118   0.00471   0.00475   0.00236   0.00236   0.00238   0.00117   0.00116   0.00488   0.00118   0.00000   0.00000   0.00000   0.00118   5.64752   0.57350   1.48911   2.16655   0.03458   0.03216  
 65  0.0023   4064.891828  x:  0.00715   0.00118   0.00349   0.00865   0.00099   0.00473   0.00773   0.02197   0.00479   0.00119   0.00357   0.00000   0.00119   0.00368   0.00239   0.02335   0.01312   0.00238   0.00117   0.00118   0.00471   0.00474   0.00236   0.00236   0.00237   0.00118   0.00117   0.00488   0.00118   0.00000   0.00000   0.00000   0.00118   5.64597   0.57347   1.48907   2.16667   0.03457   0.03215  
 66  0.0013   4064.891811  x:  0.00715   0.00118   0.00350   0.00865   0.00099   0.00473   0.00772   0.02197   0.00479   0.00119   0.00357   0.00000   0.00119   0.00368   0.00239   0.02335   0.01312   0.00238   0.00117   0.00119   0.00471   0.00474   0.00236   0.00236   0.00237   0.00118   0.00117   0.00488   0.00118   0.00000   0.00000   0.00000   0.00118   5.64480   0.57351   1.48944   2.16822   0.03455   0.03213  
 67  0.0011   4064.891783  x:  0.00715   0.00118   0.00349   0.00865   0.00099   0.00473   0.00772   0.02198   0.00479   0.00119   0.00357   0.00000   0.00119   0.00368   0.00239   0.02334   0.01312   0.00238   0.00117   0.00118   0.00471   0.00474   0.00236   0.00236   0.00237   0.00118   0.00118   0.00488   0.00118   0.00000   0.00000   0.00000   0.00118   5.64549   0.57398   1.49015   2.17177   0.03455   0.03213  
 68  0.0013   4064.891776  x:  0.00715   0.00118   0.00349   0.00865   0.00099   0.00473   0.00773   0.02198   0.00479   0.00119   0.00357   0.00000   0.00119   0.00369   0.00239   0.02334   0.01312   0.00238   0.00117   0.00118   0.00471   0.00474   0.00236   0.00236   0.00237   0.00118   0.00117   0.00488   0.00118   0.00000   0.00000   0.00000   0.00118   5.64654   0.57397   1.49000   2.17160   0.03456   0.03215  
 69  0.0007   4064.891776  x:  0.00715   0.00118   0.00349   0.00865   0.00099   0.00473   0.00773   0.02198   0.00479   0.00119   0.00357   0.00000   0.00119   0.00369   0.00239   0.02334   0.01312   0.00238   0.00117   0.00118   0.00471   0.00474   0.00236   0.00236   0.00237   0.00118   0.00117   0.00488   0.00118   0.00000   0.00000   0.00000   0.00118   5.64654   0.57397   1.49000   2.17160   0.03456   0.03215  
 70  0.0001   4064.891776  x:  0.00715   0.00118   0.00349   0.00865   0.00099   0.00473   0.00773   0.02198   0.00479   0.00119   0.00357   0.00000   0.00119   0.00369   0.00239   0.02334   0.01312   0.00238   0.00117   0.00118   0.00471   0.00474   0.00236   0.00236   0.00237   0.00118   0.00117   0.00488   0.00118   0.00000   0.00000   0.00000   0.00118   5.64654   0.57397   1.49000   2.17160   0.03456   0.03215  
 71  1.2637   4064.891775  x:  0.00715   0.00118   0.00349   0.00865   0.00099   0.00473   0.00773   0.02198   0.00479   0.00119   0.00357   0.00000   0.00119   0.00369   0.00239   0.02334   0.01312   0.00238   0.00116   0.00118   0.00471   0.00474   0.00236   0.00236   0.00237   0.00118   0.00117   0.00488   0.00118   0.00000   0.00000   0.00000   0.00118   5.64654   0.57397   1.49000   2.17160   0.03456   0.03215  
 72 31.4819   4064.891775  x:  0.00715   0.00118   0.00349   0.00865   0.00099   0.00473   0.00773   0.02198   0.00479   0.00119   0.00357   0.00000   0.00119   0.00369   0.00239   0.02334   0.01312   0.00238   0.00116   0.00118   0.00471   0.00474   0.00236   0.00236   0.00237   0.00118   0.00117   0.00488   0.00118   0.00000   0.00000   0.00000   0.00118   5.64654   0.57397   1.49000   2.17160   0.03456   0.03215  
 73  0.2621   4064.891775  x:  0.00715   0.00118   0.00349   0.00865   0.00099   0.00473   0.00773   0.02198   0.00479   0.00119   0.00357   0.00000   0.00119   0.00369   0.00239   0.02334   0.01312   0.00238   0.00116   0.00118   0.00471   0.00474   0.00236   0.00236   0.00237   0.00118   0.00117   0.00488   0.00118   0.00000   0.00000   0.00000   0.00118   5.64654   0.57397   1.49000   2.17160   0.03456   0.03215  
 74  0.0943   4064.891775  x:  0.00715   0.00118   0.00349   0.00865   0.00099   0.00473   0.00773   0.02198   0.00479   0.00119   0.00357   0.00000   0.00119   0.00369   0.00239   0.02334   0.01312   0.00238   0.00116   0.00118   0.00471   0.00474   0.00236   0.00236   0.00237   0.00118   0.00117   0.00488   0.00118   0.00000   0.00000   0.00000   0.00118   5.64654   0.57397   1.49000   2.17160   0.03456   0.03215  
 75  0.0681   4064.891775  x:  0.00715   0.00118   0.00349   0.00865   0.00099   0.00473   0.00773   0.02198   0.00479   0.00119   0.00357   0.00000   0.00119   0.00369   0.00239   0.02334   0.01312   0.00238   0.00116   0.00118   0.00471   0.00474   0.00236   0.00236   0.00237   0.00118   0.00117   0.00488   0.00118   0.00000   0.00000   0.00000   0.00118   5.64654   0.57397   1.49000   2.17160   0.03456   0.03215  
 76  0.0451   4064.891775  x:  0.00715   0.00118   0.00349   0.00865   0.00099   0.00473   0.00773   0.02198   0.00479   0.00119   0.00357   0.00000   0.00119   0.00369   0.00239   0.02334   0.01312   0.00238   0.00116   0.00118   0.00471   0.00474   0.00236   0.00236   0.00237   0.00118   0.00117   0.00488   0.00118   0.00000   0.00000   0.00000   0.00118   5.64654   0.57397   1.49000   2.17160   0.03456   0.03215  
 77  0.0348   4064.891775  x:  0.00715   0.00118   0.00349   0.00865   0.00099   0.00473   0.00773   0.02198   0.00479   0.00119   0.00357   0.00000   0.00119   0.00369   0.00239   0.02334   0.01312   0.00238   0.00116   0.00118   0.00471   0.00474   0.00236   0.00236   0.00237   0.00118   0.00117   0.00488   0.00118   0.00000   0.00000   0.00000   0.00118   5.64654   0.57397   1.49000   2.17160   0.03456   0.03215  
 78  0.0836   4064.891775  x:  0.00715   0.00118   0.00349   0.00865   0.00099   0.00473   0.00773   0.02198   0.00479   0.00119   0.00357   0.00000   0.00119   0.00369   0.00239   0.02334   0.01312   0.00238   0.00116   0.00118   0.00471   0.00474   0.00236   0.00236   0.00237   0.00118   0.00117   0.00488   0.00118   0.00000   0.00000   0.00000   0.00118   5.64654   0.57397   1.49000   2.17160   0.03456   0.03215  
 79  0.0439   4064.891775  x:  0.00715   0.00118   0.00349   0.00865   0.00099   0.00473   0.00773   0.02198   0.00479   0.00119   0.00357   0.00000   0.00119   0.00369   0.00239   0.02334   0.01312   0.00238   0.00116   0.00118   0.00471   0.00474   0.00236   0.00236   0.00237   0.00118   0.00117   0.00488   0.00118   0.00000   0.00000   0.00000   0.00118   5.64654   0.57397   1.49000   2.17160   0.03456   0.03215  
 80  0.0557   4064.891775  x:  0.00715   0.00118   0.00349   0.00865   0.00099   0.00473   0.00773   0.02198   0.00479   0.00119   0.00357   0.00000   0.00119   0.00369   0.00239   0.02334   0.01312   0.00238   0.00116   0.00118   0.00471   0.00474   0.00236   0.00236   0.00237   0.00118   0.00117   0.00488   0.00118   0.00000   0.00000   0.00000   0.00118   5.64654   0.57397   1.49000   2.17160   0.03456   0.03215  
check convergence!
