

TREE # 1

  0  0.0000  18863.978036  x:  0.01093   0.00373   0.01100   0.02147   0.01697   0.01498   0.02282   0.02234   0.02688   0.01995   0.01486   0.03121   0.00000   0.00742   0.00374   0.02580   0.01348   0.00474   0.00925   0.00184   0.01188   0.00601   0.01270   0.00745   0.02959   0.01867   0.01320   0.01450   0.00549   0.00310   0.00485   0.00283   0.00371   0.00530   0.00679   0.00162   0.00891   0.00844   0.00187   0.00576   0.00090   0.00412   0.00238   0.00459   0.00279   0.00110   0.00416   0.00265   0.00505   0.00491   0.00404   0.00504   0.00207   0.01520   0.00718   0.94462   0.76559   1.02888   0.74690   1.48452   0.09749   0.25137   1.95935  
  1 99.0000  18849.502964  x:  0.01058   0.00315   0.01122   0.02132   0.01708   0.01512   0.02292   0.02230   0.02702   0.01977   0.01497   0.03117   0.00708   0.00714   0.00368   0.02581   0.01340   0.00435   0.00877   0.00234   0.01130   0.00654   0.01279   0.00757   0.02957   0.01870   0.01327   0.01473   0.00509   0.00267   0.00423   0.00232   0.00294   0.00524   0.00597   0.00205   0.00898   0.00803   0.00177   0.00544   0.00000   0.00316   0.00231   0.00419   0.00188   0.00110   0.00347   0.00226   0.00467   0.00508   0.00311   0.00434   0.00211   0.01511   0.00675   0.94486   0.76559   1.02888   0.74690   1.48457   0.09746   0.25102   1.95934  
  2 16479.6056  18823.035942  x:  0.00979   0.00190   0.01169   0.02099   0.01733   0.01545   0.02317   0.02219   0.02735   0.01937   0.01522   0.03079   0.00681   0.00637   0.00357   0.02582   0.01324   0.00351   0.00768   0.00283   0.00997   0.00754   0.01299   0.00782   0.02952   0.01874   0.01344   0.01525   0.00426   0.00183   0.00296   0.00135   0.00131   0.00511   0.00411   0.00239   0.00914   0.00718   0.00186   0.00475   0.00000   0.00091   0.00219   0.00336   0.00000   0.00120   0.00196   0.00159   0.00389   0.00540   0.00101   0.00277   0.00217   0.01490   0.00580   0.94544   0.76559   1.02887   0.74692   1.48470   0.09738   0.25019   1.95932  
  3 6573.2138  18817.234639  x:  0.00952   0.00148   0.01184   0.02088   0.01741   0.01556   0.02325   0.02215   0.02747   0.01924   0.01530   0.03066   0.00674   0.00611   0.00353   0.02583   0.01319   0.00323   0.00732   0.00299   0.00952   0.00787   0.01305   0.00790   0.02950   0.01876   0.01349   0.01542   0.00399   0.00156   0.00255   0.00104   0.00077   0.00507   0.00349   0.00251   0.00919   0.00690   0.00189   0.00452   0.00000   0.00017   0.00215   0.00309   0.00010   0.00124   0.00147   0.00138   0.00364   0.00550   0.00032   0.00225   0.00218   0.01483   0.00548   0.94564   0.76559   1.02886   0.74693   1.48474   0.09735   0.24991   1.95931  
  4 49495.1383  18812.709831  x:  0.00895   0.00080   0.01216   0.02064   0.01759   0.01578   0.02345   0.02206   0.02772   0.01893   0.01547   0.03037   0.00666   0.00552   0.00345   0.02584   0.01307   0.00276   0.00655   0.00315   0.00852   0.00844   0.01319   0.00805   0.02945   0.01878   0.01360   0.01579   0.00355   0.00132   0.00205   0.00119   0.00040   0.00499   0.00231   0.00258   0.00927   0.00637   0.00191   0.00407   0.00000   0.00122   0.00211   0.00265   0.00016   0.00148   0.00078   0.00135   0.00324   0.00568   0.00029   0.00141   0.00221   0.01467   0.00488   0.94611   0.76560   1.02885   0.74694   1.48484   0.09729   0.24924   1.95928  
  5 6149.7529  18808.597205  x:  0.00821   0.00059   0.01255   0.02035   0.01784   0.01606   0.02374   0.02195   0.02806   0.01850   0.01569   0.02997   0.00664   0.00472   0.00338   0.02587   0.01292   0.00234   0.00557   0.00323   0.00716   0.00906   0.01337   0.00821   0.02937   0.01880   0.01373   0.01626   0.00320   0.00144   0.00195   0.00185   0.00125   0.00491   0.00118   0.00256   0.00935   0.00578   0.00192   0.00357   0.00000   0.00089   0.00211   0.00230   0.00017   0.00173   0.00073   0.00158   0.00296   0.00587   0.00101   0.00097   0.00222   0.01445   0.00417   0.94680   0.76560   1.02884   0.74696   1.48499   0.09720   0.24826   1.95925  
  6 5842.4140  18804.506427  x:  0.00717   0.00130   0.01308   0.01992   0.01821   0.01647   0.02419   0.02178   0.02857   0.01786   0.01600   0.02934   0.00664   0.00356   0.00329   0.02591   0.01271   0.00216   0.00433   0.00323   0.00522   0.00979   0.01361   0.00840   0.02924   0.01882   0.01390   0.01690   0.00309   0.00179   0.00221   0.00218   0.00118   0.00485   0.00085   0.00244   0.00945   0.00510   0.00194   0.00305   0.00000   0.00105   0.00214   0.00221   0.00017   0.00177   0.00135   0.00179   0.00287   0.00607   0.00055   0.00181   0.00221   0.01414   0.00341   0.94793   0.76561   1.02881   0.74700   1.48523   0.09704   0.24667   1.95920  
  7 4625.7456  18801.949534  x:  0.00633   0.00115   0.01350   0.01954   0.01853   0.01682   0.02463   0.02163   0.02906   0.01725   0.01628   0.02874   0.00665   0.00262   0.00325   0.02596   0.01252   0.00241   0.00361   0.00320   0.00374   0.01028   0.01381   0.00853   0.02911   0.01883   0.01403   0.01743   0.00328   0.00182   0.00239   0.00225   0.00109   0.00484   0.00204   0.00233   0.00951   0.00480   0.00198   0.00291   0.00000   0.00101   0.00217   0.00242   0.00018   0.00161   0.00118   0.00179   0.00297   0.00615   0.00072   0.00169   0.00223   0.01386   0.00321   0.94912   0.76562   1.02879   0.74703   1.48549   0.09688   0.24499   1.95914  
  8 4228.4782  18797.982835  x:  0.00529   0.00098   0.01411   0.01883   0.01916   0.01746   0.02565   0.02133   0.03012   0.01598   0.01678   0.02736   0.00669   0.00177   0.00325   0.02607   0.01221   0.00351   0.00405   0.00316   0.00293   0.01068   0.01413   0.00863   0.02879   0.01883   0.01421   0.01831   0.00389   0.00175   0.00274   0.00193   0.00069   0.00485   0.00123   0.00218   0.00951   0.00525   0.00203   0.00363   0.00000   0.00094   0.00221   0.00308   0.00018   0.00125   0.00130   0.00172   0.00365   0.00603   0.00108   0.00151   0.00223   0.01338   0.00423   0.95222   0.76564   1.02873   0.74713   1.48616   0.09645   0.24063   1.95899  
  9 2404.4504  18790.515640  x:  0.00439   0.00113   0.01502   0.01771   0.02021   0.01852   0.02749   0.02087   0.03204   0.01387   0.01759   0.02491   0.00669   0.00219   0.00320   0.02621   0.01172   0.00387   0.00457   0.00337   0.00379   0.01119   0.01459   0.00876   0.02824   0.01882   0.01447   0.01973   0.00398   0.00127   0.00254   0.00202   0.00187   0.00493   0.00142   0.00235   0.00953   0.00570   0.00192   0.00411   0.00000   0.00122   0.00216   0.00299   0.00018   0.00161   0.00108   0.00168   0.00380   0.00580   0.00016   0.00158   0.00216   0.01268   0.00486   0.95844   0.76568   1.02860   0.74732   1.48751   0.09558   0.23184   1.95869  
 10 5005.7608  18783.387523  x:  0.00386   0.00178   0.01620   0.01625   0.02164   0.01995   0.03013   0.02028   0.03478   0.01107   0.01870   0.02143   0.00667   0.00325   0.00311   0.02639   0.01110   0.00365   0.00502   0.00369   0.00536   0.01182   0.01518   0.00892   0.02745   0.01882   0.01479   0.02160   0.00368   0.00108   0.00198   0.00122   0.00161   0.00504   0.00184   0.00269   0.00955   0.00609   0.00177   0.00432   0.00000   0.00115   0.00208   0.00242   0.00020   0.00209   0.00085   0.00141   0.00352   0.00556   0.00128   0.00245   0.00210   0.01183   0.00507   0.96798   0.76575   1.02840   0.74761   1.48959   0.09426   0.21833   1.95824  
 11 20711.3199  18771.358865  x:  0.00578   0.00085   0.01710   0.01499   0.02314   0.02142   0.03346   0.01984   0.03829   0.00898   0.01984   0.01748   0.00677   0.00437   0.00307   0.02657   0.01074   0.00269   0.00537   0.00324   0.00673   0.01176   0.01561   0.00891   0.02650   0.01881   0.01497   0.02339   0.00331   0.00373   0.00305   0.00157   0.00052   0.00513   0.00226   0.00247   0.00947   0.00637   0.00198   0.00405   0.00000   0.00101   0.00224   0.00240   0.00018   0.00141   0.00198   0.00226   0.00304   0.00541   0.00112   0.00125   0.00226   0.01144   0.00468   0.98294   0.76585   1.02809   0.74807   1.49286   0.09217   0.19706   1.95751  
 12 12121.2992  18744.485863  x:  0.00891   0.00089   0.01726   0.01484   0.02419   0.02240   0.03714   0.02003   0.04241   0.01029   0.02069   0.01472   0.00689   0.00443   0.00321   0.02677   0.01119   0.00233   0.00545   0.00208   0.00641   0.01048   0.01555   0.00866   0.02562   0.01884   0.01480   0.02437   0.00382   0.00302   0.00276   0.00251   0.00067   0.00504   0.00186   0.00180   0.00932   0.00622   0.00209   0.00347   0.00000   0.00095   0.00232   0.00362   0.00018   0.00012   0.00074   0.00133   0.00326   0.00556   0.00112   0.00207   0.00240   0.01225   0.00401   1.00649   0.76601   1.02760   0.74881   1.49805   0.08885   0.16337   1.95637  
 13 13671.9343  18728.873211  x:  0.01126   0.00084   0.01733   0.01480   0.02493   0.02309   0.03984   0.02021   0.04545   0.01138   0.02129   0.01281   0.00699   0.00434   0.00332   0.02692   0.01156   0.00221   0.00553   0.00126   0.00603   0.00947   0.01548   0.00847   0.02499   0.01886   0.01467   0.02503   0.00426   0.00250   0.00263   0.00311   0.00058   0.00497   0.00164   0.00132   0.00921   0.00612   0.00219   0.00310   0.00000   0.00084   0.00239   0.00459   0.00018   0.00082   0.00010   0.00073   0.00352   0.00569   0.00108   0.00251   0.00249   0.01290   0.00361   1.02428   0.76613   1.02722   0.74936   1.50198   0.08635   0.13790   1.95551  
 14 294540.6883  18716.347900  x:  0.01329   0.00056   0.01738   0.01480   0.02558   0.02370   0.04236   0.02041   0.04830   0.01254   0.02183   0.01119   0.00704   0.00424   0.00341   0.02707   0.01194   0.00214   0.00557   0.00084   0.00565   0.00857   0.01540   0.00831   0.02442   0.01889   0.01453   0.02561   0.00461   0.00138   0.00206   0.00345   0.00054   0.00490   0.00161   0.00111   0.00913   0.00598   0.00223   0.00278   0.00000   0.00083   0.00239   0.00535   0.00017   0.00118   0.00078   0.00019   0.00370   0.00583   0.00113   0.00261   0.00256   0.01354   0.00325   1.04140   0.76625   1.02686   0.74990   1.50575   0.08393   0.11338   1.95468  
 15 282955.0760  18704.550838  x:  0.01501   0.00043   0.01740   0.01484   0.02613   0.02421   0.04456   0.02062   0.05081   0.01361   0.02229   0.00991   0.00707   0.00413   0.00349   0.02720   0.01229   0.00214   0.00561   0.00079   0.00531   0.00778   0.01532   0.00817   0.02394   0.01892   0.01441   0.02609   0.00490   0.00028   0.00151   0.00361   0.00044   0.00485   0.00159   0.00108   0.00906   0.00586   0.00225   0.00255   0.00000   0.00077   0.00238   0.00598   0.00017   0.00141   0.00109   0.00088   0.00386   0.00596   0.00118   0.00274   0.00260   0.01412   0.00300   1.05673   0.76635   1.02654   0.75037   1.50914   0.08177   0.09141   1.95393  
 16 400159.9624  18677.745495  x:  0.01735   0.00073   0.01737   0.01514   0.02699   0.02501   0.04856   0.02116   0.05548   0.01601   0.02302   0.00871   0.00697   0.00369   0.00361   0.02747   0.01303   0.00261   0.00565   0.00304   0.00459   0.00656   0.01512   0.00799   0.02318   0.01903   0.01419   0.02677   0.00528   0.00079   0.00025   0.00319   0.00097   0.00476   0.00160   0.00218   0.00903   0.00560   0.00206   0.00254   0.00000   0.00095   0.00218   0.00666   0.00019   0.00162   0.00119   0.00089   0.00413   0.00624   0.00116   0.00273   0.00251   0.01527   0.00304   1.08741   0.76656   1.02589   0.75134   1.51593   0.07744   0.04738   1.95244  
 17 119696.1751  18658.842084  x:  0.01890   0.00090   0.01735   0.01545   0.02767   0.02564   0.05192   0.02168   0.05946   0.01809   0.02361   0.00822   0.00686   0.00347   0.00367   0.02771   0.01367   0.00286   0.00556   0.00498   0.00423   0.00581   0.01494   0.00791   0.02262   0.01914   0.01403   0.02729   0.00529   0.00034   0.00155   0.00241   0.00142   0.00469   0.00154   0.00331   0.00906   0.00528   0.00180   0.00255   0.00000   0.00117   0.00193   0.00671   0.00021   0.00170   0.00115   0.00066   0.00409   0.00651   0.00121   0.00263   0.00237   0.01622   0.00306   1.11440   0.76674   1.02532   0.75219   1.52190   0.07363   0.00863   1.95112  
 18 254012.4518  18650.721412  x:  0.01866   0.00076   0.01734   0.01552   0.02772   0.02569   0.05248   0.02182   0.06018   0.01838   0.02365   0.00885   0.00687   0.00347   0.00362   0.02775   0.01374   0.00289   0.00552   0.00436   0.00434   0.00609   0.01492   0.00797   0.02262   0.01918   0.01404   0.02732   0.00515   0.00056   0.00144   0.00211   0.00155   0.00472   0.00158   0.00306   0.00911   0.00531   0.00178   0.00274   0.00000   0.00119   0.00196   0.00640   0.00021   0.00169   0.00118   0.00076   0.00401   0.00651   0.00119   0.00271   0.00232   0.01631   0.00325   1.12049   0.76678   1.02518   0.75238   1.52325   0.07278   0.00000   1.95082  
 19 32679.0220  18637.975017  x:  0.01833   0.00311   0.01692   0.01555   0.02726   0.02515   0.05326   0.02207   0.06142   0.01671   0.02307   0.01189   0.00693   0.00321   0.00304   0.02773   0.01341   0.00263   0.00539   0.00343   0.00463   0.00712   0.01477   0.00810   0.02317   0.01927   0.01409   0.02675   0.00454   0.00022   0.00089   0.00387   0.00056   0.00507   0.00186   0.00164   0.00912   0.00635   0.00272   0.00329   0.00000   0.00097   0.00296   0.00532   0.00019   0.00155   0.00110   0.00066   0.00407   0.00584   0.00124   0.00119   0.00266   0.01567   0.00391   1.14079   0.76691   1.02472   0.75304   1.52761   0.07008   0.00000   1.94982  
 20 12875.6389  18630.153046  x:  0.01749   0.00268   0.01631   0.01546   0.02630   0.02418   0.05237   0.02194   0.06073   0.01480   0.02209   0.01227   0.00694   0.00304   0.00282   0.02756   0.01294   0.00281   0.00574   0.00272   0.00469   0.00693   0.01460   0.00807   0.02391   0.01927   0.01408   0.02572   0.00467   0.00027   0.00069   0.00496   0.00006   0.00512   0.00185   0.00229   0.00897   0.00687   0.00254   0.00268   0.00000   0.00079   0.00254   0.00489   0.00018   0.00148   0.00105   0.00065   0.00439   0.00536   0.00122   0.00154   0.00277   0.01487   0.00350   1.15055   0.76696   1.02448   0.75338   1.52959   0.06892   0.00000   1.94932  
 21 6691.5550  18621.808436  x:  0.01715   0.00225   0.01513   0.01521   0.02451   0.02237   0.05049   0.02162   0.05916   0.01081   0.02024   0.01253   0.00698   0.00244   0.00244   0.02719   0.01201   0.00272   0.00625   0.00157   0.00422   0.00660   0.01430   0.00797   0.02525   0.01923   0.01403   0.02374   0.00483   0.00034   0.00038   0.00449   0.00042   0.00525   0.00173   0.00255   0.00869   0.00781   0.00281   0.00165   0.00000   0.00084   0.00222   0.00452   0.00017   0.00138   0.00096   0.00066   0.00477   0.00453   0.00111   0.00183   0.00322   0.01336   0.00269   1.16665   0.76706   1.02408   0.75393   1.53281   0.06707   0.00000   1.94850  
 22 28475.0414  18616.753158  x:  0.01662   0.00151   0.01455   0.01499   0.02334   0.02120   0.04881   0.02129   0.05763   0.00908   0.01914   0.01172   0.00703   0.00259   0.00273   0.02690   0.01149   0.00220   0.00595   0.00193   0.00414   0.00666   0.01420   0.00790   0.02599   0.01916   0.01400   0.02255   0.00490   0.00035   0.00026   0.00468   0.00039   0.00517   0.00168   0.00116   0.00857   0.00759   0.00257   0.00283   0.00000   0.00078   0.00242   0.00453   0.00017   0.00135   0.00094   0.00065   0.00464   0.00476   0.00107   0.00240   0.00310   0.01258   0.00252   1.17552   0.76711   1.02385   0.75424   1.53450   0.06615   0.00000   1.94803  
 23 7910.3936  18613.695246  x:  0.01602   0.00192   0.01448   0.01461   0.02253   0.02040   0.04694   0.02078   0.05581   0.00893   0.01855   0.01025   0.00706   0.00307   0.00311   0.02660   0.01113   0.00198   0.00528   0.00131   0.00435   0.00740   0.01430   0.00783   0.02633   0.01902   0.01401   0.02190   0.00495   0.00043   0.00018   0.00466   0.00037   0.00504   0.00166   0.00149   0.00858   0.00696   0.00288   0.00271   0.00000   0.00079   0.00337   0.00509   0.00017   0.00132   0.00093   0.00068   0.00431   0.00540   0.00108   0.00209   0.00290   0.01216   0.00367   1.18209   0.76714   1.02366   0.75448   1.53563   0.06561   0.00000   1.94768  
 24 3769.2658  18612.427149  x:  0.01559   0.00201   0.01470   0.01428   0.02236   0.02026   0.04602   0.02047   0.05487   0.00926   0.01853   0.00978   0.00708   0.00327   0.00303   0.02646   0.01100   0.00237   0.00529   0.00144   0.00474   0.00786   0.01443   0.00781   0.02631   0.01892   0.01404   0.02189   0.00501   0.00049   0.00019   0.00460   0.00035   0.00504   0.00164   0.00095   0.00861   0.00690   0.00323   0.00209   0.00000   0.00079   0.00355   0.00544   0.00017   0.00132   0.00095   0.00070   0.00431   0.00537   0.00109   0.00196   0.00294   0.01207   0.00354   1.18502   0.76715   1.02357   0.75460   1.53607   0.06543   0.00000   1.94752  
 25 2932.9333  18610.312699  x:  0.01535   0.00208   0.01548   0.01343   0.02238   0.02035   0.04413   0.01979   0.05285   0.00988   0.01890   0.00951   0.00709   0.00343   0.00267   0.02617   0.01078   0.00251   0.00548   0.00130   0.00520   0.00873   0.01483   0.00782   0.02596   0.01869   0.01414   0.02235   0.00503   0.00052   0.00018   0.00456   0.00036   0.00516   0.00161   0.00125   0.00869   0.00703   0.00409   0.00268   0.00000   0.00082   0.00375   0.00636   0.00017   0.00133   0.00096   0.00072   0.00439   0.00498   0.00114   0.00188   0.00322   0.01201   0.00237   1.19097   0.76717   1.02338   0.75483   1.53687   0.06519   0.00000   1.94719  
 26 3199.1741  18607.135157  x:  0.01580   0.00159   0.01700   0.01225   0.02297   0.02112   0.04120   0.01885   0.04950   0.01007   0.01996   0.01013   0.00707   0.00338   0.00255   0.02573   0.01060   0.00139   0.00585   0.00158   0.00516   0.00909   0.01552   0.00791   0.02502   0.01831   0.01429   0.02373   0.00476   0.00046   0.00016   0.00478   0.00036   0.00534   0.00170   0.00125   0.00873   0.00732   0.00456   0.00240   0.00000   0.00079   0.00314   0.00729   0.00017   0.00137   0.00097   0.00070   0.00437   0.00437   0.00117   0.00247   0.00352   0.01213   0.00313   1.20100   0.76720   1.02305   0.75524   1.53809   0.06492   0.00000   1.94662  
 27 3347.5911  18603.848452  x:  0.01676   0.00175   0.01846   0.01186   0.02383   0.02221   0.03824   0.01820   0.04589   0.00950   0.02118   0.01075   0.00706   0.00359   0.00312   0.02540   0.01067   0.00253   0.00583   0.00128   0.00496   0.00846   0.01607   0.00805   0.02395   0.01798   0.01435   0.02547   0.00419   0.00042   0.00008   0.00484   0.00036   0.00533   0.00170   0.00114   0.00867   0.00721   0.00399   0.00247   0.00000   0.00079   0.00256   0.00709   0.00017   0.00134   0.00095   0.00069   0.00392   0.00477   0.00115   0.00243   0.00325   0.01232   0.00319   1.21273   0.76724   1.02264   0.75572   1.53942   0.06471   0.00000   1.94594  
 28 4886.0270  18598.271867  x:  0.01648   0.00186   0.01965   0.01359   0.02528   0.02406   0.03461   0.01833   0.04092   0.00905   0.02276   0.01072   0.00707   0.00359   0.00296   0.02508   0.01103   0.00180   0.00625   0.00112   0.00480   0.00697   0.01592   0.00823   0.02268   0.01777   0.01399   0.02836   0.00582   0.00049   0.00009   0.00450   0.00034   0.00483   0.00172   0.00100   0.00818   0.00801   0.00286   0.00221   0.00000   0.00078   0.00476   0.00520   0.00017   0.00127   0.00091   0.00069   0.00523   0.00546   0.00111   0.00211   0.00290   0.01249   0.00261   1.23534   0.76731   1.02187   0.75664   1.54178   0.06451   0.00000   1.94465  
 29 4152.4114  18589.595239  x:  0.01746   0.00080   0.01841   0.01623   0.02651   0.02563   0.03209   0.02010   0.03627   0.00873   0.02329   0.00937   0.00710   0.00305   0.00237   0.02530   0.01127   0.00320   0.00526   0.00147   0.00473   0.00803   0.01432   0.00814   0.02281   0.01814   0.01335   0.03097   0.00577   0.00042   0.00016   0.00498   0.00039   0.00508   0.00174   0.00127   0.00809   0.00852   0.00457   0.00261   0.00000   0.00074   0.00540   0.00294   0.00016   0.00128   0.00089   0.00064   0.00472   0.00431   0.00107   0.00330   0.00442   0.01214   0.00363   1.27293   0.76741   1.02056   0.75818   1.54547   0.06442   0.00000   1.94249  
 30 4667.0359  18568.046730  x:  0.01629   0.00247   0.01434   0.01844   0.02802   0.02737   0.02943   0.02331   0.02981   0.00849   0.02291   0.00813   0.00711   0.00238   0.00436   0.02617   0.01074   0.00202   0.00576   0.00110   0.00513   0.00921   0.01170   0.00803   0.02468   0.01932   0.01302   0.03449   0.00506   0.00049   0.00024   0.00465   0.00036   0.00563   0.00186   0.00108   0.00874   0.00830   0.00416   0.00292   0.00000   0.00081   0.00122   0.00512   0.00017   0.00126   0.00092   0.00069   0.00422   0.00425   0.00112   0.00193   0.00357   0.01085   0.00335   1.35532   0.76762   1.01766   0.76158   1.55332   0.06451   0.00000   1.93773  
 31 11507.4747  18546.371442  x:  0.01603   0.00149   0.01048   0.01617   0.02871   0.02794   0.02766   0.02465   0.02523   0.00704   0.02163   0.01025   0.00698   0.00343   0.00480   0.02710   0.00956   0.00282   0.00646   0.00197   0.00498   0.00919   0.01116   0.00777   0.02704   0.02039   0.01396   0.03667   0.00277   0.00026   0.00039   0.00468   0.00038   0.00599   0.00168   0.00172   0.00936   0.00683   0.00231   0.00192   0.00000   0.00078   0.00417   0.00966   0.00017   0.00135   0.00092   0.00059   0.00305   0.00534   0.00118   0.00260   0.00166   0.00983   0.00280   1.45556   0.76785   1.01410   0.76575   1.56274   0.06480   0.00000   1.93192  
 32 24245.4948  18520.515855  x:  0.01532   0.00226   0.01055   0.01139   0.02732   0.02607   0.02555   0.02262   0.02342   0.00696   0.01935   0.01143   0.00692   0.00531   0.00263   0.02723   0.00903   0.00349   0.00490   0.00188   0.00461   0.00593   0.01354   0.00759   0.02893   0.02069   0.01541   0.03576   0.00380   0.00027   0.00053   0.00420   0.00040   0.00495   0.00138   0.00174   0.00882   0.00431   0.00049   0.00240   0.00000   0.00081   0.00317   0.00970   0.00017   0.00129   0.00091   0.00059   0.00288   0.00629   0.00114   0.00171   0.00518   0.01055   0.00348   1.56080   0.76806   1.01031   0.77018   1.57239   0.06543   0.00000   1.92577  
 33 24526.4323  18510.988648  x:  0.01463   0.00233   0.01127   0.00930   0.02636   0.02487   0.02448   0.02113   0.02301   0.00674   0.01823   0.01210   0.00696   0.00632   0.00265   0.02716   0.00902   0.00371   0.00436   0.00194   0.00422   0.00357   0.01506   0.00758   0.02961   0.02067   0.01611   0.03486   0.00413   0.00029   0.00062   0.00408   0.00041   0.00421   0.00129   0.00182   0.00845   0.00346   0.00249   0.00260   0.00000   0.00082   0.00237   0.00910   0.00018   0.00126   0.00089   0.00059   0.00308   0.00755   0.00112   0.00157   0.00504   0.01108   0.00370   1.61444   0.76815   1.00836   0.77245   1.57728   0.06581   0.00000   1.92262  
 34 73462.1626  18483.852142  x:  0.01640   0.00264   0.01618   0.00757   0.02244   0.02040   0.02159   0.01534   0.02417   0.00702   0.01600   0.01188   0.00691   0.00676   0.00451   0.02598   0.01000   0.00422   0.00441   0.00228   0.00233   0.00539   0.01933   0.00753   0.02960   0.01951   0.01693   0.02986   0.00399   0.00018   0.00079   0.00430   0.00046   0.00351   0.00139   0.00211   0.00734   0.00650   0.00193   0.00258   0.00000   0.00086   0.00084   0.00615   0.00018   0.00125   0.00085   0.00052   0.00420   0.00904   0.00101   0.00150   0.00175   0.01271   0.00383   1.72873   0.76832   1.00414   0.77734   1.58749   0.06693   0.00000   1.91585  
 35 31790.8750  18471.643931  x:  0.01601   0.00286   0.02048   0.00929   0.01985   0.01790   0.01998   0.01239   0.02560   0.00688   0.01624   0.01154   0.00694   0.00327   0.00695   0.02476   0.01017   0.00419   0.00550   0.00227   0.00370   0.00402   0.02156   0.00790   0.02822   0.01818   0.01677   0.02596   0.00257   0.00019   0.00086   0.00440   0.00046   0.00518   0.00159   0.00219   0.00821   0.00551   0.00157   0.00263   0.00000   0.00085   0.00159   0.00578   0.00017   0.00124   0.00084   0.00052   0.00309   0.00815   0.00101   0.00147   0.00187   0.01256   0.00382   1.78382   0.76835   1.00204   0.77977   1.59221   0.06779   0.00000   1.91252  
 36 18491.3679  18468.898805  x:  0.01636   0.00277   0.02191   0.00967   0.01906   0.01744   0.01972   0.01327   0.02602   0.00622   0.01723   0.01205   0.00691   0.00317   0.00730   0.02408   0.00986   0.00429   0.00574   0.00240   0.00406   0.00464   0.02192   0.00797   0.02678   0.01737   0.01623   0.02402   0.00386   0.00014   0.00087   0.00447   0.00046   0.00485   0.00150   0.00230   0.00861   0.00422   0.00167   0.00248   0.00000   0.00085   0.00143   0.00603   0.00018   0.00125   0.00085   0.00050   0.00269   0.00815   0.00104   0.00150   0.00166   0.01185   0.00375   1.79641   0.76831   1.00149   0.78038   1.59313   0.06827   0.00000   1.91170  
 37 5156.7953  18466.695923  x:  0.01606   0.00278   0.02312   0.00958   0.01831   0.01726   0.01960   0.01500   0.02621   0.00619   0.01860   0.01198   0.00691   0.00385   0.00738   0.02328   0.00933   0.00435   0.00574   0.00241   0.00358   0.00444   0.02178   0.00805   0.02482   0.01640   0.01534   0.02154   0.00290   0.00015   0.00088   0.00446   0.00046   0.00428   0.00151   0.00230   0.00887   0.00432   0.00161   0.00248   0.00000   0.00085   0.00140   0.00629   0.00018   0.00124   0.00084   0.00050   0.00320   0.00822   0.00103   0.00146   0.00204   0.01073   0.00374   1.80627   0.76822   1.00099   0.78093   1.59362   0.06900   0.00000   1.91098  
 38 3638.0674  18466.316624  x:  0.01589   0.00282   0.02320   0.00931   0.01823   0.01739   0.01970   0.01519   0.02611   0.00624   0.01891   0.01191   0.00692   0.00380   0.00708   0.02314   0.00928   0.00436   0.00549   0.00238   0.00355   0.00419   0.02150   0.00810   0.02432   0.01623   0.01513   0.02084   0.00300   0.00016   0.00088   0.00445   0.00046   0.00451   0.00147   0.00228   0.00878   0.00467   0.00155   0.00251   0.00000   0.00085   0.00139   0.00633   0.00018   0.00124   0.00084   0.00050   0.00273   0.00810   0.00102   0.00142   0.00172   0.01066   0.00377   1.80796   0.76817   1.00085   0.78107   1.59356   0.06936   0.00000   1.91080  
 39 1114.2449  18466.027590  x:  0.01576   0.00279   0.02303   0.00908   0.01831   0.01779   0.02000   0.01486   0.02583   0.00601   0.01917   0.01196   0.00691   0.00363   0.00699   0.02312   0.00949   0.00435   0.00527   0.00238   0.00376   0.00431   0.02090   0.00823   0.02370   0.01615   0.01499   0.01996   0.00295   0.00016   0.00088   0.00445   0.00046   0.00485   0.00145   0.00229   0.00852   0.00463   0.00156   0.00249   0.00000   0.00085   0.00133   0.00639   0.00018   0.00124   0.00084   0.00050   0.00295   0.00842   0.00101   0.00142   0.00177   0.01103   0.00376   1.80933   0.76805   1.00063   0.78129   1.59321   0.07014   0.00000   1.91055  
 40 539.3746  18465.863378  x:  0.01567   0.00283   0.02290   0.00909   0.01843   0.01806   0.02019   0.01441   0.02567   0.00604   0.01923   0.01199   0.00691   0.00370   0.00705   0.02316   0.00945   0.00434   0.00560   0.00238   0.00357   0.00438   0.02049   0.00831   0.02340   0.01617   0.01509   0.01951   0.00297   0.00017   0.00088   0.00449   0.00045   0.00459   0.00148   0.00228   0.00856   0.00458   0.00159   0.00250   0.00000   0.00085   0.00136   0.00632   0.00018   0.00124   0.00084   0.00050   0.00271   0.00846   0.00101   0.00142   0.00192   0.01105   0.00375   1.81014   0.76791   1.00039   0.78152   1.59270   0.07109   0.00000   1.91029  
 41 403.9005  18465.661512  x:  0.01578   0.00284   0.02286   0.00910   0.01855   0.01826   0.02031   0.01403   0.02559   0.00617   0.01921   0.01202   0.00692   0.00369   0.00694   0.02324   0.00925   0.00437   0.00553   0.00235   0.00358   0.00434   0.02011   0.00835   0.02321   0.01623   0.01539   0.01921   0.00293   0.00017   0.00088   0.00447   0.00046   0.00438   0.00148   0.00226   0.00880   0.00434   0.00157   0.00254   0.00000   0.00085   0.00134   0.00618   0.00018   0.00123   0.00084   0.00051   0.00293   0.00816   0.00101   0.00139   0.00166   0.01081   0.00380   1.81115   0.76764   0.99997   0.78191   1.59175   0.07281   0.00000   1.90984  
 42 525.1916  18464.759016  x:  0.01588   0.00264   0.02326   0.00918   0.01888   0.01848   0.02037   0.01385   0.02578   0.00642   0.01893   0.01243   0.00691   0.00387   0.00778   0.02355   0.00893   0.00441   0.00469   0.00242   0.00383   0.00428   0.01930   0.00830   0.02286   0.01646   0.01679   0.01889   0.00340   0.00017   0.00088   0.00441   0.00046   0.00445   0.00138   0.00232   0.00943   0.00493   0.00156   0.00247   0.00000   0.00085   0.00140   0.00628   0.00017   0.00125   0.00084   0.00051   0.00305   0.00828   0.00102   0.00147   0.00202   0.01020   0.00373   1.81594   0.76617   0.99771   0.78403   1.58654   0.08217   0.00000   1.90743  
 43 978.6651  18459.047756  x:  0.01562   0.00258   0.02621   0.00947   0.01965   0.01800   0.01963   0.01656   0.02739   0.00661   0.01726   0.01310   0.00689   0.00459   0.00780   0.02459   0.01013   0.00438   0.00553   0.00229   0.00343   0.00475   0.01623   0.00732   0.02200   0.01743   0.02231   0.01856   0.00321   0.00028   0.00088   0.00439   0.00048   0.00580   0.00142   0.00224   0.00839   0.00412   0.00164   0.00265   0.00000   0.00086   0.00156   0.00636   0.00018   0.00127   0.00088   0.00057   0.00297   0.00795   0.00104   0.00153   0.00177   0.01148   0.00385   1.84716   0.75624   0.98248   0.79827   1.55130   0.14526   0.00000   1.89123  
 44 4070.7593  18452.955940  x:  0.01577   0.00228   0.02712   0.01026   0.01906   0.01747   0.02033   0.01709   0.02827   0.00668   0.01790   0.01415   0.00687   0.00308   0.00632   0.02467   0.01046   0.00443   0.00500   0.00223   0.00495   0.00517   0.01619   0.00845   0.02315   0.01788   0.02161   0.01931   0.00259   0.00036   0.00087   0.00441   0.00051   0.00309   0.00159   0.00225   0.00860   0.00483   0.00168   0.00282   0.00000   0.00087   0.00127   0.00730   0.00018   0.00132   0.00092   0.00062   0.00252   0.00961   0.00107   0.00187   0.00160   0.01237   0.00408   1.87748   0.74644   0.96748   0.81229   1.51677   0.20725   0.00000   1.87525  
 45 8368.2879  18444.745643  x:  0.01609   0.00193   0.02647   0.01072   0.01776   0.01721   0.02242   0.01606   0.02895   0.00795   0.02013   0.01595   0.00683   0.00427   0.00621   0.02444   0.00989   0.00460   0.00537   0.00215   0.00441   0.00577   0.01836   0.01003   0.02586   0.01791   0.01628   0.02066   0.00317   0.00050   0.00088   0.00434   0.00055   0.00572   0.00155   0.00221   0.01031   0.00447   0.00188   0.00306   0.00000   0.00089   0.00107   0.00671   0.00019   0.00136   0.00097   0.00070   0.00293   0.01101   0.00109   0.00212   0.00167   0.01176   0.00428   1.92280   0.73168   0.94491   0.83335   1.46510   0.30031   0.00000   1.85116  
 46 16901.7309  18442.945689  x:  0.01575   0.00190   0.02536   0.01002   0.01815   0.01765   0.02278   0.01607   0.02905   0.00810   0.02040   0.01642   0.00683   0.00427   0.00818   0.02458   0.01062   0.00461   0.00479   0.00210   0.00454   0.00590   0.01990   0.00886   0.02611   0.01733   0.01452   0.02054   0.00342   0.00055   0.00089   0.00418   0.00055   0.00497   0.00150   0.00220   0.00972   0.00432   0.00183   0.00306   0.00000   0.00087   0.00147   0.00639   0.00018   0.00136   0.00098   0.00072   0.00304   0.00926   0.00109   0.00203   0.00171   0.01211   0.00417   1.93233   0.72849   0.94007   0.83785   1.45436   0.32003   0.00000   1.84593  
 47 4853.8988  18442.581922  x:  0.01553   0.00187   0.02439   0.01081   0.01869   0.01792   0.02266   0.01586   0.02920   0.00803   0.02033   0.01649   0.00683   0.00448   0.00791   0.02459   0.01050   0.00461   0.00454   0.00210   0.00450   0.00595   0.02137   0.00825   0.02557   0.01681   0.01475   0.02024   0.00335   0.00056   0.00089   0.00415   0.00055   0.00503   0.00146   0.00220   0.00958   0.00437   0.00187   0.00308   0.00000   0.00087   0.00134   0.00662   0.00018   0.00136   0.00098   0.00072   0.00298   0.00919   0.00108   0.00201   0.00169   0.01221   0.00418   1.93420   0.72776   0.93899   0.83883   1.45248   0.32404   0.00000   1.84468  
 48 792.3258  18442.454011  x:  0.01560   0.00191   0.02369   0.01061   0.01900   0.01800   0.02245   0.01612   0.02927   0.00815   0.02023   0.01638   0.00684   0.00416   0.00794   0.02456   0.01057   0.00459   0.00474   0.00208   0.00457   0.00602   0.02214   0.00859   0.02519   0.01669   0.01505   0.02005   0.00336   0.00056   0.00089   0.00418   0.00055   0.00508   0.00150   0.00219   0.00979   0.00439   0.00189   0.00309   0.00000   0.00087   0.00135   0.00633   0.00018   0.00136   0.00098   0.00072   0.00300   0.00933   0.00108   0.00203   0.00169   0.01216   0.00419   1.93480   0.72741   0.93851   0.83923   1.45209   0.32547   0.00000   1.84405  
 49 344.6495  18442.373216  x:  0.01553   0.00190   0.02336   0.01072   0.01886   0.01779   0.02225   0.01601   0.02949   0.00808   0.02031   0.01640   0.00683   0.00435   0.00803   0.02448   0.01070   0.00460   0.00461   0.00208   0.00451   0.00600   0.02220   0.00913   0.02473   0.01704   0.01506   0.02023   0.00338   0.00056   0.00089   0.00416   0.00055   0.00505   0.00148   0.00219   0.00964   0.00437   0.00189   0.00309   0.00000   0.00087   0.00135   0.00645   0.00018   0.00136   0.00098   0.00072   0.00300   0.00907   0.00108   0.00201   0.00169   0.01220   0.00418   1.93499   0.72679   0.93777   0.83976   1.45309   0.32652   0.00000   1.84281  
 50 80.2634  18441.825345  x:  0.01547   0.00193   0.02240   0.01037   0.01820   0.01702   0.02168   0.01567   0.03019   0.00813   0.02061   0.01645   0.00684   0.00403   0.00801   0.02419   0.01027   0.00459   0.00471   0.00206   0.00458   0.00604   0.02168   0.00805   0.02324   0.01782   0.01481   0.02109   0.00336   0.00056   0.00090   0.00415   0.00055   0.00504   0.00151   0.00218   0.00972   0.00437   0.00189   0.00310   0.00000   0.00087   0.00130   0.00617   0.00018   0.00135   0.00098   0.00072   0.00299   0.00936   0.00107   0.00201   0.00172   0.01218   0.00419   1.93589   0.72209   0.93224   0.84366   1.46152   0.33359   0.00000   1.83335  
 51 354.9042  18418.660798  x:  0.01422   0.00202   0.02036   0.01049   0.01639   0.01909   0.02245   0.01525   0.03286   0.00792   0.02220   0.01502   0.00684   0.00474   0.00675   0.02034   0.01583   0.00430   0.00457   0.00219   0.00402   0.00551   0.01924   0.00709   0.02503   0.01505   0.01679   0.02031   0.00329   0.00043   0.00084   0.00380   0.00052   0.00472   0.00140   0.00216   0.01256   0.00447   0.00185   0.00285   0.00000   0.00079   0.00122   0.00633   0.00016   0.00128   0.00094   0.00066   0.00299   0.00902   0.00107   0.00171   0.00169   0.01197   0.00394   1.97062   0.52311   0.69811   1.00835   1.82597   0.62781   0.00000   1.43131  
 52 2019.1686  18411.272438  x:  0.01437   0.00194   0.02128   0.01073   0.01804   0.01861   0.02345   0.01591   0.03273   0.00898   0.02125   0.01478   0.00684   0.00401   0.00734   0.02298   0.01109   0.00427   0.00482   0.00228   0.00431   0.00553   0.01959   0.00834   0.02486   0.01604   0.01583   0.01915   0.00327   0.00038   0.00082   0.00372   0.00052   0.00485   0.00143   0.00220   0.00876   0.00424   0.00186   0.00276   0.00000   0.00077   0.00130   0.00592   0.00016   0.00128   0.00093   0.00063   0.00293   0.00919   0.00106   0.00175   0.00176   0.01225   0.00382   1.98144   0.46128   0.62521   1.05958   1.93978   0.71968   0.00000   1.30573  
 53 28882.5030  18410.799971  x:  0.01423   0.00194   0.02175   0.01081   0.01855   0.01810   0.02380   0.01615   0.03232   0.00873   0.02049   0.01468   0.00684   0.00419   0.00720   0.02397   0.01109   0.00424   0.00477   0.00228   0.00421   0.00550   0.01982   0.00830   0.02427   0.01662   0.01515   0.01896   0.00326   0.00038   0.00082   0.00372   0.00052   0.00483   0.00141   0.00219   0.00991   0.00433   0.00185   0.00273   0.00000   0.00077   0.00132   0.00602   0.00016   0.00128   0.00093   0.00063   0.00294   0.00903   0.00106   0.00172   0.00173   0.01299   0.00379   1.98219   0.45738   0.62039   1.06295   1.94767   0.72611   0.00000   1.29696  
 54 2392.9826  18410.703948  x:  0.01425   0.00193   0.02193   0.01083   0.01863   0.01793   0.02410   0.01611   0.03208   0.00880   0.02007   0.01472   0.00684   0.00414   0.00708   0.02421   0.01159   0.00422   0.00479   0.00228   0.00425   0.00550   0.01995   0.00822   0.02394   0.01679   0.01495   0.01902   0.00323   0.00038   0.00082   0.00372   0.00052   0.00484   0.00141   0.00220   0.00978   0.00430   0.00185   0.00273   0.00000   0.00077   0.00130   0.00608   0.00016   0.00128   0.00093   0.00063   0.00291   0.00915   0.00106   0.00173   0.00173   0.01242   0.00380   1.98235   0.45711   0.61973   1.06341   1.94930   0.72752   0.00000   1.29505  
 55 371.8565  18410.232839  x:  0.01421   0.00192   0.02208   0.01089   0.01756   0.01806   0.02564   0.01636   0.03105   0.00889   0.01892   0.01475   0.00684   0.00407   0.00730   0.02315   0.01118   0.00424   0.00479   0.00228   0.00427   0.00550   0.02028   0.00838   0.02313   0.01646   0.01530   0.01963   0.00323   0.00038   0.00082   0.00369   0.00051   0.00483   0.00142   0.00220   0.00972   0.00429   0.00185   0.00272   0.00000   0.00076   0.00133   0.00600   0.00015   0.00128   0.00093   0.00063   0.00291   0.00896   0.00106   0.00172   0.00173   0.01275   0.00378   1.98317   0.46102   0.61958   1.06339   1.95790   0.73586   0.00000   1.28404  
 56 186.2033  18392.356333  x:  0.01343   0.00177   0.02165   0.01121   0.02057   0.01562   0.02723   0.01657   0.03169   0.00948   0.01991   0.01452   0.00684   0.00397   0.00722   0.02167   0.01107   0.00412   0.00471   0.00233   0.00425   0.00550   0.01974   0.00812   0.02364   0.01777   0.01513   0.01816   0.00321   0.00034   0.00079   0.00341   0.00051   0.00481   0.00138   0.00219   0.00938   0.00421   0.00187   0.00262   0.00000   0.00071   0.00133   0.00568   0.00014   0.00124   0.00091   0.00061   0.00289   0.00899   0.00104   0.00166   0.00175   0.01309   0.00364   2.00440   0.57523   0.62506   1.05633   2.17795   0.95132   0.00000   1.00000  
 57 1632.0327  18386.663340  x:  0.01312   0.00179   0.02131   0.01132   0.01594   0.02027   0.02539   0.01685   0.03434   0.00982   0.01849   0.01435   0.00683   0.00400   0.00671   0.02774   0.01107   0.00392   0.00478   0.00232   0.00430   0.00551   0.01941   0.00877   0.02278   0.01598   0.01411   0.01815   0.00313   0.00031   0.00076   0.00326   0.00050   0.00476   0.00137   0.00217   0.00942   0.00417   0.00189   0.00256   0.00000   0.00068   0.00128   0.00573   0.00013   0.00122   0.00091   0.00060   0.00283   0.00913   0.00105   0.00162   0.00172   0.01312   0.00355   2.01769   0.64631   0.62905   1.05169   2.31544   1.08599   0.00000   1.00000  
 58 15265.2991  18386.583643  x:  0.01310   0.00178   0.02130   0.01130   0.01631   0.02019   0.02515   0.01676   0.03462   0.00983   0.01796   0.01440   0.00683   0.00403   0.00669   0.02755   0.01098   0.00393   0.00476   0.00233   0.00431   0.00551   0.01907   0.00897   0.02264   0.01533   0.01379   0.01834   0.00313   0.00031   0.00077   0.00325   0.00050   0.00476   0.00137   0.00217   0.00943   0.00414   0.00189   0.00256   0.00000   0.00068   0.00127   0.00578   0.00013   0.00122   0.00091   0.00060   0.00282   0.00916   0.00105   0.00162   0.00173   0.01311   0.00356   2.01794   0.64635   0.63014   1.05125   2.31722   1.08784   0.00000   1.00000  
 59 134.9462  18375.667691  x:  0.01192   0.00159   0.02166   0.01188   0.01663   0.02382   0.02473   0.01751   0.03692   0.01078   0.01506   0.01452   0.00682   0.00390   0.00638   0.02461   0.01069   0.00380   0.00468   0.00236   0.00449   0.00568   0.01935   0.00837   0.02286   0.01985   0.01178   0.01588   0.00299   0.00028   0.00073   0.00286   0.00050   0.00475   0.00132   0.00216   0.00945   0.00398   0.00194   0.00245   0.00000   0.00060   0.00123   0.00564   0.00011   0.00118   0.00089   0.00058   0.00268   0.00945   0.00105   0.00157   0.00171   0.01329   0.00339   2.06230   0.56635   0.89544   0.94968   2.58603   1.37428   0.00000   1.00000  
 60 232.0227  18370.646393  x:  0.01131   0.00153   0.02025   0.01188   0.01581   0.01910   0.02721   0.01732   0.03562   0.01101   0.01827   0.01443   0.00682   0.00384   0.00653   0.02869   0.01126   0.00360   0.00456   0.00232   0.00437   0.00567   0.01860   0.00891   0.02233   0.01546   0.01361   0.01666   0.00303   0.00027   0.00072   0.00261   0.00049   0.00469   0.00131   0.00212   0.00924   0.00399   0.00195   0.00243   0.00000   0.00056   0.00123   0.00507   0.00010   0.00115   0.00088   0.00057   0.00272   0.00912   0.00103   0.00148   0.00172   0.01369   0.00331   2.08053   0.53333   1.00444   0.90779   2.69632   1.49182   0.00000   1.00000  
 61 13163.8119  18359.680262  x:  0.00937   0.00137   0.01843   0.01249   0.01520   0.01909   0.02698   0.01745   0.03669   0.01199   0.01763   0.01481   0.00678   0.00385   0.00591   0.02663   0.01242   0.00339   0.00435   0.00231   0.00446   0.00594   0.01745   0.00850   0.02273   0.01573   0.01325   0.01579   0.00313   0.00027   0.00068   0.00220   0.00049   0.00463   0.00130   0.00208   0.00965   0.00404   0.00205   0.00243   0.00000   0.00052   0.00123   0.00439   0.00009   0.00110   0.00086   0.00057   0.00277   0.00917   0.00100   0.00139   0.00174   0.01411   0.00323   2.15171   0.46858   0.85015   0.52845   2.64218   1.43391   0.00000   1.00000  
 62 10.3340  18332.564767  x:  0.00355   0.00121   0.01304   0.01455   0.01444   0.01642   0.02824   0.01807   0.03681   0.01498   0.01558   0.01420   0.00664   0.00362   0.00343   0.02553   0.01379   0.00254   0.00417   0.00246   0.00446   0.00623   0.01418   0.00811   0.02362   0.01576   0.01186   0.01295   0.00355   0.00013   0.00051   0.00117   0.00047   0.00443   0.00133   0.00203   0.00908   0.00445   0.00228   0.00224   0.00000   0.00044   0.00143   0.00205   0.00007   0.00096   0.00077   0.00051   0.00312   0.00885   0.00091   0.00097   0.00185   0.01572   0.00285   2.34799   0.51237   0.84066   0.71643   2.29249   0.94545   0.00000   1.00000  
 63 13.6173  18301.413416  x:  0.00583   0.00255   0.01004   0.01655   0.01395   0.01475   0.02684   0.01837   0.03492   0.01563   0.01432   0.01506   0.00650   0.00347   0.00047   0.02530   0.01420   0.00289   0.00511   0.00287   0.00465   0.00709   0.01298   0.00792   0.02531   0.01574   0.01069   0.01423   0.00511   0.00036   0.00043   0.00370   0.00055   0.00427   0.00180   0.00212   0.00820   0.00611   0.00258   0.00297   0.00000   0.00110   0.00226   0.00288   0.00023   0.00125   0.00103   0.00073   0.00456   0.00752   0.00117   0.00137   0.00176   0.01562   0.00365   2.56908   0.51269   0.84749   0.74735   2.64700   1.16712   0.00000   1.00000  
 64  2.3971  18274.567129  x:  0.00777   0.00318   0.00870   0.01829   0.01582   0.01470   0.02594   0.01964   0.03281   0.01650   0.01360   0.01792   0.00610   0.00259   0.00638   0.02500   0.01460   0.00299   0.00550   0.00331   0.00503   0.00759   0.01066   0.00746   0.02820   0.01746   0.01104   0.01764   0.00610   0.00065   0.00049   0.00490   0.00067   0.00408   0.00217   0.00233   0.00796   0.00691   0.00257   0.00353   0.00000   0.00143   0.00234   0.00169   0.00033   0.00151   0.00128   0.00097   0.00537   0.00356   0.00128   0.00176   0.00221   0.01547   0.00384   2.89001   0.53665   0.84343   0.79779   2.99345   1.37246   0.00000   1.00000  
 65  2.4694  18272.018871  x:  0.00792   0.00323   0.00860   0.01843   0.01596   0.01470   0.02587   0.01974   0.03265   0.01657   0.01355   0.01814   0.00607   0.00252   0.00683   0.02498   0.01463   0.00300   0.00553   0.00335   0.00506   0.00762   0.01049   0.00742   0.02842   0.01759   0.01107   0.01790   0.00618   0.00067   0.00050   0.00499   0.00068   0.00407   0.00219   0.00234   0.00795   0.00697   0.00257   0.00357   0.00000   0.00146   0.00235   0.00160   0.00034   0.00153   0.00130   0.00099   0.00543   0.00326   0.00129   0.00179   0.00224   0.01546   0.00386   2.91460   0.53849   0.84312   0.80165   3.01997   1.38819   0.01699   1.00000  
 66 823.7204  18239.885410  x:  0.00901   0.00199   0.01878   0.02011   0.01983   0.01797   0.02397   0.02227   0.02866   0.01829   0.01616   0.02254   0.00515   0.00211   0.00666   0.02457   0.01360   0.00260   0.00319   0.00339   0.00497   0.01000   0.01163   0.00742   0.03049   0.02026   0.01496   0.02148   0.00448   0.00081   0.00074   0.00162   0.00078   0.00560   0.00190   0.00242   0.00946   0.00646   0.00276   0.00381   0.00000   0.00093   0.00300   0.00482   0.00026   0.00166   0.00141   0.00116   0.00414   0.00660   0.00093   0.00204   0.00243   0.01392   0.00362   3.31759   0.58670   0.80708   0.84850   3.29058   1.55374   0.03302   1.00000  
 67  0.9287  18219.779177  x:  0.00570   0.00034   0.01536   0.02077   0.02110   0.01687   0.02687   0.02279   0.03160   0.01796   0.01696   0.02679   0.00416   0.00404   0.00560   0.02640   0.01167   0.00275   0.00515   0.00279   0.00472   0.01042   0.01870   0.00806   0.03044   0.01940   0.01551   0.01805   0.00325   0.00104   0.00093   0.00154   0.00085   0.00553   0.00171   0.00225   0.00981   0.00563   0.00248   0.00373   0.00000   0.00024   0.00243   0.00363   0.00022   0.00163   0.00147   0.00137   0.00313   0.00551   0.00068   0.00247   0.00229   0.01233   0.00376   3.72776   0.61987   0.82968   0.82140   3.44369   1.66397   0.03294   1.00000  
 68  0.4843  18212.059422  x:  0.00662   0.00202   0.01435   0.02046   0.02018   0.01663   0.02718   0.02276   0.03270   0.01767   0.01706   0.02893   0.00344   0.00351   0.00485   0.02657   0.01109   0.00286   0.00539   0.00272   0.00442   0.01046   0.01793   0.00834   0.02961   0.01878   0.01499   0.01613   0.00292   0.00114   0.00105   0.00076   0.00088   0.00540   0.00178   0.00222   0.00988   0.00528   0.00225   0.00379   0.00000   0.00047   0.00217   0.00159   0.00025   0.00163   0.00153   0.00148   0.00273   0.00533   0.00052   0.00174   0.00236   0.01189   0.00406   3.98751   0.61018   0.83123   0.79616   3.59222   1.78195   0.03280   1.00000  
 69  0.6802  18204.869419  x:  0.00460   0.00282   0.01284   0.02057   0.01838   0.01604   0.02667   0.02245   0.03219   0.01792   0.01680   0.03119   0.00260   0.00403   0.00502   0.02612   0.01151   0.00305   0.00610   0.00285   0.00482   0.00992   0.01438   0.00836   0.02796   0.01790   0.01396   0.01400   0.00327   0.00124   0.00117   0.00263   0.00094   0.00485   0.00192   0.00236   0.00951   0.00523   0.00187   0.00378   0.00000   0.00070   0.00182   0.00277   0.00035   0.00169   0.00163   0.00162   0.00283   0.00551   0.00058   0.00145   0.00233   0.01270   0.00441   4.27119   0.57823   0.82708   0.77019   3.83361   1.96086   0.03804   1.00000  
 70  1.1685  18198.127294  x:  0.00597   0.00209   0.01126   0.02021   0.01710   0.01684   0.02520   0.02189   0.03035   0.01777   0.01585   0.03312   0.00145   0.00307   0.00412   0.02509   0.01202   0.00289   0.00526   0.00286   0.00471   0.00971   0.00999   0.00838   0.02682   0.01811   0.01331   0.01672   0.00325   0.00129   0.00128   0.00202   0.00098   0.00461   0.00187   0.00238   0.00940   0.00508   0.00157   0.00365   0.00000   0.00038   0.00176   0.00231   0.00033   0.00167   0.00162   0.00171   0.00284   0.00561   0.00037   0.00147   0.00220   0.01323   0.00442   4.56806   0.51120   0.80126   0.74578   4.23570   2.29820   0.04256   1.00000  
 71  0.9600  18193.964166  x:  0.00709   0.00149   0.01178   0.01995   0.01700   0.01608   0.02462   0.02167   0.02867   0.01710   0.01484   0.03403   0.00046   0.00258   0.00342   0.02556   0.01231   0.00279   0.00445   0.00291   0.00480   0.00970   0.01340   0.00792   0.02684   0.01780   0.01296   0.01686   0.00360   0.00139   0.00139   0.00129   0.00101   0.00437   0.00189   0.00236   0.00894   0.00553   0.00147   0.00352   0.00000   0.00048   0.00200   0.00275   0.00037   0.00164   0.00161   0.00178   0.00324   0.00499   0.00044   0.00166   0.00198   0.01325   0.00432   4.80959   0.49606   0.84217   0.74766   4.50803   2.54327   0.04596   1.00000  
 72  0.5206  18192.396850  x:  0.00704   0.00115   0.01307   0.01973   0.01821   0.01665   0.02559   0.02163   0.03002   0.01643   0.01560   0.03384   0.00027   0.00315   0.00305   0.02592   0.01237   0.00276   0.00455   0.00288   0.00474   0.00949   0.01362   0.00771   0.02713   0.01820   0.01349   0.01734   0.00372   0.00142   0.00145   0.00173   0.00103   0.00449   0.00193   0.00231   0.00891   0.00584   0.00154   0.00351   0.00000   0.00044   0.00214   0.00205   0.00039   0.00158   0.00158   0.00180   0.00345   0.00585   0.00054   0.00181   0.00187   0.01319   0.00425   4.90893   0.50163   0.87888   0.74511   4.60484   2.65093   0.04696   1.08544  
 73  0.3011  18191.180635  x:  0.00684   0.00099   0.01343   0.01912   0.01923   0.01704   0.02644   0.02150   0.03165   0.01578   0.01645   0.03282   0.00067   0.00362   0.00265   0.02598   0.01233   0.00274   0.00448   0.00282   0.00474   0.00928   0.01347   0.00776   0.02770   0.01857   0.01408   0.01742   0.00349   0.00144   0.00149   0.00152   0.00102   0.00479   0.00187   0.00220   0.00915   0.00580   0.00174   0.00349   0.00000   0.00045   0.00218   0.00279   0.00040   0.00151   0.00153   0.00179   0.00329   0.00537   0.00065   0.00174   0.00201   0.01314   0.00411   4.96632   0.50734   0.90653   0.74470   4.64308   2.71686   0.04526   1.30003  
 74  0.3605  18189.213528  x:  0.00609   0.00078   0.01281   0.01806   0.01836   0.01613   0.02544   0.02103   0.03052   0.01474   0.01644   0.03088   0.00069   0.00309   0.00227   0.02530   0.01196   0.00262   0.00456   0.00290   0.00489   0.00890   0.01409   0.00835   0.02839   0.01816   0.01345   0.01618   0.00347   0.00160   0.00162   0.00188   0.00103   0.00511   0.00176   0.00213   0.00954   0.00547   0.00201   0.00344   0.00000   0.00034   0.00208   0.00281   0.00044   0.00131   0.00139   0.00179   0.00310   0.00605   0.00070   0.00146   0.00236   0.01297   0.00394   5.22305   0.46932   0.91921   0.72410   4.93412   3.03391   0.04422   2.27020  
 75  0.6762  18187.623219  x:  0.00636   0.00105   0.01270   0.01769   0.01767   0.01637   0.02550   0.02094   0.02989   0.01465   0.01611   0.02925   0.00062   0.00345   0.00263   0.02522   0.01223   0.00270   0.00522   0.00300   0.00485   0.00838   0.01313   0.00808   0.02742   0.01800   0.01304   0.01572   0.00360   0.00170   0.00178   0.00192   0.00107   0.00483   0.00176   0.00209   0.00907   0.00549   0.00209   0.00348   0.00000   0.00065   0.00212   0.00325   0.00054   0.00118   0.00129   0.00180   0.00324   0.00602   0.00076   0.00163   0.00228   0.01347   0.00397   5.50403   0.45908   0.93505   0.71424   5.17751   3.30101   0.04370   3.96631  
 76  1.2669  18186.619804  x:  0.00660   0.00123   0.01272   0.01789   0.01811   0.01698   0.02596   0.02143   0.03029   0.01513   0.01571   0.02836   0.00063   0.00300   0.00275   0.02558   0.01235   0.00271   0.00463   0.00299   0.00486   0.00850   0.01331   0.00773   0.02711   0.01833   0.01353   0.01699   0.00344   0.00175   0.00184   0.00203   0.00107   0.00469   0.00176   0.00209   0.00899   0.00535   0.00203   0.00348   0.00000   0.00043   0.00210   0.00291   0.00054   0.00114   0.00124   0.00179   0.00313   0.00517   0.00066   0.00151   0.00213   0.01350   0.00402   5.64179   0.46462   0.93174   0.70767   5.28657   3.41935   0.04235   5.03129  
 77  0.9450  18186.239563  x:  0.00685   0.00103   0.01266   0.01845   0.01832   0.01668   0.02580   0.02154   0.03037   0.01556   0.01593   0.02812   0.00076   0.00310   0.00307   0.02567   0.01234   0.00270   0.00456   0.00297   0.00474   0.00868   0.01331   0.00785   0.02718   0.01830   0.01350   0.01725   0.00353   0.00177   0.00187   0.00173   0.00109   0.00467   0.00180   0.00214   0.00898   0.00554   0.00195   0.00348   0.00000   0.00040   0.00216   0.00264   0.00055   0.00115   0.00122   0.00177   0.00329   0.00577   0.00059   0.00172   0.00200   0.01336   0.00405   5.68486   0.46176   0.92325   0.70143   5.35216   3.49614   0.04215   5.50955  
 78  0.5297  18186.081775  x:  0.00668   0.00103   0.01312   0.01868   0.01830   0.01661   0.02553   0.02155   0.03023   0.01575   0.01606   0.02828   0.00066   0.00327   0.00303   0.02566   0.01224   0.00273   0.00469   0.00288   0.00474   0.00876   0.01305   0.00798   0.02756   0.01831   0.01356   0.01709   0.00352   0.00179   0.00191   0.00153   0.00109   0.00473   0.00183   0.00215   0.00912   0.00557   0.00187   0.00347   0.00000   0.00041   0.00210   0.00263   0.00056   0.00116   0.00121   0.00177   0.00327   0.00549   0.00056   0.00169   0.00205   0.01325   0.00408   5.75212   0.45208   0.91592   0.68866   5.47873   3.63249   0.04138   5.87648  
 79  0.3974  18185.968844  x:  0.00668   0.00116   0.01265   0.01881   0.01833   0.01673   0.02575   0.02150   0.03066   0.01585   0.01613   0.02833   0.00065   0.00314   0.00306   0.02567   0.01213   0.00273   0.00477   0.00285   0.00476   0.00882   0.01337   0.00801   0.02777   0.01831   0.01359   0.01681   0.00350   0.00181   0.00196   0.00159   0.00109   0.00482   0.00184   0.00217   0.00924   0.00558   0.00181   0.00346   0.00000   0.00043   0.00205   0.00268   0.00058   0.00119   0.00121   0.00177   0.00324   0.00564   0.00055   0.00160   0.00213   0.01316   0.00406   5.80540   0.44939   0.91345   0.67765   5.60141   3.76996   0.04087   6.28490  
 80  0.3963  18185.851779  x:  0.00665   0.00115   0.01299   0.01886   0.01819   0.01661   0.02572   0.02139   0.03018   0.01602   0.01592   0.02830   0.00077   0.00309   0.00301   0.02580   0.01210   0.00275   0.00468   0.00274   0.00483   0.00893   0.01346   0.00786   0.02767   0.01823   0.01351   0.01672   0.00353   0.00181   0.00201   0.00176   0.00108   0.00484   0.00184   0.00217   0.00915   0.00559   0.00178   0.00348   0.00000   0.00044   0.00205   0.00259   0.00060   0.00125   0.00120   0.00173   0.00323   0.00557   0.00058   0.00166   0.00213   0.01320   0.00404   5.83022   0.44860   0.91504   0.66595   5.78937   3.98252   0.03942   6.81807  
 81  0.3385  18185.723817  x:  0.00667   0.00106   0.01274   0.01890   0.01834   0.01678   0.02592   0.02128   0.03040   0.01609   0.01593   0.02858   0.00074   0.00321   0.00291   0.02564   0.01228   0.00271   0.00460   0.00271   0.00484   0.00901   0.01336   0.00781   0.02735   0.01832   0.01348   0.01712   0.00356   0.00178   0.00207   0.00167   0.00105   0.00474   0.00181   0.00219   0.00904   0.00560   0.00178   0.00344   0.00000   0.00042   0.00209   0.00279   0.00062   0.00134   0.00120   0.00168   0.00325   0.00563   0.00060   0.00166   0.00208   0.01335   0.00395   5.83674   0.44204   0.91224   0.66023   6.02657   4.23970   0.03895   7.35887  
 82  0.4285  18185.606332  x:  0.00692   0.00105   0.01300   0.01883   0.01827   0.01645   0.02580   0.02139   0.03074   0.01600   0.01607   0.02875   0.00075   0.00307   0.00297   0.02563   0.01232   0.00269   0.00466   0.00281   0.00477   0.00906   0.01313   0.00803   0.02739   0.01819   0.01352   0.01678   0.00356   0.00173   0.00209   0.00169   0.00102   0.00470   0.00176   0.00222   0.00915   0.00551   0.00182   0.00341   0.00000   0.00039   0.00209   0.00279   0.00062   0.00144   0.00120   0.00160   0.00327   0.00559   0.00056   0.00160   0.00208   0.01327   0.00392   5.75818   0.45361   0.91085   0.67421   6.17097   4.39182   0.03856   7.78744  
 83  0.2320  18185.519465  x:  0.00663   0.00107   0.01277   0.01874   0.01833   0.01668   0.02556   0.02153   0.03040   0.01594   0.01614   0.02872   0.00075   0.00315   0.00300   0.02558   0.01229   0.00269   0.00472   0.00284   0.00476   0.00902   0.01331   0.00805   0.02746   0.01826   0.01361   0.01696   0.00352   0.00169   0.00211   0.00171   0.00099   0.00474   0.00178   0.00220   0.00923   0.00546   0.00187   0.00342   0.00000   0.00044   0.00206   0.00268   0.00063   0.00148   0.00119   0.00153   0.00325   0.00558   0.00054   0.00163   0.00209   0.01328   0.00396   5.69035   0.45767   0.90506   0.68228   6.31653   4.53555   0.03864   8.21612  
 84  0.4145  18185.446484  x:  0.00660   0.00109   0.01275   0.01861   0.01833   0.01660   0.02591   0.02159   0.03043   0.01580   0.01593   0.02853   0.00067   0.00319   0.00299   0.02573   0.01211   0.00271   0.00465   0.00288   0.00477   0.00888   0.01327   0.00777   0.02747   0.01824   0.01352   0.01687   0.00348   0.00167   0.00217   0.00164   0.00097   0.00478   0.00182   0.00218   0.00905   0.00554   0.00188   0.00344   0.00000   0.00042   0.00206   0.00267   0.00065   0.00148   0.00116   0.00148   0.00323   0.00560   0.00054   0.00165   0.00208   0.01324   0.00402   5.67999   0.46378   0.90705   0.68697   6.47672   4.68354   0.03906   8.88016  
 85  0.3989  18185.410349  x:  0.00672   0.00112   0.01290   0.01865   0.01831   0.01670   0.02587   0.02156   0.03044   0.01581   0.01605   0.02834   0.00067   0.00317   0.00301   0.02553   0.01229   0.00273   0.00469   0.00288   0.00479   0.00878   0.01340   0.00787   0.02741   0.01823   0.01345   0.01684   0.00355   0.00165   0.00220   0.00167   0.00096   0.00475   0.00183   0.00216   0.00910   0.00560   0.00185   0.00344   0.00000   0.00040   0.00207   0.00265   0.00066   0.00145   0.00115   0.00147   0.00327   0.00560   0.00056   0.00164   0.00208   0.01330   0.00403   5.67866   0.46058   0.90559   0.68818   6.57212   4.76620   0.03990   9.36279  
 86  0.2852  18185.379955  x:  0.00672   0.00107   0.01279   0.01875   0.01833   0.01654   0.02570   0.02147   0.03043   0.01588   0.01609   0.02837   0.00067   0.00311   0.00298   0.02560   0.01230   0.00272   0.00466   0.00283   0.00481   0.00879   0.01327   0.00798   0.02731   0.01815   0.01355   0.01685   0.00354   0.00163   0.00224   0.00166   0.00095   0.00475   0.00183   0.00213   0.00915   0.00560   0.00182   0.00344   0.00000   0.00044   0.00209   0.00268   0.00068   0.00142   0.00114   0.00149   0.00325   0.00562   0.00056   0.00164   0.00207   0.01327   0.00401   5.67047   0.46309   0.90909   0.68758   6.63457   4.81425   0.04071   9.80988  
 87  0.2604  18185.352797  x:  0.00664   0.00109   0.01281   0.01885   0.01828   0.01655   0.02569   0.02140   0.03046   0.01594   0.01594   0.02848   0.00071   0.00318   0.00298   0.02565   0.01218   0.00270   0.00469   0.00281   0.00481   0.00885   0.01328   0.00790   0.02737   0.01819   0.01356   0.01691   0.00352   0.00161   0.00226   0.00167   0.00094   0.00474   0.00180   0.00214   0.00911   0.00557   0.00181   0.00342   0.00000   0.00041   0.00210   0.00269   0.00068   0.00138   0.00115   0.00152   0.00325   0.00564   0.00056   0.00159   0.00208   0.01322   0.00397   5.64316   0.46189   0.90635   0.68832   6.66984   4.83771   0.04158  10.21717  
 88  0.2443  18185.337688  x:  0.00667   0.00105   0.01278   0.01885   0.01830   0.01669   0.02583   0.02144   0.03048   0.01596   0.01604   0.02857   0.00071   0.00314   0.00295   0.02562   0.01219   0.00271   0.00466   0.00281   0.00480   0.00887   0.01330   0.00784   0.02742   0.01823   0.01348   0.01679   0.00350   0.00160   0.00228   0.00168   0.00094   0.00476   0.00180   0.00214   0.00912   0.00552   0.00183   0.00342   0.00000   0.00041   0.00208   0.00269   0.00069   0.00135   0.00116   0.00155   0.00324   0.00558   0.00055   0.00164   0.00209   0.01328   0.00397   5.63573   0.46250   0.90568   0.68971   6.67936   4.84747   0.04161  10.49012  
 89  0.1806  18185.318582  x:  0.00666   0.00108   0.01281   0.01880   0.01833   0.01665   0.02588   0.02152   0.03039   0.01589   0.01605   0.02859   0.00070   0.00315   0.00295   0.02566   0.01226   0.00270   0.00470   0.00286   0.00479   0.00890   0.01332   0.00790   0.02746   0.01821   0.01346   0.01690   0.00355   0.00161   0.00232   0.00166   0.00094   0.00476   0.00181   0.00218   0.00911   0.00554   0.00186   0.00342   0.00000   0.00042   0.00207   0.00270   0.00070   0.00132   0.00118   0.00160   0.00329   0.00559   0.00056   0.00162   0.00209   0.01331   0.00398   5.63694   0.46459   0.90908   0.69020   6.71154   4.89223   0.04105  10.97472  
 90  0.2329  18185.313970  x:  0.00668   0.00109   0.01280   0.01876   0.01830   0.01660   0.02581   0.02152   0.03046   0.01587   0.01599   0.02860   0.00070   0.00315   0.00296   0.02562   0.01225   0.00271   0.00466   0.00287   0.00478   0.00892   0.01330   0.00791   0.02744   0.01819   0.01355   0.01687   0.00353   0.00161   0.00234   0.00167   0.00094   0.00477   0.00182   0.00219   0.00912   0.00555   0.00185   0.00343   0.00000   0.00042   0.00208   0.00269   0.00070   0.00131   0.00118   0.00162   0.00327   0.00559   0.00056   0.00163   0.00208   0.01329   0.00399   5.63752   0.46295   0.90764   0.68957   6.72965   4.91443   0.04077  11.15971  
 91  0.1844  18185.312308  x:  0.00667   0.00109   0.01280   0.01876   0.01831   0.01662   0.02575   0.02151   0.03044   0.01588   0.01604   0.02860   0.00069   0.00314   0.00296   0.02563   0.01222   0.00270   0.00467   0.00287   0.00479   0.00891   0.01329   0.00789   0.02739   0.01820   0.01351   0.01689   0.00352   0.00161   0.00235   0.00166   0.00095   0.00476   0.00182   0.00218   0.00912   0.00555   0.00184   0.00343   0.00000   0.00041   0.00208   0.00268   0.00070   0.00131   0.00119   0.00162   0.00326   0.00561   0.00056   0.00163   0.00208   0.01329   0.00399   5.63529   0.46305   0.90700   0.68857   6.73821   4.92520   0.04055  11.25459  
 92  0.0677  18185.311770  x:  0.00668   0.00108   0.01282   0.01876   0.01830   0.01662   0.02579   0.02150   0.03046   0.01588   0.01601   0.02860   0.00069   0.00315   0.00297   0.02563   0.01223   0.00270   0.00467   0.00287   0.00479   0.00889   0.01330   0.00789   0.02741   0.01820   0.01352   0.01689   0.00353   0.00161   0.00235   0.00167   0.00095   0.00476   0.00181   0.00218   0.00912   0.00555   0.00183   0.00343   0.00000   0.00042   0.00208   0.00268   0.00070   0.00132   0.00119   0.00162   0.00326   0.00561   0.00056   0.00163   0.00208   0.01329   0.00399   5.63318   0.46281   0.90649   0.68800   6.73517   4.92268   0.04051  11.26143  
 93  0.0056  18185.311047  x:  0.00668   0.00108   0.01280   0.01876   0.01831   0.01662   0.02581   0.02148   0.03043   0.01589   0.01601   0.02857   0.00069   0.00317   0.00298   0.02563   0.01223   0.00270   0.00467   0.00287   0.00479   0.00887   0.01331   0.00791   0.02742   0.01820   0.01353   0.01688   0.00353   0.00161   0.00235   0.00167   0.00095   0.00477   0.00181   0.00217   0.00912   0.00555   0.00183   0.00343   0.00000   0.00041   0.00209   0.00269   0.00070   0.00132   0.00120   0.00163   0.00326   0.00559   0.00056   0.00163   0.00208   0.01329   0.00399   5.63070   0.46276   0.90592   0.68707   6.72367   4.91169   0.04048  11.25311  
 94  0.0090  18185.310061  x:  0.00667   0.00108   0.01281   0.01877   0.01831   0.01662   0.02579   0.02149   0.03045   0.01591   0.01602   0.02856   0.00069   0.00313   0.00297   0.02563   0.01223   0.00270   0.00468   0.00287   0.00480   0.00887   0.01330   0.00789   0.02744   0.01821   0.01352   0.01690   0.00353   0.00161   0.00236   0.00166   0.00096   0.00477   0.00181   0.00216   0.00912   0.00555   0.00184   0.00342   0.00000   0.00041   0.00209   0.00269   0.00070   0.00133   0.00120   0.00163   0.00326   0.00560   0.00056   0.00163   0.00208   0.01329   0.00399   5.62945   0.46235   0.90499   0.68632   6.71541   4.90337   0.04054  11.27417  
 95  0.0076  18185.308910  x:  0.00668   0.00109   0.01280   0.01878   0.01830   0.01662   0.02576   0.02151   0.03045   0.01591   0.01603   0.02856   0.00069   0.00316   0.00296   0.02564   0.01223   0.00271   0.00467   0.00286   0.00479   0.00888   0.01330   0.00790   0.02742   0.01821   0.01351   0.01688   0.00353   0.00162   0.00238   0.00166   0.00097   0.00476   0.00181   0.00217   0.00912   0.00555   0.00185   0.00342   0.00000   0.00041   0.00209   0.00268   0.00070   0.00134   0.00120   0.00162   0.00326   0.00560   0.00056   0.00163   0.00208   0.01329   0.00399   5.63033   0.46287   0.90532   0.68686   6.71228   4.89864   0.04066  11.29409  
 96  0.0081  18185.308098  x:  0.00668   0.00108   0.01280   0.01877   0.01831   0.01662   0.02580   0.02151   0.03044   0.01589   0.01600   0.02857   0.00069   0.00315   0.00295   0.02564   0.01223   0.00270   0.00468   0.00286   0.00479   0.00888   0.01330   0.00790   0.02741   0.01821   0.01353   0.01689   0.00353   0.00163   0.00239   0.00166   0.00098   0.00476   0.00181   0.00217   0.00912   0.00556   0.00184   0.00343   0.00000   0.00042   0.00208   0.00268   0.00070   0.00134   0.00119   0.00161   0.00326   0.00560   0.00056   0.00163   0.00208   0.01329   0.00399   5.62968   0.46276   0.90621   0.68776   6.70763   4.89331   0.04066  11.27705  
 97  0.0076  18185.307709  x:  0.00668   0.00108   0.01281   0.01876   0.01830   0.01662   0.02579   0.02150   0.03045   0.01588   0.01602   0.02858   0.00069   0.00315   0.00297   0.02563   0.01223   0.00270   0.00467   0.00286   0.00479   0.00889   0.01330   0.00790   0.02743   0.01820   0.01351   0.01690   0.00353   0.00163   0.00240   0.00166   0.00098   0.00476   0.00181   0.00218   0.00912   0.00555   0.00183   0.00343   0.00000   0.00042   0.00208   0.00269   0.00070   0.00134   0.00119   0.00161   0.00326   0.00560   0.00056   0.00163   0.00208   0.01329   0.00399   5.62832   0.46286   0.90677   0.68836   6.70154   4.88711   0.04064  11.24016  
 98  0.0196  18185.307254  x:  0.00667   0.00108   0.01280   0.01876   0.01831   0.01664   0.02576   0.02149   0.03044   0.01588   0.01602   0.02859   0.00069   0.00315   0.00297   0.02563   0.01224   0.00270   0.00467   0.00287   0.00479   0.00890   0.01329   0.00789   0.02743   0.01821   0.01353   0.01688   0.00353   0.00164   0.00240   0.00165   0.00098   0.00477   0.00180   0.00218   0.00912   0.00555   0.00183   0.00343   0.00000   0.00041   0.00209   0.00268   0.00070   0.00133   0.00119   0.00161   0.00326   0.00560   0.00056   0.00163   0.00208   0.01330   0.00399   5.62747   0.46310   0.90698   0.68836   6.69615   4.88199   0.04063  11.17866  
 99  0.0206  18185.306849  x:  0.00668   0.00108   0.01281   0.01876   0.01831   0.01661   0.02580   0.02149   0.03045   0.01589   0.01602   0.02859   0.00069   0.00315   0.00297   0.02564   0.01223   0.00270   0.00467   0.00287   0.00479   0.00890   0.01330   0.00790   0.02742   0.01821   0.01351   0.01689   0.00353   0.00164   0.00241   0.00166   0.00098   0.00477   0.00181   0.00217   0.00912   0.00555   0.00184   0.00343   0.00000   0.00042   0.00209   0.00268   0.00070   0.00133   0.00119   0.00161   0.00326   0.00560   0.00056   0.00163   0.00209   0.01330   0.00399   5.62704   0.46270   0.90657   0.68793   6.69783   4.88397   0.04063  11.14623  
100  0.0125  18185.306410  x:  0.00668   0.00108   0.01281   0.01877   0.01830   0.01663   0.02580   0.02150   0.03045   0.01590   0.01601   0.02859   0.00069   0.00315   0.00296   0.02564   0.01223   0.00270   0.00468   0.00287   0.00479   0.00889   0.01330   0.00790   0.02742   0.01821   0.01352   0.01689   0.00353   0.00164   0.00242   0.00166   0.00098   0.00476   0.00181   0.00217   0.00912   0.00555   0.00184   0.00342   0.00000   0.00042   0.00209   0.00268   0.00069   0.00132   0.00119   0.00161   0.00326   0.00560   0.00056   0.00163   0.00209   0.01329   0.00399   5.62487   0.46288   0.90590   0.68758   6.69285   4.87976   0.04056  11.03821  
101  0.0388  18185.306140  x:  0.00668   0.00108   0.01280   0.01878   0.01831   0.01661   0.02578   0.02151   0.03044   0.01591   0.01602   0.02859   0.00069   0.00315   0.00297   0.02564   0.01223   0.00270   0.00467   0.00287   0.00479   0.00888   0.01330   0.00790   0.02743   0.01821   0.01352   0.01689   0.00353   0.00164   0.00242   0.00166   0.00097   0.00476   0.00181   0.00217   0.00912   0.00555   0.00184   0.00343   0.00000   0.00041   0.00208   0.00269   0.00069   0.00132   0.00119   0.00161   0.00326   0.00560   0.00056   0.00163   0.00208   0.01329   0.00399   5.62473   0.46307   0.90577   0.68795   6.68850   4.87485   0.04058  10.99252  
102  0.0175  18185.306091  x:  0.00668   0.00108   0.01281   0.01878   0.01831   0.01662   0.02579   0.02151   0.03045   0.01590   0.01602   0.02858   0.00069   0.00315   0.00296   0.02564   0.01223   0.00270   0.00467   0.00287   0.00479   0.00888   0.01330   0.00790   0.02742   0.01821   0.01352   0.01689   0.00353   0.00164   0.00242   0.00166   0.00097   0.00476   0.00181   0.00217   0.00912   0.00555   0.00184   0.00343   0.00000   0.00042   0.00208   0.00269   0.00069   0.00132   0.00119   0.00162   0.00326   0.00560   0.00056   0.00163   0.00208   0.01329   0.00399   5.62498   0.46309   0.90571   0.68793   6.68964   4.87581   0.04059  10.99143  
103  0.0013  18185.306044  x:  0.00668   0.00108   0.01281   0.01877   0.01830   0.01662   0.02579   0.02150   0.03045   0.01590   0.01601   0.02857   0.00069   0.00315   0.00296   0.02563   0.01223   0.00270   0.00467   0.00287   0.00479   0.00888   0.01330   0.00790   0.02742   0.01821   0.01352   0.01689   0.00353   0.00164   0.00243   0.00166   0.00097   0.00476   0.00181   0.00217   0.00912   0.00555   0.00184   0.00343   0.00000   0.00042   0.00208   0.00268   0.00069   0.00133   0.00119   0.00162   0.00326   0.00560   0.00056   0.00163   0.00208   0.01329   0.00399   5.62518   0.46311   0.90582   0.68803   6.68925   4.87509   0.04061  10.97602  
104  0.0119  18185.305980  x:  0.00668   0.00108   0.01280   0.01876   0.01831   0.01662   0.02579   0.02150   0.03045   0.01590   0.01602   0.02857   0.00069   0.00315   0.00297   0.02564   0.01223   0.00270   0.00467   0.00286   0.00479   0.00889   0.01330   0.00790   0.02742   0.01821   0.01352   0.01689   0.00353   0.00163   0.00243   0.00166   0.00097   0.00476   0.00181   0.00218   0.00912   0.00555   0.00184   0.00343   0.00000   0.00042   0.00209   0.00268   0.00069   0.00133   0.00119   0.00162   0.00326   0.00560   0.00056   0.00163   0.00208   0.01329   0.00399   5.62565   0.46308   0.90629   0.68832   6.68564   4.87112   0.04063  10.95459  
105  0.0071  18185.305895  x:  0.00668   0.00108   0.01280   0.01877   0.01831   0.01662   0.02579   0.02151   0.03045   0.01590   0.01602   0.02858   0.00069   0.00315   0.00296   0.02564   0.01223   0.00270   0.00467   0.00287   0.00479   0.00889   0.01330   0.00790   0.02743   0.01821   0.01352   0.01689   0.00353   0.00163   0.00243   0.00166   0.00097   0.00476   0.00181   0.00217   0.00912   0.00555   0.00184   0.00343   0.00000   0.00042   0.00208   0.00268   0.00069   0.00133   0.00119   0.00162   0.00326   0.00560   0.00056   0.00163   0.00208   0.01329   0.00399   5.62561   0.46302   0.90619   0.68816   6.68380   4.86980   0.04060  10.97428  
106  0.0049  18185.305836  x:  0.00668   0.00108   0.01280   0.01877   0.01831   0.01662   0.02579   0.02150   0.03045   0.01590   0.01602   0.02857   0.00069   0.00315   0.00296   0.02564   0.01223   0.00270   0.00467   0.00287   0.00479   0.00889   0.01330   0.00790   0.02742   0.01821   0.01352   0.01689   0.00353   0.00163   0.00243   0.00166   0.00096   0.00476   0.00181   0.00217   0.00912   0.00555   0.00184   0.00343   0.00000   0.00042   0.00209   0.00268   0.00069   0.00133   0.00119   0.00162   0.00326   0.00560   0.00056   0.00163   0.00208   0.01329   0.00399   5.62678   0.46297   0.90650   0.68827   6.67968   4.86545   0.04062  10.95618  
107  0.0078  18185.305813  x:  0.00668   0.00108   0.01280   0.01877   0.01831   0.01662   0.02579   0.02150   0.03045   0.01590   0.01601   0.02857   0.00069   0.00315   0.00296   0.02564   0.01223   0.00270   0.00467   0.00287   0.00479   0.00889   0.01330   0.00790   0.02743   0.01821   0.01352   0.01689   0.00353   0.00163   0.00243   0.00166   0.00096   0.00476   0.00181   0.00217   0.00912   0.00555   0.00184   0.00343   0.00000   0.00042   0.00208   0.00268   0.00069   0.00133   0.00119   0.00161   0.00326   0.00560   0.00056   0.00163   0.00208   0.01329   0.00399   5.62705   0.46292   0.90627   0.68803   6.67847   4.86452   0.04060  10.96477  
108  0.0038  18185.305812  x:  0.00668   0.00108   0.01280   0.01877   0.01831   0.01662   0.02579   0.02150   0.03045   0.01590   0.01601   0.02857   0.00069   0.00315   0.00296   0.02564   0.01223   0.00270   0.00467   0.00287   0.00479   0.00889   0.01330   0.00790   0.02743   0.01821   0.01352   0.01689   0.00353   0.00163   0.00243   0.00166   0.00096   0.00476   0.00181   0.00217   0.00912   0.00555   0.00184   0.00343   0.00000   0.00042   0.00208   0.00268   0.00069   0.00133   0.00119   0.00161   0.00326   0.00560   0.00056   0.00163   0.00208   0.01329   0.00399   5.62701   0.46293   0.90627   0.68804   6.67858   4.86457   0.04061  10.96198  
109  0.0036  18185.305810  x:  0.00668   0.00108   0.01280   0.01877   0.01831   0.01662   0.02579   0.02150   0.03045   0.01590   0.01602   0.02857   0.00069   0.00315   0.00297   0.02564   0.01223   0.00270   0.00467   0.00287   0.00479   0.00889   0.01330   0.00790   0.02743   0.01821   0.01352   0.01689   0.00353   0.00163   0.00243   0.00166   0.00096   0.00476   0.00181   0.00217   0.00912   0.00555   0.00184   0.00343   0.00000   0.00042   0.00208   0.00268   0.00069   0.00133   0.00119   0.00161   0.00326   0.00560   0.00056   0.00163   0.00208   0.01329   0.00399   5.62693   0.46294   0.90623   0.68804   6.67856   4.86450   0.04061  10.95919  
110  0.0039  18185.305809  x:  0.00668   0.00108   0.01280   0.01877   0.01831   0.01662   0.02579   0.02150   0.03045   0.01590   0.01602   0.02858   0.00069   0.00315   0.00297   0.02564   0.01223   0.00270   0.00467   0.00287   0.00479   0.00889   0.01330   0.00790   0.02743   0.01821   0.01352   0.01689   0.00353   0.00163   0.00243   0.00166   0.00096   0.00476   0.00181   0.00217   0.00912   0.00555   0.00184   0.00343   0.00000   0.00042   0.00209   0.00268   0.00069   0.00133   0.00119   0.00161   0.00326   0.00560   0.00056   0.00163   0.00208   0.01329   0.00399   5.62691   0.46295   0.90616   0.68800   6.67837   4.86426   0.04061  10.95534  
111  0.0038  18185.305806  x:  0.00668   0.00108   0.01280   0.01877   0.01831   0.01662   0.02579   0.02150   0.03045   0.01590   0.01602   0.02858   0.00069   0.00315   0.00297   0.02564   0.01223   0.00270   0.00467   0.00287   0.00479   0.00889   0.01330   0.00790   0.02743   0.01821   0.01352   0.01689   0.00353   0.00163   0.00243   0.00166   0.00096   0.00476   0.00181   0.00217   0.00912   0.00555   0.00184   0.00343   0.00000   0.00042   0.00209   0.00268   0.00069   0.00133   0.00119   0.00161   0.00326   0.00560   0.00056   0.00163   0.00208   0.01329   0.00399   5.62698   0.46294   0.90604   0.68790   6.67800   4.86390   0.04061  10.95099  
112  0.0026  18185.305801  x:  0.00668   0.00108   0.01280   0.01877   0.01831   0.01662   0.02579   0.02150   0.03045   0.01590   0.01602   0.02858   0.00069   0.00315   0.00297   0.02564   0.01223   0.00270   0.00467   0.00287   0.00479   0.00889   0.01330   0.00790   0.02743   0.01821   0.01352   0.01689   0.00353   0.00162   0.00244   0.00166   0.00096   0.00476   0.00181   0.00217   0.00912   0.00555   0.00184   0.00343   0.00000   0.00042   0.00209   0.00268   0.00069   0.00133   0.00119   0.00161   0.00326   0.00560   0.00056   0.00163   0.00208   0.01329   0.00399   5.62716   0.46293   0.90609   0.68792   6.67756   4.86352   0.04061  10.94759  
113  0.0012  18185.305800  x:  0.00668   0.00108   0.01280   0.01877   0.01831   0.01662   0.02579   0.02150   0.03045   0.01590   0.01602   0.02857   0.00069   0.00315   0.00297   0.02564   0.01223   0.00270   0.00467   0.00287   0.00479   0.00889   0.01330   0.00790   0.02743   0.01821   0.01352   0.01689   0.00353   0.00162   0.00244   0.00166   0.00096   0.00476   0.00181   0.00217   0.00912   0.00555   0.00184   0.00343   0.00000   0.00042   0.00208   0.00268   0.00069   0.00133   0.00119   0.00161   0.00326   0.00560   0.00056   0.00163   0.00208   0.01329   0.00399   5.62701   0.46294   0.90618   0.68801   6.67785   4.86382   0.04061  10.94784  
114  0.0003  18185.305800  x:  0.00668   0.00108   0.01280   0.01877   0.01831   0.01662   0.02579   0.02150   0.03045   0.01590   0.01602   0.02857   0.00069   0.00315   0.00297   0.02564   0.01223   0.00270   0.00467   0.00287   0.00479   0.00889   0.01330   0.00790   0.02743   0.01821   0.01352   0.01689   0.00353   0.00162   0.00244   0.00166   0.00096   0.00476   0.00181   0.00217   0.00912   0.00555   0.00184   0.00343   0.00000   0.00042   0.00208   0.00268   0.00069   0.00133   0.00119   0.00161   0.00326   0.00560   0.00056   0.00163   0.00208   0.01329   0.00399   5.62701   0.46294   0.90618   0.68801   6.67785   4.86382   0.04061  10.94784  
115  0.0010  18185.305800  x:  0.00668   0.00108   0.01280   0.01877   0.01831   0.01662   0.02579   0.02150   0.03045   0.01590   0.01602   0.02857   0.00069   0.00315   0.00297   0.02564   0.01223   0.00270   0.00467   0.00287   0.00479   0.00889   0.01330   0.00790   0.02743   0.01821   0.01352   0.01689   0.00353   0.00162   0.00244   0.00166   0.00096   0.00476   0.00181   0.00217   0.00912   0.00555   0.00184   0.00343   0.00000   0.00042   0.00208   0.00268   0.00069   0.00133   0.00119   0.00161   0.00326   0.00560   0.00056   0.00163   0.00208   0.01329   0.00399   5.62701   0.46294   0.90618   0.68801   6.67785   4.86382   0.04061  10.94784  
check convergence!
