

TREE # 1

  0  0.0000   4161.279447  x:  0.00648   0.00228   0.00360   0.00874   0.00179   0.00462   0.00885   0.02177   0.00442   0.00150   0.00369   0.00015   0.00079   0.00417   0.00228   0.02331   0.01273   0.00234   0.00146   0.00130   0.00491   0.00482   0.00238   0.00257   0.00181   0.00130   0.00138   0.00516   0.00103   0.00000   0.00018   0.00031   0.00103   0.93309   0.74214   1.20819   0.78544   1.39356   0.05377   0.21659  
  1 99.0000   4161.276753  x:  0.00648   0.00228   0.00360   0.00874   0.00179   0.00462   0.00885   0.02177   0.00442   0.00150   0.00369   0.00015   0.00079   0.00417   0.00228   0.02331   0.01273   0.00234   0.00146   0.00130   0.00491   0.00482   0.00238   0.00257   0.00181   0.00130   0.00138   0.00516   0.00103   0.00000   0.00018   0.00031   0.00103   0.93309   0.74214   1.20819   0.78544   1.39356   0.05377   0.21659  
  2 1665.0915   4160.969800  x:  0.00650   0.00221   0.00360   0.00873   0.00175   0.00463   0.00883   0.02178   0.00443   0.00148   0.00369   0.00000   0.00077   0.00416   0.00228   0.02331   0.01274   0.00235   0.00145   0.00129   0.00491   0.00482   0.00238   0.00256   0.00184   0.00131   0.00137   0.00516   0.00104   0.00000   0.00012   0.00017   0.00103   0.93310   0.74214   1.20819   0.78544   1.39356   0.05377   0.21657  
  3 7127.7888   4160.770677  x:  0.00652   0.00215   0.00360   0.00873   0.00172   0.00463   0.00881   0.02178   0.00444   0.00147   0.00369   0.00000   0.00077   0.00415   0.00229   0.02331   0.01275   0.00235   0.00144   0.00129   0.00491   0.00482   0.00238   0.00256   0.00184   0.00134   0.00136   0.00515   0.00104   0.00000   0.00005   0.00000   0.00103   0.93311   0.74214   1.20819   0.78544   1.39356   0.05377   0.21655  
  4 17393.6474   4160.705858  x:  0.00654   0.00207   0.00360   0.00873   0.00168   0.00464   0.00879   0.02178   0.00445   0.00146   0.00369   0.00000   0.00077   0.00413   0.00229   0.02331   0.01275   0.00235   0.00143   0.00129   0.00491   0.00482   0.00238   0.00255   0.00185   0.00137   0.00136   0.00515   0.00102   0.00000   0.00000   0.00000   0.00101   0.93312   0.74214   1.20820   0.78544   1.39357   0.05376   0.21652  
  5 5884.0234   4160.444393  x:  0.00684   0.00126   0.00361   0.00870   0.00150   0.00471   0.00852   0.02180   0.00458   0.00148   0.00367   0.00000   0.00076   0.00398   0.00230   0.02331   0.01287   0.00236   0.00146   0.00131   0.00489   0.00484   0.00238   0.00252   0.00179   0.00174   0.00139   0.00509   0.00132   0.00000   0.00000   0.00000   0.00134   0.93330   0.74216   1.20820   0.78544   1.39363   0.05370   0.21613  
  6 669.1109   4160.261877  x:  0.00770   0.00105   0.00360   0.00865   0.00202   0.00477   0.00791   0.02186   0.00462   0.00160   0.00367   0.00000   0.00076   0.00388   0.00223   0.02332   0.01313   0.00232   0.00151   0.00123   0.00487   0.00484   0.00237   0.00259   0.00226   0.00168   0.00133   0.00503   0.00121   0.00000   0.00000   0.00000   0.00120   0.93392   0.74221   1.20821   0.78542   1.39383   0.05350   0.21480  
  7 236.9113   4159.909247  x:  0.00927   0.00158   0.00361   0.00854   0.00190   0.00486   0.00671   0.02201   0.00470   0.00132   0.00367   0.00000   0.00076   0.00375   0.00233   0.02333   0.01371   0.00237   0.00129   0.00137   0.00484   0.00486   0.00238   0.00256   0.00187   0.00168   0.00132   0.00493   0.00129   0.00000   0.00000   0.00000   0.00132   0.93561   0.74234   1.20825   0.78538   1.39439   0.05295   0.21118  
  8 547.1221   4159.178838  x:  0.01016   0.00149   0.00360   0.00849   0.00110   0.00474   0.00632   0.02228   0.00443   0.00204   0.00371   0.00000   0.00077   0.00422   0.00227   0.02336   0.01441   0.00236   0.00210   0.00097   0.00491   0.00484   0.00239   0.00251   0.00152   0.00098   0.00162   0.00509   0.00127   0.00000   0.00000   0.00000   0.00122   0.93969   0.74265   1.20834   0.78527   1.39574   0.05162   0.20241  
  9 731.9785   4155.741396  x:  0.01103   0.00188   0.00362   0.00850   0.00014   0.00429   0.00687   0.02321   0.00370   0.00245   0.00382   0.00000   0.00078   0.00563   0.00232   0.02351   0.01639   0.00241   0.00265   0.00215   0.00515   0.00480   0.00242   0.00234   0.00249   0.00148   0.00151   0.00568   0.00124   0.00000   0.00000   0.00000   0.00134   0.95594   0.74390   1.20868   0.78484   1.40113   0.04630   0.16744  
 10 3861.9041   4136.921673  x:  0.01299   0.00069   0.00395   0.00860   0.00080   0.00301   0.00960   0.02759   0.00220   0.00101   0.00410   0.00000   0.00086   0.01105   0.00419   0.02426   0.02553   0.00352   0.00291   0.00440   0.00612   0.00473   0.00290   0.00028   0.00223   0.00048   0.00081   0.00815   0.00099   0.00000   0.00000   0.00000   0.00132   1.03371   0.74987   1.21034   0.78280   1.42691   0.02083   0.00000  
 11 41406.2750   4136.822542  x:  0.01308   0.00064   0.00396   0.00861   0.00082   0.00296   0.00974   0.02782   0.00216   0.00093   0.00411   0.00000   0.00087   0.01132   0.00429   0.02430   0.02600   0.00358   0.00290   0.00448   0.00617   0.00473   0.00292   0.00037   0.00222   0.00044   0.00079   0.00827   0.00099   0.00000   0.00000   0.00000   0.00132   1.03782   0.75019   1.21042   0.78269   1.42827   0.01948   0.00000  
 12 20496.9336   4136.013916  x:  0.01347   0.00085   0.00410   0.00872   0.00084   0.00317   0.01072   0.02963   0.00304   0.00086   0.00418   0.00000   0.00089   0.01311   0.00485   0.02467   0.02968   0.00388   0.00259   0.00391   0.00644   0.00480   0.00302   0.00041   0.00250   0.00082   0.00116   0.00901   0.00125   0.00000   0.00000   0.00000   0.00122   1.07262   0.75286   1.21116   0.78178   1.43983   0.00807   0.00000  
 13 10404.0127   4135.348937  x:  0.01350   0.00089   0.00407   0.00885   0.00078   0.00369   0.01110   0.03066   0.00305   0.00158   0.00414   0.00000   0.00091   0.01365   0.00463   0.02493   0.03173   0.00363   0.00184   0.00370   0.00638   0.00492   0.00285   0.00043   0.00239   0.00085   0.00060   0.00907   0.00099   0.00000   0.00000   0.00000   0.00154   1.09784   0.75480   1.21169   0.78113   1.44822  -0.00022   0.00000  
 14 7492.0387   4134.586162  x:  0.01341   0.00082   0.00395   0.00903   0.00069   0.00414   0.01132   0.03168   0.00255   0.00181   0.00407   0.00000   0.00093   0.01381   0.00390   0.02524   0.03376   0.00306   0.00101   0.00375   0.00616   0.00504   0.00256   0.00042   0.00243   0.00070   0.00131   0.00881   0.00082   0.00000   0.00000   0.00000   0.00172   1.12903   0.75719   1.21235   0.78032   1.45861  -0.01048   0.00000  
 15 13837.8651   4132.817921  x:  0.01291   0.00098   0.00365   0.00937   0.00047   0.00437   0.01123   0.03330   0.00201   0.00116   0.00393   0.00000   0.00097   0.01329   0.00201   0.02581   0.03706   0.00191   0.00160   0.00370   0.00554   0.00520   0.00219   0.00038   0.00243   0.00066   0.00098   0.00777   0.00152   0.00000   0.00000   0.00000   0.00127   1.19365   0.76215   1.21371   0.77865   1.48015  -0.03176   0.00000  
 16 15561.1198   4130.748601  x:  0.01217   0.00117   0.00342   0.00961   0.00031   0.00326   0.01046   0.03437   0.00273   0.00140   0.00391   0.00000   0.00102   0.01185   0.00154   0.02629   0.03955   0.00243   0.00282   0.00461   0.00494   0.00508   0.00257   0.00036   0.00269   0.00031   0.00127   0.00620   0.00070   0.00000   0.00000   0.00000   0.00213   1.27067   0.76806   1.21532   0.77667   1.50586  -0.05715   0.00000  
 17 14550.7589   4129.251520  x:  0.01150   0.00146   0.00340   0.00968   0.00018   0.00248   0.00946   0.03474   0.00173   0.00192   0.00398   0.00000   0.00105   0.01061   0.00284   0.02654   0.04084   0.00307   0.00336   0.00455   0.00478   0.00490   0.00284   0.00039   0.00307   0.00049   0.00141   0.00520   0.00082   0.00000   0.00000   0.00000   0.00218   1.33031   0.77263   1.21656   0.77514   1.52577  -0.07683   0.00000  
 18 24022.3080   4128.435893  x:  0.01148   0.00142   0.00359   0.00956   0.00014   0.00298   0.00899   0.03433   0.00189   0.00237   0.00413   0.00000   0.00107   0.01031   0.00344   0.02646   0.04060   0.00309   0.00357   0.00532   0.00526   0.00471   0.00272   0.00038   0.00313   0.00021   0.00153   0.00560   0.00130   0.00000   0.00000   0.00000   0.00174   1.35904   0.77483   1.21716   0.77441   1.53538  -0.08631   0.00000  
 19 9239.7482   4126.972977  x:  0.01165   0.00148   0.00399   0.00910   0.00000   0.00363   0.00787   0.03280   0.00163   0.00190   0.00444   0.00000   0.00111   0.01083   0.00358   0.02602   0.03921   0.00295   0.00411   0.00512   0.00658   0.00440   0.00244   0.00037   0.00336   0.00029   0.00154   0.00755   0.00077   0.00000   0.00000   0.00000   0.00232   1.40720   0.77852   1.21816   0.77319   1.55150  -0.10223   0.00000  
 20 9640.1212   4126.972977  x:  0.01165   0.00148   0.00399   0.00910   0.00000   0.00363   0.00787   0.03280   0.00163   0.00190   0.00444   0.00000   0.00111   0.01083   0.00358   0.02602   0.03921   0.00295   0.00411   0.00512   0.00658   0.00440   0.00244   0.00037   0.00336   0.00029   0.00154   0.00755   0.00077   0.00000   0.00000   0.00000   0.00232   1.40720   0.77852   1.21816   0.77319   1.55150  -0.10223   0.00000  
 21 5048.7672   4121.314965  x:  0.01151   0.00142   0.00397   0.00916   0.00275   0.00381   0.00789   0.03268   0.00257   0.00177   0.00438   0.00000   0.00118   0.01056   0.00347   0.02603   0.03894   0.00290   0.00381   0.00480   0.00648   0.00448   0.00246   0.00293   0.00326   0.00178   0.00147   0.00743   0.00106   0.00000   0.00000   0.00000   0.00213   1.40721   0.77852   1.21816   0.77319   1.55151  -0.10224   0.00000  
 22 7582.8158   4115.121237  x:  0.01024   0.00103   0.00379   0.00921   0.00175   0.00517   0.00808   0.03160   0.00677   0.00072   0.00394   0.00000   0.00158   0.00817   0.00248   0.02589   0.03649   0.00247   0.00121   0.00191   0.00568   0.00510   0.00254   0.00342   0.00246   0.00128   0.00099   0.00633   0.00199   0.00000   0.00000   0.00000   0.00056   1.40734   0.77852   1.21815   0.77321   1.55162  -0.10235   0.00000  
 23 1578.2970   4113.759379  x:  0.00968   0.00118   0.00374   0.00923   0.00148   0.00551   0.00814   0.03107   0.00760   0.00127   0.00381   0.00000   0.00148   0.00705   0.00229   0.02582   0.03524   0.00241   0.00063   0.00085   0.00538   0.00526   0.00254   0.00355   0.00231   0.00133   0.00118   0.00589   0.00186   0.00000   0.00000   0.00000   0.00155   1.40740   0.77853   1.21815   0.77322   1.55167  -0.10240   0.00000  
 24 2000.9092   4111.782981  x:  0.00819   0.00147   0.00366   0.00928   0.00112   0.00603   0.00824   0.02955   0.00872   0.00161   0.00360   0.00000   0.00110   0.00405   0.00220   0.02562   0.03164   0.00244   0.00228   0.00048   0.00473   0.00553   0.00251   0.00365   0.00228   0.00155   0.00150   0.00485   0.00110   0.00000   0.00000   0.00000   0.00170   1.40759   0.77853   1.21813   0.77324   1.55184  -0.10257   0.00000  
 25 1579.5368   4110.907502  x:  0.00742   0.00151   0.00364   0.00930   0.00107   0.00623   0.00828   0.02864   0.00911   0.00174   0.00354   0.00000   0.00108   0.00258   0.00223   0.02549   0.02947   0.00246   0.00220   0.00137   0.00446   0.00562   0.00249   0.00363   0.00232   0.00158   0.00154   0.00440   0.00095   0.00000   0.00000   0.00000   0.00189   1.40771   0.77854   1.21813   0.77325   1.55194  -0.10267   0.00000  
 26 2773.7818   4108.370164  x:  0.00560   0.00120   0.00372   0.00932   0.00196   0.00584   0.00826   0.02546   0.00772   0.00143   0.00377   0.00000   0.00149   0.00138   0.00307   0.02506   0.02151   0.00276   0.00170   0.00084   0.00443   0.00540   0.00240   0.00290   0.00296   0.00144   0.00121   0.00409   0.00165   0.00000   0.00000   0.00000   0.00159   1.40815   0.77855   1.21810   0.77330   1.55233  -0.10305   0.00000  
 27 1288.3789   4106.451131  x:  0.00443   0.00132   0.00372   0.00932   0.00195   0.00581   0.00827   0.02263   0.00740   0.00134   0.00375   0.00000   0.00119   0.00251   0.00299   0.02466   0.01433   0.00272   0.00141   0.00090   0.00426   0.00537   0.00240   0.00292   0.00290   0.00156   0.00133   0.00377   0.00118   0.00000   0.00000   0.00000   0.00137   1.40857   0.77857   1.21808   0.77335   1.55270  -0.10341   0.00000  
 28 3011.2074   4105.905161  x:  0.00568   0.00126   0.00371   0.00925   0.00164   0.00572   0.00822   0.02167   0.00720   0.00137   0.00368   0.00000   0.00131   0.00229   0.00253   0.02450   0.01189   0.00252   0.00151   0.00091   0.00447   0.00532   0.00245   0.00332   0.00252   0.00154   0.00126   0.00431   0.00132   0.00000   0.00000   0.00000   0.00141   1.40880   0.77857   1.21806   0.77337   1.55289  -0.10360   0.00000  
 29 792.8861   4105.892569  x:  0.00579   0.00130   0.00371   0.00922   0.00166   0.00571   0.00820   0.02158   0.00721   0.00134   0.00368   0.00000   0.00120   0.00225   0.00259   0.02446   0.01187   0.00257   0.00145   0.00090   0.00449   0.00532   0.00243   0.00332   0.00259   0.00151   0.00131   0.00430   0.00123   0.00000   0.00000   0.00000   0.00137   1.40888   0.77858   1.21806   0.77338   1.55297  -0.10367   0.00000  
 30 90.8725   4105.868213  x:  0.00596   0.00128   0.00371   0.00910   0.00166   0.00570   0.00811   0.02118   0.00736   0.00138   0.00365   0.00000   0.00130   0.00232   0.00274   0.02430   0.01196   0.00267   0.00149   0.00091   0.00451   0.00532   0.00239   0.00329   0.00273   0.00151   0.00130   0.00417   0.00125   0.00000   0.00000   0.00000   0.00140   1.40933   0.77859   1.21804   0.77343   1.55336  -0.10406   0.00000  
 31 84.0175   4105.816985  x:  0.00595   0.00123   0.00372   0.00890   0.00172   0.00563   0.00797   0.02034   0.00740   0.00134   0.00369   0.00000   0.00111   0.00233   0.00266   0.02392   0.01225   0.00257   0.00153   0.00093   0.00453   0.00530   0.00247   0.00319   0.00263   0.00156   0.00123   0.00419   0.00136   0.00000   0.00000   0.00000   0.00146   1.41054   0.77863   1.21797   0.77355   1.55443  -0.10512   0.00000  
 32 184.9763   4105.771658  x:  0.00587   0.00131   0.00372   0.00879   0.00175   0.00557   0.00789   0.01971   0.00732   0.00134   0.00372   0.00000   0.00129   0.00229   0.00255   0.02361   0.01250   0.00249   0.00148   0.00091   0.00454   0.00527   0.00249   0.00318   0.00252   0.00155   0.00132   0.00430   0.00121   0.00000   0.00000   0.00000   0.00140   1.41174   0.77867   1.21791   0.77367   1.55549  -0.10615   0.00000  
 33 549.4872   4105.660268  x:  0.00568   0.00125   0.00366   0.00898   0.00147   0.00566   0.00807   0.01920   0.00705   0.00153   0.00360   0.00000   0.00122   0.00227   0.00250   0.02315   0.01272   0.00268   0.00143   0.00089   0.00442   0.00529   0.00222   0.00366   0.00259   0.00136   0.00126   0.00449   0.00128   0.00000   0.00000   0.00000   0.00126   1.41503   0.77879   1.21774   0.77401   1.55840  -0.10901   0.00000  
 34 330.2626   4105.353440  x:  0.00567   0.00127   0.00359   0.00958   0.00113   0.00598   0.00857   0.01888   0.00672   0.00090   0.00345   0.00000   0.00131   0.00226   0.00264   0.02237   0.01288   0.00274   0.00141   0.00088   0.00429   0.00539   0.00244   0.00398   0.00271   0.00154   0.00127   0.00445   0.00132   0.00000   0.00000   0.00000   0.00153   1.42377   0.77909   1.21729   0.77489   1.56611  -0.11659   0.00000  
 35 1199.2397   4104.047990  x:  0.00629   0.00126   0.00357   0.01204   0.00148   0.00724   0.01052   0.01861   0.00621   0.00171   0.00337   0.00000   0.00124   0.00229   0.00300   0.01934   0.01300   0.00221   0.00125   0.00085   0.00423   0.00577   0.00363   0.00349   0.00263   0.00176   0.00124   0.00384   0.00128   0.00000   0.00000   0.00000   0.00098   1.46654   0.78055   1.21507   0.77924   1.60388  -0.15370   0.00000  
 36 5352.3899   4101.802338  x:  0.00644   0.00124   0.00380   0.01358   0.00276   0.00756   0.01155   0.01908   0.00713   0.00120   0.00402   0.00000   0.00123   0.00248   0.00225   0.01678   0.01270   0.00276   0.00170   0.00096   0.00476   0.00569   0.00222   0.00251   0.00228   0.00066   0.00132   0.00413   0.00117   0.00000   0.00000   0.00000   0.00166   1.53161   0.78277   1.21169   0.78585   1.66134  -0.21017   0.00000  
 37 9542.9938   4100.029092  x:  0.00635   0.00130   0.00392   0.01392   0.00256   0.00710   0.01160   0.01960   0.00773   0.00125   0.00436   0.00000   0.00122   0.00242   0.00196   0.01564   0.01242   0.00315   0.00162   0.00097   0.00511   0.00537   0.00099   0.00177   0.00236   0.00205   0.00131   0.00468   0.00118   0.00000   0.00000   0.00000   0.00158   1.58922   0.78473   1.20870   0.79171   1.71221  -0.26016   0.00000  
 38 26675.5929   4092.237479  x:  0.00481   0.00139   0.00420   0.01244   0.00114   0.00316   0.00931   0.02191   0.01034   0.00191   0.00532   0.00000   0.00119   0.00221   0.00225   0.01403   0.01107   0.00501   0.00171   0.00102   0.00620   0.00349   0.00356   0.00252   0.00347   0.00273   0.00132   0.00688   0.00113   0.00000   0.00000   0.00000   0.00147   1.84929   0.79359   1.19518   0.81817   1.94185  -0.48582   0.00000  
 39 45565.2680   4081.581790  x:  0.00480   0.00087   0.00306   0.00755   0.00110   0.00423   0.00511   0.02265   0.00820   0.00140   0.00309   0.00000   0.00119   0.00202   0.00407   0.01882   0.01015   0.00160   0.00144   0.00084   0.00407   0.00574   0.00206   0.00355   0.00206   0.00173   0.00127   0.00503   0.00100   0.00000   0.00000   0.00000   0.00140   2.15866   0.80411   1.17908   0.84968   2.21499  -0.75422   0.00000  
 40 37284.0608   4080.032810  x:  0.00507   0.00234   0.00337   0.00657   0.00128   0.00515   0.00566   0.02197   0.00738   0.00137   0.00309   0.00000   0.00116   0.00200   0.00259   0.02126   0.01022   0.00265   0.00133   0.00085   0.00369   0.00566   0.00234   0.00340   0.00224   0.00178   0.00111   0.00399   0.00170   0.00000   0.00000   0.00000   0.00117   2.21359   0.80596   1.17621   0.85530   2.26346  -0.80184   0.00000  
 41 18526.4575   4079.177903  x:  0.00520   0.00120   0.00363   0.00663   0.00130   0.00552   0.00666   0.02108   0.00717   0.00135   0.00344   0.00000   0.00119   0.00196   0.00175   0.02338   0.01042   0.00287   0.00125   0.00080   0.00398   0.00515   0.00246   0.00335   0.00277   0.00189   0.00121   0.00356   0.00120   0.00000   0.00000   0.00000   0.00117   2.23840   0.80678   1.17490   0.85785   2.28532  -0.82332   0.00000  
 42 8836.8533   4078.720342  x:  0.00518   0.00138   0.00370   0.00747   0.00129   0.00559   0.00776   0.01999   0.00763   0.00141   0.00367   0.00000   0.00118   0.00202   0.00249   0.02553   0.01066   0.00271   0.00136   0.00084   0.00429   0.00455   0.00236   0.00327   0.00243   0.00184   0.00121   0.00407   0.00125   0.00000   0.00000   0.00000   0.00125   2.25350   0.80727   1.17408   0.85943   2.29858  -0.83635   0.00000  
 43 3801.4083   4078.661489  x:  0.00522   0.00146   0.00352   0.00799   0.00137   0.00520   0.00772   0.01977   0.00773   0.00140   0.00343   0.00000   0.00117   0.00204   0.00234   0.02592   0.01071   0.00265   0.00137   0.00085   0.00417   0.00475   0.00236   0.00317   0.00260   0.00182   0.00119   0.00411   0.00127   0.00000   0.00000   0.00000   0.00127   2.25538   0.80731   1.17396   0.85966   2.30019  -0.83792   0.00000  
 44 503.7532   4078.656074  x:  0.00524   0.00143   0.00355   0.00810   0.00135   0.00513   0.00765   0.01974   0.00771   0.00140   0.00348   0.00000   0.00117   0.00203   0.00235   0.02596   0.01072   0.00273   0.00136   0.00084   0.00416   0.00481   0.00236   0.00318   0.00250   0.00183   0.00122   0.00405   0.00128   0.00000   0.00000   0.00000   0.00126   2.25558   0.80730   1.17394   0.85970   2.30032  -0.83805   0.00000  
 45 79.2050   4078.638401  x:  0.00524   0.00147   0.00362   0.00820   0.00133   0.00515   0.00754   0.01972   0.00769   0.00140   0.00356   0.00000   0.00118   0.00203   0.00234   0.02599   0.01073   0.00272   0.00136   0.00084   0.00420   0.00483   0.00236   0.00320   0.00250   0.00183   0.00106   0.00401   0.00121   0.00000   0.00000   0.00000   0.00127   2.25576   0.80725   1.17388   0.85979   2.30036  -0.83809   0.00061  
 46 53.6036   4078.580778  x:  0.00522   0.00151   0.00373   0.00838   0.00130   0.00532   0.00729   0.01970   0.00769   0.00141   0.00367   0.00000   0.00117   0.00203   0.00229   0.02603   0.01073   0.00261   0.00137   0.00085   0.00429   0.00479   0.00235   0.00324   0.00265   0.00182   0.00123   0.00402   0.00132   0.00000   0.00000   0.00000   0.00125   2.25616   0.80710   1.17369   0.86009   2.30031  -0.83801   0.00298  
 47 343.2745   4078.545794  x:  0.00523   0.00141   0.00357   0.00825   0.00136   0.00533   0.00741   0.01972   0.00771   0.00141   0.00347   0.00000   0.00117   0.00204   0.00233   0.02600   0.01073   0.00280   0.00137   0.00085   0.00418   0.00475   0.00240   0.00315   0.00252   0.00185   0.00122   0.00412   0.00126   0.00000   0.00000   0.00000   0.00126   2.25634   0.80698   1.17356   0.86027   2.30019  -0.83788   0.00451  
 48 237.6959   4078.537694  x:  0.00524   0.00143   0.00355   0.00812   0.00135   0.00515   0.00762   0.01974   0.00771   0.00140   0.00351   0.00000   0.00117   0.00203   0.00234   0.02597   0.01072   0.00273   0.00136   0.00084   0.00417   0.00482   0.00236   0.00318   0.00251   0.00183   0.00122   0.00404   0.00128   0.00000   0.00000   0.00000   0.00126   2.25641   0.80694   1.17351   0.86035   2.30014  -0.83782   0.00487  
 49 67.8391   4078.536620  x:  0.00523   0.00143   0.00362   0.00811   0.00135   0.00515   0.00764   0.01973   0.00771   0.00141   0.00349   0.00000   0.00117   0.00203   0.00235   0.02598   0.01072   0.00273   0.00137   0.00084   0.00418   0.00488   0.00237   0.00317   0.00252   0.00184   0.00122   0.00408   0.00128   0.00000   0.00000   0.00000   0.00126   2.25650   0.80689   1.17345   0.86044   2.30012  -0.83780   0.00488  
 50 13.4762   4078.485351  x:  0.00519   0.00143   0.00327   0.00804   0.00134   0.00529   0.00765   0.01972   0.00773   0.00143   0.00376   0.00000   0.00118   0.00204   0.00237   0.02603   0.01073   0.00284   0.00138   0.00085   0.00440   0.00531   0.00243   0.00316   0.00257   0.00188   0.00122   0.00424   0.00127   0.00000   0.00000   0.00000   0.00126   2.26346   0.80335   1.16946   0.86653   2.29857  -0.83584   0.00479  
 51 30.3118   4075.134989  x:  0.00537   0.00142   0.00344   0.00801   0.00137   0.00513   0.00758   0.02018   0.00746   0.00140   0.00353   0.00000   0.00119   0.00213   0.00237   0.02653   0.01114   0.00276   0.00134   0.00086   0.00447   0.00499   0.00240   0.00321   0.00253   0.00183   0.00121   0.00418   0.00129   0.00000   0.00000   0.00000   0.00123   2.58028   0.64221   0.98753   1.14357   2.22797  -0.74677   0.00000  
 52 2168.5002   4075.123968  x:  0.00541   0.00141   0.00346   0.00801   0.00138   0.00514   0.00758   0.02018   0.00747   0.00140   0.00368   0.00000   0.00119   0.00214   0.00238   0.02654   0.01114   0.00275   0.00134   0.00086   0.00422   0.00499   0.00241   0.00319   0.00257   0.00184   0.00121   0.00426   0.00128   0.00000   0.00000   0.00000   0.00124   2.58176   0.64146   0.98668   1.14485   2.22763  -0.74635   0.00000  
 53 514.1770   4073.984458  x:  0.00575   0.00135   0.00347   0.00794   0.00140   0.00503   0.00753   0.02073   0.00691   0.00134   0.00365   0.00000   0.00121   0.00233   0.00241   0.02717   0.01182   0.00267   0.00127   0.00088   0.00431   0.00494   0.00242   0.00323   0.00254   0.00178   0.00120   0.00437   0.00130   0.00000   0.00000   0.00000   0.00119   2.99007   0.86201   0.98700   1.10639   2.11271  -0.57059   0.00000  
 54  3.6908   4070.737287  x:  0.00754   0.00102   0.00350   0.00838   0.00175   0.00527   0.00768   0.02323   0.00352   0.00093   0.00350   0.00000   0.00128   0.00331   0.00244   0.02559   0.01497   0.00211   0.00089   0.00101   0.00475   0.00506   0.00234   0.00337   0.00231   0.00139   0.00113   0.00471   0.00136   0.00000   0.00000   0.00000   0.00094   3.36289   0.63823   1.01165   1.16266   2.44557  -0.51685   0.00000  
 55  0.8491   4070.732359  x:  0.00757   0.00101   0.00351   0.00838   0.00175   0.00527   0.00768   0.02326   0.00348   0.00092   0.00350   0.00000   0.00128   0.00332   0.00244   0.02557   0.01501   0.00210   0.00089   0.00101   0.00475   0.00506   0.00234   0.00337   0.00230   0.00138   0.00113   0.00471   0.00136   0.00000   0.00000   0.00000   0.00094   3.36782   0.63529   1.01199   1.16341   2.44994  -0.51612   0.00119  
 56 50.0242   4068.795820  x:  0.00831   0.00116   0.00355   0.00864   0.00134   0.00496   0.00768   0.02294   0.00568   0.00126   0.00336   0.00000   0.00115   0.00395   0.00237   0.02442   0.01461   0.00215   0.00142   0.00138   0.00481   0.00491   0.00250   0.00306   0.00227   0.00114   0.00119   0.00484   0.00110   0.00000   0.00000   0.00000   0.00136   3.97419   0.43486   1.13861   1.31898   2.81736  -0.32466   0.00869  
 57  0.8370   4067.991965  x:  0.00869   0.00122   0.00362   0.00890   0.00117   0.00482   0.00774   0.02276   0.00641   0.00138   0.00332   0.00000   0.00111   0.00433   0.00234   0.02340   0.01428   0.00218   0.00162   0.00155   0.00478   0.00478   0.00256   0.00287   0.00226   0.00101   0.00121   0.00489   0.00099   0.00000   0.00000   0.00000   0.00152   4.19837   0.72507   1.07457   1.68930   3.10677  -0.26439   0.01611  
 58  3.3899   4066.848207  x:  0.00792   0.00118   0.00359   0.00882   0.00115   0.00447   0.00761   0.02045   0.00512   0.00127   0.00362   0.00000   0.00120   0.00458   0.00246   0.02293   0.01151   0.00251   0.00128   0.00148   0.00467   0.00460   0.00259   0.00231   0.00239   0.00113   0.00119   0.00496   0.00125   0.00000   0.00000   0.00000   0.00130   4.82290   0.69993   1.62676   2.11990   3.55232  -0.04109   0.01842  
 59  0.9500   4066.119382  x:  0.00732   0.00121   0.00343   0.00874   0.00083   0.00469   0.00770   0.02100   0.00409   0.00118   0.00373   0.00000   0.00123   0.00458   0.00244   0.02280   0.01232   0.00255   0.00099   0.00133   0.00473   0.00478   0.00248   0.00227   0.00240   0.00122   0.00118   0.00507   0.00127   0.00000   0.00000   0.00000   0.00106   5.26229   0.60799   1.32250   2.06959   3.99872   0.10561   0.02351  
 60  0.6529   4065.775725  x:  0.00711   0.00116   0.00348   0.00867   0.00084   0.00484   0.00781   0.02263   0.00458   0.00113   0.00360   0.00000   0.00120   0.00437   0.00239   0.02338   0.01416   0.00227   0.00119   0.00122   0.00475   0.00477   0.00234   0.00206   0.00238   0.00108   0.00120   0.00499   0.00114   0.00000   0.00000   0.00000   0.00117   5.56558   0.60478   1.54807   2.27057   4.34406   0.23098   0.02635  
 61  0.4424   4065.541595  x:  0.00670   0.00117   0.00353   0.00865   0.00082   0.00477   0.00773   0.02206   0.00475   0.00119   0.00347   0.00000   0.00116   0.00381   0.00238   0.02372   0.01314   0.00236   0.00126   0.00109   0.00473   0.00477   0.00223   0.00211   0.00236   0.00105   0.00119   0.00475   0.00112   0.00000   0.00000   0.00000   0.00126   5.92291   0.57854   1.49695   2.35687   4.79158   0.40986   0.02509  
 62  0.2865   4065.399483  x:  0.00708   0.00123   0.00353   0.00866   0.00084   0.00467   0.00766   0.02189   0.00486   0.00124   0.00355   0.00000   0.00117   0.00352   0.00237   0.02337   0.01294   0.00246   0.00113   0.00110   0.00471   0.00474   0.00233   0.00215   0.00234   0.00118   0.00116   0.00482   0.00119   0.00000   0.00000   0.00000   0.00120   6.13458   0.59756   1.62422   2.56020   5.22251   0.51394   0.03094  
 63  0.3605   4065.317207  x:  0.00740   0.00119   0.00349   0.00865   0.00106   0.00479   0.00773   0.02193   0.00466   0.00121   0.00364   0.00000   0.00121   0.00335   0.00239   0.02314   0.01313   0.00238   0.00117   0.00118   0.00470   0.00476   0.00238   0.00239   0.00240   0.00117   0.00118   0.00489   0.00120   0.00000   0.00000   0.00000   0.00119   6.11655   0.60778   1.68911   2.61887   5.42696   0.56459   0.02948  
 64  0.1356   4065.244636  x:  0.00736   0.00108   0.00348   0.00861   0.00112   0.00462   0.00775   0.02200   0.00485   0.00113   0.00359   0.00000   0.00120   0.00348   0.00241   0.02355   0.01339   0.00234   0.00117   0.00124   0.00478   0.00470   0.00238   0.00256   0.00240   0.00120   0.00118   0.00496   0.00117   0.00000   0.00000   0.00000   0.00116   6.11183   0.58097   1.61781   2.60605   5.80129   0.62587   0.03184  
 65  0.1533   4065.179593  x:  0.00715   0.00130   0.00349   0.00869   0.00109   0.00482   0.00779   0.02208   0.00498   0.00117   0.00350   0.00000   0.00118   0.00371   0.00237   0.02345   0.01327   0.00235   0.00118   0.00129   0.00472   0.00478   0.00242   0.00268   0.00226   0.00131   0.00116   0.00494   0.00121   0.00000   0.00000   0.00000   0.00113   5.99903   0.58858   1.59707   2.60541   6.08508   0.66717   0.03140  
 66  0.1931   4065.100273  x:  0.00686   0.00113   0.00350   0.00866   0.00119   0.00475   0.00764   0.02192   0.00495   0.00121   0.00354   0.00000   0.00120   0.00402   0.00247   0.02331   0.01285   0.00242   0.00114   0.00123   0.00469   0.00477   0.00238   0.00262   0.00248   0.00127   0.00116   0.00481   0.00120   0.00000   0.00000   0.00000   0.00115   5.81777   0.61988   1.60517   2.64549   6.60798   0.73687   0.03207  
 67  0.2661   4065.021452  x:  0.00704   0.00123   0.00349   0.00854   0.00112   0.00467   0.00770   0.02201   0.00472   0.00121   0.00365   0.00000   0.00119   0.00395   0.00231   0.02341   0.01329   0.00235   0.00120   0.00109   0.00469   0.00471   0.00232   0.00251   0.00230   0.00119   0.00118   0.00485   0.00121   0.00000   0.00000   0.00000   0.00122   5.73078   0.61916   1.59090   2.65951   7.37328   0.86374   0.03430  
 68  0.2923   4064.973920  x:  0.00726   0.00116   0.00349   0.00860   0.00094   0.00473   0.00776   0.02203   0.00482   0.00122   0.00360   0.00000   0.00118   0.00377   0.00235   0.02342   0.01331   0.00237   0.00114   0.00108   0.00473   0.00475   0.00236   0.00239   0.00235   0.00124   0.00120   0.00487   0.00115   0.00000   0.00000   0.00000   0.00122   5.61039   0.61604   1.55148   2.59051   7.78686   0.94081   0.03257  
 69  0.2952   4064.951194  x:  0.00726   0.00119   0.00349   0.00868   0.00102   0.00480   0.00775   0.02194   0.00481   0.00119   0.00354   0.00000   0.00118   0.00367   0.00241   0.02335   0.01300   0.00237   0.00114   0.00115   0.00472   0.00478   0.00237   0.00228   0.00239   0.00116   0.00118   0.00487   0.00117   0.00000   0.00000   0.00000   0.00119   5.56341   0.61562   1.52248   2.56964   8.31885   1.03830   0.03342  
 70  0.3870   4064.940215  x:  0.00718   0.00119   0.00349   0.00867   0.00094   0.00471   0.00770   0.02193   0.00477   0.00119   0.00355   0.00000   0.00119   0.00363   0.00240   0.02340   0.01304   0.00241   0.00117   0.00121   0.00471   0.00474   0.00235   0.00238   0.00239   0.00114   0.00116   0.00490   0.00119   0.00000   0.00000   0.00000   0.00117   5.54262   0.61810   1.53928   2.55906   8.71441   1.11731   0.03363  
 71  0.3303   4064.930249  x:  0.00706   0.00117   0.00349   0.00862   0.00099   0.00470   0.00771   0.02199   0.00475   0.00117   0.00361   0.00000   0.00120   0.00361   0.00238   0.02343   0.01320   0.00237   0.00119   0.00124   0.00471   0.00473   0.00239   0.00229   0.00234   0.00120   0.00117   0.00489   0.00120   0.00000   0.00000   0.00000   0.00116   5.54609   0.61370   1.53227   2.50471   9.22299   1.22973   0.03329  
 72  0.2715   4064.913518  x:  0.00703   0.00117   0.00348   0.00865   0.00096   0.00485   0.00777   0.02206   0.00481   0.00118   0.00358   0.00000   0.00119   0.00363   0.00241   0.02321   0.01322   0.00232   0.00115   0.00122   0.00472   0.00478   0.00236   0.00236   0.00240   0.00118   0.00119   0.00482   0.00115   0.00000   0.00000   0.00000   0.00118   5.62760   0.59808   1.51554   2.38649  10.46268   1.50568   0.03416  
 73  0.3990   4064.900340  x:  0.00712   0.00120   0.00349   0.00864   0.00100   0.00470   0.00770   0.02198   0.00482   0.00120   0.00356   0.00000   0.00119   0.00369   0.00239   0.02331   0.01314   0.00240   0.00115   0.00119   0.00474   0.00473   0.00235   0.00236   0.00239   0.00115   0.00118   0.00488   0.00119   0.00000   0.00000   0.00000   0.00118   5.65671   0.58411   1.49256   2.24181  11.47093   1.72994   0.03376  
 74  0.6776   4064.897540  x:  0.00716   0.00117   0.00350   0.00866   0.00099   0.00473   0.00772   0.02194   0.00478   0.00120   0.00357   0.00000   0.00119   0.00370   0.00239   0.02335   0.01311   0.00239   0.00117   0.00118   0.00472   0.00474   0.00237   0.00236   0.00236   0.00118   0.00117   0.00488   0.00119   0.00000   0.00000   0.00000   0.00119   5.65891   0.57613   1.48916   2.17692  12.05489   1.85308   0.03405  
 75  0.5317   4064.897000  x:  0.00716   0.00118   0.00350   0.00865   0.00099   0.00473   0.00772   0.02197   0.00479   0.00119   0.00357   0.00000   0.00119   0.00369   0.00239   0.02335   0.01312   0.00237   0.00116   0.00118   0.00471   0.00474   0.00236   0.00236   0.00237   0.00118   0.00117   0.00488   0.00118   0.00000   0.00000   0.00000   0.00118   5.65135   0.57094   1.48729   2.14455  12.34893   1.91429   0.03408  
 76  0.2400   4064.896928  x:  0.00715   0.00118   0.00349   0.00865   0.00099   0.00474   0.00772   0.02198   0.00479   0.00119   0.00357   0.00000   0.00119   0.00368   0.00239   0.02334   0.01312   0.00238   0.00117   0.00119   0.00471   0.00474   0.00236   0.00236   0.00237   0.00118   0.00117   0.00488   0.00119   0.00000   0.00000   0.00000   0.00118   5.64617   0.57058   1.48493   2.14175  12.42839   1.93015   0.03410  
 77  0.0530   4064.896789  x:  0.00714   0.00118   0.00350   0.00865   0.00099   0.00473   0.00772   0.02195   0.00480   0.00120   0.00357   0.00000   0.00119   0.00367   0.00239   0.02333   0.01311   0.00238   0.00117   0.00119   0.00472   0.00474   0.00236   0.00236   0.00237   0.00118   0.00118   0.00487   0.00118   0.00000   0.00000   0.00000   0.00118   5.63496   0.57132   1.48424   2.14287  12.74502   1.99574   0.03409  
 78  0.0674   4064.896224  x:  0.00715   0.00119   0.00350   0.00866   0.00099   0.00473   0.00773   0.02197   0.00478   0.00119   0.00358   0.00000   0.00119   0.00368   0.00239   0.02334   0.01314   0.00237   0.00116   0.00118   0.00472   0.00475   0.00236   0.00237   0.00238   0.00119   0.00118   0.00488   0.00118   0.00000   0.00000   0.00000   0.00118   5.63420   0.57448   1.48800   2.16832  13.95994   2.25583   0.03404  
 79  0.1856   4064.895841  x:  0.00715   0.00118   0.00349   0.00865   0.00099   0.00474   0.00772   0.02197   0.00479   0.00119   0.00357   0.00000   0.00119   0.00369   0.00239   0.02335   0.01311   0.00238   0.00117   0.00118   0.00471   0.00474   0.00236   0.00236   0.00237   0.00117   0.00117   0.00488   0.00118   0.00000   0.00000   0.00000   0.00118   5.64818   0.57428   1.48834   2.16993  14.89919   2.45934   0.03405  
 80  0.3704   4064.895775  x:  0.00715   0.00118   0.00349   0.00865   0.00099   0.00473   0.00772   0.02197   0.00479   0.00119   0.00357   0.00000   0.00119   0.00369   0.00239   0.02334   0.01312   0.00238   0.00117   0.00118   0.00471   0.00475   0.00236   0.00236   0.00237   0.00118   0.00117   0.00488   0.00118   0.00000   0.00000   0.00000   0.00118   5.64654   0.57410   1.48996   2.17213  15.50698   2.58913   0.03405  
 81  0.3884   4064.895710  x:  0.00715   0.00118   0.00350   0.00865   0.00099   0.00474   0.00773   0.02197   0.00478   0.00119   0.00358   0.00000   0.00119   0.00369   0.00239   0.02334   0.01312   0.00238   0.00116   0.00119   0.00471   0.00474   0.00236   0.00236   0.00237   0.00118   0.00118   0.00487   0.00118   0.00000   0.00000   0.00000   0.00118   5.64580   0.57343   1.49207   2.17211  17.42461   2.99939   0.03403  
 82  0.5819   4064.895683  x:  0.00715   0.00118   0.00349   0.00865   0.00099   0.00473   0.00772   0.02197   0.00479   0.00119   0.00357   0.00000   0.00119   0.00369   0.00239   0.02335   0.01312   0.00238   0.00117   0.00118   0.00471   0.00474   0.00236   0.00236   0.00237   0.00118   0.00117   0.00488   0.00118   0.00000   0.00000   0.00000   0.00118   5.64719   0.57374   1.49010   2.17088  17.97701   3.11761   0.03406  
 83  0.3459   4064.895671  x:  0.00715   0.00118   0.00349   0.00865   0.00099   0.00474   0.00772   0.02197   0.00479   0.00119   0.00357   0.00000   0.00119   0.00369   0.00239   0.02334   0.01312   0.00238   0.00117   0.00118   0.00471   0.00474   0.00236   0.00236   0.00237   0.00118   0.00117   0.00488   0.00118   0.00000   0.00000   0.00000   0.00118   5.64532   0.57407   1.48956   2.17031  19.03405   3.34346   0.03404  
 84  0.3599   4064.895668  x:  0.00715   0.00118   0.00349   0.00865   0.00099   0.00473   0.00772   0.02197   0.00479   0.00119   0.00357   0.00000   0.00119   0.00369   0.00239   0.02335   0.01312   0.00238   0.00116   0.00118   0.00471   0.00474   0.00236   0.00236   0.00237   0.00118   0.00117   0.00488   0.00118   0.00000   0.00000   0.00000   0.00118   5.64589   0.57396   1.48960   2.17044  19.43934   3.43018   0.03405  
 85  0.2795   4064.895668  x:  0.00715   0.00118   0.00349   0.00865   0.00099   0.00473   0.00772   0.02197   0.00479   0.00119   0.00357   0.00000   0.00119   0.00369   0.00239   0.02335   0.01312   0.00238   0.00117   0.00118   0.00471   0.00474   0.00236   0.00236   0.00237   0.00118   0.00117   0.00488   0.00118   0.00000   0.00000   0.00000   0.00118   5.64620   0.57391   1.48968   2.17044  20.24415   3.60241   0.03405  
 86  0.5364   4064.895664  x:  0.00715   0.00118   0.00349   0.00865   0.00099   0.00474   0.00772   0.02197   0.00479   0.00119   0.00357   0.00000   0.00119   0.00369   0.00239   0.02334   0.01312   0.00238   0.00117   0.00118   0.00471   0.00474   0.00236   0.00236   0.00237   0.00118   0.00117   0.00488   0.00118   0.00000   0.00000   0.00000   0.00118   5.64622   0.57389   1.49028   2.17113  24.74823   4.56598   0.03404  
 87  0.8721   4064.895664  x:  0.00715   0.00118   0.00349   0.00865   0.00099   0.00474   0.00772   0.02197   0.00479   0.00119   0.00357   0.00000   0.00119   0.00369   0.00239   0.02334   0.01312   0.00238   0.00117   0.00118   0.00471   0.00474   0.00236   0.00236   0.00237   0.00118   0.00117   0.00488   0.00118   0.00000   0.00000   0.00000   0.00118   5.64619   0.57389   1.49016   2.17100  24.68335   4.55208   0.03405  
 88  0.1818   4064.895664  x:  0.00715   0.00118   0.00349   0.00865   0.00099   0.00474   0.00772   0.02197   0.00479   0.00119   0.00357   0.00000   0.00119   0.00369   0.00239   0.02334   0.01312   0.00238   0.00117   0.00118   0.00471   0.00474   0.00236   0.00236   0.00237   0.00118   0.00117   0.00488   0.00118   0.00000   0.00000   0.00000   0.00118   5.64619   0.57389   1.49015   2.17100  24.68266   4.55193   0.03405  
 89  0.0425   4064.895664  x:  0.00715   0.00118   0.00349   0.00865   0.00099   0.00474   0.00772   0.02197   0.00479   0.00119   0.00357   0.00000   0.00119   0.00369   0.00239   0.02334   0.01312   0.00238   0.00117   0.00118   0.00471   0.00474   0.00236   0.00236   0.00237   0.00118   0.00117   0.00488   0.00118   0.00000   0.00000   0.00000   0.00118   5.64619   0.57389   1.49015   2.17099  24.68654   4.55276   0.03405  
 90  0.3644   4064.895664  x:  0.00715   0.00118   0.00349   0.00865   0.00099   0.00474   0.00772   0.02197   0.00479   0.00119   0.00357   0.00000   0.00119   0.00369   0.00239   0.02334   0.01312   0.00238   0.00117   0.00118   0.00471   0.00474   0.00236   0.00236   0.00237   0.00118   0.00117   0.00488   0.00118   0.00000   0.00000   0.00000   0.00118   5.64619   0.57389   1.49015   2.17099  24.68974   4.55345   0.03405  
 91  0.4731   4064.895664  x:  0.00715   0.00118   0.00349   0.00865   0.00099   0.00474   0.00772   0.02197   0.00479   0.00119   0.00357   0.00000   0.00119   0.00369   0.00239   0.02334   0.01312   0.00238   0.00117   0.00118   0.00471   0.00474   0.00236   0.00236   0.00237   0.00118   0.00117   0.00488   0.00118   0.00000   0.00000   0.00000   0.00118   5.64619   0.57389   1.49015   2.17099  24.68974   4.55345   0.03405  
 92  0.0886   4064.895664  x:  0.00715   0.00118   0.00349   0.00865   0.00099   0.00474   0.00772   0.02197   0.00479   0.00119   0.00357   0.00000   0.00119   0.00369   0.00239   0.02334   0.01312   0.00238   0.00117   0.00118   0.00471   0.00474   0.00236   0.00236   0.00237   0.00118   0.00117   0.00488   0.00118   0.00000   0.00000   0.00000   0.00118   5.64619   0.57389   1.49015   2.17099  24.68974   4.55345   0.03405  
 93  0.1609   4064.895664  x:  0.00715   0.00118   0.00349   0.00865   0.00099   0.00474   0.00772   0.02197   0.00479   0.00119   0.00357   0.00000   0.00119   0.00369   0.00239   0.02334   0.01312   0.00238   0.00117   0.00118   0.00471   0.00474   0.00236   0.00236   0.00237   0.00118   0.00117   0.00488   0.00118   0.00000   0.00000   0.00000   0.00118   5.64619   0.57389   1.49015   2.17099  24.68974   4.55345   0.03405  
check convergence!
