

TREE # 1

  0  0.0000  28082.888491  x:  0.01497   0.02025   0.00679   0.00856   0.01833   0.00581   0.00716   0.00862   0.01129   0.00509   0.00647   0.00639   0.00132   0.00295   0.00696   0.00550   0.00472   0.00593   0.00729   0.00599   0.00840   0.00936   0.00362   0.01049   0.00597   0.00329   0.01079   0.00813   0.00677   0.00187   0.00628   0.00096   0.00556   0.00339   0.00530   0.00056   0.00847   0.01989   0.01747   0.01235   0.00322   0.00676   0.00511   0.00253   0.00596   0.00996   0.01649   0.01851   0.01157   0.00634   0.01918   0.00000   0.00749   0.02007   0.01230   1.20865   0.89736   0.85785   1.06790   1.30081   0.06593   0.22431   1.99838  
  1 99.0000  28082.837619  x:  0.01497   0.02025   0.00679   0.00856   0.01833   0.00581   0.00716   0.00862   0.01129   0.00509   0.00647   0.00639   0.00132   0.00295   0.00696   0.00550   0.00472   0.00593   0.00728   0.00599   0.00840   0.00936   0.00362   0.01049   0.00597   0.00329   0.01079   0.00813   0.00677   0.00187   0.00628   0.00096   0.00556   0.00339   0.00530   0.00056   0.00847   0.01989   0.01747   0.01235   0.00322   0.00676   0.00510   0.00253   0.00596   0.00996   0.01649   0.01851   0.01157   0.00634   0.01918   0.00000   0.00749   0.02007   0.01230   1.20865   0.89736   0.85785   1.06790   1.30081   0.06593   0.22431   1.99838  
  2 14281.6415  28064.647561  x:  0.01482   0.02023   0.00650   0.00837   0.01824   0.00563   0.00705   0.00844   0.01117   0.00472   0.00651   0.00610   0.00112   0.00292   0.00646   0.00510   0.00446   0.00554   0.00691   0.00581   0.00821   0.00912   0.00337   0.01019   0.00579   0.00299   0.01062   0.00812   0.00639   0.00164   0.00587   0.00070   0.00526   0.00307   0.00495   0.00006   0.00831   0.01993   0.01744   0.01234   0.00299   0.00657   0.00498   0.00254   0.00579   0.00995   0.01640   0.01854   0.01143   0.00626   0.01899   0.00000   0.00714   0.02001   0.01213   1.20870   0.89736   0.85786   1.06790   1.30084   0.06591   0.22414   1.99838  
  3 80299.9376  27964.195600  x:  0.01324   0.01999   0.00401   0.00680   0.01732   0.00470   0.00653   0.00705   0.01035   0.00103   0.00696   0.00382   0.00574   0.00344   0.00047   0.00128   0.00265   0.00166   0.00313   0.00496   0.00676   0.00694   0.00282   0.00700   0.00506   0.00207   0.00941   0.00813   0.00266   0.00379   0.00176   0.00566   0.00292   0.00172   0.00226   0.00008   0.00673   0.02020   0.01703   0.01250   0.00200   0.00553   0.00493   0.00172   0.00503   0.00982   0.01546   0.01873   0.01010   0.00595   0.01728   0.00000   0.00251   0.01927   0.01057   1.20941   0.89737   0.85792   1.06785   1.30119   0.06562   0.22210   1.99833  
  4 17933.2252  27956.386449  x:  0.01272   0.01991   0.00345   0.00638   0.01701   0.00449   0.00639   0.00668   0.01017   0.00089   0.00705   0.00336   0.00652   0.00330   0.00212   0.00104   0.00262   0.00136   0.00240   0.00477   0.00637   0.00635   0.00263   0.00598   0.00486   0.00194   0.00911   0.00807   0.00203   0.00385   0.00120   0.00669   0.00256   0.00166   0.00192   0.00009   0.00627   0.02028   0.01691   0.01255   0.00184   0.00527   0.00484   0.00252   0.00482   0.00977   0.01514   0.01879   0.00969   0.00584   0.01663   0.00000   0.00066   0.01901   0.01009   1.20971   0.89737   0.85795   1.06783   1.30135   0.06550   0.22126   1.99831  
  5 7214.7172  27954.253773  x:  0.01254   0.01988   0.00335   0.00627   0.01691   0.00443   0.00635   0.00658   0.01012   0.00108   0.00707   0.00330   0.00662   0.00322   0.00203   0.00122   0.00269   0.00153   0.00236   0.00473   0.00627   0.00620   0.00257   0.00569   0.00480   0.00192   0.00903   0.00805   0.00206   0.00373   0.00138   0.00687   0.00255   0.00168   0.00196   0.00009   0.00613   0.02031   0.01687   0.01257   0.00181   0.00520   0.00479   0.00260   0.00476   0.00976   0.01504   0.01881   0.00957   0.00581   0.01640   0.00000   0.00016   0.01892   0.00995   1.20983   0.89738   0.85796   1.06782   1.30141   0.06545   0.22093   1.99830  
  6 5456.6043  27950.046979  x:  0.01172   0.01976   0.00292   0.00576   0.01641   0.00420   0.00616   0.00611   0.00990   0.00167   0.00714   0.00303   0.00709   0.00286   0.00193   0.00176   0.00299   0.00210   0.00218   0.00452   0.00580   0.00552   0.00231   0.00433   0.00453   0.00187   0.00866   0.00792   0.00219   0.00314   0.00190   0.00784   0.00252   0.00182   0.00210   0.00009   0.00550   0.02045   0.01670   0.01263   0.00172   0.00489   0.00458   0.00300   0.00450   0.00968   0.01454   0.01890   0.00898   0.00566   0.01526   0.00000   0.00062   0.01848   0.00928   1.21042   0.89738   0.85801   1.06778   1.30171   0.06520   0.21928   1.99826  
  7 6189.6111  27945.454497  x:  0.01063   0.01959   0.00346   0.00554   0.01572   0.00425   0.00607   0.00586   0.00966   0.00120   0.00705   0.00350   0.00707   0.00267   0.00201   0.00121   0.00333   0.00205   0.00313   0.00454   0.00558   0.00526   0.00246   0.00381   0.00449   0.00211   0.00841   0.00777   0.00292   0.00166   0.00148   0.00887   0.00309   0.00196   0.00254   0.00008   0.00496   0.02067   0.01652   0.01271   0.00197   0.00484   0.00440   0.00262   0.00444   0.00960   0.01385   0.01905   0.00839   0.00557   0.01349   0.00000   0.00051   0.01779   0.00859   1.21161   0.89740   0.85812   1.06769   1.30231   0.06470   0.21599   1.99818  
  8 3169.8712  27939.395122  x:  0.00945   0.01937   0.00401   0.00589   0.01475   0.00462   0.00618   0.00605   0.00951   0.00089   0.00696   0.00373   0.00639   0.00313   0.00214   0.00198   0.00326   0.00156   0.00316   0.00468   0.00582   0.00536   0.00262   0.00517   0.00467   0.00197   0.00845   0.00770   0.00220   0.00084   0.00225   0.01028   0.00293   0.00153   0.00205   0.00008   0.00493   0.02101   0.01638   0.01276   0.00189   0.00507   0.00445   0.00257   0.00464   0.00951   0.01302   0.01930   0.00805   0.00562   0.01099   0.00000   0.00058   0.01681   0.00805   1.21418   0.89743   0.85836   1.06751   1.30364   0.06360   0.20887   1.99800  
  9 3498.6736  27929.116785  x:  0.00813   0.01908   0.00447   0.00654   0.01324   0.00511   0.00630   0.00641   0.00941   0.00216   0.00695   0.00377   0.00389   0.00317   0.00209   0.00131   0.00285   0.00222   0.00305   0.00474   0.00621   0.00570   0.00243   0.00652   0.00475   0.00168   0.00856   0.00774   0.00221   0.00264   0.00171   0.01202   0.00267   0.00151   0.00199   0.00008   0.00522   0.02161   0.01624   0.01277   0.00166   0.00529   0.00445   0.00269   0.00479   0.00943   0.01194   0.01979   0.00790   0.00570   0.00755   0.00000   0.00062   0.01531   0.00755   1.21964   0.89750   0.85887   1.06712   1.30645   0.06128   0.19376   1.99762  
 10 9297.6811  27901.564010  x:  0.00819   0.01890   0.00408   0.00710   0.01191   0.00558   0.00636   0.00665   0.00939   0.00138   0.00692   0.00335   0.00025   0.00273   0.00197   0.00215   0.00280   0.00193   0.00208   0.00471   0.00641   0.00610   0.00235   0.00655   0.00473   0.00226   0.00860   0.00786   0.00279   0.00293   0.00134   0.01516   0.00274   0.00232   0.00264   0.00007   0.00575   0.02239   0.01613   0.01278   0.00194   0.00529   0.00456   0.00285   0.00478   0.00946   0.01146   0.02048   0.00828   0.00581   0.00738   0.00000   0.00058   0.01402   0.00767   1.22925   0.89761   0.85976   1.06643   1.31142   0.05717   0.16703   1.99695  
 11 13339.1151  27795.810730  x:  0.00950   0.01867   0.00354   0.00885   0.00899   0.00643   0.00628   0.00740   0.00947   0.00200   0.00720   0.00288   0.00000   0.00173   0.00233   0.00138   0.00145   0.00260   0.00265   0.00417   0.00706   0.00778   0.00113   0.00752   0.00404   0.00125   0.00889   0.00825   0.00398   0.00153   0.00180   0.01943   0.00282   0.00165   0.00285   0.00007   0.00768   0.02491   0.01600   0.01257   0.00133   0.00502   0.00405   0.00304   0.00427   0.00972   0.01095   0.02278   0.00984   0.00584   0.00847   0.00000   0.00065   0.01107   0.00876   1.26347   0.89804   0.86294   1.06399   1.32918   0.04249   0.07160   1.99456  
 12 41563.6357  27741.981631  x:  0.01047   0.01848   0.00312   0.01023   0.00668   0.00710   0.00623   0.00801   0.00951   0.00234   0.00736   0.00245   0.00006   0.00087   0.00256   0.00103   0.00046   0.00308   0.00282   0.00374   0.00759   0.00909   0.00015   0.00837   0.00350   0.00058   0.00911   0.00855   0.00504   0.00050   0.00194   0.02236   0.00286   0.00131   0.00317   0.00008   0.00920   0.02682   0.01590   0.01240   0.00089   0.00482   0.00364   0.00324   0.00388   0.00991   0.01051   0.02453   0.01106   0.00587   0.00913   0.00000   0.00069   0.00875   0.00958   1.28915   0.89835   0.86532   1.06216   1.34250   0.03148   0.00000   1.99276  
 13 13489490.4082  27741.885356  x:  0.01044   0.01848   0.00313   0.01020   0.00673   0.00708   0.00623   0.00800   0.00951   0.00233   0.00736   0.00246   0.00006   0.00088   0.00256   0.00103   0.00047   0.00307   0.00282   0.00376   0.00758   0.00906   0.00012   0.00835   0.00352   0.00059   0.00911   0.00854   0.00502   0.00052   0.00194   0.02230   0.00287   0.00132   0.00317   0.00008   0.00917   0.02678   0.01590   0.01241   0.00090   0.00482   0.00366   0.00323   0.00389   0.00991   0.01052   0.02448   0.01103   0.00587   0.00912   0.00000   0.00069   0.00880   0.00956   1.28850   0.89835   0.86526   1.06221   1.34216   0.03176   0.00000   1.99281  
 14 37144.0169  27741.498547  x:  0.01037   0.01849   0.00317   0.01009   0.00689   0.00704   0.00624   0.00796   0.00951   0.00230   0.00734   0.00249   0.00006   0.00085   0.00255   0.00105   0.00036   0.00304   0.00282   0.00380   0.00755   0.00896   0.00013   0.00829   0.00356   0.00058   0.00910   0.00852   0.00495   0.00056   0.00196   0.02212   0.00287   0.00136   0.00316   0.00008   0.00905   0.02660   0.01591   0.01242   0.00093   0.00485   0.00370   0.00321   0.00393   0.00989   0.01056   0.02432   0.01094   0.00587   0.00909   0.00000   0.00069   0.00897   0.00950   1.28610   0.89832   0.86504   1.06238   1.34091   0.03279   0.00000   1.99297  
 15 46983.6883  27740.597956  x:  0.01027   0.01851   0.00321   0.00989   0.00712   0.00697   0.00627   0.00790   0.00953   0.00227   0.00731   0.00250   0.00007   0.00065   0.00252   0.00099   0.00041   0.00298   0.00278   0.00387   0.00751   0.00879   0.00013   0.00821   0.00365   0.00042   0.00910   0.00848   0.00478   0.00058   0.00198   0.02179   0.00287   0.00142   0.00314   0.00008   0.00883   0.02621   0.01594   0.01244   0.00091   0.00491   0.00378   0.00317   0.00400   0.00985   0.01063   0.02398   0.01078   0.00590   0.00907   0.00000   0.00068   0.00926   0.00941   1.28077   0.89825   0.86455   1.06276   1.33814   0.03507   0.00000   1.99335  
 16 50692.1911  27737.338238  x:  0.01004   0.01857   0.00318   0.00931   0.00746   0.00674   0.00637   0.00777   0.00961   0.00240   0.00725   0.00232   0.00008   0.00079   0.00237   0.00057   0.00043   0.00299   0.00261   0.00401   0.00741   0.00830   0.00014   0.00794   0.00377   0.00052   0.00911   0.00837   0.00429   0.00032   0.00200   0.02079   0.00279   0.00151   0.00309   0.00008   0.00821   0.02495   0.01606   0.01247   0.00063   0.00504   0.00397   0.00313   0.00416   0.00972   0.01082   0.02286   0.01039   0.00599   0.00917   0.00000   0.00066   0.00989   0.00920   1.26280   0.89803   0.86288   1.06404   1.32880   0.04280   0.00000   1.99460  
 17 63135.2076  27732.290273  x:  0.00982   0.01864   0.00315   0.00830   0.00735   0.00629   0.00641   0.00749   0.00966   0.00236   0.00724   0.00220   0.00010   0.00113   0.00225   0.00079   0.00047   0.00284   0.00317   0.00397   0.00717   0.00758   0.00017   0.00728   0.00361   0.00033   0.00905   0.00823   0.00360   0.00060   0.00167   0.01907   0.00276   0.00084   0.00276   0.00008   0.00719   0.02298   0.01625   0.01250   0.00069   0.00505   0.00391   0.00287   0.00410   0.00955   0.01107   0.02117   0.00980   0.00603   0.00960   0.00000   0.00063   0.01032   0.00890   1.23320   0.89767   0.86014   1.06615   1.31342   0.05551   0.00000   1.99668  
 18 69925.8661  27731.115971  x:  0.00978   0.01866   0.00314   0.00805   0.00733   0.00616   0.00640   0.00741   0.00966   0.00239   0.00727   0.00222   0.00011   0.00095   0.00220   0.00080   0.00050   0.00277   0.00336   0.00394   0.00710   0.00740   0.00018   0.00714   0.00355   0.00059   0.00903   0.00821   0.00332   0.00068   0.00162   0.01861   0.00270   0.00067   0.00254   0.00008   0.00695   0.02251   0.01630   0.01250   0.00076   0.00502   0.00386   0.00281   0.00405   0.00952   0.01114   0.02077   0.00966   0.00603   0.00970   0.00000   0.00062   0.01039   0.00884   1.22571   0.89757   0.85945   1.06668   1.30953   0.05873   0.00000   1.99720  
 19 107059.2392  27729.794340  x:  0.00984   0.01871   0.00313   0.00784   0.00735   0.00598   0.00633   0.00730   0.00964   0.00248   0.00743   0.00249   0.00011   0.00097   0.00211   0.00078   0.00052   0.00266   0.00367   0.00379   0.00699   0.00724   0.00018   0.00696   0.00344   0.00061   0.00898   0.00824   0.00285   0.00067   0.00156   0.01810   0.00254   0.00122   0.00205   0.00008   0.00678   0.02216   0.01635   0.01250   0.00105   0.00488   0.00370   0.00283   0.00391   0.00955   0.01121   0.02055   0.00958   0.00594   0.00978   0.00000   0.00061   0.01027   0.00884   1.21787   0.89748   0.85872   1.06724   1.30546   0.06209   0.00000   1.99775  
 20 23703.7007  27728.552487  x:  0.01006   0.01882   0.00324   0.00789   0.00792   0.00584   0.00616   0.00716   0.00957   0.00243   0.00776   0.00293   0.00012   0.00098   0.00202   0.00089   0.00053   0.00252   0.00383   0.00370   0.00684   0.00719   0.00019   0.00664   0.00360   0.00062   0.00886   0.00840   0.00275   0.00070   0.00150   0.01792   0.00250   0.00121   0.00191   0.00008   0.00693   0.02246   0.01638   0.01251   0.00063   0.00463   0.00361   0.00303   0.00382   0.00973   0.01127   0.02100   0.00969   0.00572   0.00960   0.00000   0.00060   0.01002   0.00898   1.21344   0.89742   0.85830   1.06756   1.30320   0.06395   0.00000   1.99806  
 21 4771.6741  27727.365914  x:  0.01031   0.01895   0.00330   0.00802   0.00854   0.00569   0.00598   0.00702   0.00947   0.00239   0.00812   0.00309   0.00012   0.00104   0.00195   0.00074   0.00053   0.00244   0.00379   0.00365   0.00667   0.00715   0.00020   0.00631   0.00378   0.00058   0.00873   0.00858   0.00269   0.00065   0.00164   0.01774   0.00245   0.00093   0.00193   0.00008   0.00717   0.02299   0.01638   0.01255   0.00101   0.00442   0.00361   0.00325   0.00378   0.00996   0.01133   0.02171   0.00985   0.00549   0.00932   0.00000   0.00060   0.00981   0.00914   1.20955   0.89737   0.85794   1.06784   1.30123   0.06557   0.00000   1.99833  
 22 9800.7247  27725.446010  x:  0.01049   0.01921   0.00327   0.00813   0.00881   0.00542   0.00583   0.00677   0.00934   0.00232   0.00848   0.00221   0.00013   0.00105   0.00209   0.00079   0.00055   0.00236   0.00429   0.00390   0.00642   0.00701   0.00021   0.00599   0.00356   0.00062   0.00855   0.00873   0.00236   0.00071   0.00174   0.01741   0.00254   0.00110   0.00183   0.00008   0.00745   0.02445   0.01629   0.01265   0.00095   0.00456   0.00380   0.00269   0.00398   0.01028   0.01149   0.02333   0.00990   0.00535   0.00902   0.00000   0.00059   0.01022   0.00925   1.20658   0.89733   0.85764   1.06806   1.29983   0.06672   0.00000   1.99854  
 23 2247.9870  27722.939103  x:  0.01029   0.01955   0.00283   0.00794   0.00817   0.00529   0.00607   0.00665   0.00938   0.00237   0.00847   0.00304   0.00013   0.00107   0.00200   0.00081   0.00055   0.00252   0.00436   0.00406   0.00632   0.00654   0.00021   0.00601   0.00340   0.00060   0.00855   0.00861   0.00219   0.00064   0.00150   0.01712   0.00224   0.00096   0.00177   0.00008   0.00743   0.02685   0.01605   0.01286   0.00098   0.00512   0.00395   0.00279   0.00415   0.01042   0.01177   0.02556   0.00958   0.00573   0.00934   0.00000   0.00059   0.01150   0.00908   1.20613   0.89732   0.85756   1.06811   1.29988   0.06665   0.00000   1.99857  
 24 1501.7968  27721.644328  x:  0.01009   0.01966   0.00304   0.00768   0.00798   0.00538   0.00623   0.00668   0.00945   0.00221   0.00826   0.00299   0.00013   0.00109   0.00197   0.00057   0.00057   0.00236   0.00432   0.00384   0.00638   0.00634   0.00021   0.00617   0.00357   0.00062   0.00862   0.00847   0.00234   0.00090   0.00188   0.01693   0.00240   0.00104   0.00170   0.00008   0.00718   0.02787   0.01593   0.01292   0.00088   0.00503   0.00371   0.00304   0.00395   0.01031   0.01185   0.02628   0.00929   0.00586   0.00968   0.00000   0.00058   0.01169   0.00890   1.20735   0.89733   0.85765   1.06804   1.30070   0.06596   0.00000   1.99848  
 25 2220.0869  27719.113830  x:  0.00975   0.01982   0.00368   0.00713   0.00836   0.00566   0.00655   0.00692   0.00975   0.00270   0.00788   0.00250   0.00013   0.00108   0.00181   0.00074   0.00056   0.00231   0.00430   0.00345   0.00666   0.00613   0.00021   0.00656   0.00410   0.00061   0.00893   0.00821   0.00232   0.00073   0.00135   0.01695   0.00250   0.00100   0.00143   0.00008   0.00659   0.02950   0.01577   0.01295   0.00099   0.00465   0.00338   0.00331   0.00362   0.00994   0.01206   0.02706   0.00878   0.00600   0.01031   0.00000   0.00059   0.01180   0.00862   1.21136   0.89737   0.85796   1.06779   1.30318   0.06387   0.00000   1.99819  
 26 4846.4929  27713.677938  x:  0.00944   0.01989   0.00363   0.00617   0.00921   0.00590   0.00660   0.00724   0.01014   0.00307   0.00739   0.00276   0.00014   0.00110   0.00195   0.00067   0.00057   0.00210   0.00421   0.00353   0.00709   0.00628   0.00021   0.00694   0.00344   0.00062   0.00932   0.00797   0.00158   0.00082   0.00134   0.01658   0.00183   0.00103   0.00260   0.00008   0.00538   0.03171   0.01576   0.01277   0.00097   0.00381   0.00371   0.00258   0.00369   0.00912   0.01219   0.02692   0.00819   0.00568   0.01101   0.00000   0.00060   0.01082   0.00825   1.22391   0.89749   0.85898   1.06697   1.31069   0.05758   0.00000   1.99729  
 27 5559.0434  27700.718253  x:  0.00932   0.01980   0.00247   0.00517   0.01037   0.00575   0.00620   0.00749   0.01054   0.00324   0.00708   0.00310   0.00014   0.00115   0.00208   0.00059   0.00059   0.00198   0.00359   0.00434   0.00742   0.00680   0.00021   0.00708   0.00258   0.00061   0.00967   0.00793   0.00263   0.00088   0.00140   0.01598   0.00242   0.00096   0.00095   0.00008   0.00386   0.03487   0.01615   0.01237   0.00099   0.00400   0.00465   0.00202   0.00442   0.00799   0.01223   0.02501   0.00779   0.00507   0.01130   0.00000   0.00060   0.00964   0.00802   1.25382   0.89780   0.86143   1.06500   1.32843   0.04274   0.00000   1.99515  
 28 16791.7980  27654.321729  x:  0.00967   0.01919   0.00141   0.00449   0.01051   0.00354   0.00451   0.00692   0.01061   0.00287   0.00780   0.00267   0.00015   0.00121   0.00119   0.00056   0.00062   0.00146   0.00509   0.00505   0.00665   0.00771   0.00023   0.00594   0.00479   0.00064   0.00947   0.00828   0.00067   0.00101   0.00108   0.01396   0.00330   0.00105   0.00147   0.00008   0.00247   0.04265   0.01822   0.01134   0.00104   0.00683   0.00460   0.00419   0.00484   0.00658   0.01209   0.01569   0.00776   0.00441   0.01086   0.00000   0.00052   0.00989   0.00835   1.36668   0.89895   0.87069   1.05758   1.39527  -0.01316   0.00000   1.98707  
 29 40315.8387  27627.288376  x:  0.00968   0.01886   0.00281   0.00459   0.01066   0.00276   0.00439   0.00641   0.01043   0.00270   0.00836   0.00248   0.00016   0.00126   0.00130   0.00058   0.00065   0.00111   0.00520   0.00473   0.00591   0.00724   0.00025   0.00525   0.00457   0.00065   0.00910   0.00838   0.00156   0.00103   0.00136   0.01348   0.00089   0.00102   0.00107   0.00008   0.00314   0.04556   0.01925   0.01110   0.00102   0.00707   0.00426   0.00384   0.00452   0.00685   0.01216   0.01083   0.00774   0.00471   0.01053   0.00000   0.00051   0.01115   0.00843   1.43076   0.89960   0.87596   1.05336   1.43319  -0.04487   0.00000   1.98248  
 30 110416.3490  27602.301221  x:  0.00949   0.01847   0.00364   0.00520   0.01101   0.00328   0.00530   0.00592   0.01000   0.00241   0.00881   0.00307   0.00016   0.00132   0.00156   0.00052   0.00066   0.00194   0.00408   0.00365   0.00519   0.00598   0.00026   0.00486   0.00316   0.00063   0.00853   0.00833   0.00058   0.00101   0.00137   0.01298   0.00234   0.00083   0.00077   0.00008   0.00448   0.04622   0.02005   0.01123   0.00102   0.00578   0.00362   0.00251   0.00368   0.00804   0.01226   0.00757   0.00793   0.00543   0.01009   0.00000   0.00051   0.01266   0.00831   1.49693   0.90027   0.88140   1.04900   1.47235  -0.07760   0.00000   1.97773  
 31 96099.0951  27553.046287  x:  0.00901   0.01771   0.00102   0.00561   0.01187   0.00389   0.00620   0.00522   0.00909   0.00313   0.00968   0.00296   0.00017   0.00137   0.00164   0.00053   0.00069   0.00026   0.00509   0.00275   0.00483   0.00376   0.00027   0.00621   0.00315   0.00065   0.00775   0.00813   0.00125   0.00103   0.00136   0.01226   0.00252   0.00085   0.00106   0.00008   0.00412   0.04076   0.02090   0.01159   0.00102   0.00359   0.00291   0.00200   0.00313   0.00964   0.01263   0.00823   0.00841   0.00568   0.00932   0.00000   0.00049   0.01479   0.00783   1.60204   0.90134   0.89004   1.04207   1.53455  -0.12956   0.00000   1.97016  
 32 72263.4720  27525.745428  x:  0.00873   0.01720   0.00020   0.00559   0.01242   0.00405   0.00648   0.00474   0.00838   0.00209   0.01017   0.00273   0.00018   0.00141   0.00161   0.00047   0.00072   0.00145   0.00572   0.00255   0.00466   0.00261   0.00028   0.00705   0.00333   0.00066   0.00716   0.00798   0.00126   0.00112   0.00126   0.01169   0.00197   0.00087   0.00082   0.00008   0.00340   0.03623   0.02138   0.01182   0.00099   0.00235   0.00272   0.00201   0.00301   0.01047   0.01281   0.00951   0.00864   0.00557   0.00910   0.00000   0.00046   0.01580   0.00746   1.67558   0.90208   0.89609   1.03722   1.57807  -0.16591   0.00000   1.96487  
 33 390007.6219  27481.744398  x:  0.00863   0.01634   0.00133   0.00525   0.01251   0.00393   0.00659   0.00381   0.00715   0.00164   0.01115   0.00261   0.00019   0.00148   0.00129   0.00040   0.00075   0.00197   0.00581   0.00286   0.00432   0.00088   0.00030   0.00759   0.00256   0.00067   0.00605   0.00783   0.00093   0.00122   0.00103   0.01044   0.00170   0.00083   0.00049   0.00008   0.00166   0.02763   0.02212   0.01214   0.00096   0.00122   0.00319   0.00264   0.00337   0.01169   0.01311   0.01255   0.00925   0.00510   0.00906   0.00000   0.00043   0.01724   0.00691   1.80345   0.90338   0.90661   1.02879   1.65375  -0.22910   0.00000   1.95566  
 34 738413.7976  27446.849439  x:  0.00768   0.01588   0.00172   0.00418   0.01339   0.00404   0.00708   0.00320   0.00627   0.00142   0.01167   0.00258   0.00020   0.00155   0.00120   0.00034   0.00078   0.00213   0.00547   0.00202   0.00384   0.00344   0.00032   0.00694   0.00179   0.00067   0.00518   0.00735   0.00051   0.00127   0.00106   0.00947   0.00123   0.00072   0.00019   0.00008   0.00139   0.01962   0.02223   0.01265   0.00094   0.00216   0.00267   0.00250   0.00251   0.01275   0.01333   0.01575   0.00860   0.00494   0.00897   0.00000   0.00041   0.01855   0.00577   1.91352   0.90449   0.91566   1.02153   1.71889  -0.28349   0.00000   1.94772  
 35 339540.9863  27434.519753  x:  0.00724   0.01640   0.00173   0.00290   0.01385   0.00305   0.00672   0.00386   0.00660   0.00135   0.01219   0.00265   0.00020   0.00157   0.00125   0.00031   0.00078   0.00216   0.00525   0.00217   0.00390   0.00251   0.00032   0.00688   0.00174   0.00067   0.00559   0.00730   0.00038   0.00128   0.00104   0.00907   0.00128   0.00070   0.00023   0.00008   0.00350   0.01654   0.02161   0.01268   0.00095   0.00331   0.00210   0.00210   0.00213   0.01246   0.01349   0.01692   0.00703   0.00461   0.00914   0.00000   0.00040   0.01811   0.00546   1.95052   0.90486   0.91871   1.01909   1.74078  -0.30175   0.00000   1.94504  
 36 72193.4484  27431.352661  x:  0.00717   0.01714   0.00172   0.00345   0.01360   0.00262   0.00647   0.00396   0.00702   0.00134   0.01261   0.00271   0.00020   0.00157   0.00129   0.00031   0.00078   0.00211   0.00512   0.00193   0.00381   0.00264   0.00032   0.00659   0.00209   0.00067   0.00597   0.00735   0.00034   0.00129   0.00107   0.00883   0.00133   0.00069   0.00014   0.00008   0.00371   0.01575   0.02066   0.01269   0.00095   0.00293   0.00241   0.00186   0.00244   0.01226   0.01358   0.01711   0.00588   0.00488   0.00915   0.00000   0.00040   0.01805   0.00575   1.95895   0.90494   0.91940   1.01853   1.74577  -0.30588   0.00000   1.94441  
 37 15021.8987  27429.615750  x:  0.00719   0.01783   0.00173   0.00377   0.01363   0.00234   0.00626   0.00387   0.00729   0.00126   0.01324   0.00267   0.00020   0.00156   0.00126   0.00031   0.00078   0.00214   0.00507   0.00181   0.00370   0.00274   0.00032   0.00682   0.00179   0.00067   0.00620   0.00748   0.00040   0.00128   0.00105   0.00885   0.00142   0.00069   0.00022   0.00008   0.00358   0.01529   0.01980   0.01269   0.00095   0.00287   0.00234   0.00199   0.00242   0.01213   0.01378   0.01712   0.00513   0.00505   0.00908   0.00000   0.00039   0.01813   0.00599   1.96392   0.90498   0.91981   1.01820   1.74870  -0.30830   0.00000   1.94404  
 38 19705.9406  27428.260480  x:  0.00722   0.01872   0.00171   0.00385   0.01354   0.00280   0.00614   0.00383   0.00750   0.00120   0.01386   0.00264   0.00020   0.00156   0.00124   0.00031   0.00077   0.00212   0.00502   0.00241   0.00378   0.00278   0.00032   0.00667   0.00182   0.00066   0.00633   0.00756   0.00040   0.00127   0.00106   0.00872   0.00137   0.00069   0.00021   0.00008   0.00349   0.01493   0.01849   0.01272   0.00095   0.00280   0.00214   0.00199   0.00211   0.01198   0.01395   0.01703   0.00500   0.00527   0.00896   0.00000   0.00039   0.01815   0.00611   1.96786   0.90501   0.92013   1.01794   1.75102  -0.31018   0.00000   1.94373  
 39 7080.2596  27426.889271  x:  0.00721   0.01979   0.00171   0.00352   0.01346   0.00325   0.00612   0.00387   0.00759   0.00110   0.01462   0.00262   0.00020   0.00156   0.00125   0.00032   0.00077   0.00213   0.00504   0.00202   0.00391   0.00266   0.00032   0.00658   0.00190   0.00067   0.00633   0.00760   0.00041   0.00127   0.00109   0.00858   0.00133   0.00069   0.00022   0.00008   0.00343   0.01461   0.01669   0.01276   0.00094   0.00298   0.00228   0.00194   0.00231   0.01179   0.01413   0.01686   0.00552   0.00537   0.00881   0.00000   0.00038   0.01813   0.00603   1.97164   0.90504   0.92045   1.01768   1.75325  -0.31195   0.00000   1.94341  
 40 5919.7494  27426.611710  x:  0.00713   0.01999   0.00171   0.00352   0.01345   0.00294   0.00631   0.00395   0.00744   0.00111   0.01467   0.00261   0.00020   0.00156   0.00123   0.00032   0.00077   0.00212   0.00508   0.00213   0.00393   0.00277   0.00032   0.00664   0.00188   0.00067   0.00624   0.00749   0.00041   0.00127   0.00108   0.00861   0.00137   0.00069   0.00022   0.00008   0.00354   0.01456   0.01608   0.01277   0.00095   0.00280   0.00233   0.00202   0.00233   0.01171   0.01409   0.01678   0.00574   0.00527   0.00886   0.00000   0.00039   0.01819   0.00586   1.97242   0.90503   0.92051   1.01763   1.75371  -0.31228   0.00000   1.94333  
 41 1313.6916  27426.546902  x:  0.00716   0.01997   0.00171   0.00366   0.01348   0.00288   0.00638   0.00391   0.00733   0.00114   0.01460   0.00263   0.00020   0.00156   0.00125   0.00032   0.00077   0.00213   0.00505   0.00212   0.00390   0.00272   0.00032   0.00667   0.00191   0.00067   0.00618   0.00744   0.00041   0.00128   0.00107   0.00861   0.00136   0.00069   0.00022   0.00008   0.00351   0.01455   0.01584   0.01277   0.00095   0.00289   0.00229   0.00196   0.00229   0.01166   0.01403   0.01677   0.00575   0.00515   0.00892   0.00000   0.00039   0.01816   0.00586   1.97263   0.90503   0.92053   1.01762   1.75382  -0.31233   0.00000   1.94329  
 42 502.2267  27426.525434  x:  0.00720   0.01992   0.00171   0.00367   0.01351   0.00293   0.00640   0.00388   0.00728   0.00115   0.01452   0.00262   0.00020   0.00156   0.00123   0.00032   0.00077   0.00212   0.00508   0.00212   0.00389   0.00271   0.00032   0.00668   0.00187   0.00067   0.00616   0.00743   0.00041   0.00128   0.00106   0.00861   0.00135   0.00069   0.00022   0.00008   0.00355   0.01455   0.01571   0.01277   0.00095   0.00289   0.00230   0.00201   0.00233   0.01165   0.01397   0.01676   0.00570   0.00511   0.00893   0.00000   0.00039   0.01817   0.00591   1.97271   0.90502   0.92054   1.01761   1.75387  -0.31232   0.00000   1.94325  
 43 255.2524  27426.511349  x:  0.00726   0.01983   0.00171   0.00360   0.01350   0.00292   0.00636   0.00386   0.00726   0.00116   0.01447   0.00263   0.00020   0.00156   0.00124   0.00032   0.00078   0.00212   0.00507   0.00212   0.00387   0.00273   0.00032   0.00671   0.00189   0.00067   0.00615   0.00747   0.00041   0.00128   0.00106   0.00862   0.00136   0.00069   0.00022   0.00008   0.00356   0.01455   0.01560   0.01275   0.00095   0.00287   0.00232   0.00200   0.00230   0.01166   0.01392   0.01676   0.00569   0.00512   0.00891   0.00000   0.00039   0.01820   0.00597   1.97279   0.90500   0.92054   1.01760   1.75391  -0.31226   0.00000   1.94320  
 44 169.1308  27426.502645  x:  0.00727   0.01976   0.00171   0.00360   0.01351   0.00291   0.00632   0.00389   0.00728   0.00116   0.01445   0.00263   0.00020   0.00156   0.00124   0.00032   0.00078   0.00212   0.00507   0.00212   0.00389   0.00273   0.00032   0.00670   0.00188   0.00067   0.00616   0.00751   0.00041   0.00128   0.00107   0.00863   0.00136   0.00069   0.00022   0.00008   0.00355   0.01455   0.01554   0.01274   0.00095   0.00287   0.00227   0.00199   0.00233   0.01167   0.01389   0.01676   0.00570   0.00515   0.00891   0.00000   0.00039   0.01822   0.00597   1.97285   0.90498   0.92055   1.01759   1.75394  -0.31218   0.00000   1.94314  
 45 141.6909  27426.489161  x:  0.00726   0.01965   0.00171   0.00364   0.01353   0.00290   0.00626   0.00392   0.00733   0.00115   0.01444   0.00263   0.00020   0.00157   0.00124   0.00032   0.00078   0.00212   0.00509   0.00210   0.00390   0.00272   0.00032   0.00669   0.00186   0.00067   0.00618   0.00754   0.00041   0.00128   0.00107   0.00863   0.00136   0.00069   0.00021   0.00008   0.00355   0.01456   0.01547   0.01272   0.00095   0.00288   0.00230   0.00200   0.00228   0.01169   0.01388   0.01676   0.00572   0.00517   0.00892   0.00000   0.00039   0.01823   0.00593   1.97297   0.90495   0.92055   1.01758   1.75399  -0.31202   0.00000   1.94301  
 46 215.4033  27426.441502  x:  0.00717   0.01942   0.00171   0.00365   0.01352   0.00294   0.00620   0.00382   0.00742   0.00116   0.01454   0.00263   0.00020   0.00157   0.00124   0.00032   0.00078   0.00213   0.00507   0.00214   0.00383   0.00273   0.00032   0.00674   0.00190   0.00067   0.00619   0.00754   0.00041   0.00128   0.00106   0.00861   0.00136   0.00070   0.00022   0.00008   0.00359   0.01457   0.01536   0.01268   0.00095   0.00288   0.00231   0.00199   0.00233   0.01179   0.01393   0.01676   0.00571   0.00515   0.00900   0.00000   0.00039   0.01820   0.00582   1.97343   0.90478   0.92059   1.01752   1.75420  -0.31130   0.00000   1.94250  
 47 286.6699  27426.191203  x:  0.00706   0.01879   0.00172   0.00359   0.01349   0.00295   0.00641   0.00401   0.00738   0.00112   0.01500   0.00262   0.00020   0.00157   0.00123   0.00032   0.00078   0.00213   0.00504   0.00216   0.00407   0.00274   0.00032   0.00664   0.00194   0.00067   0.00619   0.00729   0.00042   0.00129   0.00107   0.00854   0.00136   0.00070   0.00022   0.00008   0.00351   0.01459   0.01516   0.01262   0.00095   0.00291   0.00235   0.00199   0.00236   0.01203   0.01422   0.01675   0.00555   0.00505   0.00899   0.00000   0.00039   0.01817   0.00606   1.97594   0.90387   0.92078   1.01719   1.75534  -0.30723   0.00000   1.93961  
 48 785.9668  27424.627226  x:  0.00757   0.01782   0.00172   0.00365   0.01366   0.00292   0.00714   0.00408   0.00730   0.00098   0.01528   0.00262   0.00020   0.00158   0.00123   0.00034   0.00078   0.00214   0.00510   0.00222   0.00337   0.00271   0.00032   0.00638   0.00195   0.00068   0.00707   0.00679   0.00041   0.00130   0.00113   0.00845   0.00134   0.00071   0.00023   0.00008   0.00352   0.01440   0.01506   0.01269   0.00097   0.00296   0.00235   0.00201   0.00236   0.01110   0.01473   0.01695   0.00579   0.00567   0.00860   0.00000   0.00038   0.01811   0.00605   1.99175   0.89811   0.92195   1.01511   1.76254  -0.28172   0.00000   1.92143  
 49 2787.6808  27420.160250  x:  0.00799   0.01692   0.00176   0.00401   0.01393   0.00294   0.00752   0.00294   0.00718   0.00087   0.01520   0.00270   0.00020   0.00163   0.00128   0.00038   0.00081   0.00216   0.00516   0.00212   0.00481   0.00282   0.00033   0.00594   0.00198   0.00071   0.00712   0.00724   0.00042   0.00132   0.00125   0.00841   0.00141   0.00074   0.00024   0.00008   0.00404   0.01388   0.01530   0.01300   0.00101   0.00279   0.00237   0.00197   0.00235   0.00912   0.01517   0.01728   0.00592   0.00606   0.00833   0.00000   0.00038   0.01866   0.00570   2.03733   0.88150   0.92533   1.00913   1.78333  -0.20814   0.00000   1.86897  
 50 24497.9740  27408.545477  x:  0.00765   0.01686   0.00186   0.00458   0.01443   0.00399   0.00713   0.00480   0.00701   0.00101   0.01404   0.00298   0.00021   0.00173   0.00143   0.00045   0.00087   0.00227   0.00516   0.00222   0.00393   0.00317   0.00037   0.00579   0.00240   0.00076   0.00511   0.00900   0.00050   0.00139   0.00138   0.00841   0.00151   0.00084   0.00030   0.00009   0.00434   0.01256   0.01611   0.01380   0.00108   0.00246   0.00256   0.00183   0.00252   0.00746   0.01487   0.01783   0.00582   0.00533   0.00876   0.00000   0.00041   0.02018   0.00579   2.15864   0.83728   0.93432   0.99320   1.83872  -0.01218   0.00000   1.72927  
 51 76326.4948  27395.363779  x:  0.00700   0.01881   0.00187   0.00452   0.01562   0.00365   0.00668   0.00440   0.00764   0.00108   0.01031   0.00321   0.00022   0.00184   0.00142   0.00051   0.00094   0.00232   0.00529   0.00260   0.00424   0.00313   0.00039   0.00533   0.00253   0.00082   0.00705   0.00833   0.00049   0.00151   0.00145   0.00840   0.00153   0.00094   0.00032   0.00009   0.00400   0.01109   0.01662   0.01438   0.00111   0.00288   0.00279   0.00207   0.00277   0.01128   0.01287   0.01818   0.00666   0.00511   0.00910   0.00000   0.00042   0.02075   0.00701   2.29757   0.78658   0.94461   0.97494   1.90232   0.21239   0.00000   1.56909  
 52 98266.1382  27394.607134  x:  0.00786   0.01903   0.00186   0.00450   0.01570   0.00365   0.00657   0.00451   0.00774   0.00112   0.01005   0.00322   0.00022   0.00185   0.00142   0.00051   0.00094   0.00232   0.00531   0.00265   0.00439   0.00312   0.00040   0.00540   0.00260   0.00082   0.00656   0.00777   0.00049   0.00152   0.00144   0.00841   0.00153   0.00095   0.00033   0.00009   0.00395   0.01102   0.01664   0.01405   0.00112   0.00294   0.00285   0.00209   0.00284   0.01181   0.01287   0.01818   0.00635   0.00546   0.00896   0.00000   0.00042   0.02065   0.00641   2.30519   0.78376   0.94517   0.97392   1.90596   0.22485   0.00000   1.56014  
 53 10809.4032  27394.526733  x:  0.00777   0.01909   0.00186   0.00452   0.01569   0.00366   0.00647   0.00447   0.00773   0.00112   0.00987   0.00323   0.00022   0.00185   0.00142   0.00051   0.00094   0.00232   0.00530   0.00263   0.00436   0.00312   0.00040   0.00539   0.00258   0.00082   0.00648   0.00764   0.00049   0.00152   0.00144   0.00845   0.00154   0.00095   0.00033   0.00009   0.00399   0.01100   0.01663   0.01348   0.00113   0.00292   0.00283   0.00208   0.00282   0.01177   0.01311   0.01821   0.00641   0.00546   0.00889   0.00000   0.00042   0.02068   0.00651   2.30573   0.78347   0.94520   0.97381   1.90658   0.22602   0.00000   1.55912  
 54 484.4782  27394.459253  x:  0.00782   0.01914   0.00187   0.00452   0.01566   0.00368   0.00665   0.00451   0.00762   0.00110   0.00987   0.00323   0.00022   0.00185   0.00142   0.00051   0.00094   0.00233   0.00530   0.00263   0.00437   0.00313   0.00040   0.00535   0.00260   0.00082   0.00662   0.00790   0.00050   0.00152   0.00145   0.00844   0.00153   0.00095   0.00033   0.00009   0.00397   0.01099   0.01664   0.01313   0.00113   0.00293   0.00284   0.00209   0.00282   0.01185   0.01313   0.01822   0.00635   0.00538   0.00888   0.00000   0.00042   0.02071   0.00638   2.30573   0.78324   0.94517   0.97372   1.90749   0.22679   0.00000   1.55814  
 55 249.9903  27393.192247  x:  0.00756   0.01914   0.00185   0.00444   0.01593   0.00352   0.00760   0.00432   0.00825   0.00106   0.01028   0.00319   0.00022   0.00185   0.00141   0.00051   0.00094   0.00231   0.00537   0.00273   0.00431   0.00304   0.00040   0.00527   0.00262   0.00083   0.00603   0.00813   0.00048   0.00153   0.00145   0.00817   0.00151   0.00096   0.00033   0.00009   0.00390   0.01100   0.01676   0.01223   0.00116   0.00309   0.00289   0.00211   0.00288   0.01171   0.01185   0.01835   0.00641   0.00610   0.00914   0.00000   0.00042   0.02049   0.00673   2.30219   0.77913   0.94427   0.97196   1.92771   0.23949   0.00000   1.53885  
 56 611.9415  27377.865281  x:  0.00806   0.01898   0.00190   0.00458   0.01573   0.00445   0.00623   0.00475   0.00818   0.00087   0.01156   0.00328   0.00023   0.00188   0.00139   0.00053   0.00096   0.00232   0.00483   0.00247   0.00460   0.00339   0.00040   0.00462   0.00267   0.00084   0.00747   0.00577   0.00054   0.00156   0.00144   0.00688   0.00159   0.00094   0.00036   0.00010   0.00411   0.01136   0.01744   0.01055   0.00119   0.00248   0.00280   0.00182   0.00275   0.01045   0.00753   0.01861   0.00655   0.00454   0.00948   0.00000   0.00039   0.02224   0.00628   2.26121   0.73320   0.93404   0.95231   2.15533   0.38067   0.00000   1.32256  
 57 14991.4028  27342.409569  x:  0.00774   0.01871   0.00186   0.00474   0.01567   0.00430   0.00593   0.00481   0.00746   0.00072   0.00921   0.00327   0.00023   0.00188   0.00126   0.00055   0.00095   0.00226   0.00444   0.00266   0.00458   0.00337   0.00040   0.00357   0.00289   0.00083   0.00723   0.00632   0.00050   0.00155   0.00144   0.00469   0.00154   0.00094   0.00040   0.00011   0.00402   0.01192   0.01717   0.01149   0.00116   0.00255   0.00298   0.00184   0.00289   0.01063   0.00824   0.01852   0.00651   0.00527   0.00918   0.00000   0.00036   0.02138   0.00632   2.19983   0.66474   0.91873   0.92301   2.49486   0.59111   0.00000   1.00000  
 58 154981.8504  27341.132140  x:  0.00813   0.01867   0.00186   0.00471   0.01544   0.00427   0.00648   0.00468   0.00878   0.00060   0.00872   0.00328   0.00023   0.00187   0.00124   0.00056   0.00095   0.00226   0.00443   0.00262   0.00446   0.00339   0.00040   0.00342   0.00287   0.00083   0.00709   0.00636   0.00049   0.00154   0.00147   0.00457   0.00152   0.00093   0.00040   0.00011   0.00401   0.01192   0.01710   0.01169   0.00115   0.00250   0.00293   0.00188   0.00283   0.01061   0.00853   0.01852   0.00658   0.00432   0.00877   0.00000   0.00035   0.02156   0.00637   2.19554   0.66001   0.91764   0.92095   2.51862   0.60583   0.00000   1.00000  
 59 18706.3891  27329.265589  x:  0.00821   0.01862   0.00186   0.00489   0.01570   0.00432   0.00636   0.00481   0.00883   0.00052   0.00702   0.00336   0.00024   0.00191   0.00117   0.00060   0.00097   0.00227   0.00411   0.00280   0.00453   0.00342   0.00042   0.00273   0.00306   0.00085   0.00716   0.00650   0.00057   0.00157   0.00150   0.00283   0.00160   0.00098   0.00042   0.00013   0.00399   0.01230   0.01719   0.01192   0.00117   0.00264   0.00306   0.00193   0.00298   0.01056   0.00834   0.01866   0.00672   0.00447   0.00866   0.00000   0.00034   0.02157   0.00652   2.19072   1.10097   0.74953   0.80385   2.73119   0.76976   0.00000   1.00000  
 60 46.1172  27323.558249  x:  0.00826   0.01872   0.00187   0.00487   0.01572   0.00427   0.00633   0.00481   0.00887   0.00054   0.00715   0.00335   0.00024   0.00192   0.00115   0.00062   0.00097   0.00228   0.00400   0.00282   0.00453   0.00340   0.00042   0.00274   0.00303   0.00085   0.00718   0.00653   0.00063   0.00157   0.00149   0.00199   0.00166   0.00098   0.00040   0.00013   0.00397   0.01268   0.01721   0.01192   0.00117   0.00275   0.00304   0.00196   0.00300   0.01052   0.00852   0.01872   0.00675   0.00446   0.00871   0.00000   0.00034   0.02154   0.00656   2.20784   1.16647   0.60351   0.94030   2.78598   0.80806   0.00000   1.00000  
 61 30.6880  27305.640647  x:  0.00848   0.01889   0.00191   0.00489   0.01609   0.00419   0.00624   0.00487   0.00907   0.00067   0.00714   0.00341   0.00025   0.00196   0.00111   0.00067   0.00100   0.00236   0.00368   0.00296   0.00459   0.00333   0.00043   0.00303   0.00301   0.00089   0.00733   0.00663   0.00085   0.00161   0.00148   0.00010   0.00188   0.00106   0.00036   0.00015   0.00392   0.01342   0.01738   0.01183   0.00121   0.00316   0.00303   0.00207   0.00311   0.01024   0.00896   0.01881   0.00692   0.00443   0.00882   0.00000   0.00036   0.02173   0.00676   2.22188   1.28045   0.74459   1.16669   2.86573   0.85415   0.00000   1.00000  
 62 24.0278  27286.927611  x:  0.00960   0.01987   0.00208   0.00508   0.01654   0.00397   0.00610   0.00510   0.01008   0.00145   0.00840   0.00342   0.00025   0.00201   0.00122   0.00076   0.00104   0.00267   0.00336   0.00326   0.00486   0.00325   0.00044   0.00499   0.00284   0.00093   0.00793   0.00710   0.00149   0.00163   0.00139   0.00193   0.00256   0.00116   0.00023   0.00018   0.00404   0.01756   0.01806   0.01130   0.00126   0.00438   0.00293   0.00250   0.00339   0.00957   0.01106   0.01928   0.00776   0.00419   0.00936   0.00000   0.00046   0.02172   0.00770   2.31152   1.50594   1.01520   1.57533   3.40910   1.34322   0.00000   1.00000  
 63 10.2185  27264.551315  x:  0.01045   0.02035   0.00227   0.00554   0.01723   0.00405   0.00584   0.00542   0.01031   0.00179   0.00826   0.00349   0.00025   0.00212   0.00121   0.00088   0.00113   0.00287   0.00274   0.00358   0.00517   0.00363   0.00047   0.00562   0.00308   0.00101   0.00837   0.00729   0.00172   0.00170   0.00138   0.00138   0.00284   0.00130   0.00026   0.00023   0.00470   0.02047   0.01780   0.01092   0.00134   0.00481   0.00317   0.00265   0.00371   0.00933   0.01174   0.02028   0.00845   0.00443   0.01016   0.00000   0.00050   0.02212   0.00846   2.44631   0.87586   0.60791   0.68279   3.04533   0.89692   0.00000   1.00000  
 64  8.4260  27252.447297  x:  0.01089   0.02016   0.00239   0.00621   0.01792   0.00434   0.00548   0.00579   0.00989   0.00163   0.00535   0.00359   0.00025   0.00227   0.00113   0.00102   0.00122   0.00291   0.00211   0.00392   0.00543   0.00424   0.00052   0.00446   0.00371   0.00108   0.00850   0.00741   0.00159   0.00177   0.00153   0.00152   0.00272   0.00142   0.00043   0.00026   0.00546   0.02142   0.01709   0.01116   0.00139   0.00456   0.00368   0.00260   0.00403   0.00966   0.01108   0.02135   0.00889   0.00503   0.01071   0.00000   0.00048   0.02254   0.00891   2.57258   0.92135   0.76079   0.99317   2.59928   0.32977   0.00000   1.00000  
 65  7.1899  27252.386310  x:  0.01089   0.02015   0.00239   0.00622   0.01793   0.00435   0.00547   0.00579   0.00988   0.00163   0.00529   0.00360   0.00025   0.00227   0.00113   0.00102   0.00122   0.00291   0.00210   0.00392   0.00543   0.00425   0.00052   0.00444   0.00372   0.00109   0.00851   0.00741   0.00159   0.00177   0.00154   0.00152   0.00272   0.00142   0.00044   0.00026   0.00547   0.02144   0.01708   0.01116   0.00139   0.00456   0.00369   0.00260   0.00404   0.00967   0.01107   0.02137   0.00890   0.00504   0.01072   0.00000   0.00048   0.02255   0.00892   2.57491   0.92219   0.76360   0.99888   2.59111   0.31937   0.00157   1.00000  
 66 742.1749  27228.665592  x:  0.01111   0.02128   0.00241   0.00578   0.01710   0.00348   0.00419   0.00563   0.00841   0.00054   0.00991   0.00292   0.00026   0.00236   0.00067   0.00128   0.00131   0.00259   0.00114   0.00396   0.00512   0.00486   0.00058   0.00431   0.00404   0.00113   0.00775   0.00719   0.00105   0.00164   0.00182   0.00080   0.00216   0.00141   0.00066   0.00035   0.00508   0.02425   0.01577   0.01160   0.00131   0.00398   0.00405   0.00248   0.00397   0.01090   0.01403   0.02131   0.00862   0.00504   0.01329   0.00000   0.00037   0.02086   0.00871   2.88896   0.93795   0.84654   1.15578   3.28873   0.97183   0.00676   1.00000  
 67  2.2951  27219.002884  x:  0.01146   0.02090   0.00244   0.00563   0.01664   0.00320   0.00468   0.00561   0.00824   0.00113   0.01039   0.00245   0.00025   0.00238   0.00084   0.00130   0.00133   0.00240   0.00390   0.00393   0.00519   0.00524   0.00060   0.00452   0.00431   0.00108   0.00757   0.00712   0.00084   0.00141   0.00195   0.00032   0.00181   0.00123   0.00081   0.00041   0.00496   0.02380   0.01556   0.01195   0.00121   0.00357   0.00425   0.00249   0.00394   0.01098   0.01538   0.02106   0.00875   0.00506   0.01459   0.00000   0.00038   0.01945   0.00878   3.07126   0.89154   0.85620   1.18076   3.72178   1.30180   0.01281   1.00000  
 68  2.8490  27206.237403  x:  0.01075   0.01960   0.00243   0.00481   0.01683   0.00266   0.00548   0.00538   0.00795   0.00102   0.00882   0.00216   0.00025   0.00245   0.00066   0.00140   0.00141   0.00227   0.00354   0.00389   0.00497   0.00491   0.00065   0.00420   0.00415   0.00110   0.00727   0.00716   0.00149   0.00123   0.00165   0.00004   0.00208   0.00124   0.00073   0.00047   0.00432   0.02084   0.01592   0.01251   0.00120   0.00427   0.00387   0.00267   0.00386   0.00976   0.01535   0.02025   0.00834   0.00525   0.01458   0.00000   0.00029   0.01779   0.00823   3.25808   0.68095   0.83368   1.05474   3.99408   1.44593   0.01671   1.00000  
 69  1.1648  27201.905782  x:  0.01028   0.01860   0.00241   0.00435   0.01677   0.00249   0.00603   0.00523   0.00791   0.00116   0.00760   0.00209   0.00025   0.00250   0.00065   0.00144   0.00145   0.00215   0.00313   0.00386   0.00486   0.00473   0.00068   0.00397   0.00400   0.00110   0.00711   0.00722   0.00187   0.00110   0.00138   0.00050   0.00222   0.00121   0.00070   0.00051   0.00389   0.01849   0.01631   0.01278   0.00119   0.00462   0.00368   0.00268   0.00382   0.00897   0.01509   0.01973   0.00810   0.00527   0.01420   0.00000   0.00025   0.01684   0.00785   3.37270   0.63549   0.85598   1.04119   4.21501   1.58172   0.01923   1.00000  
 70  1.6938  27194.371021  x:  0.00989   0.01813   0.00242   0.00423   0.01618   0.00298   0.00662   0.00511   0.00833   0.00168   0.00616   0.00247   0.00024   0.00257   0.00107   0.00147   0.00153   0.00191   0.00203   0.00377   0.00476   0.00493   0.00073   0.00455   0.00380   0.00112   0.00700   0.00757   0.00188   0.00093   0.00120   0.00044   0.00204   0.00121   0.00079   0.00056   0.00368   0.01801   0.01664   0.01259   0.00119   0.00432   0.00373   0.00225   0.00375   0.00871   0.01458   0.01938   0.00793   0.00489   0.01297   0.00000   0.00030   0.01646   0.00757   3.54268   0.88289   0.92910   1.18273   4.74156   2.03318   0.02130   1.00000  
 71  1.4136  27188.809911  x:  0.00940   0.01926   0.00254   0.00463   0.01599   0.00359   0.00567   0.00520   0.00833   0.00077   0.00641   0.00286   0.00025   0.00269   0.00121   0.00158   0.00166   0.00182   0.00258   0.00361   0.00473   0.00512   0.00081   0.00401   0.00392   0.00119   0.00713   0.00777   0.00207   0.00079   0.00159   0.00045   0.00217   0.00127   0.00086   0.00062   0.00413   0.02172   0.01623   0.01200   0.00120   0.00434   0.00351   0.00239   0.00362   0.00926   0.01324   0.01957   0.00770   0.00492   0.01168   0.00000   0.00032   0.01729   0.00750   3.77315   0.86305   0.96201   1.16748   4.93096   2.21516   0.02101   1.00000  
 72  0.4474  27186.667220  x:  0.00990   0.01902   0.00253   0.00502   0.01518   0.00384   0.00521   0.00534   0.00862   0.00128   0.00715   0.00291   0.00025   0.00272   0.00101   0.00150   0.00171   0.00158   0.00208   0.00367   0.00497   0.00537   0.00085   0.00367   0.00398   0.00120   0.00740   0.00789   0.00197   0.00072   0.00138   0.00040   0.00208   0.00124   0.00097   0.00066   0.00424   0.02162   0.01680   0.01156   0.00118   0.00407   0.00373   0.00239   0.00369   0.00925   0.01298   0.01972   0.00822   0.00470   0.01093   0.00000   0.00036   0.01745   0.00793   3.89861   0.82272   0.96241   1.14279   5.10485   2.33528   0.02365   1.00000  
 73  0.5548  27185.288139  x:  0.01004   0.01892   0.00251   0.00506   0.01471   0.00359   0.00491   0.00527   0.00846   0.00108   0.00690   0.00271   0.00025   0.00272   0.00085   0.00153   0.00177   0.00138   0.00202   0.00365   0.00498   0.00539   0.00090   0.00472   0.00398   0.00122   0.00735   0.00779   0.00188   0.00064   0.00159   0.00036   0.00198   0.00125   0.00106   0.00070   0.00401   0.02107   0.01698   0.01169   0.00114   0.00394   0.00373   0.00255   0.00363   0.00929   0.01287   0.01926   0.00829   0.00466   0.01105   0.00000   0.00039   0.01698   0.00803   4.01578   0.78305   0.94998   1.10183   5.35853   2.53800   0.02584   1.00000  
 74  0.5067  27184.336116  x:  0.01004   0.01923   0.00253   0.00500   0.01460   0.00339   0.00572   0.00520   0.00845   0.00092   0.00718   0.00253   0.00026   0.00273   0.00085   0.00144   0.00183   0.00128   0.00208   0.00351   0.00503   0.00534   0.00095   0.00440   0.00375   0.00123   0.00744   0.00740   0.00193   0.00066   0.00147   0.00031   0.00198   0.00123   0.00111   0.00073   0.00397   0.02136   0.01658   0.01201   0.00110   0.00385   0.00363   0.00240   0.00353   0.00937   0.01313   0.01903   0.00822   0.00509   0.01146   0.00000   0.00037   0.01638   0.00803   4.14335   0.75085   0.95120   1.07293   5.55896   2.74073   0.02563   1.00000  
 75  0.3605  27183.865500  x:  0.01006   0.01906   0.00253   0.00490   0.01462   0.00323   0.00534   0.00523   0.00836   0.00088   0.00732   0.00257   0.00027   0.00273   0.00094   0.00141   0.00187   0.00129   0.00227   0.00356   0.00500   0.00512   0.00099   0.00406   0.00356   0.00125   0.00747   0.00734   0.00197   0.00070   0.00157   0.00027   0.00215   0.00122   0.00114   0.00074   0.00381   0.02072   0.01666   0.01193   0.00111   0.00406   0.00360   0.00244   0.00358   0.00905   0.01317   0.01898   0.00817   0.00491   0.01174   0.00000   0.00036   0.01665   0.00796   4.21281   0.74748   0.95182   1.06161   5.66533   2.84729   0.02554   1.00000  
 76  0.1737  27183.448868  x:  0.01000   0.01899   0.00260   0.00495   0.01484   0.00332   0.00539   0.00527   0.00844   0.00108   0.00701   0.00261   0.00028   0.00270   0.00086   0.00133   0.00193   0.00142   0.00223   0.00348   0.00495   0.00497   0.00105   0.00416   0.00345   0.00126   0.00738   0.00755   0.00196   0.00079   0.00148   0.00022   0.00219   0.00122   0.00120   0.00075   0.00398   0.02094   0.01651   0.01192   0.00113   0.00410   0.00349   0.00251   0.00353   0.00933   0.01309   0.01898   0.00808   0.00480   0.01166   0.00000   0.00035   0.01711   0.00786   4.27782   0.73581   0.93844   1.02720   5.80770   3.02281   0.02429   1.00000  
 77  0.1917  27183.210924  x:  0.01009   0.01889   0.00265   0.00510   0.01486   0.00341   0.00541   0.00533   0.00840   0.00093   0.00722   0.00262   0.00029   0.00265   0.00092   0.00126   0.00195   0.00152   0.00229   0.00354   0.00498   0.00487   0.00109   0.00434   0.00345   0.00126   0.00737   0.00771   0.00193   0.00078   0.00144   0.00021   0.00212   0.00120   0.00126   0.00076   0.00413   0.02060   0.01680   0.01184   0.00115   0.00409   0.00355   0.00250   0.00360   0.00938   0.01308   0.01901   0.00820   0.00494   0.01155   0.00000   0.00036   0.01708   0.00798   4.30324   0.74788   0.93954   1.03921   5.91370   3.13709   0.02504   1.00000  
 78  0.1054  27182.959855  x:  0.00998   0.01919   0.00267   0.00505   0.01477   0.00340   0.00547   0.00528   0.00841   0.00101   0.00721   0.00264   0.00030   0.00256   0.00093   0.00126   0.00198   0.00156   0.00216   0.00359   0.00493   0.00467   0.00115   0.00430   0.00345   0.00124   0.00732   0.00761   0.00183   0.00068   0.00165   0.00022   0.00202   0.00116   0.00135   0.00076   0.00411   0.02074   0.01667   0.01189   0.00117   0.00403   0.00359   0.00251   0.00363   0.00922   0.01321   0.01901   0.00807   0.00496   0.01152   0.00000   0.00037   0.01691   0.00792   4.31503   0.75684   0.93867   1.04851   6.04268   3.28795   0.02486   1.00000  
 79  0.1751  27182.757749  x:  0.00995   0.01919   0.00267   0.00501   0.01471   0.00337   0.00528   0.00527   0.00837   0.00092   0.00710   0.00258   0.00031   0.00248   0.00082   0.00124   0.00200   0.00157   0.00225   0.00359   0.00495   0.00453   0.00121   0.00417   0.00353   0.00122   0.00737   0.00750   0.00178   0.00066   0.00148   0.00025   0.00203   0.00117   0.00141   0.00076   0.00407   0.02083   0.01661   0.01194   0.00115   0.00401   0.00357   0.00255   0.00361   0.00918   0.01329   0.01901   0.00807   0.00493   0.01148   0.00000   0.00035   0.01676   0.00792   4.30382   0.76765   0.94215   1.06290   6.13109   3.40511   0.02355   1.00000  
 80  0.1135  27182.562739  x:  0.01001   0.01890   0.00269   0.00498   0.01476   0.00342   0.00536   0.00526   0.00840   0.00094   0.00706   0.00261   0.00033   0.00241   0.00094   0.00126   0.00202   0.00158   0.00221   0.00360   0.00498   0.00447   0.00128   0.00413   0.00356   0.00121   0.00740   0.00745   0.00176   0.00070   0.00148   0.00028   0.00214   0.00122   0.00149   0.00075   0.00405   0.02074   0.01658   0.01197   0.00112   0.00395   0.00356   0.00249   0.00361   0.00950   0.01318   0.01916   0.00813   0.00481   0.01161   0.00000   0.00036   0.01679   0.00792   4.27263   0.74890   0.93784   1.05906   6.22089   3.51406   0.02252   1.00000  
 81  0.1082  27182.346180  x:  0.01004   0.01888   0.00269   0.00497   0.01481   0.00339   0.00557   0.00526   0.00850   0.00098   0.00724   0.00262   0.00036   0.00237   0.00086   0.00132   0.00205   0.00150   0.00226   0.00358   0.00502   0.00453   0.00137   0.00418   0.00363   0.00120   0.00747   0.00759   0.00182   0.00074   0.00153   0.00030   0.00223   0.00122   0.00157   0.00074   0.00398   0.02053   0.01663   0.01188   0.00110   0.00393   0.00352   0.00255   0.00358   0.00921   0.01291   0.01925   0.00824   0.00491   0.01162   0.00000   0.00037   0.01692   0.00796   4.23803   0.76672   0.95078   1.07826   6.37662   3.66545   0.02268   1.00000  
 82  0.0996  27182.116473  x:  0.01002   0.01917   0.00271   0.00497   0.01474   0.00333   0.00532   0.00527   0.00843   0.00099   0.00707   0.00262   0.00039   0.00235   0.00092   0.00139   0.00208   0.00141   0.00225   0.00357   0.00500   0.00466   0.00148   0.00428   0.00355   0.00118   0.00740   0.00762   0.00194   0.00074   0.00146   0.00028   0.00214   0.00115   0.00169   0.00074   0.00396   0.02082   0.01663   0.01186   0.00110   0.00390   0.00355   0.00238   0.00359   0.00910   0.01305   0.01913   0.00822   0.00497   0.01152   0.00000   0.00036   0.01685   0.00793   4.21895   0.75444   0.95526   1.06535   6.60339   3.87930   0.02311   1.00000  
 83  0.1656  27182.021747  x:  0.01002   0.01901   0.00274   0.00501   0.01478   0.00338   0.00536   0.00528   0.00836   0.00098   0.00713   0.00260   0.00040   0.00237   0.00088   0.00141   0.00209   0.00143   0.00224   0.00353   0.00498   0.00472   0.00154   0.00421   0.00355   0.00117   0.00732   0.00752   0.00202   0.00073   0.00152   0.00026   0.00210   0.00113   0.00174   0.00073   0.00402   0.02070   0.01668   0.01194   0.00113   0.00394   0.00352   0.00248   0.00357   0.00940   0.01319   0.01907   0.00817   0.00491   0.01158   0.00000   0.00036   0.01684   0.00790   4.20018   0.75607   0.95419   1.06234   6.70004   3.96623   0.02369   1.00000  
 84  0.0995  27181.976029  x:  0.01003   0.01906   0.00274   0.00499   0.01482   0.00336   0.00543   0.00528   0.00843   0.00097   0.00713   0.00261   0.00041   0.00240   0.00089   0.00138   0.00208   0.00147   0.00221   0.00356   0.00497   0.00474   0.00157   0.00422   0.00354   0.00117   0.00740   0.00753   0.00203   0.00074   0.00149   0.00024   0.00209   0.00115   0.00176   0.00073   0.00403   0.02080   0.01663   0.01194   0.00115   0.00403   0.00356   0.00252   0.00360   0.00923   0.01321   0.01908   0.00812   0.00486   0.01156   0.00000   0.00036   0.01695   0.00794   4.17638   0.75042   0.94488   1.05344   6.73667   4.00530   0.02346   1.00000  
 85  0.0384  27181.944136  x:  0.01002   0.01901   0.00272   0.00497   0.01472   0.00337   0.00539   0.00525   0.00844   0.00097   0.00713   0.00261   0.00042   0.00245   0.00088   0.00134   0.00206   0.00146   0.00222   0.00358   0.00497   0.00478   0.00158   0.00418   0.00352   0.00117   0.00739   0.00759   0.00201   0.00072   0.00149   0.00024   0.00212   0.00117   0.00178   0.00072   0.00401   0.02074   0.01663   0.01189   0.00114   0.00403   0.00360   0.00248   0.00361   0.00932   0.01317   0.01909   0.00811   0.00491   0.01157   0.00000   0.00036   0.01683   0.00795   4.15077   0.75599   0.93600   1.05200   6.76645   4.02788   0.02345   1.00000  
 86  0.0171  27181.929422  x:  0.00999   0.01906   0.00271   0.00498   0.01473   0.00339   0.00538   0.00526   0.00841   0.00097   0.00711   0.00260   0.00042   0.00249   0.00090   0.00131   0.00204   0.00146   0.00222   0.00355   0.00498   0.00479   0.00159   0.00421   0.00353   0.00118   0.00739   0.00751   0.00199   0.00072   0.00150   0.00024   0.00212   0.00116   0.00179   0.00072   0.00403   0.02077   0.01662   0.01194   0.00113   0.00401   0.00356   0.00251   0.00358   0.00927   0.01312   0.01909   0.00811   0.00491   0.01157   0.00000   0.00036   0.01687   0.00793   4.15210   0.75633   0.93103   1.04884   6.80791   4.06471   0.02372   1.00000  
 87  0.0286  27181.921993  x:  0.01000   0.01906   0.00270   0.00498   0.01476   0.00335   0.00541   0.00526   0.00840   0.00097   0.00713   0.00262   0.00043   0.00251   0.00089   0.00130   0.00203   0.00146   0.00222   0.00355   0.00497   0.00477   0.00160   0.00421   0.00351   0.00119   0.00737   0.00755   0.00198   0.00072   0.00150   0.00025   0.00211   0.00115   0.00180   0.00073   0.00403   0.02080   0.01664   0.01192   0.00113   0.00402   0.00355   0.00249   0.00358   0.00929   0.01313   0.01909   0.00813   0.00487   0.01158   0.00000   0.00036   0.01689   0.00791   4.15631   0.75560   0.93014   1.04710   6.86175   4.11610   0.02386   1.00000  
 88  0.0352  27181.917777  x:  0.01002   0.01904   0.00268   0.00498   0.01479   0.00336   0.00539   0.00527   0.00842   0.00097   0.00713   0.00261   0.00043   0.00253   0.00089   0.00131   0.00201   0.00146   0.00222   0.00356   0.00497   0.00475   0.00161   0.00420   0.00352   0.00121   0.00738   0.00755   0.00198   0.00072   0.00149   0.00025   0.00211   0.00115   0.00181   0.00073   0.00402   0.02078   0.01663   0.01192   0.00113   0.00403   0.00354   0.00249   0.00359   0.00929   0.01318   0.01909   0.00814   0.00490   0.01157   0.00000   0.00036   0.01688   0.00792   4.15664   0.75509   0.93264   1.04776   6.90419   4.15553   0.02390   1.00000  
 89  0.0278  27181.912298  x:  0.01002   0.01905   0.00266   0.00498   0.01478   0.00339   0.00539   0.00527   0.00843   0.00097   0.00712   0.00260   0.00043   0.00254   0.00089   0.00134   0.00198   0.00147   0.00223   0.00356   0.00497   0.00473   0.00162   0.00421   0.00352   0.00122   0.00740   0.00754   0.00197   0.00072   0.00150   0.00025   0.00211   0.00115   0.00180   0.00073   0.00403   0.02076   0.01662   0.01193   0.00114   0.00403   0.00355   0.00249   0.00360   0.00929   0.01320   0.01907   0.00812   0.00491   0.01156   0.00000   0.00036   0.01687   0.00794   4.15966   0.75364   0.93707   1.04932   6.95348   4.20236   0.02392   1.00000  
 90  0.0252  27181.902990  x:  0.01001   0.01906   0.00264   0.00498   0.01472   0.00337   0.00541   0.00525   0.00841   0.00097   0.00712   0.00261   0.00044   0.00252   0.00089   0.00134   0.00195   0.00149   0.00223   0.00355   0.00498   0.00474   0.00161   0.00420   0.00352   0.00122   0.00739   0.00754   0.00197   0.00072   0.00149   0.00024   0.00212   0.00115   0.00179   0.00073   0.00405   0.02079   0.01663   0.01193   0.00113   0.00399   0.00356   0.00250   0.00358   0.00928   0.01313   0.01908   0.00811   0.00489   0.01157   0.00000   0.00036   0.01687   0.00795   4.16132   0.75453   0.93940   1.05289   7.01527   4.26938   0.02384   1.00000  
 91  0.0240  27181.900574  x:  0.01001   0.01904   0.00264   0.00498   0.01475   0.00337   0.00539   0.00527   0.00842   0.00097   0.00713   0.00261   0.00044   0.00251   0.00089   0.00133   0.00195   0.00148   0.00222   0.00356   0.00498   0.00474   0.00162   0.00420   0.00352   0.00122   0.00738   0.00754   0.00198   0.00072   0.00150   0.00025   0.00211   0.00115   0.00179   0.00073   0.00403   0.02078   0.01663   0.01191   0.00113   0.00401   0.00355   0.00249   0.00359   0.00928   0.01315   0.01909   0.00813   0.00490   0.01157   0.00000   0.00036   0.01687   0.00793   4.15983   0.75465   0.93805   1.05244   7.03585   4.29039   0.02383   1.00000  
 92  0.0147  27181.896577  x:  0.01002   0.01904   0.00263   0.00499   0.01478   0.00337   0.00538   0.00528   0.00842   0.00097   0.00713   0.00261   0.00045   0.00249   0.00089   0.00133   0.00192   0.00148   0.00222   0.00356   0.00498   0.00475   0.00163   0.00420   0.00352   0.00121   0.00738   0.00755   0.00200   0.00072   0.00150   0.00025   0.00211   0.00115   0.00178   0.00073   0.00401   0.02078   0.01663   0.01192   0.00113   0.00402   0.00355   0.00249   0.00359   0.00928   0.01316   0.01910   0.00815   0.00490   0.01156   0.00000   0.00036   0.01687   0.00792   4.16342   0.75511   0.93668   1.05229   7.13319   4.39130   0.02374   1.00000  
 93  0.0625  27181.892667  x:  0.01001   0.01906   0.00263   0.00499   0.01476   0.00338   0.00540   0.00527   0.00841   0.00097   0.00712   0.00261   0.00045   0.00248   0.00089   0.00132   0.00190   0.00147   0.00222   0.00356   0.00497   0.00477   0.00162   0.00421   0.00353   0.00120   0.00739   0.00754   0.00200   0.00072   0.00150   0.00024   0.00211   0.00116   0.00176   0.00074   0.00403   0.02077   0.01663   0.01192   0.00113   0.00401   0.00356   0.00250   0.00359   0.00928   0.01315   0.01910   0.00813   0.00489   0.01157   0.00000   0.00036   0.01687   0.00794   4.17219   0.75494   0.93584   1.05060   7.21083   4.47034   0.02369   1.00000  
 94  0.0365  27181.890497  x:  0.01001   0.01904   0.00265   0.00498   0.01477   0.00337   0.00539   0.00526   0.00842   0.00097   0.00713   0.00261   0.00045   0.00249   0.00089   0.00132   0.00192   0.00147   0.00222   0.00356   0.00497   0.00477   0.00163   0.00420   0.00353   0.00120   0.00738   0.00755   0.00199   0.00072   0.00150   0.00025   0.00211   0.00116   0.00177   0.00073   0.00403   0.02077   0.01663   0.01193   0.00113   0.00402   0.00356   0.00249   0.00359   0.00929   0.01316   0.01909   0.00812   0.00490   0.01157   0.00000   0.00036   0.01688   0.00794   4.16935   0.75476   0.93478   1.04907   7.21381   4.47031   0.02379   1.00000  
 95  0.0014  27181.886125  x:  0.01001   0.01903   0.00267   0.00496   0.01478   0.00337   0.00539   0.00524   0.00842   0.00097   0.00713   0.00261   0.00046   0.00250   0.00089   0.00133   0.00193   0.00146   0.00222   0.00357   0.00497   0.00477   0.00163   0.00420   0.00354   0.00118   0.00738   0.00755   0.00197   0.00073   0.00150   0.00025   0.00211   0.00115   0.00176   0.00073   0.00405   0.02076   0.01663   0.01191   0.00114   0.00402   0.00356   0.00249   0.00360   0.00929   0.01317   0.01907   0.00810   0.00490   0.01158   0.00000   0.00036   0.01690   0.00794   4.16954   0.75401   0.93247   1.04570   7.38959   4.64235   0.02393   1.00000  
 96  0.0893  27181.879366  x:  0.01001   0.01905   0.00268   0.00498   0.01476   0.00337   0.00540   0.00526   0.00842   0.00097   0.00713   0.00261   0.00048   0.00249   0.00089   0.00134   0.00192   0.00147   0.00222   0.00356   0.00498   0.00477   0.00163   0.00420   0.00354   0.00117   0.00739   0.00755   0.00195   0.00073   0.00150   0.00025   0.00212   0.00116   0.00172   0.00073   0.00404   0.02077   0.01663   0.01194   0.00113   0.00403   0.00355   0.00249   0.00359   0.00928   0.01316   0.01904   0.00812   0.00490   0.01156   0.00000   0.00036   0.01688   0.00793   4.16851   0.75396   0.93303   1.04627   7.66231   4.91378   0.02397   1.00000  
 97  0.1370  27181.874778  x:  0.01002   0.01904   0.00268   0.00500   0.01475   0.00337   0.00540   0.00529   0.00841   0.00097   0.00711   0.00261   0.00048   0.00250   0.00089   0.00133   0.00193   0.00148   0.00222   0.00355   0.00498   0.00475   0.00163   0.00420   0.00351   0.00119   0.00739   0.00754   0.00196   0.00072   0.00150   0.00024   0.00211   0.00116   0.00172   0.00073   0.00402   0.02078   0.01663   0.01188   0.00113   0.00402   0.00355   0.00249   0.00358   0.00928   0.01316   0.01907   0.00815   0.00490   0.01156   0.00000   0.00036   0.01686   0.00792   4.16218   0.75420   0.93599   1.05032   7.62585   4.87718   0.02393   1.00000  
 98  0.0181  27181.873257  x:  0.01001   0.01905   0.00269   0.00499   0.01476   0.00337   0.00539   0.00528   0.00842   0.00097   0.00713   0.00261   0.00048   0.00250   0.00089   0.00133   0.00194   0.00147   0.00223   0.00356   0.00497   0.00475   0.00163   0.00420   0.00352   0.00119   0.00738   0.00755   0.00196   0.00072   0.00150   0.00025   0.00211   0.00116   0.00171   0.00073   0.00402   0.02079   0.01663   0.01194   0.00113   0.00402   0.00355   0.00249   0.00359   0.00929   0.01315   0.01909   0.00814   0.00490   0.01156   0.00000   0.00036   0.01687   0.00793   4.16334   0.75474   0.93624   1.05081   7.70296   4.95474   0.02394   1.00000  
 99  0.0604  27181.872261  x:  0.01001   0.01904   0.00269   0.00498   0.01476   0.00337   0.00539   0.00527   0.00842   0.00097   0.00712   0.00261   0.00049   0.00250   0.00089   0.00132   0.00195   0.00146   0.00223   0.00356   0.00497   0.00475   0.00163   0.00420   0.00352   0.00120   0.00738   0.00755   0.00197   0.00072   0.00150   0.00025   0.00211   0.00116   0.00170   0.00073   0.00403   0.02078   0.01663   0.01193   0.00113   0.00401   0.00356   0.00250   0.00359   0.00929   0.01315   0.01911   0.00813   0.00490   0.01157   0.00000   0.00036   0.01687   0.00793   4.16358   0.75477   0.93697   1.05155   7.81116   5.06360   0.02394   1.00000  
100  0.1043  27181.871522  x:  0.01001   0.01904   0.00268   0.00498   0.01476   0.00337   0.00539   0.00526   0.00841   0.00097   0.00712   0.00261   0.00049   0.00250   0.00089   0.00132   0.00196   0.00147   0.00222   0.00356   0.00498   0.00475   0.00163   0.00420   0.00353   0.00121   0.00739   0.00754   0.00198   0.00072   0.00150   0.00025   0.00211   0.00116   0.00170   0.00073   0.00403   0.02078   0.01663   0.01191   0.00113   0.00401   0.00356   0.00250   0.00359   0.00929   0.01316   0.01911   0.00812   0.00490   0.01157   0.00000   0.00036   0.01687   0.00793   4.16306   0.75446   0.93737   1.05157   7.87678   5.13035   0.02390   1.00000  
101  0.0493  27181.870357  x:  0.01001   0.01905   0.00267   0.00499   0.01474   0.00337   0.00540   0.00527   0.00842   0.00097   0.00712   0.00261   0.00049   0.00250   0.00089   0.00132   0.00196   0.00148   0.00222   0.00356   0.00498   0.00476   0.00162   0.00420   0.00354   0.00121   0.00739   0.00755   0.00198   0.00072   0.00150   0.00025   0.00211   0.00116   0.00171   0.00073   0.00403   0.02077   0.01663   0.01191   0.00113   0.00401   0.00356   0.00249   0.00359   0.00928   0.01316   0.01906   0.00813   0.00490   0.01157   0.00000   0.00036   0.01687   0.00793   4.16380   0.75391   0.93511   1.04837   7.88431   5.13924   0.02385   1.00000  
102  0.0026  27181.869099  x:  0.01001   0.01904   0.00267   0.00499   0.01475   0.00337   0.00539   0.00527   0.00842   0.00097   0.00713   0.00261   0.00049   0.00250   0.00089   0.00133   0.00197   0.00147   0.00223   0.00356   0.00497   0.00476   0.00162   0.00420   0.00354   0.00121   0.00738   0.00755   0.00197   0.00072   0.00150   0.00025   0.00211   0.00116   0.00171   0.00073   0.00403   0.02078   0.01663   0.01194   0.00113   0.00402   0.00356   0.00249   0.00359   0.00929   0.01315   0.01907   0.00814   0.00490   0.01157   0.00000   0.00036   0.01687   0.00794   4.16441   0.75452   0.93293   1.04711   7.96804   5.22378   0.02385   1.00000  
103  0.0272  27181.867453  x:  0.01001   0.01904   0.00264   0.00498   0.01476   0.00338   0.00540   0.00527   0.00841   0.00097   0.00712   0.00261   0.00049   0.00250   0.00089   0.00133   0.00198   0.00147   0.00222   0.00356   0.00497   0.00477   0.00161   0.00420   0.00353   0.00121   0.00738   0.00754   0.00197   0.00072   0.00150   0.00025   0.00211   0.00116   0.00171   0.00074   0.00403   0.02078   0.01663   0.01192   0.00113   0.00403   0.00356   0.00249   0.00359   0.00929   0.01316   0.01909   0.00814   0.00490   0.01157   0.00000   0.00036   0.01687   0.00794   4.16389   0.75497   0.93197   1.04712   8.14768   5.40537   0.02381   1.00000  
104  0.0906  27181.865401  x:  0.01001   0.01905   0.00263   0.00499   0.01476   0.00337   0.00539   0.00527   0.00842   0.00097   0.00712   0.00261   0.00049   0.00250   0.00089   0.00133   0.00197   0.00147   0.00222   0.00356   0.00499   0.00477   0.00161   0.00420   0.00351   0.00120   0.00739   0.00755   0.00197   0.00072   0.00150   0.00024   0.00211   0.00115   0.00173   0.00074   0.00404   0.02076   0.01663   0.01191   0.00113   0.00402   0.00355   0.00249   0.00359   0.00928   0.01317   0.01911   0.00812   0.00490   0.01156   0.00000   0.00036   0.01685   0.00793   4.16290   0.75463   0.93600   1.05074   8.19104   5.44747   0.02381   1.00000  
105  0.0154  27181.864623  x:  0.01001   0.01905   0.00264   0.00499   0.01476   0.00337   0.00539   0.00527   0.00842   0.00097   0.00712   0.00261   0.00049   0.00250   0.00089   0.00132   0.00198   0.00147   0.00222   0.00356   0.00498   0.00477   0.00160   0.00420   0.00352   0.00120   0.00739   0.00755   0.00197   0.00072   0.00150   0.00025   0.00211   0.00116   0.00172   0.00074   0.00403   0.02077   0.01663   0.01192   0.00113   0.00402   0.00355   0.00249   0.00359   0.00928   0.01316   0.01910   0.00812   0.00490   0.01156   0.00000   0.00036   0.01686   0.00793   4.16399   0.75462   0.93606   1.05045   8.24313   5.49819   0.02386   1.00000  
106  0.0337  27181.863637  x:  0.01002   0.01904   0.00264   0.00499   0.01476   0.00337   0.00539   0.00527   0.00841   0.00097   0.00712   0.00261   0.00049   0.00250   0.00089   0.00132   0.00198   0.00148   0.00222   0.00356   0.00497   0.00477   0.00159   0.00420   0.00353   0.00119   0.00738   0.00755   0.00197   0.00072   0.00150   0.00025   0.00211   0.00116   0.00173   0.00074   0.00403   0.02078   0.01663   0.01193   0.00113   0.00402   0.00355   0.00249   0.00359   0.00928   0.01315   0.01909   0.00812   0.00490   0.01157   0.00000   0.00036   0.01687   0.00794   4.16409   0.75415   0.93839   1.05184   8.39612   5.64852   0.02395   1.00000  
107  0.1039  27181.861154  x:  0.01001   0.01905   0.00264   0.00498   0.01476   0.00338   0.00540   0.00527   0.00842   0.00097   0.00712   0.00261   0.00050   0.00249   0.00089   0.00132   0.00196   0.00148   0.00222   0.00356   0.00497   0.00474   0.00158   0.00420   0.00353   0.00119   0.00739   0.00754   0.00198   0.00072   0.00150   0.00024   0.00211   0.00115   0.00175   0.00074   0.00402   0.02079   0.01663   0.01191   0.00113   0.00401   0.00356   0.00249   0.00359   0.00929   0.01315   0.01908   0.00814   0.00490   0.01158   0.00000   0.00036   0.01689   0.00793   4.16150   0.75390   0.93921   1.05219   8.62040   5.87185   0.02397   1.00000  
108  0.0571  27181.860180  x:  0.01001   0.01905   0.00265   0.00498   0.01476   0.00337   0.00540   0.00527   0.00842   0.00097   0.00712   0.00261   0.00049   0.00249   0.00089   0.00132   0.00196   0.00147   0.00222   0.00356   0.00497   0.00475   0.00158   0.00420   0.00353   0.00120   0.00739   0.00754   0.00198   0.00072   0.00150   0.00025   0.00211   0.00116   0.00174   0.00073   0.00403   0.02078   0.01663   0.01192   0.00113   0.00402   0.00356   0.00249   0.00359   0.00929   0.01316   0.01908   0.00814   0.00490   0.01157   0.00000   0.00036   0.01688   0.00793   4.16270   0.75431   0.93587   1.04985   8.55803   5.81056   0.02394   1.00000  
109  0.0435  27181.859110  x:  0.01001   0.01905   0.00267   0.00498   0.01477   0.00337   0.00540   0.00527   0.00842   0.00097   0.00712   0.00261   0.00049   0.00249   0.00089   0.00133   0.00196   0.00147   0.00223   0.00356   0.00498   0.00474   0.00157   0.00420   0.00353   0.00120   0.00739   0.00755   0.00198   0.00072   0.00150   0.00025   0.00211   0.00116   0.00175   0.00073   0.00403   0.02078   0.01663   0.01193   0.00113   0.00401   0.00356   0.00249   0.00359   0.00929   0.01316   0.01909   0.00813   0.00490   0.01156   0.00000   0.00036   0.01687   0.00793   4.16241   0.75462   0.93306   1.04791   8.69174   5.94439   0.02394   1.00000  
110  0.0843  27181.858641  x:  0.01001   0.01905   0.00266   0.00499   0.01476   0.00337   0.00539   0.00527   0.00842   0.00097   0.00712   0.00261   0.00049   0.00250   0.00089   0.00132   0.00195   0.00147   0.00222   0.00356   0.00497   0.00475   0.00157   0.00420   0.00353   0.00120   0.00739   0.00754   0.00198   0.00072   0.00150   0.00025   0.00211   0.00116   0.00175   0.00073   0.00403   0.02078   0.01663   0.01192   0.00113   0.00401   0.00355   0.00249   0.00359   0.00928   0.01316   0.01909   0.00813   0.00490   0.01157   0.00000   0.00036   0.01687   0.00793   4.16222   0.75426   0.93538   1.04952   8.79716   6.04987   0.02394   1.00000  
111  0.0541  27181.858474  x:  0.01001   0.01905   0.00267   0.00499   0.01476   0.00337   0.00539   0.00527   0.00842   0.00097   0.00712   0.00261   0.00049   0.00250   0.00089   0.00133   0.00195   0.00147   0.00222   0.00356   0.00497   0.00476   0.00157   0.00420   0.00352   0.00120   0.00739   0.00754   0.00198   0.00072   0.00150   0.00025   0.00211   0.00116   0.00175   0.00073   0.00402   0.02078   0.01663   0.01192   0.00113   0.00402   0.00355   0.00249   0.00359   0.00928   0.01316   0.01910   0.00812   0.00490   0.01157   0.00000   0.00036   0.01687   0.00793   4.16331   0.75440   0.93516   1.04934   8.82557   6.07979   0.02390   1.00000  
112  0.0190  27181.858261  x:  0.01001   0.01904   0.00268   0.00498   0.01475   0.00337   0.00539   0.00527   0.00842   0.00097   0.00712   0.00261   0.00049   0.00250   0.00089   0.00133   0.00195   0.00147   0.00222   0.00356   0.00497   0.00477   0.00157   0.00420   0.00352   0.00120   0.00739   0.00755   0.00197   0.00072   0.00150   0.00025   0.00211   0.00116   0.00175   0.00073   0.00402   0.02077   0.01663   0.01192   0.00113   0.00402   0.00355   0.00249   0.00359   0.00928   0.01315   0.01909   0.00813   0.00490   0.01157   0.00000   0.00036   0.01687   0.00793   4.16463   0.75445   0.93577   1.04975   8.86297   6.11926   0.02384   1.00000  
113  0.0364  27181.857341  x:  0.01000   0.01905   0.00269   0.00498   0.01476   0.00337   0.00540   0.00527   0.00842   0.00097   0.00712   0.00261   0.00049   0.00251   0.00089   0.00132   0.00195   0.00147   0.00222   0.00356   0.00498   0.00478   0.00157   0.00420   0.00353   0.00120   0.00738   0.00755   0.00197   0.00072   0.00150   0.00025   0.00211   0.00116   0.00175   0.00073   0.00403   0.02076   0.01663   0.01193   0.00113   0.00403   0.00356   0.00249   0.00359   0.00929   0.01316   0.01907   0.00814   0.00490   0.01157   0.00000   0.00036   0.01688   0.00793   4.16591   0.75440   0.93881   1.05221   8.98242   6.24242   0.02374   1.00000  
114  0.0385  27181.855367  x:  0.01001   0.01905   0.00266   0.00499   0.01477   0.00337   0.00539   0.00527   0.00842   0.00097   0.00712   0.00261   0.00049   0.00250   0.00089   0.00132   0.00195   0.00147   0.00222   0.00356   0.00498   0.00475   0.00157   0.00420   0.00353   0.00120   0.00739   0.00754   0.00198   0.00072   0.00150   0.00024   0.00211   0.00116   0.00175   0.00073   0.00404   0.02078   0.01663   0.01192   0.00113   0.00402   0.00356   0.00249   0.00359   0.00928   0.01317   0.01908   0.00813   0.00490   0.01157   0.00000   0.00036   0.01688   0.00793   4.16101   0.75419   0.93762   1.05171   9.04997   6.30476   0.02389   1.00000  
115  0.0191  27181.853178  x:  0.01001   0.01905   0.00268   0.00498   0.01477   0.00337   0.00540   0.00527   0.00842   0.00097   0.00712   0.00261   0.00048   0.00251   0.00089   0.00132   0.00195   0.00146   0.00222   0.00356   0.00498   0.00477   0.00158   0.00420   0.00353   0.00120   0.00739   0.00755   0.00197   0.00072   0.00150   0.00025   0.00211   0.00116   0.00174   0.00074   0.00404   0.02076   0.01663   0.01192   0.00113   0.00403   0.00356   0.00249   0.00359   0.00929   0.01316   0.01907   0.00813   0.00490   0.01157   0.00000   0.00036   0.01688   0.00793   4.16371   0.75448   0.93968   1.05333   9.39415   6.65529   0.02371   1.00000  
116  0.1331  27181.849138  x:  0.01003   0.01905   0.00267   0.00499   0.01476   0.00337   0.00539   0.00527   0.00841   0.00097   0.00713   0.00261   0.00047   0.00251   0.00089   0.00133   0.00195   0.00146   0.00222   0.00356   0.00497   0.00474   0.00159   0.00420   0.00353   0.00120   0.00739   0.00754   0.00198   0.00072   0.00150   0.00025   0.00211   0.00116   0.00173   0.00074   0.00404   0.02077   0.01663   0.01192   0.00113   0.00402   0.00355   0.00249   0.00359   0.00928   0.01315   0.01909   0.00810   0.00490   0.01157   0.00000   0.00036   0.01687   0.00794   4.15923   0.75457   0.93485   1.04950  10.22120   7.47766   0.02385   1.00000  
117  0.2889  27181.848148  x:  0.01001   0.01905   0.00268   0.00498   0.01475   0.00337   0.00540   0.00527   0.00842   0.00097   0.00712   0.00261   0.00047   0.00251   0.00089   0.00133   0.00195   0.00147   0.00222   0.00356   0.00498   0.00475   0.00159   0.00420   0.00353   0.00120   0.00739   0.00755   0.00198   0.00072   0.00150   0.00025   0.00211   0.00116   0.00174   0.00074   0.00402   0.02077   0.01663   0.01192   0.00113   0.00401   0.00356   0.00249   0.00359   0.00929   0.01316   0.01909   0.00813   0.00490   0.01157   0.00000   0.00036   0.01688   0.00793   4.16161   0.75442   0.93519   1.04916  10.56873   7.82517   0.02385   1.00000  
118  0.2230  27181.847533  x:  0.01000   0.01905   0.00267   0.00498   0.01476   0.00337   0.00540   0.00527   0.00842   0.00097   0.00712   0.00261   0.00047   0.00250   0.00089   0.00133   0.00196   0.00147   0.00222   0.00356   0.00498   0.00475   0.00160   0.00420   0.00353   0.00120   0.00738   0.00755   0.00198   0.00072   0.00150   0.00025   0.00211   0.00116   0.00174   0.00075   0.00402   0.02078   0.01663   0.01192   0.00113   0.00401   0.00356   0.00250   0.00359   0.00928   0.01316   0.01910   0.00814   0.00490   0.01157   0.00000   0.00036   0.01687   0.00793   4.16114   0.75423   0.93443   1.04840  11.27986   8.53343   0.02393   1.00000  
119  0.4077  27181.846628  x:  0.01002   0.01905   0.00267   0.00499   0.01477   0.00337   0.00539   0.00527   0.00841   0.00097   0.00712   0.00261   0.00047   0.00250   0.00089   0.00133   0.00196   0.00147   0.00222   0.00356   0.00497   0.00475   0.00160   0.00420   0.00353   0.00120   0.00739   0.00755   0.00198   0.00072   0.00150   0.00025   0.00211   0.00116   0.00173   0.00074   0.00403   0.02077   0.01663   0.01192   0.00113   0.00402   0.00355   0.00249   0.00359   0.00928   0.01315   0.01909   0.00812   0.00490   0.01157   0.00000   0.00036   0.01687   0.00793   4.16007   0.75447   0.93544   1.04987  11.99661   9.25092   0.02390   1.00000  
120  0.2129  27181.846426  x:  0.01001   0.01905   0.00267   0.00498   0.01477   0.00337   0.00539   0.00527   0.00842   0.00097   0.00712   0.00261   0.00047   0.00249   0.00089   0.00133   0.00196   0.00147   0.00222   0.00356   0.00497   0.00476   0.00160   0.00420   0.00353   0.00120   0.00739   0.00755   0.00197   0.00072   0.00150   0.00025   0.00211   0.00116   0.00174   0.00074   0.00403   0.02078   0.01663   0.01192   0.00113   0.00402   0.00356   0.00249   0.00359   0.00928   0.01316   0.01909   0.00813   0.00490   0.01157   0.00000   0.00036   0.01687   0.00793   4.16072   0.75440   0.93533   1.04958  12.33119   9.58475   0.02393   1.00000  
121  0.2992  27181.846104  x:  0.01001   0.01905   0.00267   0.00498   0.01476   0.00337   0.00540   0.00527   0.00842   0.00097   0.00712   0.00261   0.00047   0.00249   0.00089   0.00132   0.00196   0.00147   0.00222   0.00356   0.00498   0.00476   0.00160   0.00420   0.00353   0.00121   0.00738   0.00755   0.00197   0.00072   0.00150   0.00025   0.00211   0.00116   0.00174   0.00074   0.00402   0.02078   0.01663   0.01192   0.00113   0.00402   0.00355   0.00249   0.00359   0.00929   0.01316   0.01908   0.00813   0.00490   0.01157   0.00000   0.00036   0.01688   0.00793   4.16089   0.75442   0.93563   1.04979  13.50097  10.75377   0.02395   1.00000  
122  0.4392  27181.845924  x:  0.01001   0.01905   0.00267   0.00499   0.01476   0.00337   0.00539   0.00527   0.00842   0.00097   0.00712   0.00261   0.00047   0.00250   0.00089   0.00133   0.00196   0.00147   0.00222   0.00356   0.00497   0.00476   0.00160   0.00420   0.00353   0.00120   0.00739   0.00755   0.00197   0.00072   0.00150   0.00025   0.00211   0.00116   0.00173   0.00074   0.00403   0.02078   0.01663   0.01192   0.00113   0.00402   0.00355   0.00249   0.00359   0.00928   0.01316   0.01909   0.00813   0.00490   0.01157   0.00000   0.00036   0.01688   0.00793   4.16067   0.75435   0.93545   1.04964  13.11486  10.36849   0.02393   1.00000  
123  0.2560  27181.845691  x:  0.01001   0.01905   0.00266   0.00498   0.01476   0.00337   0.00540   0.00527   0.00842   0.00097   0.00712   0.00261   0.00047   0.00250   0.00089   0.00133   0.00196   0.00147   0.00222   0.00356   0.00498   0.00476   0.00160   0.00420   0.00353   0.00120   0.00738   0.00755   0.00197   0.00072   0.00150   0.00025   0.00211   0.00116   0.00174   0.00073   0.00403   0.02078   0.01663   0.01192   0.00113   0.00402   0.00355   0.00249   0.00359   0.00929   0.01316   0.01909   0.00813   0.00490   0.01157   0.00000   0.00036   0.01688   0.00793   4.16185   0.75430   0.93557   1.04948  14.15949  11.41350   0.02392   1.00000  
124  0.3246  27181.845681  x:  0.01001   0.01905   0.00266   0.00498   0.01476   0.00337   0.00539   0.00527   0.00842   0.00097   0.00712   0.00261   0.00047   0.00250   0.00089   0.00133   0.00196   0.00147   0.00222   0.00356   0.00498   0.00476   0.00160   0.00420   0.00353   0.00120   0.00739   0.00755   0.00197   0.00072   0.00150   0.00025   0.00211   0.00116   0.00173   0.00073   0.00403   0.02078   0.01663   0.01192   0.00113   0.00402   0.00355   0.00249   0.00359   0.00929   0.01316   0.01909   0.00813   0.00490   0.01157   0.00000   0.00036   0.01688   0.00793   4.16176   0.75430   0.93553   1.04950  14.01571  11.26981   0.02391   1.00000  
125  0.3230  27181.845681  x:  0.01001   0.01905   0.00266   0.00498   0.01476   0.00337   0.00539   0.00527   0.00842   0.00097   0.00712   0.00261   0.00047   0.00250   0.00089   0.00133   0.00196   0.00147   0.00222   0.00356   0.00498   0.00476   0.00160   0.00420   0.00353   0.00120   0.00739   0.00755   0.00197   0.00072   0.00150   0.00025   0.00211   0.00116   0.00173   0.00073   0.00403   0.02078   0.01663   0.01192   0.00113   0.00402   0.00355   0.00249   0.00359   0.00929   0.01316   0.01909   0.00813   0.00490   0.01157   0.00000   0.00036   0.01688   0.00793   4.16176   0.75430   0.93553   1.04950  14.01568  11.26978   0.02391   1.00000  
126  0.1051  27181.845678  x:  0.01001   0.01905   0.00266   0.00498   0.01476   0.00337   0.00539   0.00527   0.00842   0.00097   0.00712   0.00261   0.00047   0.00250   0.00089   0.00133   0.00196   0.00147   0.00222   0.00356   0.00498   0.00476   0.00160   0.00420   0.00353   0.00120   0.00739   0.00755   0.00197   0.00072   0.00150   0.00025   0.00211   0.00116   0.00173   0.00073   0.00403   0.02078   0.01663   0.01192   0.00113   0.00402   0.00355   0.00249   0.00359   0.00928   0.01316   0.01909   0.00813   0.00490   0.01157   0.00000   0.00036   0.01687   0.00793   4.16190   0.75428   0.93557   1.04956  14.04692  11.30110   0.02391   1.00000  
127  0.2632  27181.845678  x:  0.01001   0.01905   0.00266   0.00498   0.01476   0.00337   0.00539   0.00527   0.00842   0.00097   0.00712   0.00261   0.00047   0.00250   0.00089   0.00133   0.00196   0.00147   0.00222   0.00356   0.00498   0.00476   0.00160   0.00420   0.00353   0.00120   0.00739   0.00755   0.00197   0.00072   0.00150   0.00025   0.00211   0.00116   0.00173   0.00073   0.00403   0.02078   0.01663   0.01192   0.00113   0.00402   0.00355   0.00249   0.00359   0.00928   0.01316   0.01909   0.00813   0.00490   0.01157   0.00000   0.00036   0.01687   0.00793   4.16190   0.75428   0.93557   1.04956  14.04692  11.30110   0.02391   1.00000  
128  0.0860  27181.845678  x:  0.01001   0.01905   0.00266   0.00498   0.01476   0.00337   0.00539   0.00527   0.00842   0.00097   0.00712   0.00261   0.00047   0.00250   0.00089   0.00133   0.00196   0.00147   0.00222   0.00356   0.00498   0.00476   0.00160   0.00420   0.00353   0.00120   0.00739   0.00755   0.00197   0.00072   0.00150   0.00025   0.00211   0.00116   0.00173   0.00073   0.00403   0.02078   0.01663   0.01192   0.00113   0.00402   0.00355   0.00249   0.00359   0.00928   0.01316   0.01909   0.00813   0.00490   0.01157   0.00000   0.00036   0.01687   0.00793   4.16190   0.75428   0.93557   1.04956  14.04692  11.30110   0.02391   1.00000  
check convergence!
