

TREE # 1

  0  0.0000   1665.716376  x:  0.00840   0.00463   0.00138   0.00326   0.00000   0.01037   0.00533   0.00622   0.02417   0.01414   0.01515   0.01287   0.00401   0.00174   0.00732   0.01777   0.00863   0.00514   0.00439   0.02709   0.03993   0.02484   0.00370   0.04602   0.02703   0.01689   0.01788   0.01715   0.01743   0.01500   0.04177   0.01482   0.01969   0.00649   0.00639   0.00939   0.05510   0.02184   0.02393   0.01694   0.02221   0.01587   0.01695   0.01074   0.01101   0.00593   0.00832   0.03200   0.00449   0.01245   0.00416   0.01215   0.01556   0.92424   0.94586   1.12864   1.14437   1.45799   0.05483   0.22826  
  1 99.0000   1665.713346  x:  0.00840   0.00463   0.00138   0.00326   0.00000   0.01037   0.00533   0.00622   0.02417   0.01414   0.01515   0.01287   0.00401   0.00174   0.00732   0.01777   0.00863   0.00514   0.00439   0.02709   0.03993   0.02484   0.00370   0.04602   0.02703   0.01689   0.01788   0.01715   0.01743   0.01500   0.04177   0.01481   0.01969   0.00649   0.00639   0.00939   0.05510   0.02184   0.02393   0.01694   0.02221   0.01587   0.01695   0.01074   0.01101   0.00593   0.00832   0.03200   0.00449   0.01244   0.00416   0.01215   0.01556   0.92424   0.94586   1.12864   1.14437   1.45799   0.05483   0.22826  
  2 898.6072   1661.137950  x:  0.00829   0.00325   0.00000   0.00215   0.00000   0.01033   0.00396   0.00514   0.02374   0.01384   0.01450   0.01148   0.00262   0.00035   0.00594   0.01782   0.00856   0.00485   0.00422   0.02693   0.03959   0.02480   0.00319   0.04602   0.02691   0.01636   0.01759   0.01721   0.01736   0.01474   0.04182   0.01403   0.01957   0.00653   0.00526   0.00813   0.05516   0.02167   0.02388   0.01712   0.02193   0.01529   0.01695   0.00957   0.01064   0.00471   0.00821   0.03186   0.00309   0.01187   0.00300   0.01161   0.01540   0.92437   0.94589   1.12862   1.14441   1.45799   0.05482   0.22801  
  3 23228.3556   1660.078706  x:  0.00827   0.00291   0.00000   0.00188   0.00000   0.01032   0.00361   0.00488   0.02363   0.01377   0.01434   0.01114   0.00227   0.00000   0.00560   0.01783   0.00855   0.00478   0.00420   0.02689   0.03950   0.02479   0.00307   0.04601   0.02689   0.01623   0.01752   0.01722   0.01734   0.01468   0.04183   0.01383   0.01954   0.00654   0.00498   0.00781   0.05517   0.02163   0.02387   0.01717   0.02186   0.01515   0.01695   0.00927   0.01055   0.00440   0.00819   0.03183   0.00275   0.01174   0.00271   0.01149   0.01536   0.92440   0.94590   1.12862   1.14442   1.45800   0.05482   0.22794  
  4 2006609.7650   1653.861847  x:  0.00836   0.00068   0.00000   0.00007   0.00000   0.01022   0.00137   0.00312   0.02310   0.01340   0.01355   0.00888   0.00000   0.00000   0.00336   0.01809   0.00886   0.00454   0.00321   0.02669   0.03901   0.02473   0.00243   0.04601   0.02675   0.01560   0.01719   0.01757   0.01723   0.01434   0.04194   0.01274   0.01939   0.00622   0.00314   0.00576   0.05525   0.02143   0.02382   0.01752   0.02152   0.01446   0.01701   0.00736   0.01010   0.00241   0.00779   0.03163   0.00051   0.01115   0.00082   0.01095   0.01515   0.92456   0.94593   1.12862   1.14445   1.45802   0.05480   0.22753  
  5 23574.5818   1653.660439  x:  0.00835   0.00060   0.00000   0.00000   0.00000   0.01021   0.00129   0.00306   0.02308   0.01338   0.01353   0.00880   0.00000   0.00000   0.00329   0.01811   0.00885   0.00451   0.00321   0.02668   0.03900   0.02473   0.00241   0.04601   0.02675   0.01559   0.01717   0.01759   0.01723   0.01432   0.04194   0.01271   0.01939   0.00622   0.00308   0.00568   0.05525   0.02143   0.02382   0.01754   0.02150   0.01444   0.01701   0.00729   0.01008   0.00234   0.00777   0.03163   0.00043   0.01114   0.00075   0.01093   0.01515   0.92456   0.94593   1.12862   1.14445   1.45802   0.05480   0.22751  
  6 10729.9512   1652.581486  x:  0.00834   0.00017   0.00000   0.00000   0.00000   0.01022   0.00085   0.00271   0.02297   0.01327   0.01336   0.00835   0.00000   0.00000   0.00284   0.01813   0.00888   0.00446   0.00318   0.02664   0.03891   0.02471   0.00226   0.04602   0.02672   0.01546   0.01707   0.01760   0.01721   0.01424   0.04198   0.01252   0.01935   0.00633   0.00271   0.00527   0.05529   0.02139   0.02385   0.01759   0.02142   0.01432   0.01701   0.00691   0.00996   0.00194   0.00780   0.03160   0.00000   0.01100   0.00038   0.01079   0.01510   0.92456   0.94592   1.12864   1.14444   1.45801   0.05481   0.22738  
  7 11642.0311   1652.205155  x:  0.00833   0.00000   0.00000   0.00000   0.00000   0.01021   0.00068   0.00257   0.02292   0.01325   0.01330   0.00819   0.00000   0.00000   0.00267   0.01810   0.00886   0.00444   0.00318   0.02662   0.03887   0.02470   0.00220   0.04603   0.02671   0.01540   0.01704   0.01757   0.01721   0.01422   0.04199   0.01245   0.01933   0.00628   0.00257   0.00511   0.05530   0.02136   0.02384   0.01760   0.02139   0.01426   0.01701   0.00676   0.00992   0.00179   0.00781   0.03158   0.00000   0.01093   0.00023   0.01072   0.01508   0.92456   0.94592   1.12865   1.14443   1.45801   0.05481   0.22732  
  8 13000.2896   1651.667094  x:  0.00828   0.00000   0.00000   0.00000   0.00000   0.01018   0.00041   0.00236   0.02283   0.01330   0.01318   0.00793   0.00000   0.00000   0.00241   0.01807   0.00886   0.00444   0.00317   0.02658   0.03881   0.02473   0.00215   0.04602   0.02667   0.01529   0.01702   0.01758   0.01719   0.01423   0.04197   0.01230   0.01934   0.00631   0.00235   0.00486   0.05530   0.02132   0.02373   0.01762   0.02135   0.01411   0.01699   0.00653   0.00993   0.00155   0.00767   0.03154   0.00000   0.01082   0.00000   0.01064   0.01507   0.92457   0.94592   1.12865   1.14443   1.45800   0.05482   0.22720  
  9 3349.7661   1650.953274  x:  0.00839   0.00000   0.00000   0.00000   0.00000   0.01021   0.00000   0.00204   0.02273   0.01331   0.01305   0.00756   0.00000   0.00000   0.00201   0.01813   0.00884   0.00433   0.00315   0.02654   0.03870   0.02475   0.00205   0.04601   0.02663   0.01516   0.01704   0.01766   0.01717   0.01422   0.04193   0.01207   0.01935   0.00634   0.00201   0.00449   0.05528   0.02128   0.02362   0.01769   0.02131   0.01390   0.01700   0.00618   0.00991   0.00119   0.00770   0.03148   0.00000   0.01074   0.00000   0.01059   0.01506   0.92460   0.94592   1.12865   1.14444   1.45799   0.05484   0.22700  
 10 3797.0180   1648.938552  x:  0.00812   0.00000   0.00000   0.00000   0.00000   0.01024   0.00000   0.00096   0.02250   0.01319   0.01271   0.00635   0.00000   0.00000   0.00072   0.01829   0.00902   0.00409   0.00311   0.02644   0.03841   0.02478   0.00167   0.04596   0.02655   0.01483   0.01704   0.01777   0.01713   0.01409   0.04187   0.01137   0.01936   0.00627   0.00090   0.00325   0.05522   0.02117   0.02345   0.01790   0.02120   0.01342   0.01708   0.00504   0.00975   0.00000   0.00786   0.03133   0.00000   0.01061   0.00000   0.01048   0.01499   0.92470   0.94594   1.12863   1.14448   1.45793   0.05490   0.22634  
 11 8601.3145   1647.991240  x:  0.00814   0.00000   0.00000   0.00000   0.00000   0.01017   0.00000   0.00038   0.02242   0.01311   0.01256   0.00569   0.00000   0.00000   0.00000   0.01826   0.00904   0.00394   0.00308   0.02642   0.03828   0.02478   0.00147   0.04596   0.02654   0.01472   0.01698   0.01771   0.01713   0.01400   0.04191   0.01107   0.01934   0.00629   0.00029   0.00257   0.05521   0.02111   0.02347   0.01797   0.02115   0.01330   0.01712   0.00441   0.00963   0.00000   0.00776   0.03129   0.00000   0.01055   0.00000   0.01040   0.01494   0.92475   0.94595   1.12862   1.14451   1.45790   0.05493   0.22600  
 12 8943.0339   1647.641833  x:  0.00813   0.00000   0.00000   0.00000   0.00000   0.01023   0.00000   0.00010   0.02239   0.01311   0.01249   0.00537   0.00000   0.00000   0.00000   0.01826   0.00903   0.00393   0.00307   0.02640   0.03825   0.02479   0.00145   0.04598   0.02654   0.01470   0.01691   0.01775   0.01711   0.01398   0.04196   0.01100   0.01933   0.00629   0.00000   0.00224   0.05523   0.02110   0.02347   0.01799   0.02111   0.01331   0.01711   0.00411   0.00961   0.00000   0.00775   0.03129   0.00000   0.01046   0.00000   0.01031   0.01493   0.92478   0.94596   1.12861   1.14452   1.45789   0.05495   0.22585  
 13 5254.1299   1647.534585  x:  0.00813   0.00000   0.00000   0.00000   0.00000   0.01019   0.00000   0.00000   0.02236   0.01310   0.01247   0.00525   0.00000   0.00000   0.00000   0.01828   0.00902   0.00393   0.00307   0.02640   0.03824   0.02478   0.00145   0.04599   0.02653   0.01468   0.01690   0.01777   0.01711   0.01398   0.04197   0.01099   0.01932   0.00629   0.00000   0.00212   0.05524   0.02109   0.02346   0.01799   0.02110   0.01330   0.01710   0.00400   0.00961   0.00000   0.00777   0.03129   0.00000   0.01043   0.00000   0.01030   0.01492   0.92479   0.94596   1.12861   1.14452   1.45789   0.05495   0.22580  
 14 3050.7162   1646.040342  x:  0.00810   0.00000   0.00000   0.00000   0.00000   0.01031   0.00000   0.00000   0.02196   0.01274   0.01237   0.00314   0.00000   0.00000   0.00000   0.01845   0.00894   0.00397   0.00302   0.02624   0.03825   0.02456   0.00138   0.04603   0.02632   0.01433   0.01686   0.01764   0.01717   0.01389   0.04184   0.01103   0.01926   0.00629   0.00000   0.00000   0.05554   0.02108   0.02334   0.01790   0.02094   0.01281   0.01701   0.00207   0.00945   0.00000   0.00763   0.03120   0.00000   0.01029   0.00000   0.01027   0.01490   0.92493   0.94600   1.12858   1.14459   1.45785   0.05500   0.22502  
 15 2215.5303   1644.894164  x:  0.00808   0.00000   0.00000   0.00000   0.00000   0.01025   0.00000   0.00000   0.02181   0.01272   0.01229   0.00083   0.00000   0.00000   0.00000   0.01818   0.00890   0.00392   0.00299   0.02620   0.03813   0.02459   0.00113   0.04597   0.02631   0.01405   0.01688   0.01783   0.01705   0.01374   0.04165   0.01081   0.01916   0.00629   0.00000   0.00000   0.05559   0.02107   0.02342   0.01814   0.02090   0.01239   0.01704   0.00000   0.00930   0.00000   0.00764   0.03106   0.00000   0.01021   0.00000   0.01005   0.01479   0.92508   0.94603   1.12855   1.14467   1.45781   0.05505   0.22425  
 16 2485.4511   1644.622442  x:  0.00807   0.00000   0.00000   0.00000   0.00000   0.01025   0.00000   0.00000   0.02181   0.01273   0.01220   0.00000   0.00000   0.00000   0.00000   0.01826   0.00891   0.00386   0.00298   0.02620   0.03804   0.02466   0.00102   0.04595   0.02633   0.01400   0.01685   0.01779   0.01705   0.01373   0.04166   0.01064   0.01917   0.00629   0.00000   0.00000   0.05555   0.02100   0.02339   0.01818   0.02088   0.01235   0.01705   0.00000   0.00929   0.00000   0.00762   0.03102   0.00000   0.01015   0.00000   0.00999   0.01478   0.92514   0.94605   1.12854   1.14469   1.45780   0.05506   0.22399  
 17 1947.1135   1642.849703  x:  0.00809   0.00000   0.00000   0.00000   0.00000   0.01006   0.00000   0.00000   0.01974   0.01178   0.00881   0.00000   0.00000   0.00000   0.00000   0.01602   0.01024   0.00145   0.00296   0.02493   0.03556   0.02372   0.00000   0.04727   0.02483   0.01416   0.01549   0.01907   0.01764   0.01335   0.04521   0.00515   0.02017   0.00616   0.00000   0.00000   0.05543   0.02033   0.02004   0.01913   0.01957   0.01327   0.01754   0.00000   0.00814   0.00000   0.00756   0.03153   0.00000   0.01010   0.00000   0.01193   0.01528   0.92706   0.94652   1.12814   1.14556   1.45772   0.05521   0.21753  
 18 264.8474   1641.970260  x:  0.00815   0.00000   0.00000   0.00000   0.00000   0.01004   0.00000   0.00000   0.01876   0.01295   0.00941   0.00000   0.00000   0.00000   0.00000   0.01640   0.01119   0.00000   0.00302   0.02475   0.03468   0.02281   0.00000   0.04822   0.02394   0.01382   0.01523   0.01826   0.01750   0.01267   0.04682   0.00181   0.02035   0.00609   0.00000   0.00000   0.05641   0.02090   0.02154   0.01909   0.01955   0.01231   0.01847   0.00000   0.00800   0.00000   0.00750   0.03177   0.00000   0.01042   0.00000   0.01123   0.01483   0.92857   0.94688   1.12782   1.14620   1.45783   0.05514   0.21406  
 19 127.6583   1641.140447  x:  0.00820   0.00000   0.00000   0.00000   0.00000   0.01003   0.00000   0.00000   0.01993   0.01140   0.00807   0.00000   0.00000   0.00000   0.00000   0.01593   0.01260   0.00000   0.00306   0.02541   0.03450   0.02347   0.00000   0.04818   0.02499   0.01330   0.01590   0.01769   0.01747   0.01296   0.04693   0.00000   0.02105   0.00603   0.00000   0.00000   0.05746   0.02107   0.02299   0.01843   0.02004   0.01097   0.01888   0.00000   0.00768   0.00000   0.00741   0.03140   0.00000   0.01041   0.00000   0.01025   0.01451   0.93071   0.94738   1.12738   1.14710   1.45801   0.05499   0.20948  
 20 158.9805   1639.909019  x:  0.00832   0.00000   0.00000   0.00000   0.00000   0.01001   0.00000   0.00000   0.02016   0.01304   0.00822   0.00000   0.00000   0.00000   0.00000   0.01659   0.01418   0.00000   0.00314   0.02513   0.03032   0.02402   0.00000   0.04432   0.02679   0.01081   0.01401   0.01504   0.01720   0.00749   0.04592   0.00000   0.02052   0.00588   0.00000   0.00000   0.05393   0.01835   0.02198   0.02284   0.01870   0.01115   0.02056   0.00000   0.00325   0.00000   0.00712   0.02908   0.00000   0.00922   0.00000   0.01088   0.01392   0.93701   0.94874   1.12628   1.14961   1.45855   0.05460   0.19539  
 21 110.5845   1639.186090  x:  0.00845   0.00000   0.00000   0.00000   0.00000   0.00996   0.00000   0.00000   0.01832   0.01159   0.00853   0.00000   0.00000   0.00000   0.00000   0.01618   0.01574   0.00000   0.00326   0.02424   0.02567   0.02237   0.00000   0.04124   0.02700   0.00905   0.01165   0.01376   0.01710   0.00576   0.04575   0.00000   0.01869   0.00574   0.00000   0.00000   0.05006   0.01597   0.02295   0.02687   0.01698   0.01129   0.02254   0.00000   0.00746   0.00000   0.00693   0.02754   0.00000   0.00884   0.00000   0.01098   0.01290   0.94271   0.94993   1.12538   1.15181   1.45901   0.05429   0.18206  
 22 263.2358   1638.506870  x:  0.00854   0.00000   0.00000   0.00000   0.00000   0.00993   0.00000   0.00000   0.01563   0.01129   0.00932   0.00000   0.00000   0.00000   0.00000   0.01622   0.01678   0.00000   0.00335   0.02320   0.02093   0.02032   0.00000   0.03906   0.02601   0.00902   0.01069   0.01334   0.01714   0.01101   0.04606   0.00000   0.01694   0.00561   0.00000   0.00000   0.04591   0.01380   0.02468   0.02980   0.01571   0.01114   0.02436   0.00000   0.00641   0.00000   0.00677   0.02663   0.00000   0.00885   0.00000   0.01028   0.01206   0.94925   0.95127   1.12441   1.15429   1.45949   0.05398   0.16618  
 23 301.1144   1636.794390  x:  0.00876   0.00000   0.00000   0.00000   0.00000   0.00985   0.00000   0.00000   0.01166   0.01268   0.00661   0.00000   0.00000   0.00000   0.00000   0.01686   0.01714   0.00000   0.00351   0.02155   0.01651   0.01901   0.00000   0.04016   0.01981   0.01466   0.01597   0.01544   0.01863   0.00848   0.04894   0.00000   0.01848   0.00525   0.00000   0.00000   0.03936   0.01235   0.02700   0.02802   0.01664   0.00883   0.02552   0.00000   0.00620   0.00000   0.00630   0.02799   0.00000   0.00836   0.00000   0.00631   0.01330   0.96892   0.95526   1.12164   1.16171   1.46083   0.05324   0.11652  
 24 208.8873   1634.835168  x:  0.00917   0.00000   0.00000   0.00000   0.00000   0.00979   0.00000   0.00000   0.01436   0.01360   0.00727   0.00000   0.00000   0.00000   0.00000   0.01725   0.01787   0.00000   0.00381   0.02099   0.01897   0.01967   0.00000   0.04320   0.01760   0.01179   0.01220   0.01706   0.01729   0.00901   0.05246   0.00000   0.01849   0.00472   0.00000   0.00000   0.03912   0.01556   0.02677   0.02713   0.01640   0.00579   0.02594   0.00000   0.00621   0.00000   0.00581   0.02896   0.00000   0.00718   0.00000   0.00834   0.01257   0.99297   0.96012   1.11828   1.17082   1.46236   0.05248   0.05649  
 25 439.2751   1634.559661  x:  0.00928   0.00000   0.00000   0.00000   0.00000   0.00974   0.00000   0.00000   0.01213   0.01325   0.00741   0.00000   0.00000   0.00000   0.00000   0.01746   0.01777   0.00000   0.00389   0.02144   0.01912   0.01948   0.00000   0.04349   0.02000   0.01058   0.01296   0.01722   0.01709   0.00889   0.05151   0.00000   0.01798   0.00459   0.00000   0.00000   0.04180   0.01479   0.02596   0.02676   0.01661   0.00802   0.02563   0.00000   0.00614   0.00000   0.00570   0.02819   0.00000   0.00909   0.00000   0.00703   0.01242   0.99831   0.96118   1.11756   1.17288   1.46245   0.05260   0.04645  
 26 138.4262   1634.413332  x:  0.00940   0.00000   0.00000   0.00000   0.00000   0.00971   0.00000   0.00000   0.01369   0.01216   0.00750   0.00000   0.00000   0.00000   0.00000   0.01751   0.01681   0.00000   0.00396   0.02131   0.01777   0.01812   0.00000   0.04293   0.01976   0.01210   0.01381   0.01732   0.01670   0.00865   0.04986   0.00000   0.01689   0.00446   0.00000   0.00000   0.04459   0.01342   0.02656   0.02714   0.01578   0.00827   0.02513   0.00000   0.00601   0.00000   0.00555   0.02740   0.00000   0.00807   0.00000   0.00772   0.01231   1.00436   0.96229   1.11686   1.17527   1.46190   0.05346   0.04357  
 27 35.8158   1634.027657  x:  0.00987   0.00000   0.00000   0.00000   0.00000   0.00956   0.00000   0.00000   0.01165   0.00915   0.00638   0.00000   0.00000   0.00000   0.00000   0.01804   0.01437   0.00000   0.00422   0.02092   0.01869   0.01986   0.00000   0.04072   0.01814   0.01419   0.01130   0.01721   0.01703   0.00857   0.04666   0.00000   0.01814   0.00396   0.00000   0.00000   0.04614   0.01462   0.02897   0.02934   0.01589   0.00792   0.02407   0.00000   0.00566   0.00000   0.00510   0.02708   0.00000   0.00830   0.00000   0.00808   0.01261   1.02409   0.96580   1.11479   1.18309   1.45945   0.05703   0.04275  
 28 57.3149   1633.244439  x:  0.01067   0.00000   0.00000   0.00000   0.00000   0.00924   0.00000   0.00000   0.01207   0.00766   0.00664   0.00000   0.00000   0.00000   0.00000   0.01862   0.01310   0.00000   0.00470   0.02004   0.02114   0.01491   0.00000   0.04094   0.01970   0.01082   0.00987   0.02031   0.02059   0.00798   0.04615   0.00000   0.01688   0.00304   0.00000   0.00000   0.04497   0.01393   0.02940   0.02765   0.01504   0.00591   0.02216   0.00000   0.00499   0.00000   0.00418   0.02887   0.00000   0.00856   0.00000   0.00570   0.01230   1.06674   0.97327   1.11070   1.20000   1.45343   0.06558   0.04707  
 29 130.8922   1632.732857  x:  0.01119   0.00000   0.00000   0.00000   0.00000   0.00906   0.00000   0.00000   0.00975   0.00815   0.00647   0.00000   0.00000   0.00000   0.00000   0.01887   0.01380   0.00000   0.00503   0.02005   0.02046   0.01615   0.00000   0.04315   0.01866   0.00726   0.01172   0.02185   0.01955   0.00785   0.04718   0.00000   0.01446   0.00246   0.00000   0.00000   0.04738   0.01470   0.03031   0.02629   0.01430   0.00651   0.02174   0.00000   0.00485   0.00000   0.00363   0.02904   0.00000   0.00599   0.00000   0.00746   0.01124   1.09474   0.97803   1.10841   1.21105   1.44907   0.07169   0.05216  
 30 247.4080   1632.477931  x:  0.01144   0.00000   0.00000   0.00000   0.00000   0.00897   0.00000   0.00000   0.01003   0.00856   0.00667   0.00000   0.00000   0.00000   0.00000   0.01942   0.01460   0.00000   0.00521   0.01933   0.01883   0.01606   0.00000   0.04510   0.01738   0.00708   0.01093   0.02186   0.01668   0.00802   0.04852   0.00000   0.01570   0.00216   0.00000   0.00000   0.05094   0.01554   0.02833   0.02718   0.01353   0.00592   0.02212   0.00000   0.00497   0.00000   0.00335   0.02782   0.00000   0.00687   0.00000   0.00556   0.01172   1.10885   0.98026   1.10782   1.21650   1.44651   0.07526   0.05579  
 31 139.1145   1632.438571  x:  0.01148   0.00000   0.00000   0.00000   0.00000   0.00897   0.00000   0.00000   0.00955   0.00892   0.00655   0.00000   0.00000   0.00000   0.00000   0.01947   0.01479   0.00000   0.00525   0.01952   0.01907   0.01572   0.00000   0.04550   0.01806   0.00795   0.01063   0.02175   0.01685   0.00808   0.04900   0.00000   0.01574   0.00214   0.00000   0.00000   0.05187   0.01546   0.02786   0.02794   0.01427   0.00521   0.02261   0.00000   0.00507   0.00000   0.00334   0.02741   0.00000   0.00633   0.00000   0.00566   0.01155   1.11115   0.98051   1.10812   1.21729   1.44590   0.07610   0.05627  
 32 42.7271   1632.402717  x:  0.01149   0.00000   0.00000   0.00000   0.00000   0.00899   0.00000   0.00000   0.00985   0.00898   0.00643   0.00000   0.00000   0.00000   0.00000   0.01946   0.01468   0.00000   0.00527   0.01950   0.01968   0.01598   0.00000   0.04580   0.01722   0.00748   0.01100   0.02163   0.01817   0.00825   0.04950   0.00000   0.01564   0.00216   0.00000   0.00000   0.05277   0.01484   0.02759   0.02919   0.01485   0.00527   0.02354   0.00000   0.00515   0.00000   0.00338   0.02709   0.00000   0.00625   0.00000   0.00526   0.01149   1.11348   0.98047   1.10946   1.21783   1.44483   0.07760   0.05636  
 33 18.9572   1632.296065  x:  0.01146   0.00000   0.00000   0.00000   0.00000   0.00907   0.00000   0.00000   0.00956   0.00921   0.00619   0.00000   0.00000   0.00000   0.00000   0.01929   0.01400   0.00000   0.00527   0.01979   0.01987   0.01662   0.00000   0.04651   0.01787   0.00694   0.01132   0.02161   0.01856   0.00829   0.05028   0.00000   0.01649   0.00236   0.00000   0.00000   0.05359   0.01338   0.02829   0.02965   0.01305   0.00420   0.02436   0.00000   0.00518   0.00000   0.00362   0.02753   0.00000   0.00665   0.00000   0.00563   0.01194   1.12069   0.97988   1.11535   1.21909   1.44068   0.08339   0.05599  
 34 27.2316   1631.770854  x:  0.01105   0.00000   0.00000   0.00000   0.00000   0.00945   0.00000   0.00000   0.00913   0.00823   0.00602   0.00000   0.00000   0.00000   0.00000   0.01844   0.01247   0.00000   0.00511   0.01885   0.01892   0.01496   0.00000   0.04797   0.01856   0.00468   0.01239   0.02019   0.01569   0.00839   0.04891   0.00000   0.01789   0.00354   0.00000   0.00000   0.05369   0.01475   0.02785   0.02912   0.01465   0.00426   0.02462   0.00000   0.00508   0.00000   0.00462   0.02812   0.00000   0.00426   0.00000   0.00477   0.01187   1.15774   0.97684   1.14582   1.22558   1.41920   0.11330   0.05200  
 35 139.5243   1631.452396  x:  0.01080   0.00000   0.00000   0.00000   0.00000   0.00966   0.00000   0.00000   0.00896   0.00874   0.00490   0.00000   0.00000   0.00000   0.00000   0.01813   0.01232   0.00000   0.00501   0.01839   0.01909   0.01551   0.00000   0.04832   0.01766   0.00558   0.01139   0.01977   0.01519   0.00815   0.04752   0.00000   0.01438   0.00427   0.00000   0.00000   0.05406   0.01574   0.02683   0.02753   0.01424   0.00347   0.02301   0.00000   0.00494   0.00000   0.00521   0.02746   0.00000   0.00529   0.00000   0.00368   0.01020   1.18045   0.97505   1.16435   1.22968   1.40596   0.13171   0.04999  
 36 405.8095   1631.354920  x:  0.01070   0.00000   0.00000   0.00000   0.00000   0.00973   0.00000   0.00000   0.00861   0.00908   0.00595   0.00000   0.00000   0.00000   0.00000   0.01760   0.01320   0.00000   0.00498   0.01874   0.01917   0.01574   0.00000   0.04774   0.01690   0.00594   0.01034   0.02040   0.01635   0.00807   0.04654   0.00000   0.01480   0.00450   0.00000   0.00000   0.05466   0.01563   0.02706   0.02643   0.01366   0.00363   0.02150   0.00000   0.00490   0.00000   0.00542   0.02603   0.00000   0.00462   0.00000   0.00329   0.01052   1.18834   0.97464   1.17020   1.23136   1.40150   0.13789   0.04907  
 37 140.8339   1631.327067  x:  0.01069   0.00000   0.00000   0.00000   0.00000   0.00975   0.00000   0.00000   0.00863   0.00973   0.00532   0.00000   0.00000   0.00000   0.00000   0.01759   0.01331   0.00000   0.00499   0.01870   0.01913   0.01529   0.00000   0.04737   0.01665   0.00570   0.00991   0.02060   0.01663   0.00809   0.04629   0.00000   0.01512   0.00455   0.00000   0.00000   0.05501   0.01558   0.02763   0.02612   0.01383   0.00380   0.02090   0.00000   0.00492   0.00000   0.00549   0.02546   0.00000   0.00479   0.00000   0.00356   0.01062   1.19086   0.97460   1.17185   1.23202   1.40007   0.13984   0.04896  
 38 74.5265   1631.218717  x:  0.01077   0.00000   0.00000   0.00000   0.00000   0.00977   0.00000   0.00000   0.00887   0.00981   0.00574   0.00000   0.00000   0.00000   0.00000   0.01754   0.01338   0.00000   0.00512   0.01677   0.01884   0.01596   0.00000   0.04476   0.01752   0.00554   0.01055   0.02059   0.01684   0.00811   0.04888   0.00000   0.01510   0.00457   0.00000   0.00000   0.05577   0.01577   0.02799   0.02617   0.01458   0.00346   0.01882   0.00000   0.00497   0.00000   0.00559   0.02520   0.00000   0.00498   0.00000   0.00366   0.01092   1.20538   0.97566   1.17796   1.23745   1.39243   0.15007   0.04838  
 39 28.3873   1630.861343  x:  0.01111   0.00000   0.00000   0.00000   0.00000   0.00980   0.00000   0.00000   0.00918   0.01007   0.00552   0.00000   0.00000   0.00000   0.00000   0.01790   0.01332   0.00000   0.00556   0.02102   0.02022   0.01537   0.00000   0.03894   0.01741   0.00578   0.01236   0.02018   0.01550   0.00837   0.05309   0.00000   0.01553   0.00461   0.00000   0.00000   0.05622   0.01684   0.02683   0.02649   0.01376   0.00386   0.01772   0.00000   0.00516   0.00000   0.00582   0.02547   0.00000   0.00495   0.00000   0.00349   0.01039   1.25719   0.97989   1.19864   1.25744   1.36536   0.18626   0.04644  
 40 204.9128   1629.718948  x:  0.01222   0.00000   0.00000   0.00000   0.00000   0.00989   0.00000   0.00000   0.01126   0.01085   0.00570   0.00000   0.00000   0.00000   0.00000   0.01863   0.01256   0.00000   0.00702   0.02058   0.02004   0.01905   0.00000   0.04023   0.02019   0.00788   0.00931   0.02200   0.01483   0.00857   0.05216   0.00000   0.01520   0.00468   0.00000   0.00000   0.05541   0.01487   0.02557   0.02270   0.01570   0.00624   0.02492   0.00000   0.00545   0.00000   0.00659   0.02706   0.00000   0.00483   0.00000   0.00412   0.01293   1.42978   0.99453   1.26658   1.32509   1.27490   0.30713   0.04151  
 41 466.7070   1629.427582  x:  0.01255   0.00000   0.00000   0.00000   0.00000   0.00992   0.00000   0.00000   0.01203   0.01118   0.00546   0.00000   0.00000   0.00000   0.00000   0.01886   0.01279   0.00000   0.00742   0.02011   0.01968   0.01942   0.00000   0.04472   0.02170   0.00861   0.01031   0.02108   0.01650   0.00884   0.05073   0.00000   0.01661   0.00465   0.00000   0.00000   0.05429   0.01626   0.02564   0.02559   0.01406   0.00727   0.02221   0.00000   0.00572   0.00000   0.00678   0.02743   0.00000   0.00468   0.00000   0.00424   0.01063   1.47181   0.99821   1.28327   1.34199   1.25266   0.33692   0.04039  
 42 430.6878   1629.369082  x:  0.01261   0.00000   0.00000   0.00000   0.00000   0.00993   0.00000   0.00000   0.01207   0.01095   0.00561   0.00000   0.00000   0.00000   0.00000   0.01888   0.01297   0.00000   0.00750   0.02111   0.01973   0.01958   0.00000   0.04656   0.02157   0.00851   0.01020   0.02070   0.01600   0.00887   0.05070   0.00000   0.01608   0.00465   0.00000   0.00000   0.05369   0.01522   0.02590   0.02685   0.01484   0.00711   0.02016   0.00000   0.00575   0.00000   0.00682   0.02763   0.00000   0.00488   0.00000   0.00431   0.01182   1.48000   0.99902   1.28667   1.34565   1.24817   0.34301   0.04015  
 43 113.4450   1629.364501  x:  0.01260   0.00000   0.00000   0.00000   0.00000   0.00993   0.00000   0.00000   0.01204   0.01089   0.00567   0.00000   0.00000   0.00000   0.00000   0.01887   0.01301   0.00000   0.00749   0.02097   0.02007   0.01958   0.00000   0.04665   0.02144   0.00855   0.01021   0.02070   0.01566   0.00886   0.05071   0.00000   0.01626   0.00464   0.00000   0.00000   0.05357   0.01473   0.02593   0.02685   0.01494   0.00714   0.02004   0.00000   0.00574   0.00000   0.00681   0.02753   0.00000   0.00490   0.00000   0.00435   0.01142   1.48033   0.99918   1.28705   1.34633   1.24776   0.34368   0.04008  
 44  9.3043   1629.318254  x:  0.01249   0.00000   0.00000   0.00000   0.00000   0.00993   0.00000   0.00000   0.01198   0.01100   0.00536   0.00000   0.00000   0.00000   0.00000   0.01894   0.01328   0.00000   0.00742   0.02012   0.02162   0.01928   0.00000   0.04660   0.02157   0.00875   0.01090   0.02041   0.01499   0.00897   0.05027   0.00000   0.01592   0.00462   0.00000   0.00000   0.05309   0.01487   0.02616   0.02721   0.01415   0.00735   0.02037   0.00000   0.00579   0.00000   0.00675   0.02647   0.00000   0.00464   0.00000   0.00426   0.01246   1.48028   1.00182   1.29215   1.35759   1.24290   0.35265   0.03866  
 45  9.6867   1628.451665  x:  0.01051   0.00000   0.00000   0.00000   0.00000   0.01001   0.00000   0.00000   0.01235   0.01021   0.00595   0.00000   0.00000   0.00000   0.00000   0.01953   0.01285   0.00000   0.00610   0.02212   0.02048   0.02004   0.00000   0.04582   0.02176   0.00695   0.01264   0.02142   0.01587   0.00910   0.04497   0.00000   0.01666   0.00403   0.00000   0.00000   0.05117   0.01605   0.02441   0.02524   0.01564   0.00518   0.02135   0.00000   0.00587   0.00000   0.00588   0.02084   0.00000   0.00535   0.00000   0.00479   0.01190   1.47421   1.05005   1.38619   1.56444   1.15450   0.51683   0.01542  
 46 170.8155   1628.255386  x:  0.01001   0.00000   0.00000   0.00000   0.00000   0.01004   0.00000   0.00000   0.01231   0.01100   0.00578   0.00000   0.00000   0.00000   0.00000   0.01966   0.01405   0.00000   0.00578   0.02161   0.02083   0.02011   0.00000   0.04394   0.02144   0.00675   0.01286   0.02139   0.01588   0.00930   0.04144   0.00000   0.01698   0.00391   0.00000   0.00000   0.05254   0.01550   0.02385   0.02611   0.01586   0.00482   0.02107   0.00000   0.00603   0.00000   0.00567   0.02560   0.00000   0.00515   0.00000   0.00464   0.01213   1.47268   1.06184   1.40895   1.61464   1.13340   0.55634   0.00967  
 47 475.4483   1627.693269  x:  0.00823   0.00000   0.00000   0.00000   0.00000   0.00971   0.00000   0.00000   0.01255   0.01027   0.00491   0.00000   0.00000   0.00000   0.00000   0.02142   0.01454   0.00000   0.00405   0.02183   0.02086   0.02058   0.00000   0.04512   0.02185   0.00728   0.01085   0.02303   0.01621   0.00909   0.04775   0.00000   0.01664   0.00520   0.00000   0.00000   0.05465   0.01530   0.02721   0.02720   0.01538   0.00556   0.02072   0.00000   0.00576   0.00000   0.00361   0.02663   0.00000   0.00446   0.00000   0.00427   0.01173   1.45222   1.12748   1.49362   1.80509   1.14086   0.62691   0.00464  
 48  6.7194   1626.751019  x:  0.00697   0.00000   0.00000   0.00000   0.00000   0.00957   0.00000   0.00000   0.01380   0.00997   0.00309   0.00000   0.00000   0.00000   0.00000   0.02360   0.01401   0.00000   0.00356   0.02251   0.02098   0.02263   0.00000   0.04457   0.02360   0.00658   0.01008   0.02278   0.01595   0.00944   0.04547   0.00000   0.01707   0.00396   0.00000   0.00000   0.05432   0.01417   0.02517   0.02514   0.01531   0.00522   0.01774   0.00000   0.00589   0.00000   0.00531   0.02585   0.00000   0.00280   0.00000   0.00350   0.01122   1.45814   1.32390   1.67250   2.23328   1.33999   0.62417   0.01518  
 49  6.6839   1626.317661  x:  0.00720   0.00000   0.00000   0.00000   0.00000   0.00910   0.00000   0.00000   0.01360   0.00873   0.00425   0.00000   0.00000   0.00000   0.00000   0.02666   0.01652   0.00000   0.00341   0.02248   0.02186   0.02221   0.00000   0.04498   0.02300   0.00682   0.01053   0.02463   0.01620   0.00950   0.04424   0.00000   0.01675   0.00524   0.00000   0.00000   0.05637   0.01554   0.02308   0.02565   0.01524   0.00526   0.01864   0.00000   0.00585   0.00000   0.00582   0.02579   0.00000   0.00403   0.00000   0.00475   0.01136   1.49580   1.44466   1.77427   2.47782   1.45573   0.63902   0.02616  
 50  7.2690   1625.709883  x:  0.01095   0.00000   0.00000   0.00000   0.00000   0.00722   0.00000   0.00000   0.01346   0.00898   0.00430   0.00000   0.00000   0.00000   0.00000   0.02335   0.01500   0.00000   0.00511   0.02235   0.02277   0.02207   0.00000   0.04650   0.02248   0.00687   0.01052   0.02049   0.01686   0.00964   0.04630   0.00000   0.01714   0.00553   0.00000   0.00000   0.05763   0.01609   0.02241   0.02178   0.01486   0.00539   0.01781   0.00000   0.00552   0.00000   0.00504   0.02714   0.00000   0.00417   0.00000   0.00471   0.01155   1.47774   1.64306   1.91261   2.92637   1.58687   0.79193   0.01845  
 51  4.0371   1625.335735  x:  0.01038   0.00000   0.00000   0.00000   0.00000   0.00822   0.00000   0.00000   0.01331   0.00924   0.00508   0.00000   0.00000   0.00000   0.00000   0.01945   0.01358   0.00000   0.00364   0.02234   0.02383   0.02172   0.00000   0.04749   0.02248   0.00694   0.01061   0.01956   0.01673   0.00950   0.04844   0.00000   0.01722   0.00438   0.00000   0.00000   0.05908   0.01686   0.02604   0.02199   0.01475   0.00579   0.01900   0.00000   0.00501   0.00000   0.00655   0.02836   0.00000   0.00497   0.00000   0.00469   0.01163   1.51939   1.74243   2.04980   3.20036   1.70857   0.96379   0.01033  
 52  2.2584   1625.064121  x:  0.01112   0.00000   0.00000   0.00000   0.00000   0.01034   0.00000   0.00000   0.01385   0.00964   0.00489   0.00000   0.00000   0.00000   0.00000   0.01892   0.01350   0.00000   0.00523   0.02276   0.02426   0.02284   0.00000   0.04699   0.02343   0.00659   0.01070   0.02326   0.01595   0.00960   0.04737   0.00000   0.01741   0.00483   0.00000   0.00000   0.05958   0.01680   0.02748   0.02504   0.01514   0.00567   0.01958   0.00000   0.00481   0.00000   0.00623   0.02797   0.00000   0.00505   0.00000   0.00433   0.01152   1.52166   1.79953   2.13559   3.50828   1.90031   1.17402   0.00443  
 53  1.7125   1624.856614  x:  0.01009   0.00000   0.00000   0.00000   0.00000   0.01061   0.00000   0.00000   0.01389   0.00955   0.00489   0.00000   0.00000   0.00000   0.00000   0.01914   0.01331   0.00000   0.00533   0.02273   0.02460   0.02303   0.00000   0.04710   0.02342   0.00655   0.01114   0.02237   0.01614   0.00971   0.04666   0.00000   0.01762   0.00490   0.00000   0.00000   0.05982   0.01675   0.02676   0.02436   0.01517   0.00553   0.01955   0.00000   0.00479   0.00000   0.00558   0.02782   0.00000   0.00507   0.00000   0.00448   0.01170   1.56357   1.80814   2.19820   3.63933   2.02641   1.31114   0.00000  
 54  1.7292   1624.856614  x:  0.01009   0.00000   0.00000   0.00000   0.00000   0.01061   0.00000   0.00000   0.01389   0.00955   0.00489   0.00000   0.00000   0.00000   0.00000   0.01914   0.01331   0.00000   0.00533   0.02273   0.02460   0.02303   0.00000   0.04710   0.02342   0.00655   0.01114   0.02237   0.01614   0.00971   0.04666   0.00000   0.01762   0.00490   0.00000   0.00000   0.05982   0.01675   0.02676   0.02436   0.01517   0.00553   0.01955   0.00000   0.00479   0.00000   0.00558   0.02782   0.00000   0.00507   0.00000   0.00448   0.01170   1.56357   1.80814   2.19820   3.63933   2.02641   1.31114   0.00000  
 55  3.7157   1624.758165  x:  0.00927   0.00000   0.00000   0.00000   0.00000   0.00950   0.00000   0.00000   0.01380   0.00909   0.00437   0.00000   0.00000   0.00000   0.00000   0.02000   0.01361   0.00000   0.00390   0.02263   0.02451   0.02300   0.00000   0.04701   0.02342   0.00659   0.01124   0.02233   0.01622   0.00970   0.04656   0.00000   0.01751   0.00480   0.00000   0.00000   0.05988   0.01652   0.02642   0.02422   0.01512   0.00536   0.01947   0.00000   0.00511   0.00000   0.00533   0.02758   0.00000   0.00426   0.00000   0.00471   0.01171   1.56358   1.80814   2.19820   3.63935   2.02639   1.31118   0.00001  
 56 72.9192   1624.751356  x:  0.00920   0.00000   0.00000   0.00000   0.00000   0.00939   0.00000   0.00000   0.01379   0.00906   0.00441   0.00000   0.00000   0.00000   0.00000   0.02014   0.01366   0.00000   0.00394   0.02261   0.02449   0.02301   0.00000   0.04699   0.02342   0.00659   0.01125   0.02233   0.01623   0.00969   0.04654   0.00000   0.01750   0.00480   0.00000   0.00000   0.05989   0.01648   0.02635   0.02419   0.01511   0.00535   0.01945   0.00000   0.00509   0.00000   0.00533   0.02753   0.00000   0.00431   0.00000   0.00469   0.01171   1.56358   1.80814   2.19820   3.63935   2.02638   1.31118   0.00000  
 57 36.5668   1624.744281  x:  0.00937   0.00000   0.00000   0.00000   0.00000   0.00956   0.00000   0.00000   0.01375   0.00917   0.00426   0.00000   0.00000   0.00000   0.00000   0.02076   0.01375   0.00000   0.00412   0.02251   0.02437   0.02301   0.00000   0.04684   0.02341   0.00656   0.01125   0.02228   0.01624   0.00968   0.04636   0.00000   0.01743   0.00482   0.00000   0.00000   0.05996   0.01630   0.02591   0.02407   0.01509   0.00543   0.01935   0.00000   0.00502   0.00000   0.00543   0.02723   0.00000   0.00411   0.00000   0.00473   0.01171   1.56361   1.80813   2.19820   3.63937   2.02634   1.31126   0.00000  
 58 17.6277   1624.742076  x:  0.00948   0.00000   0.00000   0.00000   0.00000   0.00971   0.00000   0.00000   0.01375   0.00922   0.00434   0.00000   0.00000   0.00000   0.00000   0.02096   0.01371   0.00000   0.00396   0.02248   0.02431   0.02300   0.00000   0.04675   0.02340   0.00655   0.01125   0.02225   0.01624   0.00968   0.04626   0.00000   0.01742   0.00480   0.00000   0.00000   0.06001   0.01625   0.02567   0.02404   0.01509   0.00543   0.01931   0.00000   0.00506   0.00000   0.00541   0.02709   0.00000   0.00423   0.00000   0.00473   0.01170   1.56364   1.80813   2.19820   3.63939   2.02632   1.31131   0.00000  
 59 15.4405   1624.741374  x:  0.00944   0.00000   0.00000   0.00000   0.00000   0.00973   0.00000   0.00000   0.01378   0.00918   0.00434   0.00000   0.00000   0.00000   0.00000   0.02089   0.01362   0.00000   0.00400   0.02248   0.02426   0.02301   0.00000   0.04664   0.02341   0.00658   0.01124   0.02224   0.01622   0.00969   0.04614   0.00000   0.01745   0.00480   0.00000   0.00000   0.06007   0.01629   0.02547   0.02406   0.01511   0.00537   0.01929   0.00000   0.00510   0.00000   0.00533   0.02698   0.00000   0.00420   0.00000   0.00469   0.01170   1.56368   1.80812   2.19819   3.63942   2.02627   1.31140   0.00000  
 60  4.6113   1624.740997  x:  0.00942   0.00000   0.00000   0.00000   0.00000   0.00970   0.00000   0.00000   0.01379   0.00917   0.00432   0.00000   0.00000   0.00000   0.00000   0.02080   0.01358   0.00000   0.00398   0.02249   0.02424   0.02301   0.00000   0.04655   0.02341   0.00658   0.01124   0.02224   0.01621   0.00969   0.04604   0.00000   0.01746   0.00481   0.00000   0.00000   0.06011   0.01632   0.02534   0.02408   0.01511   0.00539   0.01928   0.00000   0.00505   0.00000   0.00539   0.02693   0.00000   0.00422   0.00000   0.00473   0.01170   1.56372   1.80811   2.19819   3.63946   2.02622   1.31150   0.00000  
 61  5.2690   1624.740839  x:  0.00944   0.00000   0.00000   0.00000   0.00000   0.00968   0.00000   0.00000   0.01378   0.00919   0.00435   0.00000   0.00000   0.00000   0.00000   0.02075   0.01363   0.00000   0.00398   0.02249   0.02424   0.02301   0.00000   0.04650   0.02341   0.00657   0.01124   0.02224   0.01621   0.00968   0.04599   0.00000   0.01746   0.00480   0.00000   0.00000   0.06015   0.01633   0.02530   0.02409   0.01511   0.00542   0.01928   0.00000   0.00507   0.00000   0.00540   0.02693   0.00000   0.00420   0.00000   0.00471   0.01170   1.56377   1.80811   2.19818   3.63949   2.02617   1.31160   0.00000  
 62  2.9087   1624.740621  x:  0.00946   0.00000   0.00000   0.00000   0.00000   0.00967   0.00000   0.00000   0.01375   0.00921   0.00431   0.00000   0.00000   0.00000   0.00000   0.02071   0.01371   0.00000   0.00398   0.02250   0.02424   0.02301   0.00000   0.04643   0.02341   0.00655   0.01125   0.02224   0.01622   0.00968   0.04593   0.00000   0.01744   0.00480   0.00000   0.00000   0.06020   0.01632   0.02529   0.02409   0.01509   0.00541   0.01929   0.00000   0.00509   0.00000   0.00537   0.02695   0.00000   0.00423   0.00000   0.00471   0.01170   1.56386   1.80809   2.19817   3.63956   2.02606   1.31181   0.00000  
 63  4.0203   1624.740111  x:  0.00945   0.00000   0.00000   0.00000   0.00000   0.00971   0.00000   0.00000   0.01373   0.00918   0.00436   0.00000   0.00000   0.00000   0.00000   0.02071   0.01376   0.00000   0.00398   0.02250   0.02427   0.02301   0.00000   0.04630   0.02342   0.00658   0.01128   0.02225   0.01623   0.00968   0.04582   0.00000   0.01741   0.00482   0.00000   0.00000   0.06030   0.01627   0.02535   0.02408   0.01507   0.00535   0.01931   0.00000   0.00503   0.00000   0.00535   0.02702   0.00000   0.00420   0.00000   0.00477   0.01170   1.56414   1.80805   2.19814   3.63978   2.02576   1.31241   0.00000  
 64  6.1953   1624.738738  x:  0.00939   0.00000   0.00000   0.00000   0.00000   0.00978   0.00000   0.00000   0.01377   0.00911   0.00432   0.00000   0.00000   0.00000   0.00000   0.02079   0.01367   0.00000   0.00397   0.02249   0.02433   0.02302   0.00000   0.04606   0.02345   0.00661   0.01129   0.02226   0.01625   0.00970   0.04565   0.00000   0.01739   0.00479   0.00000   0.00000   0.06055   0.01620   0.02552   0.02407   0.01507   0.00538   0.01935   0.00000   0.00506   0.00000   0.00544   0.02719   0.00000   0.00422   0.00000   0.00465   0.01171   1.56492   1.80793   2.19806   3.64039   2.02490   1.31415   0.00000  
 65 18.0593   1624.736675  x:  0.00941   0.00000   0.00000   0.00000   0.00000   0.00969   0.00000   0.00000   0.01383   0.00920   0.00436   0.00000   0.00000   0.00000   0.00000   0.02092   0.01351   0.00000   0.00402   0.02249   0.02438   0.02304   0.00000   0.04591   0.02348   0.00656   0.01124   0.02226   0.01624   0.00970   0.04557   0.00000   0.01745   0.00482   0.00000   0.00000   0.06081   0.01621   0.02570   0.02410   0.01514   0.00550   0.01936   0.00000   0.00516   0.00000   0.00538   0.02729   0.00000   0.00422   0.00000   0.00480   0.01171   1.56616   1.80775   2.19793   3.64135   2.02356   1.31686   0.00000  
 66 32.7942   1624.731974  x:  0.00958   0.00000   0.00000   0.00000   0.00000   0.00952   0.00000   0.00000   0.01387   0.00939   0.00432   0.00000   0.00000   0.00000   0.00000   0.02106   0.01345   0.00000   0.00397   0.02253   0.02439   0.02307   0.00000   0.04596   0.02351   0.00653   0.01119   0.02229   0.01619   0.00967   0.04572   0.00000   0.01761   0.00483   0.00000   0.00000   0.06115   0.01639   0.02585   0.02421   0.01523   0.00537   0.01933   0.00000   0.00493   0.00000   0.00529   0.02726   0.00000   0.00422   0.00000   0.00465   0.01173   1.56901   1.80732   2.19762   3.64358   2.02049   1.32311   0.00000  
 67 55.5466   1624.720909  x:  0.00959   0.00000   0.00000   0.00000   0.00000   0.00964   0.00000   0.00000   0.01382   0.00928   0.00437   0.00000   0.00000   0.00000   0.00000   0.02112   0.01379   0.00000   0.00403   0.02263   0.02435   0.02312   0.00000   0.04644   0.02357   0.00671   0.01130   0.02234   0.01619   0.00969   0.04630   0.00000   0.01778   0.00477   0.00000   0.00000   0.06164   0.01673   0.02586   0.02438   0.01529   0.00522   0.01925   0.00000   0.00519   0.00000   0.00556   0.02698   0.00000   0.00425   0.00000   0.00478   0.01176   1.57585   1.80630   2.19689   3.64891   2.01313   1.33808   0.00000  
 68 142.5564   1624.716111  x:  0.00944   0.00000   0.00000   0.00000   0.00000   0.00981   0.00000   0.00000   0.01382   0.00916   0.00436   0.00000   0.00000   0.00000   0.00000   0.02103   0.01386   0.00000   0.00400   0.02266   0.02434   0.02314   0.00000   0.04673   0.02358   0.00665   0.01135   0.02237   0.01626   0.00975   0.04654   0.00000   0.01768   0.00490   0.00000   0.00000   0.06166   0.01667   0.02574   0.02435   0.01523   0.00554   0.01927   0.00000   0.00509   0.00000   0.00538   0.02692   0.00000   0.00425   0.00000   0.00473   0.01178   1.57884   1.80585   2.19657   3.65125   2.00996   1.34458   0.00000  
 69 138.4660   1624.713613  x:  0.00943   0.00000   0.00000   0.00000   0.00000   0.00976   0.00000   0.00000   0.01387   0.00925   0.00437   0.00000   0.00000   0.00000   0.00000   0.02091   0.01373   0.00000   0.00402   0.02266   0.02437   0.02317   0.00000   0.04690   0.02358   0.00654   0.01134   0.02239   0.01634   0.00977   0.04658   0.00000   0.01749   0.00475   0.00000   0.00000   0.06139   0.01641   0.02556   0.02421   0.01514   0.00546   0.01936   0.00000   0.00508   0.00000   0.00540   0.02702   0.00000   0.00425   0.00000   0.00476   0.01178   1.58040   1.80562   2.19640   3.65247   2.00835   1.34794   0.00000  
 70 50.7407   1624.712836  x:  0.00947   0.00000   0.00000   0.00000   0.00000   0.00972   0.00000   0.00000   0.01388   0.00926   0.00436   0.00000   0.00000   0.00000   0.00000   0.02089   0.01370   0.00000   0.00402   0.02265   0.02438   0.02317   0.00000   0.04694   0.02357   0.00659   0.01134   0.02239   0.01636   0.00975   0.04653   0.00000   0.01747   0.00489   0.00000   0.00000   0.06119   0.01633   0.02549   0.02417   0.01515   0.00542   0.01940   0.00000   0.00512   0.00000   0.00544   0.02710   0.00000   0.00425   0.00000   0.00474   0.01178   1.58091   1.80555   2.19635   3.65287   2.00786   1.34900   0.00000  
 71 28.9051   1624.712039  x:  0.00952   0.00000   0.00000   0.00000   0.00000   0.00971   0.00000   0.00000   0.01386   0.00922   0.00437   0.00000   0.00000   0.00000   0.00000   0.02093   0.01373   0.00000   0.00402   0.02263   0.02441   0.02316   0.00000   0.04692   0.02356   0.00670   0.01132   0.02240   0.01633   0.00972   0.04639   0.00000   0.01756   0.00483   0.00000   0.00000   0.06080   0.01634   0.02544   0.02420   0.01522   0.00547   0.01943   0.00000   0.00510   0.00000   0.00541   0.02722   0.00000   0.00426   0.00000   0.00475   0.01178   1.58146   1.80547   2.19629   3.65331   2.00742   1.35007   0.00000  
 72 14.4600   1624.711712  x:  0.00947   0.00000   0.00000   0.00000   0.00000   0.00974   0.00000   0.00000   0.01385   0.00923   0.00437   0.00000   0.00000   0.00000   0.00000   0.02096   0.01376   0.00000   0.00402   0.02263   0.02442   0.02316   0.00000   0.04688   0.02356   0.00660   0.01130   0.02239   0.01631   0.00974   0.04631   0.00000   0.01760   0.00485   0.00000   0.00000   0.06059   0.01640   0.02545   0.02424   0.01523   0.00544   0.01942   0.00000   0.00511   0.00000   0.00542   0.02725   0.00000   0.00425   0.00000   0.00475   0.01178   1.58171   1.80543   2.19627   3.65352   2.00727   1.35051   0.00000  
 73  8.7164   1624.711567  x:  0.00947   0.00000   0.00000   0.00000   0.00000   0.00973   0.00000   0.00000   0.01387   0.00925   0.00437   0.00000   0.00000   0.00000   0.00000   0.02097   0.01374   0.00000   0.00402   0.02265   0.02441   0.02317   0.00000   0.04683   0.02357   0.00663   0.01135   0.02239   0.01633   0.00976   0.04628   0.00000   0.01755   0.00484   0.00000   0.00000   0.06048   0.01644   0.02551   0.02426   0.01517   0.00545   0.01938   0.00000   0.00511   0.00000   0.00542   0.02719   0.00000   0.00426   0.00000   0.00475   0.01179   1.58187   1.80542   2.19626   3.65365   2.00727   1.35070   0.00000  
 74  2.4464   1624.711444  x:  0.00950   0.00000   0.00000   0.00000   0.00000   0.00973   0.00000   0.00000   0.01386   0.00920   0.00437   0.00000   0.00000   0.00000   0.00000   0.02095   0.01373   0.00000   0.00402   0.02265   0.02439   0.02317   0.00000   0.04677   0.02358   0.00660   0.01132   0.02238   0.01632   0.00972   0.04629   0.00000   0.01754   0.00484   0.00000   0.00000   0.06043   0.01642   0.02556   0.02424   0.01518   0.00545   0.01936   0.00000   0.00511   0.00000   0.00542   0.02711   0.00000   0.00425   0.00000   0.00475   0.01178   1.58206   1.80539   2.19624   3.65382   2.00737   1.35085   0.00000  
 75  1.8750   1624.711099  x:  0.00944   0.00000   0.00000   0.00000   0.00000   0.00974   0.00000   0.00000   0.01384   0.00927   0.00437   0.00000   0.00000   0.00000   0.00000   0.02091   0.01375   0.00000   0.00401   0.02264   0.02436   0.02316   0.00000   0.04666   0.02360   0.00665   0.01128   0.02237   0.01631   0.00974   0.04635   0.00000   0.01757   0.00484   0.00000   0.00000   0.06036   0.01634   0.02563   0.02417   0.01525   0.00545   0.01935   0.00000   0.00510   0.00000   0.00542   0.02701   0.00000   0.00425   0.00000   0.00475   0.01177   1.58269   1.80533   2.19619   3.65439   2.00778   1.35125   0.00000  
 76  4.1149   1624.707726  x:  0.00956   0.00000   0.00000   0.00000   0.00000   0.00967   0.00000   0.00000   0.01392   0.00916   0.00437   0.00000   0.00000   0.00000   0.00000   0.02091   0.01377   0.00000   0.00402   0.02251   0.02432   0.02308   0.00000   0.04624   0.02353   0.00655   0.01151   0.02238   0.01631   0.01006   0.04676   0.00000   0.01776   0.00484   0.00000   0.00000   0.06026   0.01631   0.02554   0.02406   0.01527   0.00545   0.01954   0.00000   0.00510   0.00000   0.00542   0.02702   0.00000   0.00426   0.00000   0.00475   0.01180   1.58919   1.80467   2.19573   3.66026   2.01235   1.35510   0.00000  
 77 10.7120   1624.697108  x:  0.00935   0.00000   0.00000   0.00000   0.00000   0.00971   0.00000   0.00000   0.01390   0.00925   0.00437   0.00000   0.00000   0.00000   0.00000   0.02106   0.01372   0.00000   0.00402   0.02244   0.02433   0.02302   0.00000   0.04558   0.02344   0.00655   0.01161   0.02239   0.01630   0.00944   0.04748   0.00000   0.01764   0.00484   0.00000   0.00000   0.06015   0.01656   0.02520   0.02407   0.01508   0.00545   0.01977   0.00000   0.00510   0.00000   0.00541   0.02732   0.00000   0.00426   0.00000   0.00474   0.01181   1.60947   1.80262   2.19429   3.67860   2.02669   1.36707   0.00000  
 78 121.6076   1624.679279  x:  0.00940   0.00000   0.00000   0.00000   0.00000   0.00956   0.00000   0.00000   0.01365   0.00914   0.00438   0.00000   0.00000   0.00000   0.00000   0.02123   0.01377   0.00000   0.00400   0.02276   0.02442   0.02321   0.00000   0.04573   0.02366   0.00677   0.01086   0.02230   0.01626   0.00992   0.04734   0.00000   0.01710   0.00484   0.00000   0.00000   0.06024   0.01666   0.02500   0.02424   0.01509   0.00544   0.01938   0.00000   0.00510   0.00000   0.00540   0.02751   0.00000   0.00428   0.00000   0.00473   0.01170   1.64380   1.79914   2.19185   3.70971   2.05104   1.38732   0.00000  
 79 229.1279   1624.664175  x:  0.00932   0.00000   0.00000   0.00000   0.00000   0.00951   0.00000   0.00000   0.01391   0.00914   0.00439   0.00000   0.00000   0.00000   0.00000   0.02117   0.01385   0.00000   0.00398   0.02277   0.02441   0.02329   0.00000   0.04663   0.02366   0.00658   0.01137   0.02233   0.01638   0.00972   0.04634   0.00000   0.01751   0.00484   0.00000   0.00000   0.06045   0.01622   0.02523   0.02421   0.01525   0.00543   0.01897   0.00000   0.00509   0.00000   0.00539   0.02719   0.00000   0.00429   0.00000   0.00472   0.01177   1.67291   1.79618   2.18977   3.73621   2.07180   1.40456   0.00000  
 80 280.8093   1624.662826  x:  0.00931   0.00000   0.00000   0.00000   0.00000   0.00949   0.00000   0.00000   0.01376   0.00913   0.00439   0.00000   0.00000   0.00000   0.00000   0.02117   0.01379   0.00000   0.00398   0.02256   0.02434   0.02316   0.00000   0.04679   0.02354   0.00660   0.01133   0.02232   0.01627   0.00973   0.04614   0.00000   0.01752   0.00484   0.00000   0.00000   0.06049   0.01626   0.02533   0.02418   0.01512   0.00543   0.01925   0.00000   0.00509   0.00000   0.00539   0.02704   0.00000   0.00429   0.00000   0.00472   0.01176   1.67544   1.79591   2.18959   3.73861   2.07367   1.40612   0.00000  
 81 36.2351   1624.662695  x:  0.00931   0.00000   0.00000   0.00000   0.00000   0.00950   0.00000   0.00000   0.01385   0.00913   0.00439   0.00000   0.00000   0.00000   0.00000   0.02118   0.01382   0.00000   0.00398   0.02256   0.02432   0.02314   0.00000   0.04681   0.02351   0.00660   0.01131   0.02231   0.01629   0.00973   0.04612   0.00000   0.01747   0.00484   0.00000   0.00000   0.06049   0.01630   0.02535   0.02416   0.01516   0.00543   0.01932   0.00000   0.00509   0.00000   0.00539   0.02702   0.00000   0.00429   0.00000   0.00472   0.01175   1.67560   1.79588   2.18957   3.73888   2.07387   1.40630   0.00000  
 82  3.7203   1624.662285  x:  0.00931   0.00000   0.00000   0.00000   0.00000   0.00949   0.00000   0.00000   0.01375   0.00913   0.00439   0.00000   0.00000   0.00000   0.00000   0.02120   0.01379   0.00000   0.00398   0.02270   0.02425   0.02317   0.00000   0.04682   0.02347   0.00659   0.01133   0.02233   0.01641   0.00973   0.04608   0.00000   0.01748   0.00484   0.00000   0.00000   0.06049   0.01639   0.02536   0.02401   0.01522   0.00543   0.01939   0.00000   0.00509   0.00000   0.00539   0.02702   0.00000   0.00429   0.00000   0.00472   0.01177   1.67565   1.79576   2.18955   3.73999   2.07465   1.40705   0.00000  
 83  2.1328   1624.657874  x:  0.00929   0.00000   0.00000   0.00000   0.00000   0.00947   0.00000   0.00000   0.01393   0.00912   0.00440   0.00000   0.00000   0.00000   0.00000   0.02122   0.01387   0.00000   0.00398   0.02280   0.02409   0.02331   0.00000   0.04684   0.02346   0.00665   0.01119   0.02250   0.01617   0.00973   0.04601   0.00000   0.01770   0.00484   0.00000   0.00000   0.06051   0.01666   0.02536   0.02329   0.01485   0.00546   0.01925   0.00000   0.00509   0.00000   0.00539   0.02713   0.00000   0.00429   0.00000   0.00472   0.01173   1.67538   1.79444   2.18933   3.75222   2.08322   1.41534   0.00000  
 84 14.3406   1624.612820  x:  0.00912   0.00000   0.00000   0.00000   0.00000   0.00922   0.00000   0.00000   0.01364   0.00903   0.00445   0.00000   0.00000   0.00000   0.00000   0.02132   0.01387   0.00000   0.00402   0.02138   0.02417   0.02305   0.00000   0.04688   0.02376   0.00649   0.01170   0.02259   0.01576   0.00972   0.04590   0.00000   0.01681   0.00484   0.00000   0.00000   0.06057   0.01755   0.02522   0.02200   0.01577   0.00542   0.01820   0.00000   0.00507   0.00000   0.00538   0.02741   0.00000   0.00437   0.00000   0.00469   0.01177   1.67189   1.78093   2.18711   3.87728   2.17077   1.50015   0.00000  
 85 153.6035   1624.423202  x:  0.00845   0.00000   0.00000   0.00000   0.00000   0.00820   0.00000   0.00000   0.01377   0.00868   0.00471   0.00000   0.00000   0.00000   0.00000   0.02275   0.01440   0.00000   0.00419   0.02198   0.02485   0.02229   0.00000   0.04659   0.02406   0.00665   0.01109   0.02116   0.01744   0.00968   0.04602   0.00000   0.01773   0.00486   0.00000   0.00000   0.06069   0.01635   0.02458   0.02334   0.01474   0.00538   0.01884   0.00000   0.00500   0.00000   0.00534   0.02659   0.00000   0.00473   0.00000   0.00456   0.01178   1.65645   1.72221   2.17749   4.42151   2.55178   1.86919   0.00000  
 86 1293.7433   1624.396282  x:  0.00835   0.00000   0.00000   0.00000   0.00000   0.00807   0.00000   0.00000   0.01374   0.00863   0.00474   0.00000   0.00000   0.00000   0.00000   0.02305   0.01449   0.00000   0.00420   0.02265   0.02437   0.02315   0.00000   0.04651   0.02354   0.00661   0.01144   0.02210   0.01635   0.00970   0.04607   0.00000   0.01734   0.00487   0.00000   0.00000   0.06069   0.01576   0.02455   0.02404   0.01507   0.00535   0.01935   0.00000   0.00499   0.00000   0.00533   0.02641   0.00000   0.00478   0.00000   0.00454   0.01178   1.65431   1.71413   2.17618   4.49679   2.60450   1.92025   0.00000  
 87 900.1015   1624.395612  x:  0.00835   0.00000   0.00000   0.00000   0.00000   0.00807   0.00000   0.00000   0.01375   0.00863   0.00474   0.00000   0.00000   0.00000   0.00000   0.02303   0.01450   0.00000   0.00420   0.02250   0.02411   0.02325   0.00000   0.04650   0.02349   0.00662   0.01136   0.02225   0.01650   0.00970   0.04608   0.00000   0.01736   0.00487   0.00000   0.00000   0.06069   0.01573   0.02457   0.02413   0.01505   0.00535   0.01929   0.00000   0.00499   0.00000   0.00533   0.02647   0.00000   0.00478   0.00000   0.00454   0.01180   1.65426   1.71400   2.17618   4.49867   2.60584   1.92154   0.00000  
 88 20.1056   1624.395463  x:  0.00835   0.00000   0.00000   0.00000   0.00000   0.00807   0.00000   0.00000   0.01374   0.00863   0.00475   0.00000   0.00000   0.00000   0.00000   0.02303   0.01449   0.00000   0.00420   0.02255   0.02400   0.02314   0.00000   0.04650   0.02346   0.00662   0.01138   0.02223   0.01647   0.00970   0.04608   0.00000   0.01735   0.00487   0.00000   0.00000   0.06069   0.01570   0.02458   0.02415   0.01505   0.00535   0.01925   0.00000   0.00499   0.00000   0.00533   0.02651   0.00000   0.00478   0.00000   0.00454   0.01175   1.65427   1.71417   2.17629   4.49910   2.60619   1.92191   0.00000  
 89  1.6850   1624.393976  x:  0.00836   0.00000   0.00000   0.00000   0.00000   0.00808   0.00000   0.00000   0.01375   0.00863   0.00475   0.00000   0.00000   0.00000   0.00000   0.02302   0.01449   0.00000   0.00422   0.02260   0.02383   0.02306   0.00000   0.04651   0.02348   0.00663   0.01137   0.02206   0.01637   0.00970   0.04608   0.00000   0.01733   0.00487   0.00000   0.00000   0.06070   0.01568   0.02459   0.02416   0.01505   0.00535   0.01922   0.00000   0.00499   0.00000   0.00533   0.02658   0.00000   0.00479   0.00000   0.00454   0.01216   1.65441   1.71668   2.17776   4.50358   2.61007   1.92584   0.00000  
 90  5.0683   1624.339271  x:  0.00859   0.00000   0.00000   0.00000   0.00000   0.00840   0.00000   0.00000   0.01376   0.00875   0.00494   0.00000   0.00000   0.00000   0.00000   0.02285   0.01448   0.00000   0.00460   0.02234   0.02284   0.02444   0.00000   0.04665   0.02441   0.00650   0.01179   0.02029   0.01595   0.00966   0.04609   0.00000   0.01738   0.00490   0.00000   0.00000   0.06069   0.01577   0.02475   0.02425   0.01509   0.00541   0.01978   0.00000   0.00487   0.00000   0.00541   0.02695   0.00000   0.00507   0.00000   0.00444   0.01149   1.65980   1.80831   2.23140   4.66466   2.75011   2.06798   0.00000  
 91 90.5030   1624.241069  x:  0.00902   0.00000   0.00000   0.00000   0.00000   0.00901   0.00000   0.00000   0.01380   0.00897   0.00528   0.00000   0.00000   0.00000   0.00000   0.02260   0.01434   0.00000   0.00538   0.02268   0.02405   0.02302   0.00000   0.04658   0.02393   0.00655   0.01129   0.02273   0.01641   0.00967   0.04607   0.00000   0.01743   0.00496   0.00000   0.00000   0.06067   0.01580   0.02482   0.02429   0.01509   0.00551   0.01953   0.00000   0.00464   0.00000   0.00555   0.02656   0.00000   0.00558   0.00000   0.00425   0.01178   1.66976   1.97750   2.33046   4.96191   3.00857   2.33030   0.00000  
 92 1446.5124   1624.239148  x:  0.00902   0.00000   0.00000   0.00000   0.00000   0.00902   0.00000   0.00000   0.01379   0.00897   0.00529   0.00000   0.00000   0.00000   0.00000   0.02257   0.01433   0.00000   0.00539   0.02265   0.02418   0.02313   0.00000   0.04655   0.02333   0.00657   0.01126   0.02254   0.01644   0.00969   0.04609   0.00000   0.01742   0.00496   0.00000   0.00000   0.06067   0.01579   0.02484   0.02428   0.01508   0.00551   0.01934   0.00000   0.00464   0.00000   0.00555   0.02656   0.00000   0.00559   0.00000   0.00425   0.01178   1.66995   1.98069   2.33235   4.96753   3.01346   2.33526   0.00000  
 93 76.3147   1624.125792  x:  0.00845   0.00000   0.00000   0.00000   0.00000   0.00834   0.00000   0.00000   0.01373   0.00862   0.00475   0.00000   0.00000   0.00000   0.00000   0.02328   0.01450   0.00000   0.00418   0.02253   0.02409   0.02314   0.00000   0.04657   0.02342   0.00661   0.01140   0.02253   0.01646   0.00969   0.04602   0.00000   0.01733   0.00483   0.00000   0.00000   0.06073   0.01578   0.02475   0.02403   0.01509   0.00536   0.01927   0.00000   0.00508   0.00000   0.00528   0.02652   0.00000   0.00485   0.00000   0.00463   0.01179   1.68041   2.18282   2.53197   5.35069   3.37737   2.70882   0.00000  
 94  1.4728   1624.039781  x:  0.00924   0.00000   0.00000   0.00000   0.00000   0.00949   0.00000   0.00000   0.01381   0.00913   0.00454   0.00000   0.00000   0.00000   0.00000   0.02189   0.01404   0.00000   0.00408   0.02255   0.02411   0.02328   0.00000   0.04683   0.02358   0.00662   0.01145   0.02230   0.01629   0.00977   0.04617   0.00000   0.01746   0.00482   0.00000   0.00000   0.06064   0.01635   0.02532   0.02401   0.01518   0.00543   0.01930   0.00000   0.00513   0.00000   0.00538   0.02710   0.00000   0.00459   0.00000   0.00474   0.01177   1.72047   2.10529   2.71503   5.81598   3.83141   3.16057   0.00000  
 95  0.7939   1624.011950  x:  0.00911   0.00000   0.00000   0.00000   0.00000   0.00916   0.00000   0.00000   0.01383   0.00911   0.00452   0.00000   0.00000   0.00000   0.00000   0.02146   0.01401   0.00000   0.00408   0.02255   0.02423   0.02320   0.00000   0.04676   0.02352   0.00661   0.01135   0.02237   0.01637   0.00977   0.04618   0.00000   0.01744   0.00485   0.00000   0.00000   0.06054   0.01626   0.02518   0.02404   0.01509   0.00548   0.01931   0.00000   0.00500   0.00000   0.00544   0.02695   0.00000   0.00443   0.00000   0.00461   0.01178   1.72895   2.16354   2.60471   6.15648   4.22675   3.55178   0.00000  
 96  0.3709   1624.000630  x:  0.00897   0.00000   0.00000   0.00000   0.00000   0.00902   0.00000   0.00000   0.01379   0.00897   0.00464   0.00000   0.00000   0.00000   0.00000   0.02193   0.01415   0.00000   0.00425   0.02252   0.02417   0.02318   0.00000   0.04674   0.02354   0.00660   0.01136   0.02237   0.01638   0.00973   0.04612   0.00000   0.01743   0.00485   0.00000   0.00000   0.06064   0.01617   0.02507   0.02396   0.01514   0.00545   0.01927   0.00000   0.00500   0.00000   0.00540   0.02688   0.00000   0.00464   0.00000   0.00461   0.01178   1.73473   2.12388   2.67156   6.30235   4.54535   3.87123   0.00000  
 97  0.2258   1623.982551  x:  0.00904   0.00000   0.00000   0.00000   0.00000   0.00917   0.00000   0.00000   0.01381   0.00903   0.00445   0.00000   0.00000   0.00000   0.00000   0.02231   0.01417   0.00000   0.00374   0.02249   0.02413   0.02330   0.00000   0.04679   0.02356   0.00664   0.01146   0.02229   0.01637   0.00979   0.04619   0.00000   0.01743   0.00480   0.00000   0.00000   0.06067   0.01631   0.02521   0.02398   0.01513   0.00539   0.01926   0.00000   0.00522   0.00000   0.00532   0.02703   0.00000   0.00444   0.00000   0.00479   0.01178   1.72913   2.13421   2.63070   6.25554   5.17018   4.49832   0.00000  
 98  0.1811   1623.945823  x:  0.00912   0.00000   0.00000   0.00000   0.00000   0.00910   0.00000   0.00000   0.01384   0.00914   0.00461   0.00000   0.00000   0.00000   0.00000   0.02150   0.01397   0.00000   0.00442   0.02254   0.02426   0.02317   0.00000   0.04680   0.02353   0.00661   0.01136   0.02234   0.01639   0.00977   0.04620   0.00000   0.01746   0.00486   0.00000   0.00000   0.06052   0.01634   0.02526   0.02401   0.01511   0.00548   0.01927   0.00000   0.00508   0.00000   0.00545   0.02702   0.00000   0.00467   0.00000   0.00468   0.01179   1.70882   2.08422   2.54351   5.64830   6.25144   5.57657   0.00000  
 99  0.4646   1623.939386  x:  0.00902   0.00000   0.00000   0.00000   0.00000   0.00913   0.00000   0.00000   0.01379   0.00900   0.00457   0.00000   0.00000   0.00000   0.00000   0.02186   0.01410   0.00000   0.00414   0.02254   0.02414   0.02320   0.00000   0.04672   0.02355   0.00660   0.01137   0.02234   0.01636   0.00973   0.04613   0.00000   0.01743   0.00485   0.00000   0.00000   0.06061   0.01616   0.02510   0.02403   0.01513   0.00544   0.01930   0.00000   0.00500   0.00000   0.00539   0.02688   0.00000   0.00454   0.00000   0.00460   0.01177   1.69857   2.05195   2.54504   5.48655   6.73050   6.05480   0.00000  
100  0.4956   1623.936842  x:  0.00904   0.00000   0.00000   0.00000   0.00000   0.00908   0.00000   0.00000   0.01381   0.00904   0.00458   0.00000   0.00000   0.00000   0.00000   0.02189   0.01410   0.00000   0.00407   0.02254   0.02419   0.02320   0.00000   0.04674   0.02351   0.00662   0.01138   0.02238   0.01637   0.00976   0.04617   0.00000   0.01744   0.00484   0.00000   0.00000   0.06062   0.01625   0.02518   0.02403   0.01513   0.00543   0.01928   0.00000   0.00509   0.00000   0.00539   0.02696   0.00000   0.00454   0.00000   0.00469   0.01179   1.70053   2.05265   2.52390   5.57388   7.48711   6.81172   0.00000  
101  0.3428   1623.934867  x:  0.00903   0.00000   0.00000   0.00000   0.00000   0.00912   0.00000   0.00000   0.01381   0.00903   0.00457   0.00000   0.00000   0.00000   0.00000   0.02174   0.01406   0.00000   0.00418   0.02253   0.02418   0.02319   0.00000   0.04676   0.02354   0.00661   0.01137   0.02235   0.01637   0.00975   0.04615   0.00000   0.01744   0.00485   0.00000   0.00000   0.06058   0.01621   0.02514   0.02401   0.01512   0.00545   0.01929   0.00000   0.00502   0.00000   0.00540   0.02692   0.00000   0.00457   0.00000   0.00462   0.01178   1.70287   2.06107   2.55202   5.54210   8.43657   7.76132   0.00000  
102  0.5091   1623.934221  x:  0.00904   0.00000   0.00000   0.00000   0.00000   0.00913   0.00000   0.00000   0.01380   0.00902   0.00457   0.00000   0.00000   0.00000   0.00000   0.02188   0.01410   0.00000   0.00412   0.02254   0.02415   0.02321   0.00000   0.04673   0.02354   0.00661   0.01138   0.02235   0.01636   0.00974   0.04615   0.00000   0.01744   0.00485   0.00000   0.00000   0.06062   0.01620   0.02514   0.02404   0.01513   0.00544   0.01930   0.00000   0.00503   0.00000   0.00539   0.02692   0.00000   0.00454   0.00000   0.00464   0.01178   1.70180   2.06389   2.54479   5.58826   9.27802   8.60262   0.00000  
103  0.5148   1623.933928  x:  0.00904   0.00000   0.00000   0.00000   0.00000   0.00911   0.00000   0.00000   0.01381   0.00904   0.00458   0.00000   0.00000   0.00000   0.00000   0.02179   0.01407   0.00000   0.00415   0.02253   0.02418   0.02319   0.00000   0.04675   0.02354   0.00661   0.01137   0.02234   0.01637   0.00975   0.04615   0.00000   0.01744   0.00485   0.00000   0.00000   0.06059   0.01623   0.02516   0.02402   0.01513   0.00544   0.01928   0.00000   0.00504   0.00000   0.00540   0.02694   0.00000   0.00456   0.00000   0.00464   0.01178   1.70230   2.06062   2.54570   5.55323  10.27545   9.60021   0.00000  
104  0.5184   1623.933820  x:  0.00904   0.00000   0.00000   0.00000   0.00000   0.00912   0.00000   0.00000   0.01380   0.00902   0.00457   0.00000   0.00000   0.00000   0.00000   0.02184   0.01409   0.00000   0.00414   0.02254   0.02416   0.02320   0.00000   0.04673   0.02354   0.00661   0.01137   0.02235   0.01636   0.00974   0.04615   0.00000   0.01744   0.00485   0.00000   0.00000   0.06061   0.01619   0.02513   0.02403   0.01513   0.00544   0.01930   0.00000   0.00503   0.00000   0.00539   0.02691   0.00000   0.00455   0.00000   0.00464   0.01178   1.70195   2.06131   2.54525   5.57244  11.16645  10.49103   0.00000  
105  0.5176   1623.933778  x:  0.00905   0.00000   0.00000   0.00000   0.00000   0.00911   0.00000   0.00000   0.01381   0.00904   0.00457   0.00000   0.00000   0.00000   0.00000   0.02182   0.01408   0.00000   0.00414   0.02254   0.02417   0.02320   0.00000   0.04674   0.02354   0.00661   0.01137   0.02235   0.01637   0.00975   0.04615   0.00000   0.01744   0.00485   0.00000   0.00000   0.06060   0.01622   0.02515   0.02402   0.01513   0.00544   0.01929   0.00000   0.00504   0.00000   0.00540   0.02693   0.00000   0.00455   0.00000   0.00464   0.01178   1.70210   2.06162   2.54546   5.56281  11.97538  11.30010   0.00000  
106  0.4716   1623.933758  x:  0.00904   0.00000   0.00000   0.00000   0.00000   0.00912   0.00000   0.00000   0.01380   0.00902   0.00457   0.00000   0.00000   0.00000   0.00000   0.02183   0.01408   0.00000   0.00414   0.02254   0.02417   0.02320   0.00000   0.04674   0.02354   0.00661   0.01137   0.02235   0.01636   0.00975   0.04615   0.00000   0.01744   0.00485   0.00000   0.00000   0.06060   0.01620   0.02514   0.02403   0.01513   0.00544   0.01929   0.00000   0.00503   0.00000   0.00540   0.02692   0.00000   0.00455   0.00000   0.00464   0.01178   1.70210   2.06129   2.54560   5.56837  13.00079  12.32542   0.00000  
107  0.5127   1623.933751  x:  0.00904   0.00000   0.00000   0.00000   0.00000   0.00912   0.00000   0.00000   0.01380   0.00903   0.00457   0.00000   0.00000   0.00000   0.00000   0.02182   0.01408   0.00000   0.00414   0.02254   0.02417   0.02320   0.00000   0.04674   0.02354   0.00661   0.01137   0.02235   0.01637   0.00975   0.04615   0.00000   0.01744   0.00485   0.00000   0.00000   0.06060   0.01621   0.02515   0.02402   0.01513   0.00544   0.01929   0.00000   0.00504   0.00000   0.00540   0.02693   0.00000   0.00455   0.00000   0.00464   0.01178   1.70206   2.06151   2.54543   5.56523  13.68826  13.01294   0.00000  
108  0.4695   1623.933747  x:  0.00904   0.00000   0.00000   0.00000   0.00000   0.00912   0.00000   0.00000   0.01380   0.00903   0.00457   0.00000   0.00000   0.00000   0.00000   0.02182   0.01408   0.00000   0.00414   0.02254   0.02417   0.02320   0.00000   0.04674   0.02354   0.00661   0.01137   0.02235   0.01637   0.00975   0.04615   0.00000   0.01744   0.00485   0.00000   0.00000   0.06060   0.01621   0.02514   0.02402   0.01513   0.00544   0.01929   0.00000   0.00503   0.00000   0.00540   0.02692   0.00000   0.00455   0.00000   0.00464   0.01178   1.70211   2.06134   2.54550   5.56663  14.95311  14.27776   0.00000  
109  0.5097   1623.933746  x:  0.00904   0.00000   0.00000   0.00000   0.00000   0.00912   0.00000   0.00000   0.01380   0.00903   0.00457   0.00000   0.00000   0.00000   0.00000   0.02182   0.01408   0.00000   0.00414   0.02254   0.02417   0.02320   0.00000   0.04674   0.02354   0.00661   0.01137   0.02235   0.01637   0.00975   0.04615   0.00000   0.01744   0.00485   0.00000   0.00000   0.06060   0.01621   0.02515   0.02402   0.01513   0.00544   0.01929   0.00000   0.00504   0.00000   0.00540   0.02693   0.00000   0.00455   0.00000   0.00464   0.01178   1.70207   2.06145   2.54549   5.56598  15.50317  14.82784   0.00000  
110  0.4495   1623.933746  x:  0.00904   0.00000   0.00000   0.00000   0.00000   0.00912   0.00000   0.00000   0.01380   0.00903   0.00457   0.00000   0.00000   0.00000   0.00000   0.02182   0.01408   0.00000   0.00414   0.02254   0.02417   0.02320   0.00000   0.04674   0.02354   0.00661   0.01137   0.02235   0.01637   0.00975   0.04615   0.00000   0.01744   0.00485   0.00000   0.00000   0.06060   0.01621   0.02514   0.02402   0.01513   0.00544   0.01929   0.00000   0.00504   0.00000   0.00540   0.02693   0.00000   0.00455   0.00000   0.00464   0.01178   1.70209   2.06142   2.54544   5.56598  16.83656  16.16123   0.00000  
111  0.4609   1623.933746  x:  0.00904   0.00000   0.00000   0.00000   0.00000   0.00912   0.00000   0.00000   0.01380   0.00903   0.00457   0.00000   0.00000   0.00000   0.00000   0.02182   0.01408   0.00000   0.00414   0.02254   0.02417   0.02320   0.00000   0.04674   0.02354   0.00661   0.01137   0.02235   0.01637   0.00975   0.04615   0.00000   0.01744   0.00485   0.00000   0.00000   0.06060   0.01621   0.02514   0.02402   0.01513   0.00544   0.01929   0.00000   0.00503   0.00000   0.00540   0.02692   0.00000   0.00455   0.00000   0.00464   0.01178   1.70208   2.06143   2.54551   5.56613  17.47204  16.79670   0.00000  
112  0.4714   1623.933746  x:  0.00904   0.00000   0.00000   0.00000   0.00000   0.00912   0.00000   0.00000   0.01380   0.00903   0.00457   0.00000   0.00000   0.00000   0.00000   0.02182   0.01408   0.00000   0.00414   0.02254   0.02417   0.02320   0.00000   0.04674   0.02354   0.00661   0.01137   0.02235   0.01637   0.00975   0.04615   0.00000   0.01744   0.00485   0.00000   0.00000   0.06060   0.01621   0.02514   0.02402   0.01513   0.00544   0.01929   0.00000   0.00504   0.00000   0.00540   0.02692   0.00000   0.00455   0.00000   0.00464   0.01178   1.70208   2.06143   2.54548   5.56605  17.58170  16.90636   0.00000  
113  0.1534   1623.933746  x:  0.00904   0.00000   0.00000   0.00000   0.00000   0.00912   0.00000   0.00000   0.01380   0.00903   0.00457   0.00000   0.00000   0.00000   0.00000   0.02182   0.01408   0.00000   0.00414   0.02254   0.02417   0.02320   0.00000   0.04674   0.02354   0.00661   0.01137   0.02235   0.01637   0.00975   0.04615   0.00000   0.01744   0.00485   0.00000   0.00000   0.06060   0.01621   0.02514   0.02402   0.01513   0.00544   0.01929   0.00000   0.00504   0.00000   0.00540   0.02693   0.00000   0.00455   0.00000   0.00464   0.01178   1.70208   2.06143   2.54546   5.56597  18.23736  17.56203   0.00000  
114  0.3687   1623.933746  x:  0.00904   0.00000   0.00000   0.00000   0.00000   0.00912   0.00000   0.00000   0.01380   0.00903   0.00457   0.00000   0.00000   0.00000   0.00000   0.02182   0.01408   0.00000   0.00414   0.02254   0.02417   0.02320   0.00000   0.04674   0.02354   0.00661   0.01137   0.02235   0.01637   0.00975   0.04615   0.00000   0.01744   0.00485   0.00000   0.00000   0.06060   0.01621   0.02514   0.02402   0.01513   0.00544   0.01929   0.00000   0.00504   0.00000   0.00540   0.02692   0.00000   0.00455   0.00000   0.00464   0.01178   1.70208   2.06143   2.54548   5.56608  18.07247  17.39713   0.00000  
115  0.1422   1623.933745  x:  0.00904   0.00000   0.00000   0.00000   0.00000   0.00912   0.00000   0.00000   0.01380   0.00903   0.00457   0.00000   0.00000   0.00000   0.00000   0.02182   0.01408   0.00000   0.00414   0.02254   0.02417   0.02320   0.00000   0.04674   0.02354   0.00661   0.01137   0.02235   0.01637   0.00975   0.04615   0.00000   0.01744   0.00485   0.00000   0.00000   0.06060   0.01621   0.02514   0.02402   0.01513   0.00544   0.01929   0.00000   0.00504   0.00000   0.00540   0.02693   0.00000   0.00455   0.00000   0.00464   0.01178   1.70208   2.06144   2.54547   5.56600  18.98545  18.31012   0.00000  
116  0.2656   1623.933745  x:  0.00904   0.00000   0.00000   0.00000   0.00000   0.00912   0.00000   0.00000   0.01380   0.00903   0.00457   0.00000   0.00000   0.00000   0.00000   0.02182   0.01408   0.00000   0.00414   0.02254   0.02417   0.02320   0.00000   0.04674   0.02354   0.00661   0.01137   0.02235   0.01637   0.00975   0.04615   0.00000   0.01744   0.00485   0.00000   0.00000   0.06060   0.01621   0.02514   0.02402   0.01513   0.00544   0.01929   0.00000   0.00504   0.00000   0.00540   0.02692   0.00000   0.00455   0.00000   0.00464   0.01178   1.70208   2.06143   2.54549   5.56613  19.01128  18.33594   0.00000  
117  0.0149   1623.933745  x:  0.00904   0.00000   0.00000   0.00000   0.00000   0.00912   0.00000   0.00000   0.01380   0.00903   0.00457   0.00000   0.00000   0.00000   0.00000   0.02182   0.01408   0.00000   0.00414   0.02254   0.02417   0.02320   0.00000   0.04674   0.02354   0.00661   0.01137   0.02235   0.01637   0.00975   0.04615   0.00000   0.01744   0.00485   0.00000   0.00000   0.06060   0.01621   0.02514   0.02402   0.01513   0.00544   0.01929   0.00000   0.00504   0.00000   0.00540   0.02692   0.00000   0.00455   0.00000   0.00464   0.01178   1.70208   2.06143   2.54549   5.56613  19.00966  18.33433   0.00000  
118  0.4393   1623.933745  x:  0.00904   0.00000   0.00000   0.00000   0.00000   0.00912   0.00000   0.00000   0.01380   0.00903   0.00457   0.00000   0.00000   0.00000   0.00000   0.02182   0.01408   0.00000   0.00414   0.02254   0.02417   0.02320   0.00000   0.04674   0.02354   0.00661   0.01137   0.02235   0.01637   0.00975   0.04615   0.00000   0.01744   0.00485   0.00000   0.00000   0.06060   0.01621   0.02514   0.02402   0.01513   0.00544   0.01929   0.00000   0.00504   0.00000   0.00540   0.02692   0.00000   0.00455   0.00000   0.00464   0.01178   1.70208   2.06143   2.54549   5.56613  19.00966  18.33433   0.00000  
119  0.0319   1623.933745  x:  0.00904   0.00000   0.00000   0.00000   0.00000   0.00912   0.00000   0.00000   0.01380   0.00903   0.00457   0.00000   0.00000   0.00000   0.00000   0.02182   0.01408   0.00000   0.00414   0.02254   0.02417   0.02320   0.00000   0.04674   0.02354   0.00661   0.01137   0.02235   0.01637   0.00975   0.04615   0.00000   0.01744   0.00485   0.00000   0.00000   0.06060   0.01621   0.02514   0.02402   0.01513   0.00544   0.01929   0.00000   0.00504   0.00000   0.00540   0.02692   0.00000   0.00455   0.00000   0.00464   0.01178   1.70208   2.06143   2.54549   5.56613  19.00966  18.33433   0.00000  
120  0.0723   1623.933745  x:  0.00904   0.00000   0.00000   0.00000   0.00000   0.00912   0.00000   0.00000   0.01380   0.00903   0.00457   0.00000   0.00000   0.00000   0.00000   0.02182   0.01408   0.00000   0.00414   0.02254   0.02417   0.02320   0.00000   0.04674   0.02354   0.00661   0.01137   0.02235   0.01637   0.00975   0.04615   0.00000   0.01744   0.00485   0.00000   0.00000   0.06060   0.01621   0.02514   0.02402   0.01513   0.00544   0.01929   0.00000   0.00504   0.00000   0.00540   0.02692   0.00000   0.00455   0.00000   0.00464   0.01178   1.70208   2.06143   2.54549   5.56613  19.00967  18.33433   0.00000  
121  0.3971   1623.933745  x:  0.00904   0.00000   0.00000   0.00000   0.00000   0.00912   0.00000   0.00000   0.01380   0.00903   0.00457   0.00000   0.00000   0.00000   0.00000   0.02182   0.01408   0.00000   0.00414   0.02254   0.02417   0.02320   0.00000   0.04674   0.02354   0.00661   0.01137   0.02235   0.01637   0.00975   0.04615   0.00000   0.01744   0.00485   0.00000   0.00000   0.06060   0.01621   0.02514   0.02402   0.01513   0.00544   0.01929   0.00000   0.00504   0.00000   0.00540   0.02692   0.00000   0.00455   0.00000   0.00464   0.01178   1.70208   2.06143   2.54549   5.56613  19.00967  18.33433   0.00000  
122  0.0490   1623.933745  x:  0.00904   0.00000   0.00000   0.00000   0.00000   0.00912   0.00000   0.00000   0.01380   0.00903   0.00457   0.00000   0.00000   0.00000   0.00000   0.02182   0.01408   0.00000   0.00414   0.02254   0.02417   0.02320   0.00000   0.04674   0.02354   0.00661   0.01137   0.02235   0.01637   0.00975   0.04615   0.00000   0.01744   0.00485   0.00000   0.00000   0.06060   0.01621   0.02514   0.02402   0.01513   0.00544   0.01929   0.00000   0.00504   0.00000   0.00540   0.02692   0.00000   0.00455   0.00000   0.00464   0.01178   1.70208   2.06143   2.54549   5.56613  19.00967  18.33433   0.00000  
check convergence!
