Supplemental results for CODEML (seqf: /home/leticiamagpali/phd/evol_models/codeml/big_dataset/cml_align/CNTNAP2_codon_aligned.phy  treef: /home/leticiamagpali/phd/evol_models/codeml/big_dataset/cml_trees/gene_trees/H3_gene_trees/CNTNAP2_tree_H3.tre)

I	J	ij	2Ns_IJ	pMut_IJ	pSub_IJ	2Ns_JI	pMut_JI	pSub_JI

TTC	TTT	CT	0.54304	0.07207	0.09340	-0.54304	0.12404	0.09340	0.09340	0.09340
TTA	TTT	AT	2.01712	0.00319	0.00741	-2.01712	0.02394	0.00741	0.00371	0.00371
TTA	TTC	AC	1.47408	0.00848	0.01622	-1.47408	0.03704	0.01622	0.00811	0.00811
TTG	TTT	GT	1.27435	0.00493	0.00871	-1.27435	0.01761	0.00871	0.00436	0.00436
TTG	TTC	GC	0.73131	0.01311	0.01849	-0.73131	0.02725	0.01849	0.00924	0.00924
TTG	TTA	GA	-0.74277	0.06413	0.04323	0.74277	0.03051	0.04323	0.04323	0.04323
TCT	TTT	CT	1.16952	0.03852	0.06533	-1.16952	0.12404	0.06533	0.03267	0.03267
TCC	TTC	CT	1.28016	0.05335	0.09458	-1.28016	0.19190	0.09458	0.04729	0.04729
TCC	TCT	CT	0.65368	0.05335	0.07267	-0.65368	0.10256	0.07267	0.07267	0.07267
TCA	TTA	CT	0.33030	0.03068	0.03603	-0.33030	0.04269	0.03603	0.01801	0.01801
TCA	TCT	AT	1.17791	0.00610	0.01037	-1.17791	0.01980	0.01037	0.01037	0.01037
TCA	TCC	AC	0.52423	0.01623	0.02086	-0.52423	0.02742	0.02086	0.02086	0.02086
TCG	TTG	CT	1.02048	0.02379	0.03796	-1.02048	0.06601	0.03796	0.01898	0.01898
TCG	TCT	GT	1.12532	0.00473	0.00788	-1.12532	0.01456	0.00788	0.00788	0.00788
TCG	TCC	GC	0.47164	0.01259	0.01579	-0.47164	0.02017	0.01579	0.01579	0.01579
TCG	TCA	GA	-0.05259	0.06154	0.05994	0.05259	0.05839	0.05994	0.05994	0.05994
TAT	TTT	AT	1.25010	0.00686	0.01202	-1.25010	0.02394	0.01202	0.00601	0.00601
TAT	TCT	AC	0.08058	0.01826	0.01901	-0.08058	0.01980	0.01901	0.00950	0.00950
TAC	TTC	AT	0.79964	0.01665	0.02418	-0.79964	0.03704	0.02418	0.01209	0.01209
TAC	TCC	AC	-0.48052	0.04433	0.03453	0.48052	0.02742	0.03453	0.01726	0.01726
TAC	TAT	CT	0.09258	0.08380	0.08773	-0.09258	0.09192	0.08773	0.08773	0.08773
TGT	TTT	GT	1.45379	0.00412	0.00781	-1.45379	0.01761	0.00781	0.00390	0.00390
TGT	TCT	GC	0.28427	0.01096	0.01259	-0.28427	0.01456	0.01259	0.00630	0.00630
TGT	TAT	GA	0.20369	0.05359	0.05924	-0.20369	0.06570	0.05924	0.02962	0.02962
TGC	TTC	GT	0.99758	0.01005	0.01588	-0.99758	0.02725	0.01588	0.00794	0.00794
TGC	TCC	GC	-0.28258	0.02676	0.02316	0.28258	0.02017	0.02316	0.01158	0.01158
TGC	TAC	GA	0.19794	0.13084	0.14422	-0.19794	0.15948	0.14422	0.07211	0.07211
TGC	TGT	CT	0.08684	0.05058	0.05281	-0.08684	0.05517	0.05281	0.05281	0.05281
TGG	TTG	GT	0.04627	0.00895	0.00916	-0.04627	0.00937	0.00916	0.00458	0.00458
TGG	TCG	GC	-0.97421	0.02383	0.01408	0.97421	0.00900	0.01408	0.00704	0.00704
TGG	TGT	GT	-0.13316	0.00895	0.00837	0.13316	0.00783	0.00837	0.00418	0.00418
TGG	TGC	GC	-0.22000	0.02383	0.02131	0.22000	0.01913	0.02131	0.01065	0.01065
CTT	TTT	CT	1.80832	0.02033	0.04398	-1.80832	0.12404	0.04398	0.02199	0.02199
CTC	TTC	CT	1.35490	0.04950	0.09039	-1.35490	0.19190	0.09039	0.04520	0.04520
CTC	CTT	CT	0.08962	0.04950	0.05176	-0.08962	0.05415	0.05176	0.05176	0.05176
CTA	TTA	CT	1.42725	0.01024	0.01924	-1.42725	0.04269	0.01924	0.01924	0.01924
CTA	CTT	AT	1.63605	0.00204	0.00414	-1.63605	0.01045	0.00414	0.00414	0.00414
CTA	CTC	AC	1.54643	0.00542	0.01065	-1.54643	0.02544	0.01065	0.01065	0.01065
CTG	TTG	CT	-0.15211	0.07686	0.07116	0.15211	0.06601	0.07116	0.07116	0.07116
CTG	CTT	GT	-0.68607	0.01527	0.01063	0.68607	0.00769	0.01063	0.01063	0.01063
CTG	CTC	GC	-0.77569	0.04066	0.02691	0.77569	0.01872	0.02691	0.02691	0.02691
CTG	CTA	GA	-2.32212	0.19881	0.05020	2.32212	0.01950	0.05020	0.05020	0.05020
CCT	TCT	CT	1.14690	0.03258	0.05475	-1.14690	0.10256	0.05475	0.02738	0.02738
CCT	CTT	CT	0.50810	0.03258	0.04155	-0.50810	0.05415	0.04155	0.02077	0.02077
CCC	TCC	CT	1.19616	0.04295	0.07364	-1.19616	0.14205	0.07364	0.03682	0.03682
CCC	CTC	CT	1.12143	0.04295	0.07144	-1.12143	0.13182	0.07144	0.03572	0.03572
CCC	CCT	CT	0.70295	0.04295	0.05980	-0.70295	0.08674	0.05980	0.05980	0.05980
CCA	TCA	CT	0.97354	0.03086	0.04828	-0.97354	0.08170	0.04828	0.02414	0.02414
CCA	CTA	CT	-0.12341	0.03086	0.02899	0.12341	0.02728	0.02899	0.01450	0.01450
CCA	CCT	AT	1.00454	0.00613	0.00972	-1.00454	0.01674	0.00972	0.00972	0.00972
CCA	CCC	AC	0.30160	0.01633	0.01891	-0.30160	0.02207	0.01891	0.01891	0.01891
CCG	TCG	CT	1.68879	0.01170	0.02424	-1.68879	0.06335	0.02424	0.01212	0.01212
CCG	CTG	CT	2.86138	0.01170	0.03552	-2.86138	0.20465	0.03552	0.01776	0.01776
CCG	CCT	GT	1.66721	0.00233	0.00478	-1.66721	0.01232	0.00478	0.00478	0.00478
CCG	CCC	GC	0.96426	0.00619	0.00965	-0.96426	0.01624	0.00965	0.00965	0.00965
CCG	CCA	GA	0.66266	0.03028	0.04141	-0.66266	0.05873	0.04141	0.04141	0.04141
CAT	TAT	CT	1.21407	0.02730	0.04715	-1.21407	0.09192	0.04715	0.02357	0.02357
CAT	CTT	AT	0.65585	0.00542	0.00740	-0.65585	0.01045	0.00740	0.00370	0.00370
CAT	CCT	AC	0.14775	0.01444	0.01554	-0.14775	0.01674	0.01554	0.00777	0.00777
CAC	TAC	CT	1.39004	0.05557	0.10287	-1.39004	0.22313	0.10287	0.05144	0.05144
CAC	CTC	AT	0.83478	0.01104	0.01628	-0.83478	0.02544	0.01628	0.00814	0.00814
CAC	CCC	AC	-0.28665	0.02940	0.02539	0.28665	0.02207	0.02539	0.01269	0.01269
CAC	CAT	CT	0.26855	0.05557	0.06337	-0.26855	0.07269	0.06337	0.06337	0.06337
CAA	CTA	AT	-0.38523	0.00774	0.00634	0.38523	0.00526	0.00634	0.00317	0.00317
CAA	CCA	AC	-0.26182	0.02061	0.01803	0.26182	0.01586	0.01803	0.00901	0.00901
CAA	CAT	AT	0.59498	0.00774	0.01027	-0.59498	0.01403	0.01027	0.00513	0.00513
CAA	CAC	AC	0.32643	0.02061	0.02415	-0.32643	0.02856	0.02415	0.01208	0.01208
CAG	CTG	AT	0.93884	0.01545	0.02382	-0.93884	0.03950	0.02382	0.01191	0.01191
CAG	CCG	AC	-1.92254	0.04113	0.01355	1.92254	0.00602	0.01355	0.00677	0.00677
CAG	CAT	GT	-0.40308	0.01545	0.01254	0.40308	0.01032	0.01254	0.00627	0.00627
CAG	CAC	GC	-0.67163	0.04113	0.02885	0.67163	0.02101	0.02885	0.01443	0.01443
CAG	CAA	GA	-0.99806	0.20113	0.11719	0.99806	0.07414	0.11719	0.11719	0.11719
CGT	TGT	CT	2.14971	0.00643	0.01564	-2.14971	0.05517	0.01564	0.00782	0.00782
CGT	CTT	GT	1.79517	0.00128	0.00275	-1.79517	0.00769	0.00275	0.00137	0.00137
CGT	CCT	GC	1.28707	0.00340	0.00605	-1.28707	0.01232	0.00605	0.00302	0.00302
CGT	CAT	GA	1.13933	0.01663	0.02786	-1.13933	0.05196	0.02786	0.01393	0.01393
CGC	TGC	CT	1.59602	0.02730	0.05465	-1.59602	0.13468	0.05465	0.02732	0.02732
CGC	CTC	GT	1.23870	0.00542	0.00946	-1.23870	0.01872	0.00946	0.00473	0.00473
CGC	CCC	GC	0.11727	0.01444	0.01531	-0.11727	0.01624	0.01531	0.00765	0.00765
CGC	CAC	GA	0.40393	0.07062	0.08584	-0.40393	0.10577	0.08584	0.04292	0.04292
CGC	CGT	CT	-0.46685	0.02730	0.02142	0.46685	0.01712	0.02142	0.02142	0.02142
CGA	CTA	GT	1.12562	0.00126	0.00209	-1.12562	0.00387	0.00209	0.00105	0.00105
CGA	CCA	GC	1.24903	0.00335	0.00586	-1.24903	0.01167	0.00586	0.00293	0.00293
CGA	CAA	GA	1.51085	0.01636	0.03172	-1.51085	0.07414	0.03172	0.01586	0.01586
CGA	CGT	AT	0.96650	0.00126	0.00196	-0.96650	0.00330	0.00196	0.00196	0.00196
CGA	CGC	AC	1.43335	0.00335	0.00630	-1.43335	0.01403	0.00630	0.00630	0.00630
CGG	TGG	CT	1.84117	0.01903	0.04164	-1.84117	0.11995	0.04164	0.02082	0.02082
CGG	CTG	GT	2.03955	0.00378	0.00886	-2.03955	0.02906	0.00886	0.00443	0.00443
CGG	CCG	GC	-0.82183	0.01007	0.00649	0.82183	0.00443	0.00649	0.00325	0.00325
CGG	CAG	GA	1.10071	0.04922	0.08118	-1.10071	0.14798	0.08118	0.04059	0.04059
CGG	CGT	GT	-0.44170	0.00378	0.00301	0.44170	0.00243	0.00301	0.00301	0.00301
CGG	CGC	GC	0.02515	0.01007	0.01019	-0.02515	0.01032	0.01019	0.01019	0.01019
CGG	CGA	GA	-1.40820	0.04922	0.02244	1.40820	0.01204	0.02244	0.02244	0.02244
ATT	TTT	AT	1.07622	0.00816	0.01333	-1.07622	0.02394	0.01333	0.00666	0.00666
ATT	CTT	AC	-0.73210	0.02173	0.01474	0.73210	0.01045	0.01474	0.00737	0.00737
ATC	TTC	AT	1.04855	0.01298	0.02095	-1.04855	0.03704	0.02095	0.01048	0.01048
ATC	CTC	AC	-0.30634	0.03456	0.02954	0.30634	0.02544	0.02954	0.01477	0.01477
ATC	ATT	CT	0.51538	0.06533	0.08361	-0.51538	0.10938	0.08361	0.08361	0.08361
ATA	TTA	AT	0.46026	0.00520	0.00649	-0.46026	0.00824	0.00649	0.00324	0.00324
ATA	CTA	AC	-0.96698	0.01385	0.00821	0.96698	0.00526	0.00821	0.00411	0.00411
ATA	ATT	AT	1.40117	0.00520	0.00967	-1.40117	0.02111	0.00967	0.00967	0.00967
ATA	ATC	AC	0.88579	0.01385	0.02087	-0.88579	0.03358	0.02087	0.02087	0.02087
ATG	TTG	AT	0.54016	0.00742	0.00961	-0.54016	0.01274	0.00961	0.00480	0.00480
ATG	CTG	AC	0.69226	0.01977	0.02739	-0.69226	0.03950	0.02739	0.01370	0.01370
ATG	ATT	GT	0.73829	0.00742	0.01050	-0.73829	0.01553	0.01050	0.00525	0.00525
ATG	ATC	GC	0.22292	0.01977	0.02205	-0.22292	0.02470	0.02205	0.01103	0.01103
ATG	ATA	GA	-0.66288	0.09666	0.06813	0.66288	0.04981	0.06813	0.03407	0.03407
ACT	TCT	AT	1.35258	0.00512	0.00934	-1.35258	0.01980	0.00934	0.00467	0.00467
ACT	CCT	AC	0.20568	0.01363	0.01508	-0.20568	0.01674	0.01508	0.00754	0.00754
ACT	ATT	CT	1.44588	0.02576	0.04873	-1.44588	0.10938	0.04873	0.02436	0.02436
ACC	TCC	AT	0.68582	0.01381	0.01908	-0.68582	0.02742	0.01908	0.00954	0.00954
ACC	CCC	AC	-0.51035	0.03677	0.02818	0.51035	0.02207	0.02818	0.01409	0.01409
ACC	ATC	CT	0.91742	0.06951	0.10620	-0.91742	0.17396	0.10620	0.05310	0.05310
ACC	ACT	CT	-0.01308	0.06951	0.06905	0.01308	0.06860	0.06905	0.06905	0.06905
ACA	TCA	AT	0.89997	0.00641	0.00972	-0.89997	0.01577	0.00972	0.00486	0.00486
ACA	CCA	AC	-0.07356	0.01707	0.01645	0.07356	0.01586	0.01645	0.00823	0.00823
ACA	ATA	CT	0.77001	0.03227	0.04627	-0.77001	0.06969	0.04627	0.02314	0.02314
ACA	ACT	AT	0.72530	0.00641	0.00901	-0.72530	0.01324	0.00901	0.00901	0.00901
ACA	ACC	AC	0.73838	0.01707	0.02414	-0.73838	0.03572	0.02414	0.02414	0.02414
ACG	TCG	AT	0.94613	0.00475	0.00734	-0.94613	0.01223	0.00734	0.00367	0.00367
ACG	CCG	AC	-0.74265	0.01264	0.00852	0.74265	0.00602	0.00852	0.00426	0.00426
ACG	ATG	CT	1.42646	0.02389	0.04486	-1.42646	0.09949	0.04486	0.02243	0.02243
ACG	ACT	GT	0.71887	0.00475	0.00666	-0.71887	0.00974	0.00666	0.00666	0.00666
ACG	ACC	GC	0.73196	0.01264	0.01783	-0.73196	0.02628	0.01783	0.01783	0.01783
ACG	ACA	GA	-0.00643	0.06181	0.06161	0.00643	0.06141	0.06161	0.06161	0.06161
AAT	TAT	AT	0.45833	0.01122	0.01399	-0.45833	0.01774	0.01399	0.00699	0.00699
AAT	CAT	AC	-0.75574	0.02987	0.01999	0.75574	0.01403	0.01999	0.01000	0.01000
AAT	ATT	AT	0.63220	0.01122	0.01514	-0.63220	0.02111	0.01514	0.00757	0.00757
AAT	ACT	AC	-0.81368	0.02987	0.01935	0.81368	0.01324	0.01935	0.00968	0.00968
AAC	TAC	AT	0.83075	0.01877	0.02763	-0.83075	0.04307	0.02763	0.01381	0.01381
AAC	CAC	AC	-0.55929	0.04997	0.03729	0.55929	0.02856	0.03729	0.01864	0.01864
AAC	ATC	AT	0.58183	0.01877	0.02475	-0.58183	0.03358	0.02475	0.01238	0.01238
AAC	ACC	AC	-0.33559	0.04997	0.04205	0.33559	0.03572	0.04205	0.02103	0.02103
AAC	AAT	CT	0.46500	0.09445	0.11810	-0.46500	0.15037	0.11810	0.11810	0.11810
AAA	CAA	AC	-0.48628	0.03256	0.02528	0.48628	0.02002	0.02528	0.01264	0.01264
AAA	ATA	AT	0.09547	0.01223	0.01282	-0.09547	0.01345	0.01282	0.00641	0.00641
AAA	ACA	AC	-0.67454	0.03256	0.02280	0.67454	0.01658	0.02280	0.01140	0.01140
AAA	AAT	AT	0.86444	0.01223	0.01826	-0.86444	0.02902	0.01826	0.00913	0.00913
AAA	AAC	AC	0.39944	0.03256	0.03949	-0.39944	0.04854	0.03949	0.01975	0.01975
AAG	CAG	AC	0.22126	0.03203	0.03570	-0.22126	0.03996	0.03570	0.01785	0.01785
AAG	ATG	AT	0.46783	0.01203	0.01506	-0.46783	0.01920	0.01506	0.00753	0.00753
AAG	ACG	AC	-0.95864	0.03203	0.01909	0.95864	0.01228	0.01909	0.00955	0.00955
AAG	AAT	GT	0.57392	0.01203	0.01581	-0.57392	0.02135	0.01581	0.00790	0.00790
AAG	AAC	GC	0.10891	0.03203	0.03380	-0.10891	0.03571	0.03380	0.01690	0.01690
AAG	AAA	GA	-0.29053	0.15661	0.13496	0.29053	0.11712	0.13496	0.13496	0.13496
AGT	TGT	AT	0.16693	0.00901	0.00978	-0.16693	0.01065	0.00978	0.00489	0.00489
AGT	CGT	AC	-1.98278	0.02399	0.00760	1.98278	0.00330	0.00760	0.00380	0.00380
AGT	ATT	GT	0.54450	0.00901	0.01169	-0.54450	0.01553	0.01169	0.00584	0.00584
AGT	ACT	GC	-0.90138	0.02399	0.01478	0.90138	0.00974	0.01478	0.00739	0.00739
AGT	AAT	GA	-0.08771	0.11733	0.11226	0.08771	0.10747	0.11226	0.05613	0.05613
AGC	TGC	AT	0.66630	0.01335	0.01829	-0.66630	0.02600	0.01829	0.00914	0.00914
AGC	CGC	AC	-0.92972	0.03555	0.02155	0.92972	0.01403	0.02155	0.01077	0.01077
AGC	ATC	GT	0.61533	0.01335	0.01788	-0.61533	0.02470	0.01788	0.00894	0.00894
AGC	ACC	GC	-0.30209	0.03555	0.03045	0.30209	0.02628	0.03045	0.01523	0.01523
AGC	AAC	GA	0.03350	0.17384	0.17676	-0.03350	0.17976	0.17676	0.08838	0.08838
AGC	AGT	CT	0.58621	0.06720	0.08881	-0.58621	0.12077	0.08881	0.08881	0.08881
AGA	CGA	AC	-1.52079	0.01488	0.00633	1.52079	0.00325	0.00633	0.00633	0.00633
AGA	ATA	GT	0.57181	0.00559	0.00734	-0.57181	0.00990	0.00734	0.00367	0.00367
AGA	ACA	GC	-0.19820	0.01488	0.01345	0.19820	0.01220	0.01345	0.00673	0.00673
AGA	AAA	GA	0.47634	0.07274	0.09144	-0.47634	0.11712	0.09144	0.04572	0.04572
AGA	AGT	AT	1.42849	0.00559	0.01050	-1.42849	0.02331	0.01050	0.00525	0.00525
AGA	AGC	AC	0.84228	0.01488	0.02201	-0.84228	0.03454	0.02201	0.01101	0.01101
AGG	TGG	AT	1.28248	0.00642	0.01140	-1.28248	0.02315	0.01140	0.00570	0.00570
AGG	CGG	AC	-0.55869	0.01710	0.01276	0.55869	0.00978	0.01276	0.01276	0.01276
AGG	ATG	GT	0.78860	0.00642	0.00928	-0.78860	0.01413	0.00928	0.00464	0.00464
AGG	ACG	GC	-0.63787	0.01710	0.01222	0.63787	0.00904	0.01222	0.00611	0.00611
AGG	AAG	GA	0.32077	0.08361	0.09773	-0.32077	0.11522	0.09773	0.04887	0.04887
AGG	AGT	GT	0.98239	0.00642	0.01008	-0.98239	0.01715	0.01008	0.00504	0.00504
AGG	AGC	GC	0.39618	0.01710	0.02071	-0.39618	0.02541	0.02071	0.01035	0.01035
AGG	AGA	GA	-0.44610	0.08361	0.06634	0.44610	0.05352	0.06634	0.06634	0.06634
GTT	TTT	GT	1.17137	0.00546	0.00927	-1.17137	0.01761	0.00927	0.00463	0.00463
GTT	CTT	GC	-0.63695	0.01454	0.01040	0.63695	0.00769	0.01040	0.00520	0.00520
GTT	ATT	GA	0.09515	0.07108	0.07452	-0.09515	0.07818	0.07452	0.03726	0.03726
GTC	TTC	GT	1.06893	0.00936	0.01523	-1.06893	0.02725	0.01523	0.00762	0.00762
GTC	CTC	GC	-0.28597	0.02492	0.02152	0.28597	0.01872	0.02152	0.01076	0.01076
GTC	ATC	GA	0.02038	0.12183	0.12308	-0.02038	0.12434	0.12308	0.06154	0.06154
GTC	GTT	CT	0.44060	0.04710	0.05823	-0.44060	0.07317	0.05823	0.05823	0.05823
GTA	TTA	GT	0.72852	0.00293	0.00412	-0.72852	0.00606	0.00412	0.00206	0.00206
GTA	CTA	GC	-0.69872	0.00779	0.00538	0.69872	0.00387	0.00538	0.00269	0.00269
GTA	ATA	GA	0.26826	0.03809	0.04343	-0.26826	0.04981	0.04343	0.02172	0.02172
GTA	GTT	AT	1.57428	0.00293	0.00581	-1.57428	0.01412	0.00581	0.00581	0.00581
GTA	GTC	AC	1.13368	0.00779	0.01302	-1.13368	0.02421	0.01302	0.01302	0.01302
GTG	TTG	GT	-0.45438	0.01477	0.01166	0.45438	0.00937	0.01166	0.00583	0.00583
GTG	CTG	GC	-0.30227	0.03932	0.03367	0.30227	0.02906	0.03367	0.01684	0.01684
GTG	ATG	GA	-0.99454	0.19225	0.11224	0.99454	0.07111	0.11224	0.05612	0.05612
GTG	GTT	GT	-0.35140	0.01477	0.01232	0.35140	0.01039	0.01232	0.01232	0.01232
GTG	GTC	GC	-0.79200	0.03932	0.02578	0.79200	0.01781	0.02578	0.02578	0.02578
GTG	GTA	GA	-1.92567	0.19225	0.06318	1.92567	0.02803	0.06318	0.06318	0.06318
GCT	TCT	GT	1.08730	0.00491	0.00805	-1.08730	0.01456	0.00805	0.00403	0.00403
GCT	CCT	GC	-0.05960	0.01307	0.01269	0.05960	0.01232	0.01269	0.00634	0.00634
GCT	ACT	GA	-0.26528	0.06393	0.05582	0.26528	0.04903	0.05582	0.02791	0.02791
GCT	GTT	CT	1.08545	0.02471	0.04051	-1.08545	0.07317	0.04051	0.02025	0.02025
GCC	TCC	GT	0.37342	0.01389	0.01664	-0.37342	0.02017	0.01664	0.00832	0.00832
GCC	CCC	GC	-0.82275	0.03697	0.02383	0.82275	0.01624	0.02383	0.01191	0.01191
GCC	ACC	GA	-0.31240	0.18079	0.15402	0.31240	0.13228	0.15402	0.07701	0.07701
GCC	GTC	CT	0.58465	0.06989	0.09230	-0.58465	0.12541	0.09230	0.04615	0.04615
GCC	GCT	CT	-0.06020	0.06989	0.06781	0.06020	0.06581	0.06781	0.06781	0.06781
GCA	TCA	GT	0.66038	0.00599	0.00819	-0.66038	0.01160	0.00819	0.00409	0.00409
GCA	CCA	GC	-0.31316	0.01596	0.01359	0.31316	0.01167	0.01359	0.00680	0.00680
GCA	ACA	GA	-0.23959	0.07804	0.06906	0.23959	0.06141	0.06906	0.03453	0.03453
GCA	GTA	CT	0.26216	0.03017	0.03430	-0.26216	0.03921	0.03430	0.01715	0.01715
GCA	GCT	AT	0.75099	0.00599	0.00852	-0.75099	0.01270	0.00852	0.00852	0.00852
GCA	GCC	AC	0.81119	0.01596	0.02330	-0.81119	0.03592	0.02330	0.02330	0.02330
GCG	TCG	GT	1.11981	0.00294	0.00488	-1.11981	0.00900	0.00488	0.00244	0.00244
GCG	CCG	GC	-0.56898	0.00782	0.00580	0.56898	0.00443	0.00580	0.00290	0.00290
GCG	ACG	GA	0.17367	0.03823	0.04164	-0.17367	0.04548	0.04164	0.02082	0.02082
GCG	GTG	CT	2.59467	0.01478	0.04144	-2.59467	0.19790	0.04144	0.02072	0.02072
GCG	GCT	GT	1.15783	0.00294	0.00496	-1.15783	0.00934	0.00496	0.00496	0.00496
GCG	GCC	GC	1.21803	0.00782	0.01352	-1.21803	0.02643	0.01352	0.01352	0.01352
GCG	GCA	GA	0.40684	0.03823	0.04653	-0.40684	0.05742	0.04653	0.04653	0.04653
GAT	TAT	GT	-0.10093	0.01444	0.01372	0.10093	0.01305	0.01372	0.00686	0.00686
GAT	CAT	GC	-1.31500	0.03845	0.01856	1.31500	0.01032	0.01856	0.00928	0.00928
GAT	AAT	GA	-0.55926	0.18801	0.14031	0.55926	0.10747	0.14031	0.07016	0.07016
GAT	GTT	AT	-0.02221	0.01444	0.01428	0.02221	0.01412	0.01428	0.00714	0.00714
GAT	GCT	AC	-1.10766	0.03845	0.02101	1.10766	0.01270	0.02101	0.01050	0.01050
GAC	TAC	GT	0.71512	0.01550	0.02170	-0.71512	0.03169	0.02170	0.01085	0.01085
GAC	CAC	GC	-0.67492	0.04127	0.02890	0.67492	0.02101	0.02890	0.01445	0.01445
GAC	AAC	GA	-0.11563	0.20179	0.19035	0.11563	0.17976	0.19035	0.09518	0.09518
GAC	GTC	AT	0.44582	0.01550	0.01921	-0.44582	0.02421	0.01921	0.00960	0.00960
GAC	GCC	AC	-0.13882	0.04127	0.03847	0.13882	0.03592	0.03847	0.01924	0.01924
GAC	GAT	CT	0.90863	0.07801	0.11874	-0.90863	0.19353	0.11874	0.11874	0.11874
GAA	CAA	GC	-0.60358	0.02693	0.01962	0.60358	0.01473	0.01962	0.00981	0.00981
GAA	AAA	GA	-0.11730	0.13170	0.12413	0.11730	0.11712	0.12413	0.06206	0.06206
GAA	GTA	AT	-0.29008	0.01012	0.00872	0.29008	0.00757	0.00872	0.00436	0.00436
GAA	GCA	AC	-0.55224	0.02693	0.02018	0.55224	0.01551	0.02018	0.01009	0.01009
GAA	GAT	AT	1.30640	0.01012	0.01812	-1.30640	0.03735	0.01812	0.00906	0.00906
GAA	GAC	AC	0.39777	0.02693	0.03265	-0.39777	0.04009	0.03265	0.01632	0.01632
GAG	CAG	GC	-0.28168	0.03897	0.03373	0.28168	0.02940	0.03373	0.01687	0.01687
GAG	AAG	GA	-0.50293	0.19053	0.14662	0.50293	0.11522	0.14662	0.07331	0.07331
GAG	GTG	AT	0.95943	0.01463	0.02276	-0.95943	0.03820	0.02276	0.01138	0.01138
GAG	GCG	AC	-1.63524	0.03897	0.01543	1.63524	0.00759	0.01543	0.00771	0.00771
GAG	GAT	GT	0.63024	0.01463	0.01973	-0.63024	0.02748	0.01973	0.00986	0.00986
GAG	GAC	GC	-0.27839	0.03897	0.03379	0.27839	0.02950	0.03379	0.01690	0.01690
GAG	GAA	GA	-0.67616	0.19053	0.13332	0.67616	0.09690	0.13332	0.13332	0.13332
GGT	TGT	GT	0.45179	0.00499	0.00620	-0.45179	0.00783	0.00620	0.00310	0.00310
GGT	CGT	GC	-1.69792	0.01328	0.00505	1.69792	0.00243	0.00505	0.00253	0.00253
GGT	AGT	GA	0.28486	0.06492	0.07461	-0.28486	0.08632	0.07461	0.03730	0.03730
GGT	GTT	GT	0.73420	0.00499	0.00704	-0.73420	0.01039	0.00704	0.00352	0.00352
GGT	GCT	GC	-0.35124	0.01328	0.01108	0.35124	0.00934	0.01108	0.00554	0.00554
GGT	GAT	GA	0.75641	0.06492	0.09254	-0.75641	0.13833	0.09254	0.04627	0.04627
GGC	TGC	GT	0.33086	0.01374	0.01614	-0.33086	0.01913	0.01614	0.00807	0.00807
GGC	CGC	GC	-1.26516	0.03658	0.01819	1.26516	0.01032	0.01819	0.00910	0.00910
GGC	AGC	GA	-0.33544	0.17887	0.15054	0.33544	0.12790	0.15054	0.07527	0.07527
GGC	GTC	GT	0.25951	0.01374	0.01560	-0.25951	0.01781	0.01560	0.00780	0.00780
GGC	GCC	GC	-0.32514	0.03658	0.03096	0.32514	0.02643	0.03096	0.01548	0.01548
GGC	GAC	GA	-0.18631	0.17887	0.16273	0.18631	0.14847	0.16273	0.08136	0.08136
GGC	GGT	CT	-0.03409	0.06915	0.06797	0.03409	0.06683	0.06797	0.06797	0.06797
GGA	CGA	GC	-2.64566	0.03371	0.00681	2.64566	0.00239	0.00681	0.00341	0.00341
GGA	AGA	GA	-1.12488	0.16483	0.08915	1.12488	0.05352	0.08915	0.04457	0.04457
GGA	GTA	GT	-0.82132	0.01266	0.00816	0.82132	0.00557	0.00816	0.00408	0.00408
GGA	GCA	GC	-1.08348	0.03371	0.01868	1.08348	0.01141	0.01868	0.00934	0.00934
GGA	GAA	GA	-0.53124	0.16483	0.12490	0.53124	0.09690	0.12490	0.06245	0.06245
GGA	GGT	AT	0.01875	0.01266	0.01278	-0.01875	0.01290	0.01278	0.01278	0.01278
GGA	GGC	AC	0.05284	0.03371	0.03461	-0.05284	0.03554	0.03461	0.03461	0.03461
GGG	TGG	GT	0.25124	0.01325	0.01498	-0.25124	0.01703	0.01498	0.00749	0.00749
GGG	CGG	GC	-1.58993	0.03528	0.01437	1.58993	0.00720	0.01437	0.00719	0.00719
GGG	AGG	GA	-1.03124	0.17251	0.09858	1.03124	0.06151	0.09858	0.04929	0.04929
GGG	GTG	GT	0.75189	0.01325	0.01885	-0.75189	0.02810	0.01885	0.00942	0.00942
GGG	GCG	GC	-1.84278	0.03528	0.01223	1.84278	0.00559	0.01223	0.00612	0.00612
GGG	GAG	GA	-0.20754	0.17251	0.15523	0.20754	0.14018	0.15523	0.07761	0.07761
GGG	GGT	GT	-0.33371	0.01325	0.01116	0.33371	0.00949	0.01116	0.01116	0.01116
GGG	GGC	GC	-0.29962	0.03528	0.03026	0.29962	0.02615	0.03026	0.03026	0.03026
GGG	GGA	GA	-0.35246	0.17251	0.14389	0.35246	0.12127	0.14389	0.14389	0.14389


Histograms
2Ns	FMut	FSub(CodonUsage)	FSubw(after w)

-2.72512	0.02011	0.00433	0.00338
-2.45261	0.00916	0.00259	0.00405
-2.18010	0.00254	0.00081	0.00063
-1.90759	0.02753	0.01040	0.01066
-1.63507	0.02014	0.00916	0.00842
-1.36256	0.05809	0.03056	0.02617
-1.09005	0.10288	0.06409	0.05760
-0.81754	0.07589	0.05525	0.05905
-0.54502	0.12618	0.10584	0.11604
-0.27251	0.14021	0.13624	0.12777
0.00000	0.14412	0.16146	0.17246
0.27251	0.10610	0.13624	0.12777
0.54502	0.07253	0.10584	0.11604
0.81754	0.03383	0.05525	0.05905
1.09005	0.03500	0.06409	0.05760
1.36256	0.01490	0.03056	0.02617
1.63507	0.00408	0.00916	0.00842
1.90759	0.00417	0.01040	0.01066
2.18010	0.00030	0.00081	0.00063
2.45261	0.00090	0.00259	0.00405
2.72512	0.00133	0.00433	0.00338

Proportion of advantageous (S > 0) mutations:
 0.34269

Proportions of good & bad mutations (|S| > 2.0000) among mutations:
0.00285  0.03425

mean |Ns| = 0.71243	mean Ns+ = 0.52494	mean Ns- = -0.81017

