Supplemental results for CODEML (seqf: /home/leticiamagpali/phd/evol_models/codeml/small_dataset/cml_align/RYR2_codon_aligned.phy  treef: /home/leticiamagpali/phd/evol_models/codeml/small_dataset/cml_trees/gene_trees/H1a_gene_trees/RYR2_tree_H1a.tre)

I	J	ij	2Ns_IJ	pMut_IJ	pSub_IJ	2Ns_JI	pMut_JI	pSub_JI

TTC	TTT	CT	0.18631	0.07414	0.08126	-0.18631	0.08932	0.08126	0.08126	0.08126
TTA	TTT	AT	0.87974	0.01015	0.01526	-0.87974	0.02446	0.01526	0.00763	0.00763
TTA	TTC	AC	0.69343	0.01281	0.01775	-0.69343	0.02562	0.01775	0.00888	0.00888
TTG	TTT	GT	0.48206	0.01406	0.01773	-0.48206	0.02278	0.01773	0.00886	0.00886
TTG	TTC	GC	0.29575	0.01775	0.02050	-0.29575	0.02385	0.02050	0.01025	0.01025
TTG	TTA	GA	-0.39768	0.08275	0.06738	0.39768	0.05560	0.06738	0.06738	0.06738
TCT	TTT	CT	0.75035	0.04218	0.05996	-0.75035	0.08932	0.05996	0.02998	0.02998
TCC	TTC	CT	0.77845	0.04295	0.06181	-0.77845	0.09354	0.06181	0.03091	0.03091
TCC	TCT	CT	0.21441	0.04295	0.04772	-0.21441	0.05322	0.04772	0.04772	0.04772
TCA	TTA	CT	0.40571	0.03522	0.04284	-0.40571	0.05284	0.04284	0.02142	0.02142
TCA	TCT	AT	0.53510	0.00854	0.01102	-0.53510	0.01457	0.01102	0.01102	0.01102
TCA	TCC	AC	0.32069	0.01077	0.01259	-0.32069	0.01484	0.01259	0.01259	0.01259
TCG	TTG	CT	1.89468	0.01101	0.02455	-1.89468	0.07322	0.02455	0.01228	0.01228
TCG	TCT	GT	1.62640	0.00267	0.00540	-1.62640	0.01357	0.00540	0.00540	0.00540
TCG	TCC	GC	1.41198	0.00337	0.00629	-1.41198	0.01382	0.00629	0.00629	0.00629
TCG	TCA	GA	1.09129	0.01570	0.02579	-1.09129	0.04675	0.02579	0.02579	0.02579
TAT	TTT	AT	0.55647	0.01402	0.01828	-0.55647	0.02446	0.01828	0.00914	0.00914
TAT	TCT	AC	-0.19388	0.01769	0.01603	0.19388	0.01457	0.01603	0.00802	0.00802
TAC	TTC	AT	0.83087	0.01116	0.01643	-0.83087	0.02562	0.01643	0.00822	0.00822
TAC	TCC	AC	0.05243	0.01408	0.01445	-0.05243	0.01484	0.01445	0.00723	0.00723
TAC	TAT	CT	0.46072	0.04605	0.05748	-0.46072	0.07301	0.05748	0.05748	0.05748
TGT	TTT	GT	1.03737	0.00807	0.01297	-1.03737	0.02278	0.01297	0.00648	0.00648
TGT	TCT	GC	0.28703	0.01018	0.01172	-0.28703	0.01357	0.01172	0.00586	0.00586
TGT	TAT	GA	0.48091	0.04749	0.05982	-0.48091	0.07681	0.05982	0.02991	0.02991
TGC	TTC	GT	1.37825	0.00601	0.01108	-1.37825	0.02385	0.01108	0.00554	0.00554
TGC	TCC	GC	0.59980	0.00758	0.01009	-0.59980	0.01382	0.01009	0.00504	0.00504
TGC	TAC	GA	0.54737	0.03537	0.04592	-0.54737	0.06114	0.04592	0.02296	0.02296
TGC	TGT	CT	0.52719	0.02480	0.03191	-0.52719	0.04202	0.03191	0.03191	0.03191
TGG	TTG	GT	0.79272	0.00845	0.01224	-0.79272	0.01867	0.01224	0.00612	0.00612
TGG	TCG	GC	-1.10197	0.01066	0.00585	1.10197	0.00354	0.00585	0.00292	0.00292
TGG	TGT	GT	0.23741	0.00845	0.00949	-0.23741	0.01072	0.00949	0.00475	0.00475
TGG	TGC	GC	-0.28978	0.01066	0.00919	0.28978	0.00798	0.00919	0.00460	0.00460
CTT	TTT	CT	0.53859	0.05213	0.06742	-0.53859	0.08932	0.06742	0.03371	0.03371
CTC	TTC	CT	0.32075	0.06788	0.07934	-0.32075	0.09354	0.07934	0.03967	0.03967
CTC	CTT	CT	-0.03153	0.06788	0.06681	0.03153	0.06577	0.06681	0.06681	0.06681
CTA	TTA	CT	1.00785	0.01929	0.03061	-1.00785	0.05284	0.03061	0.03061	0.03061
CTA	CTT	AT	1.34900	0.00467	0.00852	-1.34900	0.01801	0.00852	0.00852	0.00852
CTA	CTC	AC	1.38054	0.00590	0.01088	-1.38054	0.02345	0.01088	0.01088	0.01088
CTG	TTG	CT	-0.43045	0.11261	0.09011	0.43045	0.07322	0.09011	0.09011	0.09011
CTG	CTT	GT	-0.48698	0.02729	0.02118	0.48698	0.01677	0.02118	0.02118	0.02118
CTG	CTC	GC	-0.45544	0.03443	0.02719	0.45544	0.02184	0.02719	0.02719	0.02719
CTG	CTA	GA	-1.83598	0.16057	0.05593	1.83598	0.02560	0.05593	0.05593	0.05593
CCT	TCT	CT	0.26970	0.04064	0.04636	-0.26970	0.05322	0.04636	0.02318	0.02318
CCT	CTT	CT	0.48146	0.04064	0.05120	-0.48146	0.06577	0.05120	0.02560	0.02560
CCC	TCC	CT	0.49653	0.03298	0.04184	-0.49653	0.05419	0.04184	0.02092	0.02092
CCC	CTC	CT	0.95423	0.03298	0.05118	-0.95423	0.08564	0.05118	0.02559	0.02559
CCC	CCT	CT	0.44124	0.03298	0.04079	-0.44124	0.05127	0.04079	0.04079	0.04079
CCA	TCA	CT	0.25388	0.03447	0.03903	-0.25388	0.04444	0.03903	0.01952	0.01952
CCA	CTA	CT	-0.34826	0.03447	0.02882	0.34826	0.02433	0.02882	0.01441	0.01441
CCA	CCT	AT	0.51928	0.00835	0.01071	-0.51928	0.01404	0.01071	0.01071	0.01071
CCA	CCC	AC	0.07805	0.01054	0.01096	-0.07805	0.01140	0.01096	0.01096	0.01096
CCG	TCG	CT	0.06266	0.01305	0.01346	-0.06266	0.01389	0.01346	0.00673	0.00673
CCG	CTG	CT	2.38778	0.01305	0.03431	-2.38778	0.14209	0.03431	0.01715	0.01715
CCG	CCT	GT	1.41935	0.00316	0.00592	-1.41935	0.01307	0.00592	0.00592	0.00592
CCG	CCC	GC	0.97811	0.00399	0.00625	-0.97811	0.01061	0.00625	0.00625	0.00625
CCG	CCA	GA	0.90007	0.01860	0.02822	-0.90007	0.04576	0.02822	0.02822	0.02822
CAT	TAT	CT	0.53343	0.04282	0.05526	-0.53343	0.07301	0.05526	0.02763	0.02763
CAT	CTT	AT	0.55130	0.01038	0.01350	-0.55130	0.01801	0.01350	0.00675	0.00675
CAT	CCT	AC	0.06984	0.01309	0.01356	-0.06984	0.01404	0.01356	0.00678	0.00678
CAC	TAC	CT	0.21430	0.04690	0.05210	-0.21430	0.05811	0.05210	0.02605	0.02605
CAC	CTC	AT	0.72443	0.01137	0.01598	-0.72443	0.02345	0.01598	0.00799	0.00799
CAC	CCC	AC	-0.22980	0.01434	0.01276	0.22980	0.01140	0.01276	0.00638	0.00638
CAC	CAT	CT	0.14159	0.04690	0.05030	-0.14159	0.05403	0.05030	0.05030	0.05030
CAA	CTA	AT	-0.41168	0.01006	0.00813	0.41168	0.00666	0.00813	0.00407	0.00407
CAA	CCA	AC	-0.06341	0.01269	0.01229	0.06341	0.01191	0.01229	0.00615	0.00615
CAA	CAT	AT	0.38603	0.01006	0.01213	-0.38603	0.01480	0.01213	0.00606	0.00606
CAA	CAC	AC	0.24443	0.01269	0.01431	-0.24443	0.01621	0.01431	0.00715	0.00715
CAG	CTG	AT	0.64752	0.02036	0.02766	-0.64752	0.03891	0.02766	0.01383	0.01383
CAG	CCG	AC	-1.74026	0.02570	0.00952	1.74026	0.00451	0.00952	0.00476	0.00476
CAG	CAT	GT	-0.39076	0.02036	0.01664	0.39076	0.01378	0.01664	0.00832	0.00832
CAG	CAC	GC	-0.53235	0.02570	0.01946	0.53235	0.01509	0.01946	0.00973	0.00973
CAG	CAA	GA	-0.77678	0.11981	0.07924	0.77678	0.05510	0.07924	0.07924	0.07924
CGT	TGT	CT	1.08903	0.01414	0.02321	-1.08903	0.04202	0.02321	0.01161	0.01161
CGT	CTT	GT	1.58781	0.00343	0.00684	-1.58781	0.01677	0.00684	0.00342	0.00342
CGT	CCT	GC	1.10635	0.00432	0.00715	-1.10635	0.01307	0.00715	0.00357	0.00357
CGT	CAT	GA	1.03651	0.02016	0.03239	-1.03651	0.05685	0.03239	0.01619	0.01619
CGC	TGC	CT	0.40603	0.02085	0.02537	-0.40603	0.03130	0.02537	0.01269	0.01269
CGC	CTC	GT	1.46353	0.00505	0.00962	-1.46353	0.02184	0.00962	0.00481	0.00481
CGC	CCC	GC	0.50930	0.00638	0.00814	-0.50930	0.01061	0.00814	0.00407	0.00407
CGC	CAC	GA	0.73910	0.02973	0.04206	-0.73910	0.06226	0.04206	0.02103	0.02103
CGC	CGT	CT	-0.15581	0.02085	0.01927	0.15581	0.01784	0.01927	0.01927	0.01927
CGA	CTA	GT	0.05401	0.00588	0.00604	-0.05401	0.00621	0.00604	0.00302	0.00302
CGA	CCA	GC	0.40227	0.00742	0.00901	-0.40227	0.01109	0.00901	0.00450	0.00450
CGA	CAA	GA	0.46568	0.03459	0.04326	-0.46568	0.05510	0.04326	0.02163	0.02163
CGA	CGT	AT	-0.18480	0.00588	0.00535	0.18480	0.00489	0.00535	0.00535	0.00535
CGA	CGC	AC	-0.02898	0.00742	0.00731	0.02898	0.00721	0.00731	0.00731	0.00731
CGG	TGG	CT	0.71151	0.02160	0.03019	-0.71151	0.04400	0.03019	0.01509	0.01509
CGG	CTG	GT	1.93467	0.00523	0.01184	-1.93467	0.03623	0.01184	0.00592	0.00592
CGG	CCG	GC	-0.45311	0.00660	0.00522	0.45311	0.00420	0.00522	0.00261	0.00261
CGG	CAG	GA	1.28715	0.03080	0.05475	-1.28715	0.11155	0.05475	0.02738	0.02738
CGG	CGT	GT	-0.14011	0.00523	0.00488	0.14011	0.00455	0.00488	0.00488	0.00488
CGG	CGC	GC	0.01570	0.00660	0.00666	-0.01570	0.00671	0.00666	0.00666	0.00666
CGG	CGA	GA	0.04469	0.03080	0.03149	-0.04469	0.03220	0.03149	0.03149	0.03149
ATT	TTT	AT	0.51142	0.01467	0.01874	-0.51142	0.02446	0.01874	0.00937	0.00937
ATT	CTT	AC	-0.02717	0.01851	0.01826	0.02717	0.01801	0.01826	0.00913	0.00913
ATC	TTC	AT	0.43899	0.01652	0.02041	-0.43899	0.02562	0.02041	0.01020	0.01020
ATC	CTC	AC	0.11825	0.02084	0.02210	-0.11825	0.02345	0.02210	0.01105	0.01105
ATC	ATT	CT	0.11389	0.06815	0.07210	-0.11389	0.07637	0.07210	0.07210	0.07210
ATA	TTA	AT	0.85868	0.00613	0.00914	-0.85868	0.01447	0.00914	0.00457	0.00457
ATA	CTA	AC	-0.14918	0.00774	0.00717	0.14918	0.00666	0.00717	0.00359	0.00359
ATA	ATT	AT	1.22700	0.00613	0.01064	-1.22700	0.02092	0.01064	0.01064	0.01064
ATA	ATC	AC	1.11312	0.00774	0.01283	-1.11312	0.02355	0.01283	0.01283	0.01283
ATG	TTG	AT	-0.18902	0.02423	0.02201	0.18902	0.02005	0.02201	0.01100	0.01100
ATG	CTG	AC	0.24143	0.03057	0.03440	-0.24143	0.03891	0.03440	0.01720	0.01720
ATG	ATT	GT	-0.21837	0.02423	0.02168	0.21837	0.01947	0.02168	0.01084	0.01084
ATG	ATC	GC	-0.33226	0.03057	0.02577	0.33226	0.02193	0.02577	0.01288	0.01288
ATG	ATA	GA	-1.44537	0.14253	0.06352	1.44537	0.03359	0.06352	0.03176	0.03176
ACT	TCT	AT	0.64224	0.00767	0.01039	-0.64224	0.01457	0.01039	0.00520	0.00520
ACT	CCT	AC	0.37253	0.00967	0.01159	-0.37253	0.01404	0.01159	0.00579	0.00579
ACT	ATT	CT	0.88116	0.03164	0.04760	-0.88116	0.07637	0.04760	0.02380	0.02380
ACC	TCC	AT	0.33982	0.01056	0.01246	-0.33982	0.01484	0.01246	0.00623	0.00623
ACC	CCC	AC	-0.15671	0.01333	0.01231	0.15671	0.01140	0.01231	0.00616	0.00616
ACC	ATC	CT	0.67927	0.04359	0.06006	-0.67927	0.08599	0.06006	0.03003	0.03003
ACC	ACT	CT	-0.08801	0.04359	0.04170	0.08801	0.03992	0.04170	0.04170	0.04170
ACA	TCA	AT	0.31125	0.00891	0.01037	-0.31125	0.01217	0.01037	0.00519	0.00519
ACA	CCA	AC	0.05737	0.01125	0.01157	-0.05737	0.01191	0.01157	0.00579	0.00579
ACA	ATA	CT	-0.14172	0.03678	0.03424	0.14172	0.03192	0.03424	0.01712	0.01712
ACA	ACT	AT	0.20412	0.00891	0.00986	-0.20412	0.01093	0.00986	0.00986	0.00986
ACA	ACC	AC	0.29212	0.01125	0.01297	-0.29212	0.01506	0.01297	0.01297	0.01297
ACG	TCG	AT	-0.49287	0.00623	0.00482	0.49287	0.00380	0.00482	0.00241	0.00241
ACG	CCG	AC	-0.55552	0.00786	0.00588	0.55552	0.00451	0.00588	0.00294	0.00294
ACG	ATG	CT	1.59083	0.02570	0.05134	-1.59083	0.12613	0.05134	0.02567	0.02567
ACG	ACT	GT	0.49129	0.00623	0.00788	-0.49129	0.01018	0.00788	0.00788	0.00788
ACG	ACC	GC	0.57930	0.00786	0.01035	-0.57930	0.01403	0.01035	0.01035	0.01035
ACG	ACA	GA	0.28717	0.03664	0.04216	-0.28717	0.04883	0.04216	0.04216	0.04216
AAT	TAT	AT	0.33224	0.01434	0.01686	-0.33224	0.01999	0.01686	0.00843	0.00843
AAT	CAT	AC	-0.20119	0.01810	0.01634	0.20119	0.01480	0.01634	0.00817	0.00817
AAT	ATT	AT	0.37729	0.01434	0.01722	-0.37729	0.02092	0.01722	0.00861	0.00861
AAT	ACT	AC	-0.50388	0.01810	0.01392	0.50388	0.01093	0.01392	0.00696	0.00696
AAC	TAC	AT	0.08944	0.01455	0.01521	-0.08944	0.01591	0.01521	0.00761	0.00761
AAC	CAC	AC	-0.12486	0.01836	0.01724	0.12486	0.01621	0.01724	0.00862	0.00862
AAC	ATC	AT	0.48133	0.01455	0.01833	-0.48133	0.02355	0.01833	0.00917	0.00917
AAC	ACC	AC	-0.19795	0.01836	0.01660	0.19795	0.01506	0.01660	0.00830	0.00830
AAC	AAT	CT	0.21792	0.06005	0.06683	-0.21792	0.07467	0.06683	0.06683	0.06683
AAA	CAA	AC	-0.67567	0.02819	0.01973	0.67567	0.01434	0.01973	0.00986	0.00986
AAA	ATA	AT	-0.93817	0.02234	0.01348	0.93817	0.00874	0.01348	0.00674	0.00674
AAA	ACA	AC	-0.79645	0.02819	0.01844	0.79645	0.01271	0.01844	0.00922	0.00922
AAA	AAT	AT	-0.08846	0.02234	0.02137	0.08846	0.02045	0.02137	0.01068	0.01068
AAA	AAC	AC	-0.30638	0.02819	0.02409	0.30638	0.02075	0.02409	0.01204	0.01204
AAG	CAG	AC	-0.01256	0.02940	0.02922	0.01256	0.02904	0.02922	0.01461	0.01461
AAG	ATG	AT	0.39353	0.02330	0.02819	-0.39353	0.03454	0.02819	0.01409	0.01409
AAG	ACG	AC	-1.19729	0.02940	0.01523	1.19729	0.00888	0.01523	0.00762	0.00762
AAG	AAT	GT	-0.20213	0.02330	0.02103	0.20213	0.01904	0.02103	0.01051	0.01051
AAG	AAC	GC	-0.42005	0.02940	0.02366	0.42005	0.01932	0.02366	0.01183	0.01183
AAG	AAA	GA	-0.11367	0.13711	0.12946	0.11367	0.12238	0.12946	0.12946	0.12946
AGT	TGT	AT	0.39978	0.00772	0.00936	-0.39978	0.01151	0.00936	0.00468	0.00468
AGT	CGT	AC	-0.68925	0.00974	0.00676	0.68925	0.00489	0.00676	0.00338	0.00338
AGT	ATT	GT	0.92573	0.00772	0.01183	-0.92573	0.01947	0.01183	0.00592	0.00592
AGT	ACT	GC	0.04457	0.00974	0.00995	-0.04457	0.01018	0.00995	0.00498	0.00498
AGT	AAT	GA	0.54845	0.04540	0.05898	-0.54845	0.07856	0.05898	0.02949	0.02949
AGC	TGC	AT	-0.46306	0.01362	0.01071	0.46306	0.00857	0.01071	0.00535	0.00535
AGC	CGC	AC	-0.86908	0.01718	0.01078	0.86908	0.00721	0.01078	0.00539	0.00539
AGC	ATC	GT	0.47620	0.01362	0.01712	-0.47620	0.02193	0.01712	0.00856	0.00856
AGC	ACC	GC	-0.20308	0.01718	0.01550	0.20308	0.01403	0.01550	0.00775	0.00775
AGC	AAC	GA	-0.00513	0.08012	0.07992	0.00513	0.07971	0.07992	0.03996	0.03996
AGC	AGT	CT	-0.33565	0.05619	0.04729	0.33565	0.04017	0.04729	0.04729	0.04729
AGA	CGA	AC	-0.46961	0.01341	0.01050	0.46961	0.00838	0.01050	0.01050	0.01050
AGA	ATA	GT	-0.26643	0.01063	0.00927	0.26643	0.00814	0.00927	0.00464	0.00464
AGA	ACA	GC	-0.12471	0.01341	0.01259	0.12471	0.01183	0.01259	0.00629	0.00629
AGA	AAA	GA	0.67174	0.06251	0.08584	-0.67174	0.12238	0.08584	0.04292	0.04292
AGA	AGT	AT	0.03484	0.01063	0.01081	-0.03484	0.01100	0.01081	0.00541	0.00541
AGA	AGC	AC	0.37049	0.01341	0.01604	-0.37049	0.01942	0.01604	0.00802	0.00802
AGG	TGG	AT	0.37491	0.00828	0.00993	-0.37491	0.01205	0.00993	0.00497	0.00497
AGG	CGG	AC	-0.33660	0.01045	0.00879	0.33660	0.00746	0.00879	0.00879	0.00879
AGG	ATG	GT	1.35664	0.00828	0.01513	-1.35664	0.03216	0.01513	0.00757	0.00757
AGG	ACG	GC	-0.23419	0.01045	0.00927	0.23419	0.00827	0.00927	0.00464	0.00464
AGG	AAG	GA	0.96311	0.04873	0.07590	-0.96311	0.12765	0.07590	0.03795	0.03795
AGG	AGT	GT	0.21254	0.00828	0.00919	-0.21254	0.01024	0.00919	0.00460	0.00460
AGG	AGC	GC	0.54819	0.01045	0.01357	-0.54819	0.01808	0.01357	0.00679	0.00679
AGG	AGA	GA	0.17770	0.04873	0.05318	-0.17770	0.05820	0.05318	0.05318	0.05318
GTT	TTT	GT	0.78645	0.01037	0.01498	-0.78645	0.02278	0.01498	0.00749	0.00749
GTT	CTT	GC	0.24785	0.01309	0.01478	-0.24785	0.01677	0.01478	0.00739	0.00739
GTT	ATT	GA	0.27503	0.06103	0.06981	-0.27503	0.08035	0.06981	0.03490	0.03490
GTC	TTC	GT	0.77631	0.01097	0.01578	-0.77631	0.02385	0.01578	0.00789	0.00789
GTC	CTC	GC	0.45557	0.01385	0.01724	-0.45557	0.02184	0.01724	0.00862	0.00862
GTC	ATC	GA	0.33732	0.06457	0.07607	-0.33732	0.09047	0.07607	0.03803	0.03803
GTC	GTT	CT	0.17618	0.04528	0.04939	-0.17618	0.05401	0.04939	0.04939	0.04939
GTA	TTA	GT	0.85217	0.00575	0.00854	-0.85217	0.01347	0.00854	0.00427	0.00427
GTA	CTA	GC	-0.15568	0.00725	0.00670	0.15568	0.00621	0.00670	0.00335	0.00335
GTA	ATA	GA	-0.00650	0.03381	0.03370	0.00650	0.03359	0.03370	0.01685	0.01685
GTA	GTT	AT	0.94547	0.00575	0.00888	-0.94547	0.01479	0.00888	0.00888	0.00888
GTA	GTC	AC	0.76929	0.00725	0.01039	-0.76929	0.01565	0.01039	0.01039	0.01039
GTG	TTG	GT	-0.01353	0.01893	0.01880	0.01353	0.01867	0.01880	0.00940	0.00940
GTG	CTG	GC	0.41692	0.02388	0.02920	-0.41692	0.03623	0.02920	0.01460	0.01460
GTG	ATG	GA	0.17549	0.11134	0.12140	-0.17549	0.13270	0.12140	0.06070	0.06070
GTG	GTT	GT	-0.31791	0.01893	0.01608	0.31791	0.01377	0.01608	0.01608	0.01608
GTG	GTC	GC	-0.49409	0.02388	0.01846	0.49409	0.01457	0.01846	0.01846	0.01846
GTG	GTA	GA	-1.26339	0.11134	0.05544	1.26339	0.03148	0.05544	0.05544	0.05544
GCT	TCT	GT	-0.10491	0.01507	0.01429	0.10491	0.01357	0.01429	0.00715	0.00715
GCT	CCT	GC	-0.37461	0.01902	0.01568	0.37461	0.01307	0.01568	0.00784	0.00784
GCT	ACT	GA	-0.74715	0.08867	0.05963	0.74715	0.04200	0.05963	0.02982	0.02982
GCT	GTT	CT	-0.14101	0.06219	0.05791	0.14101	0.05401	0.05791	0.02895	0.02895
GCC	TCC	GT	-0.20112	0.01690	0.01525	0.20112	0.01382	0.01525	0.00763	0.00763
GCC	CCC	GC	-0.69765	0.02132	0.01474	0.69765	0.01061	0.01474	0.00737	0.00737
GCC	ACC	GA	-0.54094	0.09940	0.07493	0.54094	0.05787	0.07493	0.03746	0.03746
GCC	GTC	CT	-0.19899	0.06972	0.06301	0.19899	0.05714	0.06301	0.03150	0.03150
GCC	GCT	CT	0.11820	0.06972	0.07392	-0.11820	0.07846	0.07392	0.07392	0.07392
GCA	TCA	GT	0.14205	0.00983	0.01054	-0.14205	0.01133	0.01054	0.00527	0.00527
GCA	CCA	GC	-0.11183	0.01240	0.01172	0.11183	0.01109	0.01172	0.00586	0.00586
GCA	ACA	GA	-0.16920	0.05783	0.05308	0.16920	0.04883	0.05308	0.02654	0.02654
GCA	GTA	CT	-0.30441	0.04056	0.03470	0.30441	0.02992	0.03470	0.01735	0.01735
GCA	GCT	AT	0.78207	0.00983	0.01417	-0.78207	0.02149	0.01417	0.01417	0.01417
GCA	GCC	AC	0.66386	0.01240	0.01697	-0.66386	0.02409	0.01697	0.01697	0.01697
GCG	TCG	GT	-0.10775	0.00395	0.00374	0.10775	0.00354	0.00374	0.00187	0.00187
GCG	CCG	GC	-0.17040	0.00498	0.00457	0.17040	0.00420	0.00457	0.00228	0.00228
GCG	ACG	GA	0.38512	0.02321	0.02797	-0.38512	0.03412	0.02797	0.01398	0.01398
GCG	GTG	CT	1.80046	0.01628	0.03511	-1.80046	0.09853	0.03511	0.01756	0.01756
GCG	GCT	GT	1.62356	0.00395	0.00798	-1.62356	0.02001	0.00798	0.00798	0.00798
GCG	GCC	GC	1.50536	0.00498	0.00963	-1.50536	0.02243	0.00963	0.00963	0.00963
GCG	GCA	GA	0.84149	0.02321	0.03433	-0.84149	0.05385	0.03433	0.03433	0.03433
GAT	TAT	GT	-0.15150	0.02166	0.02006	0.15150	0.01862	0.02006	0.01003	0.01003
GAT	CAT	GC	-0.68492	0.02733	0.01903	0.68492	0.01378	0.01903	0.00952	0.00952
GAT	AAT	GA	-0.48374	0.12744	0.09909	0.48374	0.07856	0.09909	0.04954	0.04954
GAT	GTT	AT	-0.38147	0.02166	0.01779	0.38147	0.01479	0.01779	0.00890	0.00890
GAT	GCT	AC	-0.24046	0.02733	0.02418	0.24046	0.02149	0.02418	0.01209	0.01209
GAC	TAC	GT	-0.27174	0.01944	0.01692	0.27174	0.01482	0.01692	0.00846	0.00846
GAC	CAC	GC	-0.48604	0.02453	0.01905	0.48604	0.01509	0.01905	0.00953	0.00953
GAC	AAC	GA	-0.36118	0.11439	0.09497	0.36118	0.07971	0.09497	0.04749	0.04749
GAC	GTC	AT	-0.21718	0.01944	0.01741	0.21718	0.01565	0.01741	0.00870	0.00870
GAC	GCC	AC	-0.01819	0.02453	0.02431	0.01819	0.02409	0.02431	0.01215	0.01215
GAC	GAT	CT	0.34048	0.08023	0.09466	-0.34048	0.11277	0.09466	0.09466	0.09466
GAA	CAA	GC	-1.15893	0.04255	0.02255	1.15893	0.01335	0.02255	0.01128	0.01128
GAA	AAA	GA	-0.48326	0.19841	0.15432	0.48326	0.12238	0.15432	0.07716	0.07716
GAA	GTA	AT	-1.41493	0.03372	0.01531	1.41493	0.00819	0.01531	0.00766	0.00766
GAA	GCA	AC	-1.11051	0.04255	0.02321	1.11051	0.01402	0.02321	0.01161	0.01161
GAA	GAT	AT	-0.08798	0.03372	0.03226	0.08798	0.03088	0.03226	0.01613	0.01613
GAA	GAC	AC	-0.42846	0.04255	0.03408	0.42846	0.02772	0.03408	0.01704	0.01704
GAG	CAG	GC	-0.26485	0.03523	0.03077	0.26485	0.02704	0.03077	0.01539	0.01539
GAG	AAG	GA	-0.25229	0.16429	0.14443	0.25229	0.12765	0.14443	0.07222	0.07222
GAG	GTG	AT	-0.03424	0.02792	0.02745	0.03424	0.02698	0.02745	0.01372	0.01372
GAG	GCG	AC	-1.83470	0.03523	0.01228	1.83470	0.00563	0.01228	0.00614	0.00614
GAG	GAT	GT	0.02932	0.02792	0.02834	-0.02932	0.02876	0.02834	0.01417	0.01417
GAG	GAC	GC	-0.31116	0.03523	0.03004	0.31116	0.02581	0.03004	0.01502	0.01502
GAG	GAA	GA	0.11730	0.16429	0.17411	-0.11730	0.18473	0.17411	0.17411	0.17411
GGT	TGT	GT	0.27366	0.00815	0.00932	-0.27366	0.01072	0.00932	0.00466	0.00466
GGT	CGT	GC	-0.81537	0.01028	0.00665	0.81537	0.00455	0.00665	0.00333	0.00333
GGT	AGT	GA	-0.12612	0.04795	0.04499	0.12612	0.04227	0.04499	0.02249	0.02249
GGT	GTT	GT	0.52459	0.00815	0.01047	-0.52459	0.01377	0.01047	0.00524	0.00524
GGT	GCT	GC	0.66560	0.01028	0.01408	-0.66560	0.02001	0.01408	0.00704	0.00704
GGT	GAT	GA	0.90606	0.04795	0.07291	-0.90606	0.11865	0.07291	0.03645	0.03645
GGC	TGC	GT	-0.63737	0.01509	0.01079	0.63737	0.00798	0.01079	0.00540	0.00540
GGC	CGC	GC	-1.04340	0.01905	0.01081	1.04340	0.00671	0.01081	0.00540	0.00540
GGC	AGC	GA	-0.17431	0.08881	0.08129	0.17431	0.07460	0.08129	0.04065	0.04065
GGC	GTC	GT	-0.03544	0.01509	0.01483	0.03544	0.01457	0.01483	0.00741	0.00741
GGC	GCC	GC	0.16355	0.01905	0.02065	-0.16355	0.02243	0.02065	0.01032	0.01032
GGC	GAC	GA	0.18174	0.08881	0.09712	-0.18174	0.10651	0.09712	0.04856	0.04856
GGC	GGT	CT	-0.38385	0.06228	0.05109	0.38385	0.04243	0.05109	0.05109	0.05109
GGA	CGA	GC	-0.93358	0.01985	0.01201	0.93358	0.00780	0.01201	0.00600	0.00600
GGA	AGA	GA	-0.46397	0.09256	0.07274	0.46397	0.05820	0.07274	0.03637	0.03637
GGA	GTA	GT	-0.72389	0.01573	0.01072	0.72389	0.00763	0.01072	0.00536	0.00536
GGA	GCA	GC	-0.41948	0.01985	0.01598	0.41948	0.01305	0.01598	0.00799	0.00799
GGA	GAA	GA	0.69104	0.09256	0.12820	-0.69104	0.18473	0.12820	0.06410	0.06410
GGA	GGT	AT	-0.30301	0.01573	0.01347	0.30301	0.01162	0.01347	0.01347	0.01347
GGA	GGC	AC	0.08084	0.01985	0.02066	-0.08084	0.02152	0.02066	0.02066	0.02066
GGG	TGG	GT	0.21713	0.00903	0.01004	-0.21713	0.01122	0.01004	0.00502	0.00502
GGG	CGG	GC	-0.49438	0.01139	0.00881	0.49438	0.00695	0.00881	0.00440	0.00440
GGG	AGG	GA	-0.15778	0.05312	0.04904	0.15778	0.04537	0.04904	0.02452	0.02452
GGG	GTG	GT	1.02338	0.00903	0.01442	-1.02338	0.02512	0.01442	0.00721	0.00721
GGG	GCG	GC	-0.77709	0.01139	0.00753	0.77709	0.00524	0.00753	0.00377	0.00377
GGG	GAG	GA	1.05762	0.05312	0.08607	-1.05762	0.15296	0.08607	0.04304	0.04304
GGG	GGT	GT	0.18088	0.00903	0.00987	-0.18088	0.01082	0.00987	0.00987	0.00987
GGG	GGC	GC	0.56472	0.01139	0.01491	-0.56472	0.02004	0.01491	0.01491	0.01491
GGG	GGA	GA	0.48388	0.05312	0.06701	-0.48388	0.08618	0.06701	0.06701	0.06701


Histograms
2Ns	FMut	FSub(CodonUsage)	FSubw(after w)

-2.27408	0.00843	0.00219	0.00170
-2.04667	0.00215	0.00075	0.00059
-1.81926	0.02332	0.00875	0.00956
-1.59186	0.01180	0.00517	0.00515
-1.36445	0.03234	0.01633	0.01698
-1.13704	0.03251	0.01931	0.01742
-0.90963	0.04635	0.03047	0.02901
-0.68222	0.07688	0.05650	0.05034
-0.45482	0.15914	0.13429	0.13032
-0.22741	0.18354	0.17652	0.18477
0.00000	0.09266	0.09944	0.10833
0.22741	0.14800	0.17652	0.18477
0.45482	0.10012	0.13429	0.13032
0.68222	0.03759	0.05650	0.05034
0.90963	0.01862	0.03047	0.02901
1.13704	0.01097	0.01931	0.01742
1.36445	0.00833	0.01633	0.01698
1.59186	0.00241	0.00517	0.00515
1.81926	0.00374	0.00875	0.00956
2.04667	0.00031	0.00075	0.00059
2.27408	0.00077	0.00219	0.00170

Proportion of advantageous (S > 0) mutations:
 0.37592

Proportions of good & bad mutations (|S| > 2.0000) among mutations:
0.00077  0.00843

mean |Ns| = 0.53942	mean Ns+ = 0.42642	mean Ns- = -0.60749

