

TREE # 1

  0  0.0000   5456.096660  x:  0.01955   0.02440   0.01439   0.04224   0.02665   0.03760   0.01144   0.02935   0.01812   0.00830   0.02804   0.01747   0.00879   0.01498   0.00000   0.02331   0.05688   0.01307   0.02621   0.01499   0.00828   0.02698   0.02133   0.01047   0.01138   0.02683   0.03647   0.02086   0.02547   0.03457   0.02141   0.02177   0.00433   0.03747   0.01880   0.02540   0.00768   0.03800   0.03082   0.03584   0.02963   0.03312   0.04042   0.02714   0.02838   0.03041   0.01665   0.04529   0.03866   1.11593   0.53494   0.84408   0.88922   0.20705   0.25000   0.68295  
  1 99.0000   5373.030609  x:  0.02297   0.01509   0.01168   0.03758   0.01959   0.03078   0.00823   0.02351   0.01169   0.00000   0.01793   0.00862   0.00088   0.00854   0.01792   0.02025   0.05711   0.00776   0.02040   0.00719   0.00121   0.02136   0.01997   0.01241   0.01538   0.02046   0.02975   0.01906   0.01867   0.02874   0.01704   0.02025   0.00477   0.03401   0.01032   0.01820   0.00263   0.03519   0.03218   0.03061   0.02751   0.03194   0.03625   0.02160   0.02405   0.02432   0.01473   0.04937   0.03514   1.11692   0.53529   0.84420   0.88892   0.20760   0.24366   0.68330  
  2 2834.6385   5356.556034  x:  0.02381   0.01243   0.01105   0.03629   0.01766   0.02891   0.00765   0.02196   0.01008   0.00266   0.01506   0.00620   0.00000   0.00694   0.02045   0.01933   0.05713   0.00640   0.01881   0.00495   0.00025   0.01984   0.01963   0.01273   0.01623   0.01868   0.02789   0.01865   0.01682   0.02716   0.01585   0.01991   0.00484   0.03310   0.00801   0.01620   0.00156   0.03441   0.03255   0.02915   0.02692   0.03161   0.03509   0.02012   0.02288   0.02259   0.01426   0.05042   0.03417   1.11720   0.53539   0.84424   0.88883   0.20776   0.24194   0.68335  
  3 10079.9611   5349.806169  x:  0.02416   0.01135   0.01079   0.03577   0.01688   0.02815   0.00741   0.02134   0.00943   0.00352   0.01390   0.00522   0.00034   0.00630   0.02148   0.01895   0.05714   0.00585   0.01818   0.00405   0.00000   0.01923   0.01949   0.01285   0.01658   0.01795   0.02714   0.01848   0.01607   0.02652   0.01537   0.01978   0.00487   0.03273   0.00707   0.01540   0.00114   0.03410   0.03270   0.02856   0.02668   0.03147   0.03463   0.01952   0.02241   0.02189   0.01408   0.05084   0.03378   1.11731   0.53543   0.84426   0.88880   0.20783   0.24124   0.68337  
  4 80352.2289   5331.268844  x:  0.02509   0.00840   0.01009   0.03434   0.01474   0.02607   0.00676   0.01962   0.00765   0.00571   0.01071   0.00255   0.00096   0.00454   0.02433   0.01793   0.05716   0.00434   0.01643   0.00157   0.00056   0.01755   0.01913   0.01320   0.01752   0.01597   0.02508   0.01801   0.01401   0.02477   0.01405   0.01939   0.00496   0.03172   0.00450   0.01318   0.00000   0.03323   0.03312   0.02695   0.02603   0.03111   0.03334   0.01789   0.02111   0.01997   0.01356   0.05201   0.03271   1.11763   0.53554   0.84430   0.88870   0.20800   0.23933   0.68343  
  5 190030.3033   5320.040623  x:  0.02564   0.00654   0.00970   0.03346   0.01343   0.02478   0.00642   0.01859   0.00662   0.00677   0.00870   0.00099   0.00124   0.00358   0.02574   0.01728   0.05716   0.00349   0.01536   0.00000   0.00081   0.01652   0.01891   0.01337   0.01805   0.01473   0.02378   0.01775   0.01275   0.02371   0.01323   0.01917   0.00503   0.03111   0.00296   0.01183   0.00117   0.03270   0.03338   0.02596   0.02563   0.03088   0.03254   0.01690   0.02032   0.01877   0.01326   0.05271   0.03204   1.11783   0.53561   0.84432   0.88864   0.20811   0.23815   0.68345  
  6 30755.6611   5295.918452  x:  0.02660   0.00120   0.00957   0.03120   0.01042   0.02163   0.00681   0.01650   0.00569   0.00607   0.00292   0.00235   0.00113   0.00423   0.02300   0.01544   0.05701   0.00333   0.01286   0.00000   0.00075   0.01414   0.01853   0.01277   0.01835   0.01140   0.02015   0.01741   0.00984   0.02144   0.01108   0.01893   0.00539   0.02991   0.00000   0.00849   0.00117   0.03131   0.03390   0.02354   0.02476   0.03027   0.03044   0.01487   0.01856   0.01536   0.01294   0.05414   0.03035   1.11840   0.53582   0.84440   0.88846   0.20844   0.23516   0.68328  
  7 4606.0530   5290.695783  x:  0.02681   0.00000   0.00956   0.03070   0.00981   0.02096   0.00689   0.01608   0.00556   0.00590   0.00162   0.00231   0.00110   0.00430   0.02238   0.01505   0.05698   0.00332   0.01234   0.00000   0.00073   0.01364   0.01845   0.01264   0.01841   0.01068   0.01935   0.01734   0.00924   0.02097   0.01062   0.01889   0.00547   0.02968   0.00036   0.00779   0.00114   0.03101   0.03401   0.02304   0.02457   0.03014   0.02997   0.01446   0.01820   0.01460   0.01288   0.05445   0.02998   1.11853   0.53586   0.84442   0.88842   0.20851   0.23449   0.68324  
  8 16076.3600   5286.381882  x:  0.02700   0.00000   0.00966   0.03019   0.00948   0.02037   0.00702   0.01586   0.00591   0.00549   0.00000   0.00123   0.00102   0.00416   0.02131   0.01471   0.05693   0.00349   0.01198   0.00000   0.00068   0.01326   0.01839   0.01244   0.01843   0.00996   0.01842   0.01734   0.00881   0.02070   0.01017   0.01892   0.00555   0.02952   0.00021   0.00733   0.00099   0.03067   0.03409   0.02255   0.02440   0.02999   0.02947   0.01427   0.01797   0.01368   0.01293   0.05469   0.02958   1.11869   0.53592   0.84445   0.88837   0.20861   0.23374   0.68314  
  9 6085.7108   5281.915934  x:  0.02779   0.00000   0.00995   0.02851   0.01045   0.01924   0.00651   0.01638   0.00762   0.00518   0.00000   0.00180   0.00099   0.00113   0.02019   0.01432   0.05677   0.00291   0.01212   0.00000   0.00065   0.01294   0.01817   0.01226   0.01912   0.00817   0.01512   0.01744   0.00873   0.02097   0.00917   0.01941   0.00563   0.02936   0.00025   0.00778   0.00095   0.02955   0.03422   0.02125   0.02393   0.02945   0.02776   0.01498   0.01815   0.00997   0.01346   0.05524   0.02821   1.11939   0.53617   0.84455   0.88814   0.20903   0.23076   0.68256  
 10 1426.7352   5272.034891  x:  0.02994   0.00000   0.01037   0.02426   0.01389   0.01689   0.00462   0.01825   0.01121   0.00550   0.00000   0.00217   0.00103   0.00238   0.02026   0.01385   0.05642   0.00125   0.01316   0.00000   0.00069   0.01267   0.01758   0.01224   0.02145   0.00415   0.00658   0.01769   0.00923   0.02227   0.00696   0.02070   0.00572   0.02911   0.00038   0.01004   0.00104   0.02665   0.03449   0.01818   0.02281   0.02804   0.02338   0.01741   0.01911   0.00000   0.01488   0.05653   0.02471   1.12129   0.53685   0.84485   0.88752   0.21017   0.22266   0.68095  
 11 3274.9846   5270.490082  x:  0.03073   0.00000   0.01037   0.02260   0.01506   0.01610   0.00448   0.01891   0.01163   0.00582   0.00000   0.00241   0.00109   0.00250   0.02084   0.01376   0.05629   0.00361   0.01352   0.00000   0.00074   0.01266   0.01738   0.01221   0.02243   0.00327   0.00355   0.01776   0.00945   0.02278   0.00628   0.02108   0.00582   0.02899   0.00044   0.01091   0.00112   0.02548   0.03460   0.01707   0.02245   0.02748   0.02164   0.01828   0.01959   0.00000   0.01536   0.05703   0.02338   1.12215   0.53716   0.84498   0.88724   0.21069   0.21898   0.68021  
 12 2276.0287   5265.601764  x:  0.03291   0.00000   0.01029   0.01624   0.01782   0.01417   0.01045   0.02082   0.00738   0.00547   0.00000   0.00209   0.00104   0.00244   0.01974   0.01362   0.05563   0.00300   0.01417   0.00000   0.00072   0.01349   0.01709   0.01038   0.02557   0.00851   0.00246   0.01830   0.01043   0.02482   0.00552   0.02165   0.00726   0.02875   0.00053   0.01360   0.00106   0.02037   0.03511   0.01377   0.02206   0.02510   0.01453   0.02091   0.02212   0.00000   0.01683   0.05862   0.01882   1.12696   0.53887   0.84572   0.88570   0.21366   0.19850   0.67592  
 13 754.6648   5259.948550  x:  0.03531   0.00000   0.01098   0.01090   0.02050   0.01203   0.00743   0.02188   0.00552   0.00514   0.00000   0.00202   0.00099   0.00260   0.01773   0.01355   0.05486   0.00439   0.01453   0.00000   0.00070   0.01424   0.01703   0.00721   0.02964   0.00828   0.01055   0.01872   0.01061   0.02660   0.00550   0.02241   0.00745   0.02850   0.00059   0.01660   0.00103   0.01457   0.03603   0.01143   0.02215   0.02228   0.00801   0.02332   0.02492   0.00000   0.01806   0.06045   0.01517   1.13462   0.54160   0.84688   0.88324   0.21850   0.16539   0.66906  
 14 1421.3406   5233.270499  x:  0.03907   0.00000   0.01211   0.01217   0.02337   0.01246   0.00701   0.02269   0.00470   0.00468   0.00000   0.00198   0.00092   0.00277   0.01426   0.01423   0.05373   0.00480   0.01456   0.00000   0.00067   0.01541   0.01773   0.00000   0.03846   0.00999   0.01161   0.01883   0.00918   0.02901   0.00763   0.02291   0.00759   0.02795   0.00058   0.02179   0.00096   0.00796   0.03848   0.01233   0.02529   0.01807   0.01032   0.02603   0.02961   0.00000   0.01848   0.06404   0.01535   1.15453   0.54877   0.84988   0.87684   0.23141   0.07753   0.65107  
 15 2210.0072   5233.270499  x:  0.03907   0.00000   0.01211   0.01217   0.02337   0.01246   0.00701   0.02269   0.00470   0.00468   0.00000   0.00198   0.00092   0.00277   0.01426   0.01423   0.05373   0.00480   0.01456   0.00000   0.00067   0.01541   0.01773   0.00000   0.03846   0.00999   0.01161   0.01883   0.00918   0.02901   0.00763   0.02291   0.00759   0.02795   0.00058   0.02179   0.00096   0.00796   0.03848   0.01233   0.02529   0.01807   0.01032   0.02603   0.02961   0.00000   0.01848   0.06404   0.01535   1.15453   0.54877   0.84988   0.87684   0.23141   0.07753   0.65107  
 16 54997.6379   5228.568513  x:  0.03902   0.00000   0.01211   0.01234   0.02308   0.01243   0.00707   0.02252   0.00485   0.00441   0.00000   0.00192   0.00122   0.00309   0.01398   0.01415   0.05376   0.00475   0.01441   0.00000   0.00132   0.01528   0.01774   0.01000   0.03840   0.00986   0.01142   0.01882   0.00900   0.02884   0.00754   0.02287   0.00761   0.02793   0.00090   0.02153   0.00137   0.00840   0.03851   0.01238   0.02529   0.01817   0.01050   0.02582   0.02944   0.00000   0.01841   0.06407   0.01551   1.15456   0.54879   0.84988   0.87683   0.23146   0.07723   0.65104  
 17 14774.8213   5212.361149  x:  0.03815   0.00000   0.01198   0.01530   0.01813   0.01199   0.00817   0.01973   0.00726   0.00000   0.00000   0.00104   0.00343   0.00734   0.00924   0.01290   0.05436   0.00399   0.01181   0.00000   0.00455   0.01301   0.01799   0.00965   0.03620   0.00645   0.00820   0.01867   0.00593   0.02596   0.00611   0.02225   0.00798   0.02764   0.00366   0.01698   0.00508   0.01522   0.03899   0.01314   0.02539   0.01994   0.01351   0.02224   0.02658   0.00000   0.01718   0.06448   0.01820   1.15523   0.54908   0.84994   0.87663   0.23221   0.07207   0.65056  
 18 1594.4059   5203.622988  x:  0.03722   0.00000   0.01184   0.01842   0.01281   0.01152   0.00936   0.01674   0.00976   0.00131   0.00000   0.00029   0.00558   0.01168   0.00416   0.01156   0.05502   0.00319   0.00902   0.00000   0.00778   0.01057   0.01825   0.00932   0.03384   0.00283   0.00483   0.01852   0.00267   0.02288   0.00462   0.02160   0.00833   0.02733   0.00639   0.01210   0.00885   0.02238   0.03951   0.01394   0.02548   0.02182   0.01669   0.01841   0.02351   0.00000   0.01586   0.06492   0.02106   1.15595   0.54939   0.85001   0.87640   0.23303   0.06650   0.65003  
 19 16308.1049   5201.695387  x:  0.03692   0.00000   0.01179   0.01930   0.01107   0.01139   0.00966   0.01579   0.01028   0.00152   0.00000   0.00256   0.00581   0.01262   0.00256   0.01120   0.05524   0.00306   0.00821   0.00000   0.00838   0.00979   0.01832   0.00926   0.03306   0.00195   0.00391   0.01849   0.00185   0.02196   0.00425   0.02140   0.00844   0.02722   0.00682   0.01045   0.00964   0.02437   0.03966   0.01417   0.02548   0.02241   0.01760   0.01719   0.02252   0.00000   0.01547   0.06507   0.02189   1.15620   0.54949   0.85003   0.87633   0.23332   0.06456   0.64984  
 20 6718.1160   5194.674299  x:  0.03627   0.00000   0.01165   0.02045   0.00713   0.01129   0.00972   0.01377   0.00959   0.00141   0.00000   0.00236   0.00333   0.01179   0.00000   0.01095   0.05584   0.00368   0.00708   0.00000   0.00695   0.00818   0.01837   0.00941   0.03118   0.00354   0.00358   0.01859   0.00243   0.02050   0.00434   0.02103   0.00861   0.02691   0.00494   0.00632   0.00872   0.02689   0.03984   0.01449   0.02526   0.02356   0.01882   0.01464   0.02031   0.00000   0.01485   0.06546   0.02311   1.15691   0.54980   0.85010   0.87611   0.23414   0.05909   0.64927  
 21 1602.0775   5190.349635  x:  0.03566   0.00000   0.01154   0.02157   0.00352   0.01120   0.00981   0.01188   0.00905   0.00133   0.00000   0.00226   0.00123   0.01114   0.00107   0.01083   0.05643   0.00412   0.00608   0.00000   0.00576   0.00671   0.01841   0.00954   0.02939   0.00445   0.00327   0.01866   0.00280   0.01910   0.00437   0.02068   0.00877   0.02664   0.00334   0.00250   0.00797   0.02940   0.04003   0.01480   0.02506   0.02466   0.02001   0.01226   0.01822   0.00000   0.01427   0.06582   0.02429   1.15759   0.55009   0.85016   0.87591   0.23494   0.05384   0.64873  
 22 7509.5881   5184.201206  x:  0.03459   0.00000   0.01180   0.02309   0.00371   0.01154   0.00977   0.00928   0.00745   0.00116   0.00000   0.00202   0.00418   0.00817   0.00109   0.01109   0.05785   0.00350   0.00706   0.00000   0.00274   0.00605   0.01847   0.00979   0.02504   0.00176   0.00540   0.01880   0.00384   0.01677   0.00480   0.01999   0.00892   0.02652   0.00000   0.00278   0.00478   0.03408   0.04030   0.01552   0.02429   0.02690   0.02191   0.00929   0.01436   0.00000   0.01369   0.06673   0.02629   1.15948   0.55091   0.85034   0.87533   0.23719   0.03934   0.64706  
 23 1109.2475   5181.229227  x:  0.03392   0.00000   0.01196   0.02392   0.00410   0.01181   0.00973   0.00798   0.00641   0.00112   0.00000   0.00199   0.00506   0.00598   0.00116   0.01133   0.05880   0.00329   0.00777   0.00000   0.00091   0.00593   0.01851   0.00990   0.02223   0.00125   0.00660   0.01888   0.00466   0.01544   0.00512   0.01958   0.00897   0.02655   0.00168   0.00316   0.00249   0.03688   0.04048   0.01604   0.02377   0.02832   0.02300   0.00786   0.01210   0.00000   0.01343   0.06734   0.02746   1.16077   0.55147   0.85046   0.87494   0.23873   0.02945   0.64591  
 24 4880.7783   5176.369609  x:  0.03310   0.00000   0.01215   0.02492   0.00525   0.01225   0.00986   0.00745   0.00579   0.00117   0.00000   0.00218   0.00556   0.00370   0.00142   0.01166   0.06012   0.00318   0.00868   0.00000   0.00277   0.00673   0.01861   0.00987   0.01857   0.00323   0.00744   0.01893   0.00547   0.01394   0.00536   0.01913   0.00895   0.02667   0.00189   0.00410   0.00023   0.04073   0.04078   0.01663   0.02303   0.03019   0.02437   0.00754   0.00995   0.00000   0.01334   0.06822   0.02892   1.16265   0.55228   0.85063   0.87436   0.24101   0.01496   0.64419  
 25 3729.6983   5171.173799  x:  0.03236   0.00000   0.01231   0.02561   0.00642   0.01274   0.00990   0.00761   0.00519   0.00123   0.00000   0.00237   0.00515   0.00175   0.00158   0.01208   0.06144   0.00340   0.00966   0.00000   0.00288   0.00754   0.01870   0.00986   0.01519   0.00451   0.00833   0.01901   0.00669   0.01288   0.00572   0.01880   0.00888   0.02684   0.00186   0.00494   0.00192   0.04399   0.04109   0.01711   0.02227   0.03192   0.02544   0.00804   0.00860   0.00000   0.01347   0.06912   0.03008   1.16458   0.55313   0.85080   0.87377   0.24338   0.00000   0.64240  
 26 6188.4311   5170.755226  x:  0.03193   0.00000   0.01239   0.02593   0.00709   0.01308   0.00990   0.00811   0.00506   0.00126   0.00000   0.00247   0.00446   0.00251   0.00161   0.01240   0.06236   0.00365   0.01025   0.00000   0.00238   0.00805   0.01876   0.00989   0.01319   0.00488   0.00882   0.01908   0.00761   0.01243   0.00596   0.01868   0.00883   0.02700   0.00171   0.00534   0.00194   0.04596   0.04131   0.01738   0.02178   0.03303   0.02602   0.00879   0.00837   0.00000   0.01369   0.06975   0.03073   1.16594   0.55373   0.85093   0.87335   0.24508   0.00000   0.64112  
 27 696.7178   5170.386406  x:  0.03160   0.00000   0.01238   0.02611   0.00734   0.01332   0.00991   0.00881   0.00562   0.00125   0.00000   0.00245   0.00359   0.00194   0.00154   0.01263   0.06330   0.00367   0.01051   0.00000   0.00215   0.00841   0.01884   0.00994   0.01206   0.00428   0.00887   0.01914   0.00830   0.01226   0.00603   0.01873   0.00876   0.02722   0.00157   0.00536   0.00155   0.04782   0.04156   0.01754   0.02135   0.03406   0.02646   0.00963   0.00921   0.00000   0.01404   0.07043   0.03120   1.16746   0.55440   0.85106   0.87289   0.24699   0.00000   0.63967  
 28 574.7447   5169.715064  x:  0.03128   0.00000   0.01218   0.02542   0.00778   0.01340   0.00930   0.00826   0.00440   0.00128   0.00000   0.00253   0.00252   0.00205   0.00149   0.01319   0.06573   0.00305   0.01087   0.00000   0.00275   0.00889   0.01901   0.00992   0.01327   0.00382   0.00932   0.01929   0.00993   0.01268   0.00621   0.01933   0.00853   0.02791   0.00159   0.00582   0.00162   0.05075   0.04217   0.01747   0.02056   0.03614   0.02643   0.00854   0.01057   0.00000   0.01478   0.07217   0.03123   1.17206   0.55646   0.85144   0.87149   0.25290   0.00000   0.63528  
 29 288.1028   5168.522309  x:  0.03108   0.00000   0.01191   0.02350   0.00823   0.01329   0.00889   0.00820   0.00614   0.00137   0.00000   0.00277   0.00349   0.00202   0.00166   0.01394   0.07042   0.00444   0.01112   0.00000   0.00180   0.00895   0.01921   0.00990   0.01684   0.00530   0.00993   0.01946   0.01167   0.01273   0.00631   0.02038   0.00817   0.02917   0.00151   0.00626   0.00164   0.05537   0.04326   0.01709   0.01945   0.03980   0.02566   0.00763   0.01067   0.00000   0.01549   0.07548   0.03053   1.18207   0.56095   0.85228   0.86844   0.26579   0.00000   0.62575  
 30 837.2367   5166.951394  x:  0.03156   0.00000   0.01218   0.02093   0.00774   0.01327   0.00982   0.00926   0.00450   0.00138   0.00000   0.00280   0.00407   0.00172   0.00159   0.01402   0.07557   0.00339   0.01092   0.00000   0.00168   0.00830   0.01922   0.00988   0.01975   0.00519   0.01052   0.01947   0.01179   0.01144   0.00648   0.02058   0.00795   0.03008   0.00156   0.00543   0.00133   0.05845   0.04422   0.01657   0.01928   0.04321   0.02371   0.01070   0.00814   0.00000   0.01500   0.07892   0.02861   1.19601   0.56722   0.85341   0.86420   0.28386   0.00000   0.61263  
 31 965.8047   5163.590923  x:  0.03359   0.00000   0.01395   0.01760   0.00766   0.01364   0.01005   0.00716   0.00624   0.00131   0.00000   0.00264   0.00220   0.00185   0.00136   0.01276   0.08316   0.00446   0.01143   0.00000   0.00350   0.00826   0.01852   0.00986   0.01665   0.00342   0.01305   0.01911   0.00998   0.00847   0.00709   0.01857   0.00885   0.02970   0.00176   0.00570   0.00140   0.05732   0.04454   0.01635   0.02157   0.04683   0.01849   0.00968   0.00749   0.00000   0.01248   0.08312   0.02372   1.22793   0.58165   0.85596   0.85448   0.32541   0.00000   0.58309  
 32 1041.7774   5159.725952  x:  0.03535   0.00000   0.01465   0.01776   0.00625   0.01350   0.01008   0.00798   0.00529   0.00134   0.00000   0.00271   0.00576   0.00183   0.00158   0.01106   0.08963   0.00214   0.01040   0.00000   0.00276   0.00754   0.01774   0.00986   0.01089   0.00561   0.01266   0.01856   0.00828   0.01019   0.00647   0.01641   0.00885   0.02805   0.00198   0.00506   0.00154   0.05526   0.04411   0.01660   0.02450   0.04939   0.01502   0.00758   0.01055   0.00000   0.01131   0.08590   0.02074   1.26642   0.59908   0.85901   0.84274   0.37562   0.00000   0.54779  
 33 2728.4627   5156.691295  x:  0.03597   0.00000   0.01390   0.02042   0.00622   0.01304   0.00950   0.00783   0.00286   0.00133   0.00000   0.00254   0.00678   0.00140   0.00164   0.01059   0.09266   0.00614   0.00943   0.00000   0.00320   0.00770   0.01738   0.00986   0.00847   0.00468   0.01045   0.01818   0.00712   0.01332   0.00538   0.01608   0.00777   0.02619   0.00202   0.00536   0.00119   0.05270   0.04301   0.01698   0.02647   0.04998   0.01516   0.00736   0.00970   0.00000   0.01217   0.08612   0.02136   1.29953   0.61411   0.86162   0.83263   0.41887   0.00000   0.51782  
 34 3171.9740   5151.578922  x:  0.03554   0.00000   0.01194   0.02553   0.00757   0.01255   0.00797   0.00617   0.00502   0.00125   0.00000   0.00238   0.00496   0.00127   0.00156   0.01133   0.09467   0.00332   0.00959   0.00000   0.00279   0.00830   0.01708   0.00994   0.00772   0.00427   0.00809   0.01789   0.00637   0.01654   0.00481   0.01670   0.00620   0.02343   0.00165   0.00651   0.00100   0.04761   0.04061   0.01767   0.02821   0.04945   0.01787   0.00725   0.00524   0.00000   0.01397   0.08425   0.02492   1.34981   0.63696   0.86554   0.81726   0.48452   0.00000   0.47288  
 35 4936.4257   5146.848362  x:  0.03256   0.00000   0.01068   0.03047   0.00844   0.01281   0.00862   0.00585   0.00408   0.00120   0.00000   0.00236   0.00470   0.00120   0.00163   0.01248   0.09260   0.00317   0.01145   0.00000   0.00209   0.00750   0.01713   0.00995   0.01063   0.00545   0.00961   0.01776   0.00365   0.01098   0.00625   0.01669   0.00810   0.02252   0.00153   0.00709   0.00105   0.04378   0.03770   0.01829   0.02731   0.04745   0.02315   0.00749   0.00771   0.00000   0.01305   0.07941   0.03081   1.39826   0.65902   0.86929   0.80243   0.54764   0.00000   0.43089  
 36 3294.1406   5144.710599  x:  0.03000   0.00000   0.01136   0.03096   0.00740   0.01266   0.00961   0.00862   0.00443   0.00126   0.00000   0.00253   0.00564   0.00126   0.00163   0.01216   0.08891   0.00342   0.01171   0.00000   0.00373   0.00723   0.01721   0.00985   0.01122   0.00454   0.01199   0.01790   0.00790   0.00979   0.00663   0.01658   0.00950   0.02358   0.00203   0.00624   0.00118   0.04220   0.03649   0.01781   0.02474   0.04530   0.02519   0.00631   0.00727   0.00000   0.01117   0.07543   0.03279   1.42277   0.67022   0.87114   0.79491   0.57945   0.00000   0.41090  
 37 2340.2087   5142.964475  x:  0.02781   0.00000   0.01226   0.02915   0.00674   0.01256   0.00930   0.00552   0.00472   0.00131   0.00000   0.00269   0.00704   0.00131   0.00174   0.01108   0.08372   0.00348   0.01057   0.00000   0.00416   0.00735   0.01722   0.00981   0.01043   0.00461   0.01292   0.01780   0.01090   0.00887   0.00560   0.01659   0.00876   0.02510   0.00230   0.00551   0.00123   0.04275   0.03636   0.01664   0.02092   0.04289   0.02594   0.00840   0.00812   0.00000   0.01098   0.07153   0.03288   1.44119   0.67868   0.87248   0.78925   0.60320   0.00000   0.39745  
 38 1590.0090   5141.204093  x:  0.02653   0.00000   0.01230   0.02488   0.00755   0.01215   0.00884   0.00652   0.00418   0.00128   0.00000   0.00259   0.00620   0.00121   0.00181   0.01018   0.07572   0.00319   0.00902   0.00000   0.00334   0.00781   0.01704   0.00987   0.00919   0.00471   0.01147   0.01727   0.01010   0.00690   0.00442   0.01618   0.00752   0.02668   0.00196   0.00610   0.00100   0.04591   0.03727   0.01521   0.01616   0.03977   0.02578   0.00683   0.00750   0.00000   0.01294   0.06721   0.03123   1.46021   0.68748   0.87378   0.78339   0.62749   0.00000   0.38580  
 39 1188.2166   5139.976138  x:  0.02670   0.00000   0.01165   0.02135   0.00782   0.01248   0.00983   0.00597   0.00406   0.00129   0.00000   0.00260   0.00544   0.00108   0.00181   0.01092   0.06742   0.00328   0.01060   0.00000   0.00286   0.00715   0.01676   0.00989   0.00873   0.00492   0.01047   0.01706   0.00881   0.00944   0.00729   0.01564   0.00827   0.02681   0.00172   0.00631   0.00081   0.05104   0.03834   0.01540   0.01516   0.03739   0.02569   0.00660   0.00723   0.00000   0.01179   0.06425   0.02920   1.47520   0.69449   0.87473   0.77875   0.64633   0.00000   0.37914  
 40 835.0755   5138.968117  x:  0.02810   0.00000   0.01183   0.02063   0.00717   0.01208   0.00788   0.00647   0.00393   0.00135   0.00000   0.00272   0.00501   0.00103   0.00178   0.01176   0.05953   0.00328   0.01160   0.00000   0.00246   0.00834   0.01655   0.00990   0.00953   0.00524   0.01263   0.01753   0.00910   0.00937   0.00531   0.01619   0.00819   0.02490   0.00168   0.00617   0.00075   0.05610   0.03892   0.01654   0.01881   0.03576   0.02504   0.00694   0.00719   0.00000   0.01152   0.06347   0.02712   1.48778   0.70044   0.87542   0.77484   0.66165   0.00000   0.37737  
 41 462.7390   5138.375555  x:  0.02899   0.00000   0.01187   0.02205   0.00816   0.01247   0.01024   0.00627   0.00408   0.00135   0.00000   0.00280   0.00446   0.00104   0.00185   0.01117   0.05573   0.00330   0.01031   0.00000   0.00246   0.00703   0.01673   0.00989   0.01003   0.00541   0.01387   0.01743   0.01025   0.00891   0.00551   0.01653   0.00749   0.02381   0.00167   0.00646   0.00079   0.05812   0.03853   0.01642   0.02035   0.03492   0.02355   0.00682   0.00739   0.00000   0.01304   0.06469   0.02650   1.49614   0.70447   0.87577   0.77222   0.67145   0.00000   0.37965  
 42 317.4848   5136.702282  x:  0.02931   0.00000   0.01005   0.02644   0.00762   0.01173   0.00779   0.00656   0.00418   0.00138   0.00000   0.00283   0.00461   0.00108   0.00190   0.01031   0.05034   0.00334   0.00859   0.00000   0.00234   0.00869   0.01734   0.00988   0.01060   0.00521   0.01364   0.01662   0.01087   0.00796   0.00940   0.01620   0.00793   0.02495   0.00170   0.00653   0.00085   0.05998   0.03634   0.01461   0.01944   0.03291   0.01850   0.00737   0.00718   0.00000   0.01303   0.07005   0.02716   1.52120   0.71675   0.87656   0.76432   0.70016   0.00000   0.39409  
 43 384.4916   5132.103992  x:  0.02736   0.00000   0.01330   0.03004   0.00776   0.01318   0.00902   0.00649   0.00398   0.00135   0.00000   0.00268   0.00364   0.00113   0.00166   0.01287   0.04437   0.00340   0.01464   0.00000   0.00173   0.00767   0.01735   0.00990   0.01128   0.00523   0.00928   0.01775   0.01018   0.00879   0.00448   0.01691   0.00716   0.02868   0.00132   0.00514   0.00108   0.06016   0.03326   0.01399   0.01576   0.02834   0.01331   0.00688   0.00730   0.00000   0.01042   0.08029   0.02941   1.58987   0.75053   0.87853   0.74260   0.77850   0.00000   0.43995  
 44 1138.8672   5114.025261  x:  0.02159   0.00000   0.01122   0.01804   0.00237   0.01403   0.00764   0.00774   0.00489   0.00135   0.00000   0.00249   0.00384   0.00179   0.00117   0.01338   0.03872   0.00400   0.01501   0.00000   0.00305   0.00337   0.01537   0.00976   0.01041   0.00446   0.00766   0.02049   0.00899   0.01062   0.00523   0.01720   0.00951   0.03645   0.00127   0.00373   0.00259   0.05347   0.03505   0.02184   0.01723   0.01646   0.03059   0.00812   0.00793   0.00000   0.02007   0.10068   0.03069   1.86830   0.88758   0.88618   0.65441   1.09651   0.00000   0.63535  
 45 2961.0643   5108.560652  x:  0.02199   0.00000   0.01172   0.01585   0.00468   0.01373   0.00924   0.00769   0.00490   0.00131   0.00000   0.00242   0.00343   0.00192   0.00107   0.01258   0.03830   0.00398   0.01254   0.00000   0.00215   0.00700   0.01554   0.00978   0.01128   0.00438   0.00659   0.02053   0.00878   0.01142   0.00520   0.01724   0.01005   0.03700   0.00102   0.00090   0.00285   0.05241   0.03633   0.02268   0.01752   0.01524   0.03519   0.00779   0.00837   0.00000   0.01870   0.10258   0.03108   1.94021   0.92298   0.88812   0.63163   1.17888   0.00000   0.68634  
 46 12054.2595   5102.197673  x:  0.02313   0.00000   0.01304   0.01400   0.00428   0.01291   0.01171   0.00767   0.00488   0.00123   0.00000   0.00229   0.00156   0.00204   0.00112   0.01111   0.03826   0.00381   0.00779   0.00000   0.00040   0.01061   0.01612   0.00985   0.01282   0.00462   0.00442   0.02035   0.00886   0.01251   0.00431   0.01730   0.01059   0.03710   0.00040   0.00326   0.00312   0.05170   0.03834   0.02300   0.01757   0.01482   0.04095   0.00776   0.00904   0.00000   0.01423   0.10318   0.03163   2.03410   0.96920   0.89061   0.60190   1.28655   0.00000   0.75321  
 47 28374.1762   5092.534658  x:  0.02851   0.00000   0.01286   0.01512   0.00498   0.01191   0.00970   0.00941   0.00535   0.00118   0.00000   0.00223   0.00018   0.00235   0.00086   0.01301   0.03972   0.00413   0.00584   0.00000   0.00075   0.00729   0.01768   0.00981   0.01380   0.00439   0.00583   0.01881   0.00777   0.01389   0.00458   0.01866   0.00617   0.03324   0.00056   0.00271   0.00367   0.05077   0.04245   0.01955   0.01333   0.01977   0.04422   0.00829   0.01024   0.00000   0.01023   0.09559   0.03089   2.15015   1.02631   0.89355   0.56523   1.42029   0.00000   0.83703  
 48 7979.2456   5087.438389  x:  0.03342   0.00000   0.01277   0.01549   0.00219   0.01384   0.01049   0.00996   0.00554   0.00118   0.00000   0.00220   0.00092   0.00258   0.00060   0.01673   0.04082   0.00438   0.00705   0.00000   0.00098   0.00866   0.01906   0.00975   0.01433   0.00387   0.00295   0.01817   0.00960   0.01193   0.00651   0.02083   0.00389   0.02849   0.00081   0.00252   0.00407   0.04924   0.04582   0.01662   0.01112   0.02457   0.04475   0.00836   0.01105   0.00000   0.01082   0.08809   0.02988   2.23422   1.06768   0.89561   0.53872   1.51743   0.00000   0.89806  
 49 14056.3286   5084.065293  x:  0.03425   0.00000   0.01210   0.01720   0.00181   0.01509   0.01044   0.00966   0.00557   0.00122   0.00000   0.00218   0.00071   0.00265   0.00053   0.01701   0.04331   0.00438   0.00800   0.00000   0.00078   0.00830   0.01921   0.00974   0.01492   0.00386   0.00126   0.01822   0.01046   0.01217   0.00514   0.02138   0.01043   0.02752   0.00082   0.00232   0.00426   0.05010   0.04743   0.01369   0.01146   0.02766   0.04169   0.00903   0.01079   0.00000   0.01421   0.07924   0.02927   2.28708   1.09369   0.89673   0.52223   1.57910   0.00000   0.93706  
 50 4571.1168   5083.404969  x:  0.03401   0.00000   0.01182   0.01750   0.00102   0.01545   0.01111   0.00963   0.00563   0.00121   0.00000   0.00218   0.00065   0.00267   0.00047   0.01733   0.04409   0.00439   0.00806   0.00000   0.00075   0.00907   0.01913   0.00974   0.01503   0.00384   0.00213   0.01838   0.00979   0.01279   0.00485   0.02151   0.01111   0.02748   0.00085   0.00231   0.00430   0.05045   0.04761   0.01334   0.01130   0.02797   0.04050   0.00910   0.01069   0.00000   0.01520   0.07721   0.02961   2.29742   1.09878   0.89691   0.51905   1.59128   0.00000   0.94481  
 51 4232.2798   5080.993510  x:  0.02827   0.00000   0.01064   0.01640   0.00109   0.01571   0.01152   0.00996   0.00575   0.00121   0.00000   0.00218   0.00061   0.00276   0.00030   0.02045   0.04859   0.00451   0.00570   0.00000   0.00081   0.00929   0.01729   0.00972   0.01551   0.00366   0.00177   0.02175   0.00977   0.01260   0.00612   0.02148   0.00923   0.02732   0.00075   0.00231   0.00442   0.05288   0.04711   0.01728   0.01483   0.02741   0.03162   0.00915   0.01088   0.00000   0.01601   0.06705   0.03322   2.33457   1.11710   0.89717   0.50809   1.63620   0.00000   0.97389  
 52 1484.6495   5080.553192  x:  0.02793   0.00000   0.01106   0.01589   0.00089   0.01443   0.01162   0.01005   0.00576   0.00122   0.00000   0.00221   0.00049   0.00275   0.00035   0.01872   0.05013   0.00455   0.00738   0.00000   0.00073   0.00934   0.01778   0.00972   0.01588   0.00371   0.00160   0.01993   0.01021   0.01238   0.00660   0.02116   0.00817   0.02689   0.00073   0.00229   0.00441   0.05401   0.04662   0.01733   0.01585   0.02584   0.03059   0.00915   0.01099   0.00000   0.01648   0.06528   0.03434   2.34198   1.12077   0.89684   0.50640   1.64630   0.00000   0.98068  
 53 353.8482   5079.481397  x:  0.02980   0.00000   0.01113   0.01384   0.00132   0.01582   0.01077   0.01015   0.00572   0.00127   0.00000   0.00228   0.00059   0.00272   0.00035   0.01936   0.05310   0.00455   0.00709   0.00000   0.00079   0.00855   0.01922   0.00972   0.01575   0.00388   0.00209   0.01645   0.01110   0.01214   0.00627   0.02213   0.00928   0.02474   0.00082   0.00234   0.00438   0.05606   0.04555   0.01698   0.01599   0.02132   0.02933   0.00927   0.01107   0.00000   0.01631   0.06344   0.03733   2.36094   1.13019   0.89535   0.50287   1.67400   0.00000   0.99963  
 54 501.7515   5076.479882  x:  0.03398   0.00000   0.01110   0.01699   0.00244   0.01293   0.01086   0.01000   0.00574   0.00132   0.00000   0.00248   0.00063   0.00260   0.00054   0.01714   0.05727   0.00458   0.00982   0.00000   0.00080   0.00843   0.01659   0.00972   0.01669   0.00435   0.00279   0.02432   0.01280   0.01117   0.00738   0.02000   0.00902   0.02576   0.00091   0.00265   0.00423   0.05913   0.04444   0.01556   0.01481   0.01725   0.03136   0.00957   0.01123   0.00000   0.01735   0.05860   0.03458   2.41872   1.15881   0.88939   0.49408   1.76242   0.00000   1.06035  
 55 723.2921   5072.952003  x:  0.02678   0.00000   0.01053   0.02025   0.00375   0.01224   0.01162   0.00996   0.00580   0.00132   0.00000   0.00253   0.00072   0.00251   0.00070   0.01573   0.05433   0.00458   0.01190   0.00000   0.00079   0.00900   0.01631   0.00974   0.01788   0.00461   0.00366   0.01848   0.01288   0.01162   0.00707   0.01902   0.00807   0.03023   0.00081   0.00291   0.00405   0.05749   0.04178   0.01802   0.01663   0.02861   0.03354   0.00959   0.01105   0.00000   0.01807   0.05428   0.02830   2.48544   1.19165   0.88149   0.48541   1.86657   0.00000   1.13180  
 56 1339.3643   5072.760547  x:  0.02525   0.00000   0.01059   0.01920   0.00388   0.01180   0.01154   0.01005   0.00579   0.00131   0.00000   0.00252   0.00073   0.00251   0.00076   0.01444   0.05357   0.00458   0.01222   0.00000   0.00083   0.00893   0.01705   0.00974   0.01775   0.00462   0.00377   0.01975   0.01246   0.01190   0.00715   0.01971   0.00841   0.02835   0.00089   0.00294   0.00405   0.05702   0.04207   0.01692   0.01667   0.03014   0.03326   0.00960   0.01107   0.00000   0.01802   0.05476   0.02942   2.48865   1.19302   0.88059   0.48584   1.87237   0.00000   1.13546  
 57 164.3546   5072.710287  x:  0.02551   0.00000   0.01060   0.01892   0.00387   0.01206   0.01143   0.01006   0.00582   0.00131   0.00000   0.00252   0.00074   0.00251   0.00078   0.01402   0.05321   0.00459   0.01231   0.00000   0.00085   0.00891   0.01599   0.00974   0.01800   0.00461   0.00378   0.01964   0.01257   0.01198   0.00703   0.01889   0.00845   0.02801   0.00090   0.00296   0.00405   0.05682   0.04273   0.01706   0.01651   0.03067   0.03301   0.00964   0.01108   0.00000   0.01810   0.05497   0.03041   2.48902   1.19278   0.87950   0.48747   1.87454   0.00000   1.13626  
 58 39.8391   5072.520528  x:  0.02662   0.00000   0.01094   0.01875   0.00385   0.01068   0.01169   0.00992   0.00583   0.00131   0.00000   0.00252   0.00078   0.00251   0.00077   0.01455   0.05260   0.00458   0.01225   0.00000   0.00088   0.00875   0.01686   0.00974   0.01773   0.00466   0.00381   0.01967   0.01267   0.01189   0.00702   0.01890   0.00880   0.02932   0.00087   0.00295   0.00407   0.05623   0.04530   0.01772   0.01685   0.03111   0.03232   0.00970   0.01111   0.00000   0.01841   0.05531   0.03220   2.48917   1.19023   0.87302   0.49784   1.88458   0.00000   1.13879  
 59 65.3719   5072.035830  x:  0.02641   0.00000   0.00990   0.01942   0.00383   0.01348   0.01130   0.01011   0.00579   0.00131   0.00000   0.00253   0.00074   0.00248   0.00080   0.01329   0.05264   0.00460   0.01260   0.00000   0.00080   0.00871   0.01800   0.00974   0.01768   0.00475   0.00379   0.02003   0.01275   0.01165   0.00707   0.01985   0.00792   0.03102   0.00081   0.00291   0.00408   0.05619   0.04875   0.01746   0.01791   0.03025   0.03211   0.00949   0.01104   0.00000   0.01772   0.05569   0.03267   2.48886   1.18267   0.85483   0.52707   1.91166   0.00000   1.14525  
 60 348.8631   5070.968462  x:  0.02337   0.00000   0.01220   0.02052   0.00378   0.01292   0.01112   0.01021   0.00578   0.00132   0.00000   0.00255   0.00070   0.00246   0.00068   0.01575   0.05372   0.00462   0.01179   0.00000   0.00075   0.00900   0.01563   0.00974   0.01789   0.00479   0.00371   0.01886   0.01288   0.01150   0.00809   0.02051   0.00836   0.02819   0.00087   0.00291   0.00417   0.05748   0.04902   0.01641   0.01719   0.02808   0.03302   0.00953   0.01105   0.00000   0.01798   0.05706   0.03020   2.48769   1.16568   0.81457   0.59165   1.97070   0.00000   1.15914  
 61 807.0006   5070.456975  x:  0.02343   0.00000   0.00933   0.01970   0.00376   0.01179   0.01196   0.00999   0.00582   0.00133   0.00000   0.00257   0.00068   0.00249   0.00064   0.01650   0.05402   0.00465   0.01200   0.00000   0.00078   0.00915   0.01577   0.00973   0.01780   0.00475   0.00358   0.01888   0.01363   0.01115   0.00703   0.01962   0.00864   0.02676   0.00088   0.00292   0.00425   0.05806   0.04597   0.01713   0.01615   0.02810   0.03323   0.00964   0.01122   0.00000   0.01756   0.05749   0.02926   2.48704   1.15790   0.79632   0.62083   1.99730   0.00000   1.16538  
 62 1071.0903   5070.188335  x:  0.02490   0.00000   0.01043   0.01861   0.00363   0.01246   0.01150   0.01006   0.00583   0.00135   0.00000   0.00257   0.00068   0.00248   0.00065   0.01617   0.05386   0.00467   0.01173   0.00000   0.00074   0.00910   0.01674   0.00973   0.01802   0.00481   0.00351   0.01974   0.01353   0.01140   0.00725   0.01894   0.00856   0.02704   0.00085   0.00288   0.00431   0.05858   0.04171   0.01801   0.01582   0.02926   0.03359   0.00965   0.01117   0.00000   0.01810   0.05719   0.02958   2.48657   1.15353   0.78626   0.63683   2.01195   0.00000   1.16877  
 63 499.1296   5069.753959  x:  0.02550   0.00000   0.01070   0.01812   0.00358   0.01259   0.01141   0.01008   0.00582   0.00135   0.00000   0.00258   0.00067   0.00248   0.00065   0.01609   0.05378   0.00467   0.01165   0.00000   0.00073   0.00906   0.01668   0.00973   0.01797   0.00483   0.00349   0.01998   0.01348   0.01145   0.00733   0.01907   0.00850   0.02736   0.00085   0.00286   0.00434   0.05876   0.04011   0.01800   0.01591   0.02972   0.03375   0.00964   0.01117   0.00000   0.01821   0.05708   0.02982   2.48638   1.15201   0.78284   0.64222   2.01694   0.00455   1.16992  
 64 434.7515   5069.743820  x:  0.02569   0.00000   0.01064   0.01793   0.00358   0.01252   0.01145   0.01009   0.00580   0.00135   0.00000   0.00258   0.00067   0.00248   0.00065   0.01611   0.05374   0.00466   0.01165   0.00000   0.00073   0.00904   0.01631   0.00973   0.01785   0.00484   0.00349   0.01997   0.01346   0.01143   0.00735   0.01945   0.00844   0.02763   0.00085   0.00286   0.00434   0.05880   0.03971   0.01770   0.01612   0.02986   0.03380   0.00962   0.01118   0.00000   0.01816   0.05704   0.02999   2.48620   1.15169   0.78233   0.64295   2.01786   0.00449   1.17011  
 65 36.6280   5069.668841  x:  0.02543   0.00000   0.01059   0.01767   0.00359   0.01263   0.01146   0.01006   0.00584   0.00135   0.00000   0.00258   0.00067   0.00248   0.00062   0.01688   0.05370   0.00468   0.01154   0.00000   0.00074   0.00902   0.01668   0.00973   0.01788   0.00483   0.00349   0.02002   0.01353   0.01148   0.00723   0.01818   0.00813   0.02794   0.00088   0.00286   0.00435   0.05884   0.03951   0.01639   0.01685   0.02977   0.03403   0.00959   0.01121   0.00000   0.01820   0.05738   0.03019   2.47963   1.14736   0.78253   0.63886   2.02454   0.00465   1.17083  
 66  7.2108   5067.297881  x:  0.02493   0.00000   0.01062   0.01650   0.00316   0.01314   0.01074   0.01011   0.00579   0.00136   0.00000   0.00256   0.00064   0.00240   0.00063   0.01629   0.05313   0.00474   0.01105   0.00000   0.00078   0.00848   0.01614   0.00971   0.01750   0.00496   0.00326   0.01964   0.01333   0.01167   0.00693   0.01901   0.00801   0.02826   0.00083   0.00267   0.00477   0.05868   0.03672   0.01850   0.01619   0.02729   0.03346   0.00957   0.01109   0.00000   0.01764   0.06721   0.02985   2.26841   1.00915   0.79140   0.50327   2.23604   0.00990   1.19290  
 67 305.1295   5058.512940  x:  0.02535   0.00000   0.01108   0.01827   0.00298   0.01101   0.00959   0.01163   0.00640   0.00125   0.00000   0.00204   0.00105   0.00275   0.00070   0.00911   0.05945   0.00482   0.00849   0.00000   0.00184   0.00761   0.01633   0.00966   0.01977   0.00369   0.00291   0.01709   0.00584   0.01888   0.00325   0.01872   0.00701   0.03116   0.00094   0.00286   0.00528   0.04066   0.03684   0.01611   0.01741   0.02166   0.02890   0.01068   0.01154   0.00000   0.01595   0.06688   0.02542   2.34929   0.73437   0.47756   0.34318   2.33859   0.01145   1.22461  
 68  3.3287   5055.346819  x:  0.02589   0.00000   0.01106   0.01833   0.00285   0.00994   0.00912   0.01221   0.00667   0.00121   0.00000   0.00181   0.00120   0.00295   0.00073   0.00705   0.06229   0.00480   0.00729   0.00000   0.00232   0.00747   0.01617   0.00964   0.02063   0.00300   0.00270   0.01623   0.00272   0.02175   0.00189   0.01846   0.00685   0.03080   0.00111   0.00302   0.00554   0.03128   0.03335   0.01510   0.01744   0.01983   0.02670   0.01120   0.01182   0.00000   0.01548   0.06508   0.02237   2.34763   0.75218   0.76292   0.51406   2.40159   0.01233   1.25588  
 69  7.7100   5050.426072  x:  0.02804   0.00000   0.01123   0.01788   0.00298   0.01019   0.00840   0.01212   0.00673   0.00120   0.00000   0.00169   0.00126   0.00299   0.00081   0.00820   0.06588   0.00449   0.00691   0.00000   0.00279   0.00811   0.01614   0.00967   0.02003   0.00258   0.00288   0.01631   0.00227   0.02147   0.00344   0.01856   0.00722   0.02889   0.00142   0.00353   0.00582   0.01556   0.03405   0.01426   0.01909   0.02043   0.02275   0.01129   0.01200   0.00000   0.01537   0.06547   0.01952   2.08513   1.29889   0.72427   0.60341   2.49773   0.01474   1.29646  
 70  4.9040   5045.972403  x:  0.03061   0.00000   0.01094   0.01547   0.00328   0.01180   0.00742   0.01198   0.00669   0.00130   0.00000   0.00175   0.00120   0.00338   0.00073   0.01422   0.06019   0.00385   0.00724   0.00000   0.00307   0.00899   0.01587   0.00971   0.01931   0.00239   0.00316   0.01756   0.00467   0.01887   0.00499   0.01891   0.00790   0.02528   0.00158   0.00422   0.00522   0.01463   0.03748   0.01362   0.02107   0.02043   0.01358   0.01171   0.01282   0.00000   0.01547   0.06076   0.01829   2.23977   0.85450   0.80602   0.56926   2.65756   0.01899   1.43510  
 71  1.0709   5044.342926  x:  0.03188   0.00000   0.01074   0.01507   0.00349   0.01145   0.00656   0.01198   0.00652   0.00134   0.00000   0.00182   0.00131   0.00348   0.00083   0.01427   0.06076   0.00364   0.00707   0.00000   0.00286   0.00839   0.01571   0.00967   0.01942   0.00297   0.00343   0.01767   0.00583   0.01795   0.00489   0.01858   0.00801   0.02392   0.00163   0.00417   0.00520   0.02325   0.03810   0.01305   0.02192   0.02171   0.01124   0.01208   0.01330   0.00000   0.01422   0.05914   0.01802   2.08623   1.10223   0.78672   0.61509   2.74397   0.02132   1.49351  
 72  1.3493   5041.238072  x:  0.03388   0.00000   0.01071   0.01517   0.00437   0.01172   0.00764   0.01145   0.00572   0.00133   0.00000   0.00183   0.00142   0.00353   0.00113   0.01353   0.05793   0.00247   0.00793   0.00000   0.00287   0.01008   0.01629   0.00971   0.01935   0.00378   0.00414   0.01683   0.00808   0.01462   0.00553   0.01831   0.00811   0.02371   0.00162   0.00500   0.00414   0.02333   0.03797   0.01320   0.02296   0.02458   0.01953   0.01232   0.01441   0.00000   0.01114   0.06137   0.02275   2.15174   1.05742   0.75511   0.60493   2.91609   0.02660   1.73368  
 73  0.4153   5037.843310  x:  0.03259   0.00000   0.00942   0.01603   0.00601   0.00979   0.00655   0.01204   0.00538   0.00128   0.00000   0.00149   0.00158   0.00408   0.00126   0.01207   0.05754   0.00324   0.00765   0.00000   0.00151   0.00857   0.01580   0.00979   0.01973   0.00435   0.00517   0.01657   0.00396   0.01536   0.00600   0.01775   0.00578   0.02661   0.00111   0.00454   0.00295   0.01853   0.03980   0.01368   0.02150   0.02783   0.01487   0.01280   0.01553   0.00000   0.01312   0.06061   0.02297   2.12149   0.85820   0.66038   0.54961   3.07970   0.02914   1.97661  
 74  0.3771   5035.884159  x:  0.03099   0.00000   0.01010   0.01632   0.00674   0.01079   0.00903   0.01148   0.00531   0.00125   0.00000   0.00133   0.00154   0.00420   0.00142   0.01178   0.05875   0.00363   0.00717   0.00000   0.00232   0.01118   0.01616   0.00977   0.02055   0.00328   0.00536   0.01684   0.00353   0.01503   0.00636   0.01846   0.00640   0.02916   0.00109   0.00563   0.00164   0.02046   0.03883   0.01437   0.02121   0.02307   0.01483   0.01271   0.01598   0.00000   0.01511   0.06134   0.01783   2.13773   0.86086   0.68173   0.56843   3.11843   0.02943   2.17126  
 75  0.2774   5034.321743  x:  0.02945   0.00000   0.01031   0.01773   0.00685   0.01074   0.00804   0.01101   0.00534   0.00127   0.00000   0.00126   0.00171   0.00433   0.00140   0.01177   0.06028   0.00356   0.00510   0.00000   0.00203   0.00953   0.01611   0.00976   0.02113   0.00286   0.00540   0.01686   0.00642   0.01420   0.00509   0.01837   0.00770   0.02725   0.00099   0.00527   0.00093   0.01807   0.03772   0.01322   0.02071   0.01972   0.01473   0.01269   0.01657   0.00000   0.01286   0.05847   0.01876   2.09429   0.87824   0.73161   0.57423   3.14182   0.02885   2.34797  
 76  0.2498   5032.572994  x:  0.02854   0.00000   0.01014   0.01601   0.00716   0.01186   0.00666   0.01134   0.00594   0.00126   0.00000   0.00124   0.00166   0.00497   0.00127   0.01320   0.06163   0.00306   0.00660   0.00000   0.00186   0.00865   0.01605   0.00965   0.02106   0.00285   0.00531   0.01818   0.00364   0.01726   0.00363   0.01959   0.00798   0.02465   0.00105   0.00488   0.00135   0.02107   0.03861   0.01258   0.01936   0.02244   0.01614   0.01197   0.01647   0.00000   0.01398   0.06045   0.02218   2.10056   0.83059   0.81383   0.57009   3.05328   0.02818   2.54323  
 77  0.1527   5031.344871  x:  0.02985   0.00000   0.01025   0.01562   0.00722   0.01091   0.00682   0.01130   0.00629   0.00133   0.00000   0.00141   0.00167   0.00552   0.00125   0.01073   0.06152   0.00314   0.00658   0.00000   0.00186   0.00808   0.01618   0.00952   0.02171   0.00320   0.00503   0.01768   0.00493   0.01699   0.00567   0.01900   0.00765   0.02474   0.00102   0.00454   0.00181   0.02302   0.03908   0.01418   0.02065   0.02241   0.01703   0.01157   0.01636   0.00000   0.01331   0.06243   0.02003   2.14486   0.67228   0.87987   0.56044   3.06183   0.03153   2.80494  
 78  0.2767   5030.001836  x:  0.03143   0.00000   0.01037   0.01597   0.00725   0.01083   0.00887   0.01116   0.00662   0.00137   0.00000   0.00156   0.00163   0.00611   0.00117   0.01104   0.06244   0.00322   0.00664   0.00000   0.00240   0.00924   0.01686   0.00934   0.02211   0.00335   0.00450   0.01692   0.00522   0.01748   0.00493   0.01866   0.00727   0.02713   0.00116   0.00465   0.00237   0.02231   0.03990   0.01649   0.02244   0.02187   0.01547   0.01131   0.01599   0.00000   0.01353   0.06396   0.02156   2.11882   0.82518   0.85587   0.54924   3.08759   0.03724   3.17470  
 79  0.5155   5029.133272  x:  0.03231   0.00000   0.01072   0.01712   0.00726   0.01148   0.00831   0.01169   0.00657   0.00138   0.00000   0.00154   0.00161   0.00657   0.00089   0.01428   0.06306   0.00329   0.00584   0.00000   0.00250   0.00955   0.01714   0.00921   0.02237   0.00320   0.00407   0.01778   0.00356   0.01831   0.00451   0.01917   0.00741   0.02833   0.00128   0.00446   0.00234   0.02197   0.04030   0.01444   0.02267   0.02240   0.01675   0.01175   0.01557   0.00000   0.01342   0.06324   0.02021   2.21454   0.69453   0.81915   0.49624   3.13018   0.04224   3.54523  
 80  0.3505   5028.770449  x:  0.03185   0.00000   0.01065   0.01736   0.00719   0.01173   0.00738   0.01180   0.00632   0.00141   0.00000   0.00158   0.00153   0.00654   0.00075   0.01336   0.06366   0.00325   0.00679   0.00000   0.00247   0.00957   0.01713   0.00914   0.02248   0.00296   0.00393   0.01829   0.00523   0.01705   0.00501   0.01963   0.00783   0.02781   0.00131   0.00430   0.00210   0.02133   0.04013   0.01415   0.02270   0.02416   0.01617   0.01219   0.01513   0.00000   0.01418   0.06358   0.02117   2.26674   0.67605   0.79703   0.48067   3.12480   0.04386   3.76280  
 81  0.1958   5028.585382  x:  0.03105   0.00000   0.01058   0.01706   0.00667   0.01132   0.00754   0.01212   0.00611   0.00139   0.00000   0.00152   0.00148   0.00632   0.00052   0.01326   0.06354   0.00343   0.00627   0.00000   0.00228   0.00936   0.01703   0.00906   0.02259   0.00309   0.00368   0.01786   0.00487   0.01689   0.00568   0.01968   0.00779   0.02712   0.00128   0.00402   0.00226   0.02206   0.04064   0.01450   0.02194   0.02344   0.01627   0.01268   0.01483   0.00000   0.01394   0.06276   0.02204   2.22857   0.67524   0.78154   0.46085   3.17642   0.04552   3.92010  
 82  0.1012   5028.452221  x:  0.03070   0.00000   0.01034   0.01679   0.00606   0.01113   0.00748   0.01206   0.00600   0.00138   0.00000   0.00149   0.00143   0.00575   0.00025   0.01392   0.06429   0.00333   0.00643   0.00000   0.00217   0.00934   0.01689   0.00903   0.02237   0.00328   0.00364   0.01797   0.00512   0.01660   0.00532   0.01920   0.00754   0.02711   0.00123   0.00398   0.00222   0.02196   0.04094   0.01502   0.02206   0.02349   0.01677   0.01278   0.01476   0.00000   0.01376   0.06348   0.02037   2.23585   0.68932   0.77903   0.47334   3.19358   0.04521   3.99507  
 83  0.0411   5028.362577  x:  0.03060   0.00000   0.01039   0.01699   0.00554   0.01133   0.00768   0.01199   0.00599   0.00135   0.00000   0.00144   0.00137   0.00526   0.00004   0.01417   0.06414   0.00324   0.00651   0.00000   0.00224   0.00976   0.01699   0.00900   0.02212   0.00325   0.00367   0.01775   0.00476   0.01684   0.00534   0.01918   0.00754   0.02731   0.00122   0.00414   0.00214   0.02194   0.04049   0.01491   0.02233   0.02330   0.01606   0.01272   0.01480   0.00000   0.01392   0.06338   0.02124   2.25796   0.66090   0.79246   0.47776   3.21028   0.04491   4.03543  
 84  0.0695   5028.331570  x:  0.03083   0.00000   0.01048   0.01701   0.00540   0.01137   0.00760   0.01195   0.00603   0.00134   0.00000   0.00144   0.00137   0.00513   0.00000   0.01401   0.06389   0.00331   0.00650   0.00000   0.00224   0.00970   0.01699   0.00900   0.02208   0.00321   0.00373   0.01778   0.00470   0.01695   0.00529   0.01926   0.00759   0.02724   0.00123   0.00417   0.00217   0.02186   0.04052   0.01457   0.02240   0.02347   0.01615   0.01262   0.01486   0.00000   0.01390   0.06300   0.02116   2.25703   0.67076   0.79544   0.47544   3.21248   0.04469   4.02940  
 85  0.0245   5028.318018  x:  0.03122   0.00000   0.01056   0.01699   0.00531   0.01134   0.00752   0.01186   0.00609   0.00134   0.00000   0.00147   0.00138   0.00508   0.00000   0.01386   0.06360   0.00334   0.00648   0.00000   0.00222   0.00949   0.01698   0.00899   0.02214   0.00314   0.00386   0.01788   0.00470   0.01710   0.00514   0.01937   0.00765   0.02722   0.00123   0.00421   0.00222   0.02173   0.04037   0.01437   0.02237   0.02374   0.01617   0.01243   0.01493   0.00000   0.01388   0.06260   0.02120   2.24998   0.67491   0.80112   0.47419   3.21650   0.04467   4.01781  
 86  0.0137   5028.314407  x:  0.03125   0.00000   0.01054   0.01704   0.00528   0.01130   0.00755   0.01185   0.00609   0.00133   0.00000   0.00149   0.00139   0.00508   0.00000   0.01382   0.06368   0.00334   0.00647   0.00000   0.00221   0.00947   0.01696   0.00897   0.02224   0.00311   0.00395   0.01781   0.00460   0.01716   0.00523   0.01936   0.00758   0.02720   0.00123   0.00426   0.00222   0.02187   0.04038   0.01439   0.02230   0.02363   0.01621   0.01235   0.01491   0.00000   0.01389   0.06268   0.02123   2.25383   0.67911   0.80272   0.47723   3.21144   0.04470   4.02342  
 87  0.0054   5028.312043  x:  0.03125   0.00000   0.01053   0.01699   0.00525   0.01134   0.00758   0.01184   0.00607   0.00133   0.00000   0.00151   0.00140   0.00510   0.00000   0.01384   0.06369   0.00334   0.00650   0.00000   0.00220   0.00947   0.01697   0.00895   0.02230   0.00311   0.00403   0.01786   0.00464   0.01709   0.00520   0.01935   0.00757   0.02721   0.00124   0.00431   0.00222   0.02180   0.04050   0.01445   0.02226   0.02362   0.01620   0.01233   0.01488   0.00000   0.01387   0.06279   0.02120   2.25331   0.67400   0.80032   0.47449   3.21542   0.04505   4.03833  
 88  0.0132   5028.311411  x:  0.03119   0.00000   0.01055   0.01701   0.00523   0.01134   0.00757   0.01186   0.00608   0.00133   0.00000   0.00151   0.00140   0.00512   0.00000   0.01389   0.06370   0.00332   0.00647   0.00000   0.00219   0.00948   0.01699   0.00893   0.02228   0.00312   0.00406   0.01785   0.00469   0.01707   0.00521   0.01935   0.00759   0.02724   0.00124   0.00433   0.00223   0.02179   0.04038   0.01442   0.02227   0.02365   0.01620   0.01237   0.01488   0.00000   0.01389   0.06274   0.02123   2.25375   0.67331   0.79985   0.47403   3.21373   0.04506   4.03796  
 89  0.0011   5028.311004  x:  0.03120   0.00000   0.01055   0.01702   0.00522   0.01135   0.00758   0.01189   0.00609   0.00132   0.00000   0.00149   0.00140   0.00514   0.00000   0.01388   0.06372   0.00334   0.00649   0.00000   0.00218   0.00951   0.01699   0.00891   0.02226   0.00312   0.00408   0.01788   0.00468   0.01707   0.00522   0.01938   0.00759   0.02723   0.00124   0.00435   0.00223   0.02179   0.04047   0.01442   0.02230   0.02366   0.01620   0.01241   0.01489   0.00000   0.01388   0.06278   0.02123   2.25352   0.67409   0.80011   0.47378   3.21210   0.04500   4.03409  
 90  0.0020   5028.310708  x:  0.03125   0.00000   0.01055   0.01698   0.00520   0.01135   0.00758   0.01189   0.00609   0.00131   0.00000   0.00149   0.00140   0.00515   0.00000   0.01387   0.06374   0.00333   0.00648   0.00000   0.00218   0.00951   0.01699   0.00888   0.02231   0.00313   0.00407   0.01786   0.00469   0.01709   0.00521   0.01937   0.00758   0.02724   0.00124   0.00435   0.00224   0.02180   0.04046   0.01443   0.02229   0.02364   0.01622   0.01242   0.01490   0.00000   0.01391   0.06278   0.02121   2.25203   0.67473   0.80070   0.47508   3.21268   0.04499   4.03325  
 91  0.0008   5028.310323  x:  0.03126   0.00000   0.01055   0.01702   0.00519   0.01134   0.00759   0.01187   0.00608   0.00129   0.00000   0.00149   0.00140   0.00518   0.00000   0.01386   0.06373   0.00334   0.00650   0.00000   0.00218   0.00949   0.01700   0.00883   0.02240   0.00314   0.00406   0.01786   0.00467   0.01710   0.00520   0.01937   0.00760   0.02723   0.00124   0.00433   0.00224   0.02179   0.04043   0.01444   0.02230   0.02365   0.01619   0.01240   0.01491   0.00000   0.01387   0.06277   0.02123   2.25311   0.67330   0.79979   0.47399   3.21190   0.04497   4.03387  
 92  0.0008   5028.309987  x:  0.03123   0.00000   0.01056   0.01701   0.00518   0.01135   0.00757   0.01186   0.00608   0.00128   0.00000   0.00150   0.00140   0.00518   0.00000   0.01387   0.06373   0.00334   0.00649   0.00000   0.00219   0.00951   0.01699   0.00877   0.02244   0.00313   0.00406   0.01788   0.00468   0.01708   0.00522   0.01938   0.00758   0.02726   0.00124   0.00434   0.00222   0.02181   0.04045   0.01441   0.02229   0.02365   0.01621   0.01238   0.01492   0.00000   0.01390   0.06279   0.02123   2.25377   0.67391   0.79949   0.47366   3.21339   0.04500   4.03492  
 93  0.0010   5028.309763  x:  0.03119   0.00000   0.01054   0.01699   0.00518   0.01134   0.00759   0.01186   0.00609   0.00127   0.00000   0.00150   0.00140   0.00517   0.00000   0.01388   0.06366   0.00333   0.00648   0.00000   0.00219   0.00950   0.01698   0.00872   0.02243   0.00314   0.00406   0.01786   0.00469   0.01705   0.00521   0.01937   0.00758   0.02722   0.00124   0.00433   0.00222   0.02178   0.04045   0.01442   0.02228   0.02365   0.01619   0.01238   0.01492   0.00000   0.01388   0.06274   0.02121   2.25216   0.67484   0.79986   0.47445   3.21378   0.04495   4.03180  
 94  0.0018   5028.309557  x:  0.03121   0.00000   0.01054   0.01701   0.00521   0.01134   0.00757   0.01188   0.00609   0.00126   0.00000   0.00151   0.00140   0.00516   0.00000   0.01386   0.06372   0.00333   0.00648   0.00000   0.00219   0.00949   0.01698   0.00867   0.02243   0.00314   0.00406   0.01786   0.00467   0.01707   0.00522   0.01936   0.00759   0.02723   0.00124   0.00433   0.00222   0.02178   0.04043   0.01443   0.02228   0.02363   0.01619   0.01239   0.01490   0.00000   0.01388   0.06276   0.02122   2.25284   0.67423   0.80044   0.47457   3.21398   0.04499   4.03098  
 95  0.0004   5028.309393  x:  0.03122   0.00000   0.01055   0.01699   0.00522   0.01133   0.00759   0.01188   0.00608   0.00126   0.00000   0.00151   0.00140   0.00514   0.00000   0.01387   0.06371   0.00334   0.00648   0.00000   0.00219   0.00950   0.01698   0.00863   0.02247   0.00314   0.00407   0.01786   0.00468   0.01708   0.00521   0.01936   0.00758   0.02722   0.00124   0.00433   0.00223   0.02179   0.04044   0.01441   0.02228   0.02363   0.01620   0.01240   0.01487   0.00000   0.01389   0.06274   0.02122   2.25325   0.67365   0.80004   0.47399   3.21362   0.04500   4.03324  
 96  0.0012   5028.309294  x:  0.03121   0.00000   0.01055   0.01700   0.00522   0.01135   0.00757   0.01188   0.00608   0.00126   0.00000   0.00150   0.00140   0.00513   0.00000   0.01387   0.06370   0.00333   0.00648   0.00000   0.00219   0.00950   0.01698   0.00860   0.02252   0.00315   0.00407   0.01786   0.00468   0.01707   0.00521   0.01938   0.00758   0.02723   0.00124   0.00433   0.00223   0.02179   0.04043   0.01443   0.02228   0.02364   0.01620   0.01239   0.01487   0.00000   0.01388   0.06275   0.02122   2.25274   0.67460   0.79971   0.47414   3.21379   0.04500   4.03429  
 97  0.0008   5028.309219  x:  0.03121   0.00000   0.01054   0.01700   0.00524   0.01134   0.00758   0.01187   0.00608   0.00127   0.00000   0.00150   0.00140   0.00514   0.00000   0.01388   0.06369   0.00333   0.00648   0.00000   0.00219   0.00950   0.01698   0.00857   0.02255   0.00315   0.00407   0.01786   0.00468   0.01707   0.00522   0.01937   0.00758   0.02723   0.00124   0.00433   0.00223   0.02180   0.04045   0.01441   0.02228   0.02365   0.01619   0.01239   0.01489   0.00000   0.01388   0.06277   0.02121   2.25265   0.67411   0.80006   0.47423   3.21372   0.04499   4.03391  
 98  0.0003   5028.309130  x:  0.03121   0.00000   0.01054   0.01699   0.00523   0.01135   0.00758   0.01187   0.00609   0.00128   0.00000   0.00150   0.00140   0.00514   0.00000   0.01388   0.06370   0.00334   0.00648   0.00000   0.00219   0.00950   0.01698   0.00853   0.02258   0.00315   0.00407   0.01787   0.00468   0.01707   0.00522   0.01936   0.00758   0.02723   0.00124   0.00434   0.00224   0.02178   0.04044   0.01443   0.02228   0.02363   0.01620   0.01238   0.01491   0.00000   0.01388   0.06274   0.02122   2.25342   0.67375   0.80010   0.47397   3.21366   0.04499   4.03480  
 99  0.0004   5028.309077  x:  0.03122   0.00000   0.01055   0.01700   0.00522   0.01135   0.00758   0.01187   0.00609   0.00128   0.00000   0.00150   0.00140   0.00514   0.00000   0.01387   0.06371   0.00333   0.00649   0.00000   0.00218   0.00949   0.01698   0.00850   0.02258   0.00315   0.00406   0.01786   0.00468   0.01707   0.00522   0.01937   0.00758   0.02722   0.00124   0.00434   0.00223   0.02178   0.04044   0.01442   0.02229   0.02364   0.01620   0.01239   0.01491   0.00000   0.01389   0.06276   0.02122   2.25291   0.67426   0.79970   0.47402   3.21367   0.04499   4.03391  
100  0.0006   5028.309062  x:  0.03121   0.00000   0.01055   0.01700   0.00522   0.01134   0.00758   0.01187   0.00608   0.00129   0.00000   0.00150   0.00140   0.00514   0.00000   0.01387   0.06370   0.00334   0.00648   0.00000   0.00218   0.00950   0.01698   0.00850   0.02258   0.00315   0.00406   0.01786   0.00468   0.01707   0.00521   0.01937   0.00758   0.02723   0.00124   0.00434   0.00223   0.02179   0.04044   0.01442   0.02229   0.02364   0.01620   0.01239   0.01490   0.00000   0.01388   0.06276   0.02122   2.25269   0.67423   0.79984   0.47419   3.21354   0.04498   4.03264  
101  0.0010   5028.309055  x:  0.03121   0.00000   0.01055   0.01700   0.00522   0.01134   0.00758   0.01187   0.00608   0.00129   0.00000   0.00150   0.00140   0.00514   0.00000   0.01387   0.06370   0.00333   0.00648   0.00000   0.00219   0.00950   0.01698   0.00850   0.02259   0.00315   0.00406   0.01786   0.00468   0.01707   0.00521   0.01937   0.00758   0.02723   0.00124   0.00434   0.00223   0.02179   0.04044   0.01442   0.02228   0.02364   0.01619   0.01239   0.01490   0.00000   0.01388   0.06275   0.02122   2.25277   0.67416   0.80001   0.47416   3.21357   0.04498   4.03203  
102  0.0003   5028.309053  x:  0.03121   0.00000   0.01055   0.01700   0.00521   0.01134   0.00758   0.01187   0.00608   0.00129   0.00000   0.00150   0.00140   0.00515   0.00000   0.01387   0.06370   0.00333   0.00648   0.00000   0.00219   0.00950   0.01698   0.00850   0.02259   0.00315   0.00406   0.01786   0.00468   0.01707   0.00521   0.01937   0.00758   0.02723   0.00124   0.00433   0.00223   0.02178   0.04044   0.01442   0.02228   0.02364   0.01620   0.01239   0.01489   0.00000   0.01388   0.06275   0.02122   2.25281   0.67426   0.79997   0.47423   3.21368   0.04498   4.03235  
103  0.0002   5028.309052  x:  0.03121   0.00000   0.01055   0.01700   0.00521   0.01134   0.00758   0.01187   0.00608   0.00129   0.00000   0.00150   0.00140   0.00515   0.00000   0.01387   0.06370   0.00333   0.00648   0.00000   0.00219   0.00950   0.01698   0.00850   0.02259   0.00315   0.00406   0.01786   0.00468   0.01707   0.00521   0.01937   0.00758   0.02723   0.00124   0.00433   0.00223   0.02179   0.04044   0.01442   0.02228   0.02364   0.01620   0.01239   0.01489   0.00000   0.01388   0.06275   0.02121   2.25277   0.67421   0.79996   0.47416   3.21365   0.04498   4.03223  
104  0.0001   5028.309052  x:  0.03121   0.00000   0.01055   0.01700   0.00521   0.01134   0.00758   0.01187   0.00608   0.00129   0.00000   0.00150   0.00140   0.00515   0.00000   0.01387   0.06370   0.00333   0.00648   0.00000   0.00219   0.00950   0.01698   0.00850   0.02259   0.00315   0.00406   0.01786   0.00468   0.01707   0.00521   0.01937   0.00758   0.02723   0.00124   0.00433   0.00223   0.02179   0.04044   0.01442   0.02228   0.02364   0.01620   0.01239   0.01489   0.00000   0.01388   0.06275   0.02122   2.25278   0.67422   0.79996   0.47418   3.21366   0.04498   4.03227  
105  0.0001   5028.309052  x:  0.03121   0.00000   0.01055   0.01700   0.00521   0.01134   0.00758   0.01187   0.00608   0.00129   0.00000   0.00150   0.00140   0.00515   0.00000   0.01387   0.06370   0.00333   0.00648   0.00000   0.00219   0.00950   0.01698   0.00850   0.02259   0.00315   0.00406   0.01786   0.00468   0.01707   0.00521   0.01937   0.00758   0.02723   0.00124   0.00433   0.00223   0.02179   0.04044   0.01442   0.02228   0.02364   0.01620   0.01239   0.01489   0.00000   0.01388   0.06275   0.02122   2.25279   0.67423   0.79995   0.47419   3.21367   0.04498   4.03229  
106  0.0000   5028.309052  x:  0.03121   0.00000   0.01055   0.01700   0.00521   0.01134   0.00758   0.01187   0.00608   0.00129   0.00000   0.00150   0.00140   0.00515   0.00000   0.01387   0.06370   0.00333   0.00648   0.00000   0.00219   0.00950   0.01698   0.00850   0.02259   0.00315   0.00406   0.01786   0.00468   0.01707   0.00521   0.01937   0.00758   0.02723   0.00124   0.00433   0.00223   0.02179   0.04044   0.01442   0.02228   0.02364   0.01620   0.01239   0.01489   0.00000   0.01388   0.06275   0.02122   2.25279   0.67423   0.79994   0.47419   3.21367   0.04498   4.03230  
107  0.0000   5028.309052  x:  0.03121   0.00000   0.01055   0.01700   0.00521   0.01134   0.00758   0.01187   0.00608   0.00129   0.00000   0.00150   0.00140   0.00515   0.00000   0.01387   0.06370   0.00333   0.00648   0.00000   0.00219   0.00950   0.01698   0.00850   0.02259   0.00315   0.00406   0.01786   0.00468   0.01707   0.00521   0.01937   0.00758   0.02723   0.00124   0.00433   0.00223   0.02179   0.04044   0.01442   0.02228   0.02364   0.01620   0.01239   0.01489   0.00000   0.01388   0.06275   0.02122   2.25278   0.67422   0.79994   0.47418   3.21366   0.04498   4.03229  
108  0.0000   5028.309052  x:  0.03121   0.00000   0.01055   0.01700   0.00521   0.01134   0.00758   0.01187   0.00608   0.00129   0.00000   0.00150   0.00140   0.00515   0.00000   0.01387   0.06370   0.00333   0.00648   0.00000   0.00219   0.00950   0.01698   0.00850   0.02259   0.00315   0.00406   0.01786   0.00468   0.01707   0.00521   0.01937   0.00758   0.02723   0.00124   0.00433   0.00223   0.02179   0.04044   0.01442   0.02228   0.02364   0.01620   0.01239   0.01489   0.00000   0.01388   0.06275   0.02122   2.25278   0.67422   0.79994   0.47418   3.21366   0.04498   4.03229  
109  0.0000   5028.309052  x:  0.03121   0.00000   0.01055   0.01700   0.00521   0.01134   0.00758   0.01187   0.00608   0.00129   0.00000   0.00150   0.00140   0.00515   0.00000   0.01387   0.06370   0.00333   0.00648   0.00000   0.00219   0.00950   0.01698   0.00850   0.02259   0.00315   0.00406   0.01786   0.00468   0.01707   0.00521   0.01937   0.00758   0.02723   0.00124   0.00433   0.00223   0.02179   0.04044   0.01442   0.02228   0.02364   0.01620   0.01239   0.01489   0.00000   0.01388   0.06275   0.02122   2.25278   0.67422   0.79994   0.47418   3.21366   0.04498   4.03229  
110  0.0000   5028.309052  x:  0.03121   0.00000   0.01055   0.01700   0.00521   0.01134   0.00758   0.01187   0.00608   0.00129   0.00000   0.00150   0.00140   0.00515   0.00000   0.01387   0.06370   0.00333   0.00648   0.00000   0.00219   0.00950   0.01698   0.00850   0.02259   0.00315   0.00406   0.01786   0.00468   0.01707   0.00521   0.01937   0.00758   0.02723   0.00124   0.00433   0.00223   0.02179   0.04044   0.01442   0.02228   0.02364   0.01620   0.01239   0.01489   0.00000   0.01388   0.06275   0.02122   2.25278   0.67423   0.79995   0.47419   3.21367   0.04498   4.03229  
111  0.0000   5028.309052  x:  0.03121   0.00000   0.01055   0.01700   0.00521   0.01134   0.00758   0.01187   0.00608   0.00129   0.00000   0.00150   0.00140   0.00515   0.00000   0.01387   0.06370   0.00333   0.00648   0.00000   0.00219   0.00950   0.01698   0.00850   0.02259   0.00315   0.00406   0.01786   0.00468   0.01707   0.00521   0.01937   0.00758   0.02723   0.00124   0.00433   0.00223   0.02179   0.04044   0.01442   0.02228   0.02364   0.01620   0.01239   0.01489   0.00000   0.01388   0.06275   0.02122   2.25279   0.67422   0.79995   0.47419   3.21367   0.04498   4.03230  