

TREE # 1

  0  0.0000   8584.621605  x:  0.01000   0.00384   0.01231   0.01077   0.00851   0.00641   0.02230   0.02289   0.00652   0.00694   0.00962   0.01153   0.00462   0.01140   0.01065   0.02586   0.01229   0.01225   0.00795   0.01217   0.01374   0.00344   0.01111   0.00698   0.00000   0.01044   0.01101   0.02035   0.00883   0.53582   0.41081   0.42668   0.49244   0.53409   0.57570  
  1 99.0000   8581.766575  x:  0.00990   0.00371   0.01224   0.01070   0.00842   0.00646   0.02226   0.02292   0.00650   0.00694   0.00956   0.01145   0.00462   0.01140   0.01062   0.02584   0.01225   0.01219   0.00786   0.01215   0.01367   0.00341   0.01103   0.00690   0.00192   0.01039   0.01096   0.02030   0.00876   0.53585   0.41081   0.42669   0.49244   0.53407   0.57570  
  2 21195.5079   8551.069103  x:  0.00698   0.00000   0.01037   0.00874   0.00602   0.00782   0.02108   0.02381   0.00577   0.00676   0.00790   0.00934   0.00462   0.01123   0.00972   0.02516   0.01108   0.01042   0.00537   0.01184   0.01153   0.00261   0.00850   0.00429   0.00193   0.00898   0.00922   0.01864   0.00689   0.53653   0.41083   0.42674   0.49250   0.53349   0.57561  
  3 3675.0989   8542.017754  x:  0.00318   0.00000   0.00858   0.00884   0.00425   0.00474   0.01916   0.02462   0.00658   0.00742   0.00792   0.00608   0.00466   0.01191   0.01016   0.02428   0.01068   0.00901   0.00193   0.01349   0.00907   0.00942   0.00560   0.00412   0.00194   0.00775   0.00808   0.01661   0.00718   0.53839   0.41088   0.42688   0.49264   0.53189   0.57536  
  4 2156.5100   8540.112569  x:  0.00392   0.00000   0.00801   0.00969   0.00443   0.00720   0.01778   0.02512   0.00762   0.00785   0.00851   0.00388   0.00463   0.01257   0.01046   0.02365   0.01100   0.00868   0.00170   0.01516   0.00795   0.01040   0.00482   0.00513   0.00194   0.00741   0.00797   0.01535   0.00777   0.54062   0.41094   0.42706   0.49282   0.52996   0.57505  
  5 817.8654   8538.151648  x:  0.00400   0.00000   0.00741   0.01037   0.00428   0.00579   0.01559   0.02592   0.00824   0.00772   0.00889   0.00221   0.00467   0.01315   0.01025   0.02258   0.01121   0.00844   0.00339   0.01732   0.00727   0.00887   0.00526   0.00590   0.00194   0.00719   0.00789   0.01315   0.00770   0.54594   0.41109   0.42748   0.49325   0.52532   0.57432  
  6 711.5392   8534.899891  x:  0.00332   0.00000   0.00717   0.01152   0.00414   0.00525   0.01249   0.02731   0.00943   0.00763   0.00960   0.00559   0.00466   0.01404   0.00994   0.02076   0.01080   0.00837   0.00240   0.02062   0.00707   0.00698   0.00502   0.00746   0.00194   0.00713   0.00792   0.00976   0.00770   0.55900   0.41145   0.42851   0.49430   0.51389   0.57252  
  7 1525.4382   8527.610832  x:  0.00329   0.00000   0.00816   0.01192   0.00390   0.00493   0.01282   0.02824   0.00887   0.00675   0.00926   0.00480   0.00464   0.01358   0.00986   0.01979   0.00960   0.00868   0.00024   0.02284   0.00849   0.00601   0.00544   0.00881   0.00193   0.00744   0.00802   0.00961   0.00741   0.57897   0.41200   0.43010   0.49592   0.49626   0.56976  
  8 2357.4222   8506.346387  x:  0.00067   0.00000   0.01138   0.01233   0.00203   0.00635   0.01536   0.03164   0.00653   0.00427   0.00724   0.00457   0.00451   0.01157   0.00977   0.01665   0.00405   0.00909   0.00155   0.03013   0.01301   0.00645   0.00429   0.01270   0.00191   0.00800   0.00762   0.01002   0.00612   0.65935   0.41422   0.43652   0.50241   0.42517   0.55864  
  9 25007.6355   8497.417503  x:  0.00286   0.00000   0.01229   0.01177   0.00104   0.00610   0.01656   0.03335   0.00519   0.00375   0.00585   0.00507   0.00450   0.01057   0.00955   0.01534   0.00168   0.00877   0.00205   0.03332   0.01448   0.00733   0.00311   0.01356   0.00191   0.00784   0.00693   0.01005   0.00511   0.70339   0.41545   0.44004   0.50598   0.38614   0.55254  
 10 54474.8356   8463.267485  x:  0.00456   0.00000   0.01371   0.00845   0.00505   0.00594   0.02071   0.03799   0.00146   0.00515   0.00180   0.00632   0.00464   0.00787   0.00876   0.01321   0.00585   0.00707   0.00278   0.04131   0.01720   0.00915   0.00123   0.01362   0.00190   0.00669   0.00449   0.01086   0.00211   0.84852   0.41951   0.45166   0.51772   0.25717   0.53239  
 11 47796.8373   8417.447302  x:  0.00548   0.00000   0.01341   0.00242   0.00575   0.00650   0.02605   0.04255   0.00217   0.00764   0.00449   0.00749   0.00479   0.00568   0.00764   0.01325   0.00746   0.00450   0.00311   0.04770   0.01816   0.01085   0.00561   0.00983   0.00191   0.00468   0.00218   0.01241   0.00312   1.02679   0.42452   0.46595   0.53215   0.09831   0.50759  
 12 82793.5913   8405.864093  x:  0.00548   0.00000   0.01271   0.00338   0.00564   0.00624   0.02720   0.04294   0.00304   0.00808   0.00405   0.00739   0.00478   0.00648   0.00766   0.01454   0.00756   0.00515   0.00312   0.04794   0.01758   0.01044   0.00473   0.00769   0.00190   0.00481   0.00465   0.01297   0.00364   1.07334   0.42585   0.46969   0.53593   0.05682   0.50108  
 13 39380.8311   8404.295601  x:  0.00544   0.00000   0.01257   0.00412   0.00577   0.00614   0.02690   0.04224   0.00253   0.00778   0.00459   0.00731   0.00473   0.00709   0.00819   0.01514   0.00744   0.00590   0.00311   0.04733   0.01719   0.01014   0.00422   0.00760   0.00190   0.00555   0.00304   0.01310   0.00380   1.08041   0.42607   0.47026   0.53651   0.05151   0.50007  
 14 3126.7759   8402.578804  x:  0.00539   0.00000   0.01276   0.00254   0.00617   0.00614   0.02496   0.03931   0.00285   0.00660   0.00446   0.00717   0.00469   0.00725   0.00949   0.01550   0.00712   0.00575   0.00309   0.04540   0.01620   0.01018   0.00404   0.00932   0.00190   0.00649   0.00315   0.01319   0.00311   1.09041   0.42642   0.47104   0.53736   0.04846   0.49855  
 15 953.2445   8400.334147  x:  0.00528   0.00000   0.01297   0.00328   0.00632   0.00628   0.02244   0.03510   0.00210   0.00585   0.00367   0.00717   0.00478   0.00615   0.00967   0.01518   0.00679   0.00424   0.00304   0.04206   0.01485   0.01027   0.00473   0.01143   0.00189   0.00584   0.00308   0.01328   0.00364   1.10529   0.42696   0.47220   0.53864   0.04598   0.49627  
 16 2455.8167   8397.633584  x:  0.00517   0.00000   0.01349   0.00365   0.00592   0.00621   0.02060   0.03089   0.00297   0.00681   0.00369   0.00676   0.00485   0.00557   0.00809   0.01378   0.00678   0.00558   0.00302   0.03797   0.01424   0.01027   0.00460   0.01387   0.00188   0.00403   0.00262   0.01350   0.00276   1.12507   0.42768   0.47373   0.54035   0.04484   0.49323  
 17 3009.1620   8395.046959  x:  0.00510   0.00000   0.01375   0.00286   0.00526   0.00613   0.01963   0.02847   0.00184   0.00812   0.00438   0.00629   0.00480   0.00650   0.00648   0.01257   0.00708   0.00594   0.00303   0.03459   0.01415   0.01006   0.00374   0.01583   0.00187   0.00410   0.00313   0.01314   0.00382   1.14491   0.42840   0.47527   0.54206   0.04510   0.49018  
 18 4344.2938   8388.869506  x:  0.00503   0.00000   0.01376   0.00357   0.00387   0.00581   0.01957   0.02623   0.00372   0.01063   0.00396   0.00538   0.00463   0.00822   0.00551   0.01201   0.00777   0.00348   0.00309   0.02684   0.01480   0.00963   0.00308   0.01931   0.00186   0.00696   0.00247   0.01167   0.00381   1.19689   0.43029   0.47928   0.54656   0.04829   0.48220  
 19 5780.1013   8375.302060  x:  0.00503   0.00000   0.01126   0.00474   0.00248   0.00622   0.01871   0.02587   0.00235   0.01306   0.00444   0.00445   0.00470   0.00813   0.00907   0.01404   0.00840   0.00489   0.00316   0.01332   0.01375   0.01024   0.00465   0.02419   0.00183   0.00811   0.00366   0.00690   0.00232   1.30306   0.43418   0.48747   0.55576   0.05687   0.46584  
 20 12552.4827   8368.707779  x:  0.00509   0.00000   0.00944   0.00406   0.00384   0.00562   0.01786   0.02619   0.00383   0.01173   0.00348   0.00420   0.00475   0.00746   0.01015   0.01563   0.00799   0.00617   0.00321   0.00817   0.01236   0.00945   0.00350   0.02604   0.00183   0.00709   0.00313   0.00735   0.00533   1.36320   0.43642   0.49212   0.56097   0.06259   0.45652  
 21 13282.3676   8358.986968  x:  0.00530   0.00000   0.00672   0.00520   0.00487   0.00498   0.01663   0.02392   0.00387   0.00755   0.00686   0.00478   0.00462   0.00898   0.00909   0.01866   0.00842   0.00493   0.00321   0.00675   0.00829   0.00878   0.00200   0.02648   0.00181   0.00567   0.00411   0.01336   0.00392   1.45028   0.43975   0.49890   0.56855   0.07204   0.44286  
 22 10105.6910   8353.412236  x:  0.00539   0.00000   0.00570   0.00535   0.00385   0.00542   0.01572   0.02025   0.00375   0.00598   0.00480   0.00547   0.00459   0.01135   0.00808   0.02021   0.00914   0.00641   0.00314   0.00869   0.00541   0.00952   0.00419   0.02467   0.00181   0.00655   0.00398   0.01628   0.00407   1.50005   0.44174   0.50280   0.57291   0.07784   0.43492  
 23 9853.6943   8350.448037  x:  0.00547   0.00000   0.00709   0.00538   0.00355   0.00562   0.01425   0.01593   0.00404   0.00648   0.00522   0.00528   0.00489   0.01062   0.00997   0.02093   0.00952   0.00652   0.00319   0.01114   0.00722   0.00949   0.00346   0.02033   0.00182   0.00654   0.00410   0.01650   0.00467   1.52563   0.44291   0.50489   0.57518   0.08113   0.43055  
 24 2926.2692   8349.960223  x:  0.00551   0.00000   0.00842   0.00552   0.00497   0.00570   0.01366   0.01569   0.00407   0.00633   0.00547   0.00510   0.00432   0.01050   0.00977   0.01997   0.00872   0.00664   0.00322   0.01105   0.00685   0.00995   0.00366   0.01845   0.00183   0.00722   0.00428   0.01631   0.00451   1.53009   0.44329   0.50534   0.57562   0.08174   0.42947  
 25 627.4333   8349.907387  x:  0.00554   0.00000   0.00873   0.00555   0.00498   0.00574   0.01352   0.01580   0.00410   0.00615   0.00551   0.00509   0.00481   0.01056   0.00982   0.01971   0.00878   0.00667   0.00323   0.01093   0.00679   0.01003   0.00369   0.01819   0.00183   0.00729   0.00429   0.01637   0.00451   1.53052   0.44343   0.50543   0.57569   0.08179   0.42920  
 26 194.7608   8349.876154  x:  0.00558   0.00000   0.00900   0.00558   0.00473   0.00575   0.01337   0.01596   0.00412   0.00594   0.00551   0.00510   0.00463   0.01066   0.01001   0.01946   0.00903   0.00669   0.00325   0.01080   0.00679   0.01006   0.00370   0.01805   0.00183   0.00722   0.00429   0.01652   0.00456   1.53069   0.44368   0.50557   0.57576   0.08181   0.42872  
 27 95.2890   8349.730294  x:  0.00549   0.00000   0.00901   0.00558   0.00480   0.00566   0.01310   0.01617   0.00403   0.00674   0.00535   0.00512   0.00468   0.01099   0.01074   0.01902   0.00874   0.00659   0.00322   0.01082   0.00662   0.00982   0.00381   0.01807   0.00183   0.00707   0.00428   0.01728   0.00453   1.53085   0.44681   0.50710   0.57653   0.08184   0.42307  
 28 70.5900   8345.479736  x:  0.00560   0.00000   0.00431   0.00595   0.00492   0.00586   0.01290   0.01588   0.00414   0.00626   0.00564   0.00526   0.00468   0.00966   0.01154   0.01520   0.00901   0.00724   0.00321   0.01057   0.00808   0.01009   0.00402   0.01703   0.00183   0.00909   0.00457   0.01879   0.00456   1.53322   0.52828   0.54692   0.59638   0.08226   0.27584  
 29 839.5579   8339.667872  x:  0.00557   0.00000   0.00511   0.00591   0.00470   0.00576   0.01324   0.01605   0.00415   0.00640   0.00568   0.00525   0.00470   0.00930   0.01136   0.01580   0.00911   0.00726   0.00320   0.01081   0.00751   0.00996   0.00383   0.01690   0.00183   0.00915   0.00457   0.01859   0.00462   1.53585   0.62001   0.59176   0.61879   0.08278   0.10994  
 30 20367.4527   8339.606046  x:  0.00558   0.00000   0.00501   0.00589   0.00493   0.00579   0.01324   0.01599   0.00412   0.00619   0.00560   0.00522   0.00471   0.00989   0.01138   0.01584   0.00898   0.00715   0.00320   0.01072   0.00790   0.01005   0.00396   0.01683   0.00183   0.00875   0.00453   0.01846   0.00457   1.53589   0.62145   0.59245   0.61918   0.08278   0.10756  
 31 416.5602   8339.589237  x:  0.00558   0.00000   0.00503   0.00590   0.00495   0.00576   0.01358   0.01585   0.00414   0.00612   0.00563   0.00524   0.00471   0.00996   0.01153   0.01565   0.00898   0.00712   0.00320   0.01076   0.00773   0.00999   0.00392   0.01684   0.00183   0.00866   0.00453   0.01833   0.00460   1.53591   0.62250   0.59288   0.61979   0.08279   0.10762  
 32 24.0070   8330.197080  x:  0.00550   0.00000   0.00940   0.00546   0.00527   0.00603   0.01316   0.01770   0.00405   0.00549   0.00532   0.00481   0.00518   0.01163   0.00927   0.02134   0.00851   0.00643   0.00317   0.01184   0.00784   0.01012   0.00370   0.01366   0.00186   0.00634   0.00427   0.01594   0.00456   1.55423   1.48878   0.94698   1.13251   0.08439   0.24099  
 33 152.2506   8317.543288  x:  0.00552   0.00000   0.00708   0.00568   0.00541   0.00657   0.01330   0.02163   0.00443   0.00624   0.00613   0.00458   0.00563   0.00976   0.01015   0.01964   0.00874   0.00674   0.00308   0.01443   0.00808   0.00956   0.00351   0.00340   0.00185   0.00764   0.00487   0.01671   0.00515   1.53549   1.63832   0.77811   2.40377   0.08036   0.13119  
 34 16.6731   8314.492398  x:  0.00543   0.00000   0.00652   0.00579   0.00534   0.00671   0.01309   0.02208   0.00447   0.00629   0.00618   0.00443   0.00565   0.00959   0.01037   0.01936   0.00866   0.00686   0.00301   0.01486   0.00793   0.00916   0.00338   0.00111   0.00185   0.00787   0.00496   0.01680   0.00523   1.52715   1.52091   1.01382   2.56671   0.08188   0.12117  
 35 13.3808   8307.964509  x:  0.00504   0.00000   0.00423   0.00607   0.00476   0.00691   0.01455   0.02465   0.00478   0.00681   0.00639   0.00374   0.00544   0.00969   0.01039   0.02043   0.00862   0.00700   0.00275   0.01616   0.00683   0.00409   0.00301   0.00515   0.00182   0.00743   0.00538   0.01528   0.00553   1.55671   1.30753   1.39323   2.79399   0.08577   0.09550  
 36  1.7886   8302.467874  x:  0.00487   0.00000   0.00443   0.00612   0.00440   0.00727   0.01628   0.02579   0.00506   0.00703   0.00645   0.00324   0.00505   0.01067   0.01005   0.02228   0.00877   0.00680   0.00261   0.01650   0.00602   0.00130   0.00298   0.00408   0.00182   0.00618   0.00563   0.01363   0.00568   1.65439   1.33446   1.27052   2.39165   0.08761   0.12139  
 37  5.1523   8296.813151  x:  0.00461   0.00000   0.00490   0.00615   0.00322   0.00905   0.01887   0.02705   0.00541   0.00765   0.00639   0.00288   0.00438   0.01213   0.00875   0.02487   0.00942   0.00651   0.00236   0.01536   0.00487   0.00359   0.00319   0.00266   0.00181   0.00454   0.00604   0.01083   0.00573   1.82303   1.33376   1.10514   1.75925   0.08992   0.15045  
 38  2.1036   8294.043289  x:  0.00433   0.00000   0.00644   0.00652   0.00187   0.00968   0.01913   0.02723   0.00547   0.00839   0.00599   0.00275   0.00437   0.01248   0.00739   0.02422   0.01010   0.00701   0.00217   0.01258   0.00669   0.00326   0.00436   0.00208   0.00177   0.00617   0.00642   0.01241   0.00525   1.93190   1.26282   1.10786   1.69436   0.09195   0.14282  
 39  0.2440   8291.248486  x:  0.00345   0.00000   0.00658   0.00645   0.00407   0.01042   0.01725   0.02868   0.00565   0.00761   0.00601   0.00347   0.00470   0.01295   0.00790   0.02280   0.00828   0.00696   0.00163   0.01247   0.00712   0.00272   0.00486   0.00113   0.00170   0.00610   0.00655   0.01280   0.00485   2.11048   1.05029   1.08674   1.56571   0.09745   0.13293  
 40  0.2898   8289.617581  x:  0.00262   0.00000   0.00607   0.00625   0.00347   0.01093   0.01496   0.02871   0.00569   0.00691   0.00592   0.00376   0.00489   0.01262   0.00852   0.02183   0.00808   0.00681   0.00110   0.01211   0.00624   0.00246   0.00464   0.00249   0.00163   0.00589   0.00641   0.01250   0.00465   2.23286   0.97651   1.20931   1.74000   0.10012   0.13273  
 41  0.3165   8288.245824  x:  0.00225   0.00000   0.00557   0.00600   0.00224   0.01062   0.01523   0.02940   0.00590   0.00632   0.00608   0.00327   0.00476   0.01181   0.00853   0.02257   0.00905   0.00679   0.00090   0.01380   0.00605   0.00246   0.00395   0.00211   0.00155   0.00564   0.00626   0.01172   0.00483   2.39664   1.13232   1.19726   1.80875   0.10174   0.13490  
 42  0.1840   8287.454054  x:  0.00247   0.00000   0.00600   0.00599   0.00306   0.00993   0.01651   0.02971   0.00595   0.00668   0.00620   0.00286   0.00465   0.01139   0.00819   0.02210   0.00933   0.00691   0.00118   0.01442   0.00716   0.00278   0.00411   0.00235   0.00147   0.00598   0.00628   0.01175   0.00480   2.52852   1.19742   1.25415   1.97776   0.10201   0.15243  
 43  0.1866   8286.742049  x:  0.00241   0.00000   0.00619   0.00586   0.00283   0.00955   0.01682   0.02815   0.00572   0.00742   0.00584   0.00342   0.00462   0.01123   0.00804   0.02145   0.00973   0.00671   0.00129   0.01301   0.00654   0.00277   0.00428   0.00182   0.00134   0.00583   0.00614   0.01214   0.00453   2.72407   1.23060   1.30005   2.28913   0.10051   0.14420  
 44  0.2759   8286.532168  x:  0.00241   0.00000   0.00604   0.00589   0.00303   0.00960   0.01629   0.02812   0.00559   0.00692   0.00567   0.00327   0.00466   0.01171   0.00840   0.02143   0.00956   0.00673   0.00125   0.01364   0.00648   0.00273   0.00394   0.00204   0.00126   0.00553   0.00602   0.01212   0.00464   2.83864   1.19734   1.37574   2.41007   0.10119   0.14869  
 45  0.1012   8286.479236  x:  0.00257   0.00000   0.00603   0.00599   0.00302   0.00972   0.01642   0.02801   0.00543   0.00695   0.00568   0.00333   0.00468   0.01173   0.00809   0.02184   0.00945   0.00673   0.00127   0.01353   0.00636   0.00269   0.00390   0.00207   0.00123   0.00581   0.00605   0.01186   0.00465   2.87025   1.20362   1.41153   2.47577   0.10077   0.14670  
 46  0.0535   8286.456255  x:  0.00265   0.00000   0.00607   0.00607   0.00289   0.00983   0.01649   0.02810   0.00530   0.00702   0.00570   0.00333   0.00465   0.01183   0.00826   0.02194   0.00930   0.00666   0.00126   0.01351   0.00651   0.00268   0.00396   0.00201   0.00122   0.00571   0.00610   0.01209   0.00466   2.87951   1.20187   1.43075   2.50876   0.10063   0.14732  
 47  0.0286   8286.448360  x:  0.00263   0.00000   0.00611   0.00606   0.00289   0.00983   0.01640   0.02822   0.00527   0.00696   0.00571   0.00330   0.00466   0.01176   0.00821   0.02186   0.00904   0.00668   0.00123   0.01362   0.00649   0.00269   0.00396   0.00198   0.00122   0.00574   0.00612   0.01206   0.00466   2.87615   1.20816   1.43651   2.52029   0.10069   0.14784  
 48  0.0085   8286.446527  x:  0.00266   0.00000   0.00608   0.00605   0.00287   0.00978   0.01643   0.02820   0.00529   0.00694   0.00572   0.00335   0.00466   0.01173   0.00823   0.02180   0.00899   0.00670   0.00125   0.01366   0.00649   0.00270   0.00397   0.00199   0.00121   0.00571   0.00613   0.01201   0.00468   2.87360   1.21097   1.43521   2.52622   0.10068   0.14766  
 49  0.0049   8286.445942  x:  0.00266   0.00000   0.00608   0.00604   0.00287   0.00976   0.01645   0.02816   0.00531   0.00697   0.00572   0.00332   0.00466   0.01174   0.00823   0.02178   0.00896   0.00670   0.00126   0.01365   0.00647   0.00270   0.00397   0.00199   0.00121   0.00572   0.00613   0.01204   0.00467   2.87581   1.21164   1.43376   2.52916   0.10072   0.14742  
 50  0.0026   8286.445752  x:  0.00266   0.00000   0.00608   0.00604   0.00287   0.00977   0.01644   0.02816   0.00533   0.00696   0.00573   0.00332   0.00466   0.01176   0.00822   0.02180   0.00895   0.00670   0.00126   0.01365   0.00648   0.00270   0.00397   0.00200   0.00121   0.00572   0.00613   0.01204   0.00467   2.87787   1.21078   1.43258   2.52666   0.10078   0.14762  
 51  0.0022   8286.445726  x:  0.00266   0.00000   0.00609   0.00604   0.00287   0.00977   0.01644   0.02816   0.00534   0.00696   0.00573   0.00332   0.00466   0.01175   0.00823   0.02181   0.00895   0.00670   0.00126   0.01365   0.00648   0.00270   0.00397   0.00199   0.00121   0.00572   0.00613   0.01204   0.00467   2.87756   1.21094   1.43160   2.52512   0.10078   0.14757  
 52  0.0013   8286.445719  x:  0.00266   0.00000   0.00608   0.00604   0.00287   0.00977   0.01644   0.02816   0.00534   0.00696   0.00573   0.00332   0.00466   0.01175   0.00823   0.02181   0.00895   0.00670   0.00126   0.01365   0.00648   0.00270   0.00397   0.00199   0.00121   0.00572   0.00613   0.01204   0.00467   2.87741   1.21092   1.43132   2.52483   0.10077   0.14762  
 53  0.0002   8286.445713  x:  0.00266   0.00000   0.00609   0.00604   0.00287   0.00977   0.01644   0.02817   0.00534   0.00696   0.00573   0.00332   0.00466   0.01175   0.00823   0.02181   0.00895   0.00670   0.00126   0.01365   0.00648   0.00270   0.00397   0.00200   0.00121   0.00572   0.00613   0.01204   0.00467   2.87746   1.21093   1.43127   2.52482   0.10076   0.14756  
 54  0.0000   8286.445706  x:  0.00266   0.00000   0.00609   0.00604   0.00287   0.00977   0.01644   0.02816   0.00534   0.00696   0.00573   0.00332   0.00466   0.01175   0.00823   0.02180   0.00895   0.00670   0.00126   0.01365   0.00648   0.00270   0.00397   0.00199   0.00120   0.00572   0.00613   0.01204   0.00467   2.87735   1.21071   1.43122   2.52456   0.10076   0.14762  
 55  0.0001   8286.445704  x:  0.00266   0.00000   0.00609   0.00604   0.00287   0.00977   0.01644   0.02816   0.00534   0.00696   0.00573   0.00332   0.00466   0.01175   0.00823   0.02180   0.00895   0.00670   0.00126   0.01365   0.00648   0.00270   0.00397   0.00200   0.00120   0.00572   0.00613   0.01204   0.00467   2.87726   1.21087   1.43118   2.52446   0.10076   0.14759  
 56  0.0001   8286.445700  x:  0.00266   0.00000   0.00609   0.00604   0.00287   0.00977   0.01644   0.02816   0.00534   0.00696   0.00573   0.00332   0.00466   0.01175   0.00823   0.02181   0.00895   0.00670   0.00126   0.01365   0.00648   0.00270   0.00397   0.00199   0.00120   0.00572   0.00613   0.01204   0.00467   2.87705   1.21079   1.43118   2.52403   0.10076   0.14759  
 57  0.0001   8286.445700  x:  0.00266   0.00000   0.00609   0.00604   0.00287   0.00977   0.01644   0.02816   0.00534   0.00696   0.00573   0.00332   0.00466   0.01175   0.00823   0.02181   0.00895   0.00670   0.00126   0.01365   0.00648   0.00270   0.00397   0.00199   0.00120   0.00572   0.00613   0.01204   0.00467   2.87705   1.21079   1.43118   2.52403   0.10076   0.14759  
 58  0.0003   8286.445700  x:  0.00266   0.00000   0.00609   0.00604   0.00287   0.00977   0.01644   0.02816   0.00534   0.00696   0.00573   0.00332   0.00466   0.01175   0.00823   0.02181   0.00895   0.00670   0.00126   0.01365   0.00648   0.00270   0.00397   0.00199   0.00120   0.00572   0.00613   0.01204   0.00467   2.87705   1.21079   1.43118   2.52403   0.10076   0.14759  
 59  0.8988   8286.445700  x:  0.00266   0.00000   0.00609   0.00604   0.00287   0.00977   0.01644   0.02816   0.00534   0.00696   0.00573   0.00332   0.00466   0.01175   0.00823   0.02181   0.00895   0.00670   0.00126   0.01365   0.00648   0.00270   0.00397   0.00199   0.00120   0.00572   0.00613   0.01204   0.00467   2.87705   1.21079   1.43118   2.52403   0.10076   0.14759  
 60  0.3446   8286.445700  x:  0.00266   0.00000   0.00609   0.00604   0.00287   0.00977   0.01644   0.02816   0.00534   0.00696   0.00573   0.00332   0.00466   0.01175   0.00823   0.02181   0.00895   0.00670   0.00126   0.01365   0.00648   0.00270   0.00397   0.00199   0.00120   0.00572   0.00613   0.01204   0.00467   2.87705   1.21079   1.43118   2.52403   0.10076   0.14759  
 61  0.1144   8286.445700  x:  0.00266   0.00000   0.00609   0.00604   0.00287   0.00977   0.01644   0.02816   0.00534   0.00696   0.00573   0.00332   0.00466   0.01175   0.00823   0.02181   0.00895   0.00670   0.00126   0.01365   0.00648   0.00270   0.00397   0.00199   0.00120   0.00572   0.00613   0.01204   0.00467   2.87705   1.21079   1.43118   2.52403   0.10076   0.14759  
 62  0.1282   8286.445700  x:  0.00266   0.00000   0.00609   0.00604   0.00287   0.00977   0.01644   0.02816   0.00534   0.00696   0.00573   0.00332   0.00466   0.01175   0.00823   0.02180   0.00895   0.00670   0.00126   0.01365   0.00648   0.00270   0.00397   0.00199   0.00120   0.00572   0.00613   0.01204   0.00467   2.87705   1.21079   1.43118   2.52403   0.10077   0.14759  
 63  0.1317   8286.445700  x:  0.00266   0.00000   0.00609   0.00604   0.00287   0.00977   0.01644   0.02816   0.00534   0.00696   0.00573   0.00332   0.00466   0.01175   0.00823   0.02180   0.00895   0.00670   0.00126   0.01365   0.00648   0.00270   0.00397   0.00199   0.00120   0.00572   0.00613   0.01204   0.00467   2.87705   1.21079   1.43118   2.52403   0.10077   0.14759  
 64  0.2147   8286.445700  x:  0.00266   0.00000   0.00609   0.00604   0.00287   0.00977   0.01644   0.02816   0.00534   0.00696   0.00573   0.00332   0.00466   0.01175   0.00823   0.02180   0.00895   0.00670   0.00126   0.01365   0.00648   0.00270   0.00397   0.00199   0.00120   0.00572   0.00613   0.01204   0.00467   2.87705   1.21079   1.43117   2.52403   0.10077   0.14759  
 65  1.4585   8286.445699  x:  0.00266   0.00000   0.00609   0.00604   0.00287   0.00977   0.01644   0.02816   0.00534   0.00696   0.00573   0.00332   0.00466   0.01175   0.00823   0.02180   0.00895   0.00670   0.00126   0.01365   0.00648   0.00270   0.00397   0.00199   0.00120   0.00572   0.00613   0.01204   0.00467   2.87705   1.21079   1.43117   2.52403   0.10077   0.14759  
 66 159.0387   8286.445699  x:  0.00266   0.00000   0.00609   0.00604   0.00287   0.00977   0.01644   0.02816   0.00534   0.00696   0.00573   0.00332   0.00466   0.01175   0.00823   0.02180   0.00895   0.00670   0.00126   0.01365   0.00648   0.00270   0.00397   0.00199   0.00120   0.00572   0.00613   0.01204   0.00467   2.87706   1.21079   1.43117   2.52404   0.10077   0.14759  
 67  4.7940   8286.445699  x:  0.00266   0.00000   0.00609   0.00604   0.00287   0.00977   0.01644   0.02816   0.00534   0.00696   0.00573   0.00332   0.00466   0.01175   0.00823   0.02180   0.00895   0.00670   0.00126   0.01365   0.00648   0.00270   0.00397   0.00199   0.00120   0.00572   0.00613   0.01204   0.00467   2.87706   1.21079   1.43117   2.52404   0.10077   0.14759  
 68  0.1906   8286.445699  x:  0.00266   0.00000   0.00609   0.00604   0.00287   0.00977   0.01644   0.02816   0.00534   0.00696   0.00573   0.00332   0.00466   0.01175   0.00823   0.02180   0.00895   0.00670   0.00126   0.01365   0.00648   0.00270   0.00397   0.00199   0.00120   0.00572   0.00613   0.01204   0.00467   2.87706   1.21079   1.43117   2.52404   0.10077   0.14759  
 69  0.3218   8286.445699  x:  0.00266   0.00000   0.00609   0.00604   0.00287   0.00977   0.01644   0.02816   0.00534   0.00696   0.00573   0.00332   0.00466   0.01175   0.00823   0.02180   0.00895   0.00670   0.00126   0.01365   0.00648   0.00270   0.00397   0.00199   0.00120   0.00572   0.00613   0.01204   0.00467   2.87706   1.21079   1.43117   2.52404   0.10077   0.14759  
 70  0.6457   8286.445699  x:  0.00266   0.00000   0.00609   0.00604   0.00287   0.00977   0.01644   0.02816   0.00534   0.00696   0.00573   0.00332   0.00466   0.01175   0.00823   0.02180   0.00895   0.00670   0.00126   0.01365   0.00648   0.00270   0.00397   0.00199   0.00120   0.00572   0.00613   0.01204   0.00467   2.87706   1.21079   1.43117   2.52404   0.10077   0.14759  
 71  0.7206   8286.445699  x:  0.00266   0.00000   0.00609   0.00604   0.00287   0.00977   0.01644   0.02816   0.00534   0.00696   0.00573   0.00332   0.00466   0.01175   0.00823   0.02180   0.00895   0.00670   0.00126   0.01365   0.00648   0.00270   0.00397   0.00199   0.00120   0.00572   0.00613   0.01204   0.00467   2.87706   1.21079   1.43117   2.52404   0.10077   0.14759  
check convergence!
