Supplemental results for CODEML (seqf: /home/leticiamagpali/phd/evol_models/codeml/big_dataset/cml_align/RYR2_codon_aligned.phy  treef: /home/leticiamagpali/phd/evol_models/codeml/big_dataset/cml_trees/gene_trees/H3_gene_trees/RYR2_tree_H3.tre)

I	J	ij	2Ns_IJ	pMut_IJ	pSub_IJ	2Ns_JI	pMut_JI	pSub_JI

TTC	TTT	CT	0.09819	0.08460	0.08882	-0.09819	0.09333	0.08882	0.08882	0.08882
TTA	TTT	AT	0.78191	0.01023	0.01475	-0.78191	0.02237	0.01475	0.00738	0.00738
TTA	TTC	AC	0.68372	0.01198	0.01654	-0.68372	0.02373	0.01654	0.00827	0.00827
TTG	TTT	GT	0.46237	0.01429	0.01785	-0.46237	0.02270	0.01785	0.00893	0.00893
TTG	TTC	GC	0.36418	0.01673	0.01996	-0.36418	0.02408	0.01996	0.00998	0.00998
TTG	TTA	GA	-0.31954	0.08570	0.07273	0.31954	0.06226	0.07273	0.07273	0.07273
TCT	TTT	CT	0.66214	0.04814	0.06582	-0.66214	0.09333	0.06582	0.03291	0.03291
TCC	TTC	CT	0.70676	0.04884	0.06812	-0.70676	0.09903	0.06812	0.03406	0.03406
TCC	TCT	CT	0.14280	0.04884	0.05242	-0.14280	0.05634	0.05242	0.05242	0.05242
TCA	TTA	CT	0.31488	0.04042	0.04712	-0.31488	0.05538	0.04712	0.02356	0.02356
TCA	TCT	AT	0.43465	0.00874	0.01078	-0.43465	0.01350	0.01078	0.01078	0.01078
TCA	TCC	AC	0.29184	0.01023	0.01180	-0.29184	0.01370	0.01180	0.01180	0.01180
TCG	TTG	CT	1.84867	0.01218	0.02672	-1.84867	0.07735	0.02672	0.01336	0.01336
TCG	TCT	GT	1.64890	0.00263	0.00538	-1.64890	0.01370	0.00538	0.00538	0.00538
TCG	TCC	GC	1.50610	0.00308	0.00597	-1.50610	0.01390	0.00597	0.00597	0.00597
TCG	TCA	GA	1.21425	0.01579	0.02728	-1.21425	0.05319	0.02728	0.02728	0.02728
TAT	TTT	AT	0.45179	0.01424	0.01769	-0.45179	0.02237	0.01769	0.00885	0.00885
TAT	TCT	AC	-0.21035	0.01666	0.01497	0.21035	0.01350	0.01497	0.00749	0.00749
TAC	TTC	AT	0.73309	0.01140	0.01609	-0.73309	0.02373	0.01609	0.00804	0.00804
TAC	TCC	AC	0.02634	0.01335	0.01352	-0.02634	0.01370	0.01352	0.00676	0.00676
TAC	TAT	CT	0.37949	0.05271	0.06334	-0.37949	0.07704	0.06334	0.06334	0.06334
TGT	TTT	GT	1.02920	0.00811	0.01299	-1.02920	0.02270	0.01299	0.00649	0.00649
TGT	TCT	GC	0.36706	0.00949	0.01134	-0.36706	0.01370	0.01134	0.00567	0.00567
TGT	TAT	GA	0.57741	0.04862	0.06400	-0.57741	0.08661	0.06400	0.03200	0.03200
TGC	TTC	GT	1.39060	0.00599	0.01110	-1.39060	0.02408	0.01110	0.00555	0.00555
TGC	TCC	GC	0.68384	0.00702	0.00969	-0.68384	0.01390	0.00969	0.00484	0.00484
TGC	TAC	GA	0.65751	0.03594	0.04904	-0.65751	0.06936	0.04904	0.02452	0.02452
TGC	TGT	CT	0.45959	0.02771	0.03457	-0.45959	0.04388	0.03457	0.03457	0.03457
TGG	TTG	GT	0.77996	0.00862	0.01242	-0.77996	0.01881	0.01242	0.00621	0.00621
TGG	TCG	GC	-1.06871	0.01009	0.00564	1.06871	0.00347	0.00564	0.00282	0.00282
TGG	TGT	GT	0.21313	0.00862	0.00957	-0.21313	0.01067	0.00957	0.00479	0.00479
TGG	TGC	GC	-0.24646	0.01009	0.00890	0.24646	0.00789	0.00890	0.00445	0.00445
CTT	TTT	CT	0.46792	0.05845	0.07319	-0.46792	0.09333	0.07319	0.03660	0.03660
CTC	TTC	CT	0.26566	0.07592	0.08646	-0.26566	0.09903	0.08646	0.04323	0.04323
CTC	CTT	CT	-0.10408	0.07592	0.07204	0.10408	0.06842	0.07204	0.07204	0.07204
CTA	TTA	CT	0.91111	0.02227	0.03393	-0.91111	0.05538	0.03393	0.03393	0.03393
CTA	CTT	AT	1.22509	0.00482	0.00835	-1.22509	0.01640	0.00835	0.00835	0.00835
CTA	CTC	AC	1.32917	0.00564	0.01019	-1.32917	0.02130	0.01019	0.01019	0.01019
CTG	TTG	CT	-0.49223	0.12654	0.09794	0.49223	0.07735	0.09794	0.09794	0.09794
CTG	CTT	GT	-0.49779	0.02737	0.02112	0.49779	0.01664	0.02112	0.02112	0.02112
CTG	CTC	GC	-0.39371	0.03204	0.02614	0.39371	0.02161	0.02614	0.02614	0.02614
CTG	CTA	GA	-1.72289	0.16410	0.06145	1.72289	0.02930	0.06145	0.06145	0.06145
CCT	TCT	CT	0.22801	0.04486	0.05016	-0.22801	0.05634	0.05016	0.02508	0.02508
CCT	CTT	CT	0.42222	0.04486	0.05499	-0.42222	0.06842	0.05499	0.02749	0.02749
CCC	TCC	CT	0.43138	0.03714	0.04572	-0.43138	0.05717	0.04572	0.02286	0.02286
CCC	CTC	CT	0.87248	0.03714	0.05567	-0.87248	0.08887	0.05567	0.02783	0.02783
CCC	CCT	CT	0.34618	0.03714	0.04394	-0.34618	0.05250	0.04394	0.04394	0.04394
CCA	TCA	CT	0.19556	0.03891	0.04284	-0.19556	0.04731	0.04284	0.02142	0.02142
CCA	CTA	CT	-0.40067	0.03891	0.03163	0.40067	0.02606	0.03163	0.01582	0.01582
CCA	CCT	AT	0.40220	0.00842	0.01022	-0.40220	0.01258	0.01022	0.01022	0.01022
CCA	CCC	AC	0.05602	0.00985	0.01013	-0.05602	0.01042	0.01013	0.01013	0.01013
CCG	TCG	CT	-0.00623	0.01434	0.01430	0.00623	0.01425	0.01430	0.00715	0.00715
CCG	CTG	CT	2.33468	0.01434	0.03708	-2.33468	0.14811	0.03708	0.01854	0.01854
CCG	CCT	GT	1.41466	0.00310	0.00580	-1.41466	0.01277	0.00580	0.00580	0.00580
CCG	CCC	GC	1.06848	0.00363	0.00591	-1.06848	0.01057	0.00591	0.00591	0.00591
CCG	CCA	GA	1.01246	0.01860	0.02958	-1.01246	0.05120	0.02958	0.02958	0.02958
CAT	TAT	CT	0.45525	0.04887	0.06083	-0.45525	0.07704	0.06083	0.03041	0.03041
CAT	CTT	AT	0.43912	0.01057	0.01306	-0.43912	0.01640	0.01306	0.00653	0.00653
CAT	CCT	AC	0.01689	0.01237	0.01248	-0.01689	0.01258	0.01248	0.00624	0.00624
CAC	TAC	CT	0.15437	0.05287	0.05706	-0.15437	0.06170	0.05706	0.02853	0.02853
CAC	CTC	AT	0.62180	0.01144	0.01536	-0.62180	0.02130	0.01536	0.00768	0.00768
CAC	CCC	AC	-0.25068	0.01339	0.01178	0.25068	0.01042	0.01178	0.00589	0.00589
CAC	CAT	CT	0.07861	0.05287	0.05498	-0.07861	0.05720	0.05498	0.05498	0.05498
CAA	CTA	AT	-0.49702	0.01027	0.00793	0.49702	0.00625	0.00793	0.00396	0.00396
CAA	CCA	AC	-0.09635	0.01202	0.01145	0.09635	0.01091	0.01145	0.00572	0.00572
CAA	CAT	AT	0.28895	0.01027	0.01182	-0.28895	0.01371	0.01182	0.00591	0.00591
CAA	CAC	AC	0.21035	0.01202	0.01333	-0.21035	0.01483	0.01333	0.00666	0.00666
CAG	CTG	AT	0.55426	0.02039	0.02656	-0.55426	0.03550	0.02656	0.01328	0.01328
CAG	CCG	AC	-1.78042	0.02387	0.00862	1.78042	0.00402	0.00862	0.00431	0.00431
CAG	CAT	GT	-0.38265	0.02039	0.01674	0.38265	0.01391	0.01674	0.00837	0.00837
CAG	CAC	GC	-0.46126	0.02387	0.01879	0.46126	0.01505	0.01879	0.00939	0.00939
CAG	CAA	GA	-0.67160	0.12227	0.08577	0.67160	0.06246	0.08577	0.08577	0.08577
CGT	TGT	CT	1.00429	0.01607	0.02547	-1.00429	0.04388	0.02547	0.01274	0.01274
CGT	CTT	GT	1.56556	0.00348	0.00688	-1.56556	0.01664	0.00688	0.00344	0.00344
CGT	CCT	GC	1.14334	0.00407	0.00683	-1.14334	0.01277	0.00683	0.00342	0.00342
CGT	CAT	GA	1.12645	0.02085	0.03475	-1.12645	0.06430	0.03475	0.01737	0.01737
CGC	TGC	CT	0.33097	0.02330	0.02737	-0.33097	0.03244	0.02737	0.01368	0.01368
CGC	CTC	GT	1.45591	0.00504	0.00957	-1.45591	0.02161	0.00957	0.00478	0.00478
CGC	CCC	GC	0.58343	0.00590	0.00779	-0.58343	0.01057	0.00779	0.00389	0.00389
CGC	CAC	GA	0.83411	0.03021	0.04455	-0.83411	0.06958	0.04455	0.02227	0.02227
CGC	CGT	CT	-0.21373	0.02330	0.02090	0.21373	0.01881	0.02090	0.02090	0.02090
CGA	CTA	GT	0.08831	0.00580	0.00606	-0.08831	0.00634	0.00606	0.00303	0.00303
CGA	CCA	GC	0.48898	0.00679	0.00859	-0.48898	0.01107	0.00859	0.00429	0.00429
CGA	CAA	GA	0.58533	0.03479	0.04596	-0.58533	0.06246	0.04596	0.02298	0.02298
CGA	CGT	AT	-0.25216	0.00580	0.00510	0.25216	0.00451	0.00510	0.00510	0.00510
CGA	CGC	AC	-0.03843	0.00679	0.00666	0.03843	0.00654	0.00666	0.00666	0.00666
CGG	TGG	CT	0.67244	0.02382	0.03272	-0.67244	0.04666	0.03272	0.01636	0.01636
CGG	CTG	GT	1.94464	0.00515	0.01169	-1.94464	0.03602	0.01169	0.00585	0.00585
CGG	CCG	GC	-0.39004	0.00603	0.00493	0.39004	0.00408	0.00493	0.00247	0.00247
CGG	CAG	GA	1.39038	0.03089	0.05718	-1.39038	0.12406	0.05718	0.02859	0.02859
CGG	CGT	GT	-0.11872	0.00515	0.00485	0.11872	0.00458	0.00485	0.00485	0.00485
CGG	CGC	GC	0.09501	0.00603	0.00632	-0.09501	0.00663	0.00632	0.00632	0.00632
CGG	CGA	GA	0.13344	0.03089	0.03299	-0.13344	0.03530	0.03299	0.03299	0.03299
ATT	TTT	AT	0.38753	0.01518	0.01831	-0.38753	0.02237	0.01831	0.00916	0.00916
ATT	CTT	AC	-0.08040	0.01777	0.01707	0.08040	0.01640	0.01707	0.00853	0.00853
ATC	TTC	AT	0.35854	0.01658	0.01973	-0.35854	0.02373	0.01973	0.00987	0.00987
ATC	CTC	AC	0.09288	0.01941	0.02032	-0.09288	0.02130	0.02032	0.01016	0.01016
ATC	ATT	CT	0.06920	0.07666	0.07934	-0.06920	0.08215	0.07934	0.07934	0.07934
ATA	TTA	AT	0.76328	0.00619	0.00885	-0.76328	0.01327	0.00885	0.00442	0.00442
ATA	CTA	AC	-0.14783	0.00724	0.00672	0.14783	0.00625	0.00672	0.00336	0.00336
ATA	ATT	AT	1.15767	0.00619	0.01044	-1.15767	0.01969	0.01044	0.01044	0.01044
ATA	ATC	AC	1.08847	0.00724	0.01188	-1.08847	0.02151	0.01188	0.01188	0.01188
ATG	TTG	AT	-0.28618	0.02468	0.02132	0.28618	0.01854	0.02132	0.01066	0.01066
ATG	CTG	AC	0.20605	0.02889	0.03196	-0.20605	0.03550	0.03196	0.01598	0.01598
ATG	ATT	GT	-0.21134	0.02468	0.02216	0.21134	0.01998	0.02216	0.01108	0.01108
ATG	ATC	GC	-0.28054	0.02889	0.02502	0.28054	0.02182	0.02502	0.01251	0.01251
ATG	ATA	GA	-1.36901	0.14796	0.06910	1.36901	0.03764	0.06910	0.03455	0.03455
ACT	TCT	AT	0.56461	0.00768	0.01005	-0.56461	0.01350	0.01005	0.00502	0.00502
ACT	CCT	AC	0.33660	0.00899	0.01058	-0.33660	0.01258	0.01058	0.00529	0.00529
ACT	ATT	CT	0.83922	0.03549	0.05245	-0.83922	0.08215	0.05245	0.02622	0.02622
ACC	TCC	AT	0.25551	0.01061	0.01203	-0.25551	0.01370	0.01203	0.00601	0.00601
ACC	CCC	AC	-0.17587	0.01242	0.01136	0.17587	0.01042	0.01136	0.00568	0.00568
ACC	ATC	CT	0.60374	0.04906	0.06535	-0.60374	0.08973	0.06535	0.03268	0.03268
ACC	ACT	CT	-0.16629	0.04906	0.04510	0.16629	0.04155	0.04510	0.04510	0.04510
ACA	TCA	AT	0.22006	0.00910	0.01014	-0.22006	0.01134	0.01014	0.00507	0.00507
ACA	CCA	AC	0.02450	0.01065	0.01078	-0.02450	0.01091	0.01078	0.00539	0.00539
ACA	ATA	CT	-0.22834	0.04207	0.03745	0.22834	0.03348	0.03745	0.01872	0.01872
ACA	ACT	AT	0.09010	0.00910	0.00952	-0.09010	0.00996	0.00952	0.00952	0.00952
ACA	ACC	AC	0.25639	0.01065	0.01207	-0.25639	0.01376	0.01207	0.01207	0.01207
ACG	TCG	AT	-0.59980	0.00622	0.00454	0.59980	0.00342	0.00454	0.00227	0.00227
ACG	CCG	AC	-0.59357	0.00728	0.00534	0.59357	0.00402	0.00534	0.00267	0.00267
ACG	ATG	CT	1.53506	0.02877	0.05629	-1.53506	0.13355	0.05629	0.02815	0.02815
ACG	ACT	GT	0.48449	0.00622	0.00785	-0.48449	0.01010	0.00785	0.00785	0.00785
ACG	ACC	GC	0.65078	0.00728	0.00991	-0.65078	0.01396	0.00991	0.00991	0.00991
ACG	ACA	GA	0.39439	0.03731	0.04515	-0.39439	0.05535	0.04515	0.04515	0.04515
AAT	TAT	AT	0.24910	0.01439	0.01626	-0.24910	0.01846	0.01626	0.00813	0.00813
AAT	CAT	AC	-0.20615	0.01685	0.01517	0.20615	0.01371	0.01517	0.00758	0.00758
AAT	ATT	AT	0.31336	0.01439	0.01676	-0.31336	0.01969	0.01676	0.00838	0.00838
AAT	ACT	AC	-0.52586	0.01685	0.01280	0.52586	0.00996	0.01280	0.00640	0.00640
AAC	TAC	AT	-0.01250	0.01497	0.01488	0.01250	0.01479	0.01488	0.00744	0.00744
AAC	CAC	AC	-0.16687	0.01753	0.01610	0.16687	0.01483	0.01610	0.00805	0.00805
AAC	ATC	AT	0.36206	0.01497	0.01785	-0.36206	0.02151	0.01785	0.00892	0.00892
AAC	ACC	AC	-0.24168	0.01753	0.01549	0.24168	0.01376	0.01549	0.00775	0.00775
AAC	AAT	CT	0.11789	0.06922	0.07338	-0.11789	0.07788	0.07338	0.07338	0.07338
AAA	CAA	AC	-0.68790	0.02649	0.01842	0.68790	0.01332	0.01842	0.00921	0.00921
AAA	ATA	AT	-1.03710	0.02263	0.01289	1.03710	0.00802	0.01289	0.00645	0.00645
AAA	ACA	AC	-0.80876	0.02649	0.01721	0.80876	0.01180	0.01721	0.00860	0.00860
AAA	AAT	AT	-0.19280	0.02263	0.02052	0.19280	0.01867	0.02052	0.01026	0.01026
AAA	AAC	AC	-0.31069	0.02649	0.02259	0.31069	0.01942	0.02259	0.01130	0.01130
AAG	CAG	AC	-0.05222	0.02786	0.02714	0.05222	0.02645	0.02714	0.01357	0.01357
AAG	ATG	AT	0.29598	0.02381	0.02750	-0.29598	0.03201	0.02750	0.01375	0.01375
AAG	ACG	AC	-1.23907	0.02786	0.01408	1.23907	0.00807	0.01408	0.00704	0.00704
AAG	AAT	GT	-0.22872	0.02381	0.02119	0.22872	0.01894	0.02119	0.01059	0.01059
AAG	AAC	GC	-0.34661	0.02786	0.02331	0.34661	0.01970	0.02331	0.01166	0.01166
AAG	AAA	GA	-0.03592	0.14273	0.14018	0.03592	0.13769	0.14018	0.14018	0.14018
AGT	TGT	AT	0.31251	0.00769	0.00896	-0.31251	0.01052	0.00896	0.00448	0.00448
AGT	CGT	AC	-0.69178	0.00901	0.00625	0.69178	0.00451	0.00625	0.00312	0.00312
AGT	ATT	GT	0.95418	0.00769	0.01194	-0.95418	0.01998	0.01194	0.00597	0.00597
AGT	ACT	GC	0.11496	0.00901	0.00953	-0.11496	0.01010	0.00953	0.00477	0.00477
AGT	AAT	GA	0.64082	0.04613	0.06248	-0.64082	0.08756	0.06248	0.03124	0.03124
AGC	TGC	AT	-0.56561	0.01369	0.01018	0.56561	0.00777	0.01018	0.00509	0.00509
AGC	CGC	AC	-0.89658	0.01602	0.00990	0.89658	0.00654	0.00990	0.00495	0.00495
AGC	ATC	GT	0.46645	0.01369	0.01713	-0.46645	0.02182	0.01713	0.00856	0.00856
AGC	ACC	GC	-0.13728	0.01602	0.01495	0.13728	0.01396	0.01495	0.00747	0.00747
AGC	AAC	GA	0.10439	0.08206	0.08641	-0.10439	0.09109	0.08641	0.04321	0.04321
AGC	AGT	CT	-0.41854	0.06327	0.05095	0.41854	0.04163	0.05095	0.05095	0.05095
AGA	CGA	AC	-0.51427	0.01258	0.00962	0.51427	0.00752	0.00962	0.00962	0.00962
AGA	ATA	GT	-0.27814	0.01075	0.00933	0.27814	0.00814	0.00933	0.00466	0.00466
AGA	ACA	GC	-0.04979	0.01258	0.01227	0.04979	0.01197	0.01227	0.00614	0.00614
AGA	AAA	GA	0.75897	0.06446	0.09199	-0.75897	0.13769	0.09199	0.04599	0.04599
AGA	AGT	AT	-0.07465	0.01075	0.01036	0.07465	0.00998	0.01036	0.00518	0.00518
AGA	AGC	AC	0.34388	0.01258	0.01487	-0.34388	0.01775	0.01487	0.00744	0.00744
AGG	TGG	AT	0.28275	0.00843	0.00968	-0.28275	0.01118	0.00968	0.00484	0.00484
AGG	CGG	AC	-0.38969	0.00987	0.00807	0.38969	0.00668	0.00807	0.00807	0.00807
AGG	ATG	GT	1.34889	0.00843	0.01535	-1.34889	0.03247	0.01535	0.00768	0.00768
AGG	ACG	GC	-0.18616	0.00987	0.00898	0.18616	0.00819	0.00898	0.00449	0.00449
AGG	AAG	GA	1.05291	0.05053	0.08172	-1.05291	0.14482	0.08172	0.04086	0.04086
AGG	AGT	GT	0.18337	0.00843	0.00922	-0.18337	0.01012	0.00922	0.00461	0.00461
AGG	AGC	GC	0.60190	0.00987	0.01313	-0.60190	0.01801	0.01313	0.00657	0.00657
AGG	AGA	GA	0.25802	0.05053	0.05733	-0.25802	0.06541	0.05733	0.05733	0.05733
GTT	TTT	GT	0.77841	0.01042	0.01500	-0.77841	0.02270	0.01500	0.00750	0.00750
GTT	CTT	GC	0.31048	0.01220	0.01419	-0.31048	0.01664	0.01419	0.00709	0.00709
GTT	ATT	GA	0.39088	0.06248	0.07548	-0.39088	0.09236	0.07548	0.03774	0.03774
GTC	TTC	GT	0.78549	0.01098	0.01585	-0.78549	0.02408	0.01585	0.00792	0.00792
GTC	CTC	GC	0.51983	0.01285	0.01648	-0.51983	0.02161	0.01648	0.00824	0.00824
GTC	ATC	GA	0.42695	0.06582	0.08087	-0.42695	0.10088	0.08087	0.04044	0.04044
GTC	GTT	CT	0.10527	0.05075	0.05347	-0.10527	0.05639	0.05347	0.05347	0.05347
GTA	TTA	GT	0.83813	0.00582	0.00860	-0.83813	0.01347	0.00860	0.00430	0.00430
GTA	CTA	GC	-0.07298	0.00682	0.00657	0.07298	0.00634	0.00657	0.00329	0.00329
GTA	ATA	GA	0.07485	0.03492	0.03625	-0.07485	0.03764	0.03625	0.01812	0.01812
GTA	GTT	AT	0.84164	0.00582	0.00862	-0.84164	0.01351	0.00862	0.00862	0.00862
GTA	GTC	AC	0.73637	0.00682	0.00963	-0.73637	0.01424	0.00963	0.00963	0.00963
GTG	TTG	GT	-0.01256	0.01905	0.01893	0.01256	0.01881	0.01893	0.00946	0.00946
GTG	CTG	GC	0.47967	0.02229	0.02807	-0.47967	0.03602	0.02807	0.01403	0.01403
GTG	ATG	GA	0.27362	0.11420	0.13053	-0.27362	0.15013	0.13053	0.06527	0.06527
GTG	GTT	GT	-0.32860	0.01905	0.01609	0.32860	0.01371	0.01609	0.01609	0.01609
GTG	GTC	GC	-0.43387	0.02229	0.01781	0.43387	0.01445	0.01781	0.01781	0.01781
GTG	GTA	GA	-1.17024	0.11420	0.06012	1.17024	0.03543	0.06012	0.06012	0.06012
GCT	TCT	GT	-0.09434	0.01506	0.01436	0.09434	0.01370	0.01436	0.00718	0.00718
GCT	CCT	GC	-0.32235	0.01762	0.01494	0.32235	0.01277	0.01494	0.00747	0.00747
GCT	ACT	GA	-0.65895	0.09027	0.06377	0.65895	0.04671	0.06377	0.03189	0.03189
GCT	GTT	CT	-0.21061	0.06961	0.06253	0.21061	0.05639	0.06253	0.03127	0.03127
GCC	TCC	GT	-0.20313	0.01703	0.01536	0.20313	0.01390	0.01536	0.00768	0.00768
GCC	CCC	GC	-0.63451	0.01994	0.01428	0.63451	0.01057	0.01428	0.00714	0.00714
GCC	ACC	GA	-0.45864	0.10213	0.08049	0.45864	0.06456	0.08049	0.04025	0.04025
GCC	GTC	CT	-0.28186	0.07875	0.06817	0.28186	0.05941	0.06817	0.03409	0.03409
GCC	GCT	CT	0.03401	0.07875	0.08010	-0.03401	0.08148	0.08010	0.08010	0.08010
GCA	TCA	GT	0.14318	0.00997	0.01070	-0.14318	0.01150	0.01070	0.00535	0.00535
GCA	CCA	GC	-0.05238	0.01167	0.01137	0.05238	0.01107	0.01137	0.00568	0.00568
GCA	ACA	GA	-0.07688	0.05978	0.05751	0.07688	0.05535	0.05751	0.02875	0.02875
GCA	GTA	CT	-0.38008	0.04609	0.03789	0.38008	0.03152	0.03789	0.01894	0.01894
GCA	GCT	AT	0.67217	0.00997	0.01369	-0.67217	0.01953	0.01369	0.01369	0.01369
GCA	GCC	AC	0.63815	0.01167	0.01579	-0.63815	0.02209	0.01579	0.01579	0.01579
GCG	TCG	GT	-0.13354	0.00396	0.00370	0.13354	0.00347	0.00370	0.00185	0.00185
GCG	CCG	GC	-0.12731	0.00464	0.00435	0.12731	0.00408	0.00435	0.00217	0.00217
GCG	ACG	GA	0.46626	0.02375	0.02972	-0.46626	0.03786	0.02972	0.01486	0.01486
GCG	GTG	CT	1.72770	0.01831	0.03848	-1.72770	0.10307	0.03848	0.01924	0.01924
GCG	GCT	GT	1.60971	0.00396	0.00797	-1.60971	0.01981	0.00797	0.00797	0.00797
GCG	GCC	GC	1.57569	0.00464	0.00921	-1.57569	0.02242	0.00921	0.00921	0.00921
GCG	GCA	GA	0.93754	0.02375	0.03660	-0.93754	0.06065	0.03660	0.03660	0.03660
GAT	TAT	GT	-0.14186	0.02159	0.02009	0.14186	0.01873	0.02009	0.01005	0.01005
GAT	CAT	GC	-0.59711	0.02527	0.01847	0.59711	0.01391	0.01847	0.00924	0.00924
GAT	AAT	GA	-0.39095	0.12944	0.10578	0.39095	0.08756	0.10578	0.05289	0.05289
GAT	GTT	AT	-0.46848	0.02159	0.01693	0.46848	0.01351	0.01693	0.00846	0.00846
GAT	GCT	AC	-0.25787	0.02527	0.02215	0.25787	0.01953	0.02215	0.01108	0.01108
GAC	TAC	GT	-0.27581	0.01977	0.01717	0.27581	0.01500	0.01717	0.00858	0.00858
GAC	CAC	GC	-0.43018	0.02314	0.01852	0.43018	0.01505	0.01852	0.00926	0.00926
GAC	AAC	GA	-0.26331	0.11852	0.10360	0.26331	0.09109	0.10360	0.05180	0.05180
GAC	GTC	AT	-0.32820	0.01977	0.01670	0.32820	0.01424	0.01670	0.00835	0.00835
GAC	GCC	AC	-0.04634	0.02314	0.02261	0.04634	0.02209	0.02261	0.01130	0.01130
GAC	GAT	CT	0.24554	0.09139	0.10307	-0.24554	0.11683	0.10307	0.10307	0.10307
GAA	CAA	GC	-1.07881	0.03974	0.02209	1.07881	0.01351	0.02209	0.01104	0.01104
GAA	AAA	GA	-0.39091	0.20355	0.16635	0.39091	0.13769	0.16635	0.08318	0.08318
GAA	GTA	AT	-1.50286	0.03395	0.01460	1.50286	0.00755	0.01460	0.00730	0.00730
GAA	GCA	AC	-1.12278	0.03974	0.02152	1.12278	0.01293	0.02152	0.01076	0.01076
GAA	GAT	AT	-0.19275	0.03395	0.03078	0.19275	0.02800	0.03078	0.01539	0.01539
GAA	GAC	AC	-0.43829	0.03974	0.03166	0.43829	0.02564	0.03166	0.01583	0.01583
GAG	CAG	GC	-0.20520	0.03295	0.02968	0.20520	0.02683	0.02968	0.01484	0.01484
GAG	AAG	GA	-0.15298	0.16876	0.15618	0.15298	0.14482	0.15618	0.07809	0.07809
GAG	GTG	AT	-0.13062	0.02815	0.02635	0.13062	0.02470	0.02635	0.01317	0.01317
GAG	GCG	AC	-1.85831	0.03295	0.01131	1.85831	0.00514	0.01131	0.00566	0.00566
GAG	GAT	GT	0.00926	0.02815	0.02828	-0.00926	0.02841	0.02828	0.01414	0.01414
GAG	GAC	GC	-0.23628	0.03295	0.02921	0.23628	0.02601	0.02921	0.01460	0.01460
GAG	GAA	GA	0.20201	0.16876	0.18638	-0.20201	0.20654	0.18638	0.18638	0.18638
GGT	TGT	GT	0.25726	0.00825	0.00936	-0.25726	0.01067	0.00936	0.00468	0.00468
GGT	CGT	GC	-0.74703	0.00966	0.00649	0.74703	0.00458	0.00649	0.00325	0.00325
GGT	AGT	GA	-0.05525	0.04946	0.04811	0.05525	0.04681	0.04811	0.02406	0.02406
GGT	GTT	GT	0.50805	0.00825	0.01052	-0.50805	0.01371	0.01052	0.00526	0.00526
GGT	GCT	GC	0.71866	0.00966	0.01354	-0.71866	0.01981	0.01354	0.00677	0.00677
GGT	GAT	GA	0.97653	0.04946	0.07749	-0.97653	0.13134	0.07749	0.03874	0.03874
GGC	TGC	GT	-0.65351	0.01516	0.01074	0.65351	0.00789	0.01074	0.00537	0.00537
GGC	CGC	GC	-0.98448	0.01775	0.01042	0.98448	0.00663	0.01042	0.00521	0.00521
GGC	AGC	GA	-0.08790	0.09091	0.08697	0.08790	0.08326	0.08697	0.04349	0.04349
GGC	GTC	GT	-0.04840	0.01516	0.01480	0.04840	0.01445	0.01480	0.00740	0.00740
GGC	GCC	GC	0.23346	0.01775	0.01990	-0.23346	0.02242	0.01990	0.00995	0.00995
GGC	GAC	GA	0.27980	0.09091	0.10422	-0.27980	0.12026	0.10422	0.05211	0.05211
GGC	GGT	CT	-0.45119	0.07010	0.05547	0.45119	0.04464	0.05547	0.05547	0.05547
GGA	CGA	GC	-0.87695	0.01835	0.01147	0.87695	0.00764	0.01147	0.00573	0.00573
GGA	AGA	GA	-0.36268	0.09400	0.07798	0.36268	0.06541	0.07798	0.03899	0.03899
GGA	GTA	GT	-0.71566	0.01568	0.01073	0.71566	0.00766	0.01073	0.00537	0.00537
GGA	GCA	GC	-0.33559	0.01835	0.01544	0.33559	0.01312	0.01544	0.00772	0.00772
GGA	GAA	GA	0.78720	0.09400	0.13580	-0.78720	0.20654	0.13580	0.06790	0.06790
GGA	GGT	AT	-0.38208	0.01568	0.01287	0.38208	0.01070	0.01287	0.01287	0.01287
GGA	GGC	AC	0.06911	0.01835	0.01899	-0.06911	0.01966	0.01899	0.01899	0.01899
GGG	TGG	GT	0.22568	0.00905	0.01011	-0.22568	0.01135	0.01011	0.00506	0.00506
GGG	CGG	GC	-0.44676	0.01060	0.00841	0.44676	0.00678	0.00841	0.00420	0.00420
GGG	AGG	GA	-0.05707	0.05428	0.05275	0.05707	0.05127	0.05275	0.02637	0.02637
GGG	GTG	GT	1.01820	0.00905	0.01443	-1.01820	0.02506	0.01443	0.00722	0.00722
GGG	GCG	GC	-0.70949	0.01060	0.00728	0.70949	0.00521	0.00728	0.00364	0.00364
GGG	GAG	GA	1.14882	0.05428	0.09131	-1.14882	0.17124	0.09131	0.04565	0.04565
GGG	GGT	GT	0.18155	0.00905	0.00990	-0.18155	0.01086	0.00990	0.00990	0.00990
GGG	GGC	GC	0.63274	0.01060	0.01430	-0.63274	0.01995	0.01430	0.01430	0.01430
GGG	GGA	GA	0.56363	0.05428	0.07101	-0.56363	0.09538	0.07101	0.07101	0.07101


Histograms
2Ns	FMut	FSub(CodonUsage)	FSubw(after w)

-2.22350	0.00844	0.00226	0.00175
-2.00115	0.00205	0.00071	0.00055
-1.77880	0.02286	0.00895	0.00983
-1.55645	0.01570	0.00708	0.00682
-1.33410	0.02318	0.01168	0.01018
-1.11175	0.04940	0.02900	0.02929
-0.88940	0.05172	0.03498	0.03079
-0.66705	0.08470	0.06432	0.06014
-0.44470	0.13338	0.11489	0.11321
-0.22235	0.15531	0.14818	0.14785
0.00000	0.14551	0.15589	0.17918
0.22235	0.12361	0.14818	0.14785
0.44470	0.08741	0.11489	0.11321
0.66705	0.04406	0.06432	0.06014
0.88940	0.02190	0.03498	0.03079
1.11175	0.01639	0.02900	0.02929
1.33410	0.00596	0.01168	0.01018
1.55645	0.00337	0.00708	0.00682
1.77880	0.00393	0.00895	0.00983
2.00115	0.00029	0.00071	0.00055
2.22350	0.00082	0.00226	0.00175

Proportion of advantageous (S > 0) mutations:
 0.37806

Proportions of good & bad mutations (|S| > 2.0000) among mutations:
0.00082  0.00844

mean |Ns| = 0.52940	mean Ns+ = 0.41727	mean Ns- = -0.59756

