

TREE # 1

  0  0.0000  10834.609794  x:  0.01148   0.00730   0.00792   0.01464   0.01468   0.02092   0.01455   0.01524   0.01509   0.01724   0.02239   0.02296   0.01247   0.01544   0.00648   0.01608   0.02622   0.01096   0.01745   0.00438   0.02333   0.01663   0.01027   0.00988   0.02851   0.02033   0.01137   0.01800   0.00371   0.00797   0.00620   0.00287   0.00366   0.00187   0.00726   0.01910   0.00958   0.00581   0.00258   0.02659   0.00672   0.00711   0.00851   0.00591   0.00795   0.00575   0.00415   0.00863   0.00387   0.00840   0.00222   0.01298   0.00000   0.01550   0.00377   1.13289   0.56082   0.96233   0.68560   1.42182   0.15531   0.16513   0.58568   2.21431  
  1 99.0000  10831.560954  x:  0.01147   0.00729   0.00793   0.01463   0.01467   0.02093   0.01455   0.01524   0.01507   0.01722   0.02239   0.02295   0.01243   0.01545   0.00648   0.01609   0.02622   0.01094   0.01745   0.00438   0.02331   0.01663   0.01028   0.00987   0.02851   0.02034   0.01136   0.01799   0.00371   0.00792   0.00618   0.00283   0.00363   0.00186   0.00721   0.01909   0.00960   0.00577   0.00254   0.02660   0.00669   0.00709   0.00848   0.00592   0.00791   0.00573   0.00415   0.00861   0.00385   0.00840   0.00220   0.01296   0.00135   0.01548   0.00377   1.13289   0.56082   0.96233   0.68560   1.42182   0.15530   0.16512   0.58568   2.21431  
  2 39177.2596  10790.410473  x:  0.01083   0.00616   0.00858   0.01342   0.01404   0.02115   0.01468   0.01517   0.01408   0.01607   0.02199   0.02223   0.00969   0.01618   0.00601   0.01674   0.02608   0.00989   0.01684   0.00481   0.02248   0.01640   0.01099   0.00956   0.02831   0.02056   0.01032   0.01715   0.00383   0.00466   0.00478   0.00008   0.00152   0.00111   0.00415   0.01877   0.01075   0.00322   0.00000   0.02702   0.00437   0.00603   0.00635   0.00635   0.00547   0.00386   0.00379   0.00704   0.00265   0.00823   0.00041   0.01150   0.00136   0.01384   0.00350   1.13328   0.56083   0.96231   0.68564   1.42191   0.15528   0.16420   0.58568   2.21430  
  3 4447.9211  10789.684147  x:  0.01082   0.00615   0.00859   0.01340   0.01403   0.02115   0.01468   0.01517   0.01406   0.01604   0.02198   0.02222   0.00962   0.01619   0.00600   0.01675   0.02608   0.00987   0.01683   0.00481   0.02246   0.01640   0.01100   0.00955   0.02830   0.02056   0.01030   0.01713   0.00384   0.00456   0.00477   0.00000   0.00155   0.00113   0.00407   0.01876   0.01076   0.00319   0.00000   0.02703   0.00432   0.00602   0.00629   0.00635   0.00544   0.00384   0.00381   0.00701   0.00265   0.00822   0.00045   0.01147   0.00136   0.01380   0.00349   1.13329   0.56083   0.96231   0.68564   1.42192   0.15528   0.16417   0.58568   2.21430  
  4 9235.5383  10771.651823  x:  0.01080   0.00624   0.00844   0.01295   0.01371   0.02122   0.01475   0.01515   0.01360   0.01530   0.02172   0.02205   0.00695   0.01643   0.00617   0.01700   0.02596   0.00935   0.01651   0.00453   0.02180   0.01624   0.01083   0.00929   0.02796   0.02051   0.00979   0.01671   0.00411   0.00000   0.00566   0.00000   0.00180   0.00098   0.00167   0.01838   0.01068   0.00361   0.00000   0.02722   0.00306   0.00604   0.00446   0.00626   0.00489   0.00420   0.00400   0.00635   0.00351   0.00834   0.00010   0.01040   0.00136   0.01246   0.00354   1.13373   0.56083   0.96230   0.68567   1.42202   0.15526   0.16329   0.58566   2.21427  
  5 10626.7612  10765.309120  x:  0.01085   0.00646   0.00831   0.01266   0.01348   0.02125   0.01479   0.01514   0.01330   0.01466   0.02149   0.02214   0.00401   0.01656   0.00626   0.01717   0.02585   0.00900   0.01628   0.00456   0.02118   0.01612   0.01067   0.00909   0.02757   0.02040   0.00952   0.01636   0.00392   0.00000   0.00615   0.00000   0.00036   0.00081   0.00057   0.01797   0.01055   0.00446   0.00000   0.02736   0.00196   0.00616   0.00280   0.00616   0.00500   0.00435   0.00360   0.00600   0.00355   0.00837   0.00136   0.00945   0.00136   0.01119   0.00354   1.13424   0.56083   0.96228   0.68572   1.42215   0.15523   0.16227   0.58564   2.21422  
  6 5517.6710  10758.071388  x:  0.01088   0.00670   0.00826   0.01232   0.01321   0.02129   0.01480   0.01514   0.01298   0.01390   0.02121   0.02243   0.00000   0.01671   0.00622   0.01738   0.02571   0.00862   0.01603   0.00490   0.02039   0.01600   0.01059   0.00888   0.02704   0.02026   0.00930   0.01594   0.00344   0.00000   0.00623   0.00000   0.00063   0.00025   0.00106   0.01746   0.01052   0.00555   0.00000   0.02752   0.00060   0.00627   0.00092   0.00610   0.00500   0.00414   0.00236   0.00572   0.00287   0.00839   0.00192   0.00826   0.00135   0.00961   0.00351   1.13496   0.56084   0.96226   0.68578   1.42234   0.15519   0.16084   0.58560   2.21416  
  7 6059.4282  10757.448393  x:  0.01088   0.00676   0.00826   0.01223   0.01314   0.02129   0.01481   0.01514   0.01289   0.01369   0.02113   0.02253   0.00000   0.01675   0.00621   0.01744   0.02567   0.00853   0.01596   0.00500   0.02017   0.01596   0.01057   0.00882   0.02689   0.02022   0.00925   0.01583   0.00333   0.00000   0.00623   0.00000   0.00062   0.00059   0.00120   0.01731   0.01052   0.00586   0.00000   0.02757   0.00029   0.00629   0.00061   0.00609   0.00497   0.00408   0.00205   0.00565   0.00269   0.00841   0.00190   0.00793   0.00135   0.00918   0.00350   1.13518   0.56084   0.96226   0.68579   1.42239   0.15518   0.16042   0.58559   2.21414  
  8 5216.7881  10755.413625  x:  0.01087   0.00685   0.00827   0.01197   0.01295   0.02132   0.01481   0.01514   0.01267   0.01315   0.02093   0.02280   0.00000   0.01686   0.00615   0.01760   0.02557   0.00827   0.01578   0.00521   0.01960   0.01587   0.01057   0.00869   0.02652   0.02012   0.00910   0.01552   0.00319   0.00000   0.00612   0.00000   0.00068   0.00068   0.00124   0.01696   0.01055   0.00650   0.00000   0.02769   0.00000   0.00630   0.00116   0.00608   0.00481   0.00394   0.00178   0.00545   0.00232   0.00846   0.00204   0.00712   0.00135   0.00812   0.00348   1.13574   0.56084   0.96224   0.68584   1.42254   0.15515   0.15932   0.58556   2.21409  
  9 2717.1448  10751.943154  x:  0.01070   0.00687   0.00859   0.01122   0.01245   0.02139   0.01478   0.01515   0.01216   0.01165   0.02032   0.02407   0.00000   0.01720   0.00580   0.01808   0.02524   0.00767   0.01531   0.00583   0.01776   0.01562   0.01085   0.00843   0.02524   0.01981   0.00900   0.01463   0.00360   0.00000   0.00464   0.00000   0.00049   0.00071   0.00239   0.01587   0.01085   0.00805   0.00000   0.02806   0.00000   0.00602   0.00082   0.00624   0.00395   0.00356   0.00414   0.00520   0.00173   0.00874   0.00211   0.00510   0.00136   0.00550   0.00343   1.13794   0.56085   0.96218   0.68602   1.42310   0.15503   0.15498   0.58544   2.21390  
 10 2317.5045  10747.307116  x:  0.01034   0.00643   0.00922   0.01051   0.01203   0.02147   0.01473   0.01516   0.01191   0.01053   0.01967   0.02560   0.00000   0.01760   0.00544   0.01863   0.02489   0.00737   0.01493   0.00618   0.01572   0.01540   0.01150   0.00847   0.02376   0.01955   0.00921   0.01384   0.00347   0.00000   0.00243   0.00000   0.00087   0.00082   0.00129   0.01488   0.01151   0.00835   0.00000   0.02854   0.00000   0.00522   0.00028   0.00660   0.00328   0.00248   0.00326   0.00534   0.00248   0.00857   0.00265   0.00498   0.00135   0.00568   0.00363   1.14153   0.56087   0.96207   0.68632   1.42403   0.15483   0.14791   0.58527   2.21357  
 11 1411.6383  10746.100515  x:  0.01019   0.00622   0.00946   0.01024   0.01188   0.02151   0.01472   0.01516   0.01181   0.01014   0.01943   0.02611   0.00000   0.01776   0.00532   0.01884   0.02476   0.00726   0.01479   0.00628   0.01496   0.01532   0.01175   0.00850   0.02321   0.01948   0.00926   0.01355   0.00346   0.00000   0.00188   0.00000   0.00096   0.00085   0.00106   0.01454   0.01177   0.00825   0.00000   0.02873   0.00096   0.00489   0.00016   0.00674   0.00298   0.00214   0.00302   0.00536   0.00278   0.00850   0.00286   0.00502   0.00135   0.00587   0.00370   1.14298   0.56087   0.96203   0.68644   1.42440   0.15475   0.14505   0.58520   2.21344  
 12 9679.4442  10738.191217  x:  0.00928   0.00461   0.01082   0.00887   0.01114   0.02179   0.01476   0.01512   0.01130   0.00879   0.01831   0.02775   0.00000   0.01877   0.00489   0.01998   0.02416   0.00667   0.01409   0.00652   0.01168   0.01496   0.01317   0.00874   0.02088   0.01934   0.00922   0.01229   0.00372   0.00000   0.00387   0.00000   0.00089   0.00092   0.00214   0.01336   0.01333   0.00498   0.00000   0.02982   0.00098   0.00302   0.00032   0.00757   0.00092   0.00122   0.00303   0.00491   0.00393   0.00802   0.00407   0.00610   0.00134   0.00789   0.00388   1.15089   0.56091   0.96178   0.68711   1.42645   0.15432   0.12933   0.58484   2.21274  
 13 3989.6665  10731.942815  x:  0.00885   0.00384   0.01162   0.00835   0.01074   0.02203   0.01491   0.01506   0.01093   0.00858   0.01773   0.02814   0.00000   0.01957   0.00486   0.02073   0.02384   0.00627   0.01369   0.00670   0.01049   0.01480   0.01399   0.00886   0.01990   0.01949   0.00882   0.01183   0.00380   0.00000   0.00360   0.00000   0.00102   0.00093   0.00204   0.01316   0.01435   0.00111   0.00000   0.03066   0.00093   0.00332   0.00045   0.00807   0.00251   0.00267   0.00344   0.00421   0.00323   0.00785   0.00408   0.00647   0.00134   0.00864   0.00366   1.15701   0.56095   0.96159   0.68764   1.42803   0.15399   0.11707   0.58459   2.21220  
 14 4958.6967  10726.321548  x:  0.00888   0.00395   0.01206   0.00879   0.01076   0.02226   0.01518   0.01499   0.01082   0.00975   0.01772   0.02710   0.00000   0.02026   0.00512   0.02115   0.02382   0.00620   0.01366   0.00660   0.01170   0.01487   0.01439   0.00901   0.02039   0.02005   0.00823   0.01220   0.00377   0.00000   0.00342   0.00000   0.00134   0.00092   0.00098   0.01413   0.01500   0.00028   0.00000   0.03139   0.00088   0.00448   0.00050   0.00836   0.00175   0.00176   0.00457   0.00363   0.00113   0.00752   0.00423   0.00710   0.00133   0.00947   0.00319   1.16278   0.56098   0.96139   0.68815   1.42954   0.15368   0.10535   0.58441   2.21170  
 15 3401.0541  10724.540557  x:  0.00879   0.00375   0.01233   0.00886   0.01075   0.02237   0.01530   0.01495   0.01071   0.01020   0.01772   0.02653   0.00000   0.02060   0.00514   0.02136   0.02383   0.00612   0.01362   0.00660   0.01219   0.01490   0.01466   0.00907   0.02067   0.02033   0.00794   0.01231   0.00378   0.00000   0.00321   0.00000   0.00145   0.00091   0.00063   0.01457   0.01542   0.00034   0.00078   0.03170   0.00083   0.00469   0.00058   0.00854   0.00166   0.00156   0.00503   0.00330   0.00050   0.00736   0.00427   0.00742   0.00133   0.00993   0.00299   1.16507   0.56100   0.96131   0.68835   1.43013   0.15356   0.10068   0.58434   2.21151  
 16 15916.6760  10720.466246  x:  0.00868   0.00356   0.01291   0.00916   0.01077   0.02266   0.01562   0.01486   0.01041   0.01141   0.01787   0.02464   0.00000   0.02145   0.00509   0.02181   0.02392   0.00589   0.01358   0.00677   0.01401   0.01501   0.01521   0.00913   0.02181   0.02114   0.00712   0.01274   0.00351   0.00000   0.00186   0.00000   0.00151   0.00087   0.00064   0.01589   0.01641   0.00005   0.00195   0.03249   0.00056   0.00523   0.00099   0.00894   0.00133   0.00066   0.00588   0.00265   0.00151   0.00696   0.00455   0.00765   0.00133   0.01026   0.00243   1.17066   0.56104   0.96111   0.68886   1.43160   0.15326   0.08920   0.58421   2.21103  
 17 9972.5738  10719.038128  x:  0.00864   0.00354   0.01309   0.00919   0.01079   0.02274   0.01569   0.01484   0.01029   0.01161   0.01798   0.02395   0.00000   0.02169   0.00492   0.02192   0.02400   0.00582   0.01358   0.00685   0.01461   0.01504   0.01539   0.00910   0.02232   0.02141   0.00703   0.01283   0.00347   0.00000   0.00158   0.00000   0.00153   0.00088   0.00063   0.01627   0.01672   0.00000   0.00206   0.03271   0.00053   0.00483   0.00103   0.00907   0.00088   0.00115   0.00587   0.00293   0.00154   0.00687   0.00472   0.00755   0.00133   0.01016   0.00251   1.17220   0.56105   0.96105   0.68900   1.43200   0.15318   0.08599   0.58420   2.21091  
 18 4527.0825  10719.038128  x:  0.00864   0.00354   0.01309   0.00919   0.01079   0.02274   0.01569   0.01484   0.01029   0.01161   0.01798   0.02395   0.00000   0.02169   0.00492   0.02192   0.02400   0.00582   0.01358   0.00685   0.01461   0.01504   0.01539   0.00910   0.02232   0.02141   0.00703   0.01283   0.00347   0.00000   0.00158   0.00000   0.00153   0.00088   0.00063   0.01627   0.01672   0.00000   0.00206   0.03271   0.00053   0.00483   0.00103   0.00907   0.00088   0.00115   0.00587   0.00293   0.00154   0.00687   0.00472   0.00755   0.00133   0.01016   0.00251   1.17220   0.56105   0.96105   0.68900   1.43200   0.15318   0.08599   0.58420   2.21091  
 19 7006.0462  10713.734194  x:  0.00889   0.00410   0.01271   0.00929   0.01086   0.02270   0.01569   0.01487   0.01034   0.01143   0.01811   0.02369   0.00000   0.02159   0.00510   0.02178   0.02407   0.00588   0.01364   0.00652   0.01473   0.01503   0.01498   0.00898   0.02260   0.02142   0.00723   0.01291   0.00380   0.00000   0.00428   0.00000   0.00122   0.00126   0.00075   0.01627   0.01623   0.00127   0.00212   0.03270   0.00092   0.00471   0.00170   0.00882   0.00276   0.00249   0.00539   0.00354   0.00226   0.00722   0.00343   0.00704   0.00062   0.00945   0.00297   1.17243   0.56106   0.96103   0.68903   1.43206   0.15317   0.08545   0.58423   2.21089  
 20 3049.7118  10709.769023  x:  0.00928   0.00483   0.01196   0.00942   0.01098   0.02263   0.01566   0.01492   0.01042   0.01108   0.01836   0.02317   0.00000   0.02139   0.00536   0.02152   0.02421   0.00598   0.01375   0.00595   0.01499   0.01503   0.01418   0.00875   0.02316   0.02145   0.00756   0.01307   0.00413   0.00000   0.00504   0.00000   0.00139   0.00122   0.00037   0.01626   0.01528   0.00109   0.00055   0.03268   0.00011   0.00447   0.00157   0.00835   0.00259   0.00267   0.00440   0.00411   0.00251   0.00768   0.00086   0.00614   0.00125   0.00813   0.00348   1.17292   0.56107   0.96099   0.68910   1.43220   0.15316   0.08431   0.58429   2.21086  
 21 1882.5549  10709.089716  x:  0.00939   0.00500   0.01169   0.00944   0.01102   0.02261   0.01565   0.01493   0.01045   0.01096   0.01845   0.02298   0.00000   0.02131   0.00542   0.02142   0.02426   0.00601   0.01379   0.00577   0.01509   0.01503   0.01390   0.00867   0.02336   0.02146   0.00765   0.01312   0.00417   0.00000   0.00496   0.00000   0.00140   0.00117   0.00093   0.01626   0.01495   0.00141   0.00016   0.03267   0.00006   0.00443   0.00157   0.00818   0.00248   0.00257   0.00412   0.00418   0.00247   0.00781   0.00034   0.00588   0.00121   0.00769   0.00355   1.17312   0.56107   0.96098   0.68912   1.43226   0.15315   0.08386   0.58431   2.21084  
 22 2575.9589  10708.674357  x:  0.00943   0.00505   0.01158   0.00945   0.01103   0.02260   0.01564   0.01494   0.01046   0.01091   0.01848   0.02290   0.00000   0.02128   0.00544   0.02138   0.02429   0.00602   0.01381   0.00571   0.01513   0.01503   0.01379   0.00864   0.02344   0.02146   0.00768   0.01314   0.00417   0.00000   0.00489   0.00000   0.00139   0.00115   0.00091   0.01625   0.01481   0.00158   0.00000   0.03267   0.00006   0.00443   0.00158   0.00811   0.00248   0.00252   0.00403   0.00420   0.00244   0.00785   0.00036   0.00580   0.00116   0.00752   0.00356   1.17321   0.56108   0.96097   0.68914   1.43228   0.15315   0.08365   0.58432   2.21083  
 23 2241.8537  10708.503792  x:  0.00944   0.00505   0.01151   0.00944   0.01104   0.02259   0.01563   0.01495   0.01046   0.01088   0.01851   0.02284   0.00000   0.02126   0.00544   0.02135   0.02430   0.00602   0.01382   0.00569   0.01515   0.01503   0.01372   0.00862   0.02350   0.02147   0.00768   0.01315   0.00416   0.00000   0.00488   0.00000   0.00138   0.00118   0.00095   0.01625   0.01473   0.00155   0.00000   0.03266   0.00000   0.00443   0.00159   0.00807   0.00251   0.00256   0.00404   0.00418   0.00246   0.00787   0.00044   0.00578   0.00115   0.00745   0.00355   1.17329   0.56108   0.96097   0.68915   1.43230   0.15315   0.08347   0.58433   2.21083  
 24 1155.5393  10708.503792  x:  0.00944   0.00505   0.01151   0.00944   0.01104   0.02259   0.01563   0.01495   0.01046   0.01088   0.01851   0.02284   0.00000   0.02126   0.00544   0.02135   0.02430   0.00602   0.01382   0.00569   0.01515   0.01503   0.01372   0.00862   0.02350   0.02147   0.00768   0.01315   0.00416   0.00000   0.00488   0.00000   0.00138   0.00118   0.00095   0.01625   0.01473   0.00155   0.00000   0.03266   0.00000   0.00443   0.00159   0.00807   0.00251   0.00256   0.00404   0.00418   0.00246   0.00787   0.00044   0.00578   0.00115   0.00745   0.00355   1.17329   0.56108   0.96097   0.68915   1.43230   0.15315   0.08347   0.58433   2.21083  
 25 1553.8801  10707.608858  x:  0.00944   0.00500   0.01137   0.00942   0.01105   0.02257   0.01562   0.01495   0.01048   0.01083   0.01856   0.02273   0.00000   0.02121   0.00543   0.02129   0.02433   0.00603   0.01384   0.00565   0.01521   0.01503   0.01358   0.00859   0.02361   0.02147   0.00769   0.01316   0.00408   0.00000   0.00451   0.00000   0.00131   0.00114   0.00047   0.01624   0.01456   0.00213   0.00000   0.03265   0.00027   0.00448   0.00170   0.00799   0.00260   0.00240   0.00406   0.00407   0.00232   0.00787   0.00123   0.00578   0.00086   0.00729   0.00345   1.17344   0.56108   0.96096   0.68917   1.43235   0.15314   0.08311   0.58435   2.21082  
 26 1351.6548  10707.079216  x:  0.00946   0.00490   0.01107   0.00937   0.01108   0.02253   0.01558   0.01497   0.01050   0.01071   0.01867   0.02248   0.00000   0.02110   0.00540   0.02117   0.02440   0.00605   0.01388   0.00558   0.01533   0.01504   0.01329   0.00851   0.02386   0.02148   0.00769   0.01318   0.00395   0.00000   0.00379   0.00000   0.00128   0.00110   0.00112   0.01623   0.01421   0.00251   0.00000   0.03263   0.00026   0.00453   0.00168   0.00781   0.00237   0.00214   0.00405   0.00386   0.00215   0.00790   0.00160   0.00571   0.00068   0.00696   0.00329   1.17380   0.56109   0.96093   0.68922   1.43244   0.15313   0.08228   0.58440   2.21079  
 27 1046.8192  10706.281685  x:  0.00948   0.00479   0.01069   0.00932   0.01112   0.02248   0.01553   0.01500   0.01053   0.01056   0.01881   0.02216   0.00000   0.02095   0.00538   0.02100   0.02449   0.00607   0.01393   0.00550   0.01548   0.01505   0.01292   0.00841   0.02419   0.02150   0.00770   0.01322   0.00383   0.00000   0.00307   0.00000   0.00131   0.00109   0.00095   0.01621   0.01376   0.00255   0.00000   0.03260   0.00000   0.00457   0.00160   0.00758   0.00199   0.00198   0.00405   0.00366   0.00209   0.00796   0.00156   0.00561   0.00095   0.00658   0.00315   1.17431   0.56110   0.96089   0.68928   1.43258   0.15311   0.08111   0.58446   2.21076  
 28 1521.1052  10705.388763  x:  0.00951   0.00466   0.01007   0.00927   0.01118   0.02239   0.01544   0.01504   0.01057   0.01033   0.01906   0.02159   0.00000   0.02069   0.00537   0.02071   0.02466   0.00610   0.01401   0.00540   0.01575   0.01506   0.01234   0.00825   0.02478   0.02153   0.00770   0.01326   0.00380   0.00000   0.00290   0.00000   0.00128   0.00113   0.00076   0.01617   0.01305   0.00239   0.00000   0.03253   0.00000   0.00458   0.00187   0.00721   0.00195   0.00213   0.00405   0.00357   0.00224   0.00804   0.00130   0.00546   0.00037   0.00607   0.00308   1.17533   0.56113   0.96082   0.68942   1.43287   0.15308   0.07876   0.58459   2.21068  
 29 1543.6729  10703.529890  x:  0.00961   0.00442   0.00848   0.00919   0.01135   0.02214   0.01521   0.01515   0.01067   0.00974   0.01973   0.02005   0.00000   0.01995   0.00538   0.01992   0.02511   0.00617   0.01422   0.00517   0.01645   0.01509   0.01089   0.00786   0.02639   0.02159   0.00772   0.01337   0.00386   0.00000   0.00356   0.00000   0.00111   0.00117   0.00088   0.01605   0.01129   0.00237   0.00000   0.03234   0.00000   0.00462   0.00276   0.00629   0.00280   0.00264   0.00407   0.00357   0.00261   0.00825   0.00145   0.00516   0.00086   0.00502   0.00300   1.17835   0.56120   0.96060   0.68982   1.43370   0.15298   0.07183   0.58498   2.21046  
 30 4109.0078  10700.319304  x:  0.00970   0.00466   0.00743   0.00938   0.01153   0.02177   0.01493   0.01529   0.01075   0.00931   0.02063   0.01814   0.00000   0.01883   0.00557   0.01891   0.02579   0.00626   0.01441   0.00520   0.01731   0.01512   0.01005   0.00764   0.02881   0.02176   0.00776   0.01346   0.00418   0.00000   0.00493   0.00000   0.00268   0.00087   0.00083   0.01590   0.01029   0.00274   0.00000   0.03201   0.00000   0.00456   0.00143   0.00571   0.00276   0.00177   0.00371   0.00424   0.00175   0.00823   0.00161   0.00534   0.00066   0.00609   0.00358   1.18449   0.56134   0.96014   0.69065   1.43539   0.15278   0.05777   0.58578   2.21001  
 31 2188.0831  10692.809854  x:  0.00968   0.00516   0.00778   0.00977   0.01172   0.02124   0.01460   0.01547   0.01077   0.00922   0.02187   0.01607   0.00000   0.01720   0.00579   0.01768   0.02681   0.00638   0.01456   0.00545   0.01834   0.01512   0.01050   0.00775   0.03260   0.02210   0.00779   0.01357   0.00422   0.00000   0.00511   0.00000   0.00061   0.00183   0.00083   0.01578   0.01092   0.00308   0.00000   0.03145   0.00000   0.00448   0.00101   0.00592   0.00159   0.00206   0.00403   0.00464   0.00202   0.00805   0.00186   0.00595   0.00063   0.00849   0.00415   1.19681   0.56164   0.95922   0.69232   1.43879   0.15239   0.02969   0.58743   2.20911  
 32 5191.2203  10688.650043  x:  0.00957   0.00531   0.00859   0.00992   0.01175   0.02095   0.01446   0.01554   0.01073   0.00937   0.02256   0.01537   0.00000   0.01629   0.00581   0.01711   0.02743   0.00644   0.01457   0.00555   0.01883   0.01510   0.01129   0.00796   0.03505   0.02235   0.00779   0.01365   0.00405   0.00000   0.00434   0.00000   0.00181   0.00203   0.00094   0.01576   0.01193   0.00296   0.00000   0.03110   0.00000   0.00446   0.00252   0.00640   0.00148   0.00254   0.00435   0.00445   0.00261   0.00792   0.00203   0.00626   0.00076   0.00963   0.00417   1.20636   0.56187   0.95850   0.69362   1.44142   0.15212   0.00810   0.58874   2.20840  
 33 13614.5597  10686.374273  x:  0.00946   0.00506   0.00888   0.00975   0.01164   0.02093   0.01450   0.01548   0.01067   0.00950   0.02254   0.01596   0.00000   0.01634   0.00565   0.01726   0.02746   0.00643   0.01447   0.00542   0.01870   0.01505   0.01158   0.00804   0.03552   0.02242   0.00773   0.01367   0.00404   0.00000   0.00403   0.00000   0.00150   0.00123   0.00088   0.01584   0.01222   0.00251   0.00000   0.03105   0.00000   0.00452   0.00218   0.00658   0.00256   0.00213   0.00412   0.00417   0.00238   0.00787   0.00178   0.00611   0.00071   0.00918   0.00387   1.21016   0.56197   0.95820   0.69415   1.44243   0.15205   0.00000   0.58932   2.20812  
 34 4464.2770  10686.374273  x:  0.00946   0.00506   0.00888   0.00975   0.01164   0.02093   0.01450   0.01548   0.01067   0.00950   0.02254   0.01596   0.00000   0.01634   0.00565   0.01726   0.02746   0.00643   0.01447   0.00542   0.01870   0.01505   0.01158   0.00804   0.03552   0.02242   0.00773   0.01367   0.00404   0.00000   0.00403   0.00000   0.00150   0.00123   0.00088   0.01584   0.01222   0.00251   0.00000   0.03105   0.00000   0.00452   0.00218   0.00658   0.00256   0.00213   0.00412   0.00417   0.00238   0.00787   0.00178   0.00611   0.00071   0.00918   0.00387   1.21016   0.56197   0.95820   0.69415   1.44243   0.15205   0.00000   0.58932   2.20812  
 35 1710.2191  10685.157000  x:  0.00940   0.00489   0.00907   0.00960   0.01152   0.02101   0.01458   0.01540   0.01060   0.00960   0.02224   0.01670   0.00000   0.01670   0.00553   0.01761   0.02726   0.00638   0.01436   0.00534   0.01837   0.01500   0.01172   0.00808   0.03503   0.02239   0.00768   0.01364   0.00402   0.00000   0.00383   0.00000   0.00124   0.00114   0.00031   0.01590   0.01235   0.00223   0.00000   0.03113   0.00000   0.00453   0.00183   0.00669   0.00214   0.00213   0.00409   0.00403   0.00234   0.00785   0.00121   0.00596   0.00106   0.00862   0.00367   1.21038   0.56198   0.95817   0.69419   1.44246   0.15208   0.00004   0.58940   2.20810  
 36 1124.1333  10684.139736  x:  0.00933   0.00467   0.00931   0.00940   0.01135   0.02112   0.01469   0.01528   0.01052   0.00974   0.02184   0.01767   0.00000   0.01719   0.00539   0.01806   0.02698   0.00630   0.01421   0.00524   0.01793   0.01494   0.01192   0.00813   0.03437   0.02234   0.00762   0.01360   0.00400   0.00000   0.00358   0.00000   0.00104   0.00105   0.00071   0.01598   0.01253   0.00193   0.00000   0.03124   0.00000   0.00456   0.00144   0.00684   0.00175   0.00214   0.00407   0.00385   0.00229   0.00782   0.00062   0.00577   0.00129   0.00788   0.00341   1.21068   0.56199   0.95814   0.69425   1.44250   0.15214   0.00010   0.58951   2.20808  
 37 3746.1267  10682.070675  x:  0.00916   0.00419   0.00996   0.00890   0.01089   0.02145   0.01500   0.01493   0.01027   0.01011   0.02063   0.02035   0.00000   0.01860   0.00507   0.01937   0.02613   0.00609   0.01379   0.00501   0.01661   0.01477   0.01243   0.00825   0.03227   0.02219   0.00746   0.01347   0.00395   0.00000   0.00313   0.00000   0.00167   0.00106   0.00071   0.01622   0.01303   0.00180   0.00000   0.03156   0.00000   0.00462   0.00125   0.00723   0.00233   0.00217   0.00408   0.00350   0.00214   0.00774   0.00123   0.00539   0.00086   0.00583   0.00275   1.21166   0.56204   0.95802   0.69444   1.44262   0.15231   0.00028   0.58989   2.20799  
 38 2140.5149  10681.380977  x:  0.00917   0.00429   0.01015   0.00884   0.01073   0.02161   0.01514   0.01478   0.01019   0.01023   0.01999   0.02137   0.00000   0.01925   0.00509   0.01995   0.02566   0.00599   0.01363   0.00507   0.01598   0.01470   0.01257   0.00829   0.03102   0.02209   0.00744   0.01339   0.00395   0.00000   0.00345   0.00000   0.00117   0.00120   0.00074   0.01630   0.01317   0.00239   0.00000   0.03174   0.00000   0.00462   0.00216   0.00734   0.00236   0.00217   0.00410   0.00366   0.00222   0.00772   0.00123   0.00536   0.00089   0.00547   0.00293   1.21231   0.56207   0.95794   0.69456   1.44270   0.15242   0.00039   0.59013   2.20794  
 39 1178.5024  10680.726394  x:  0.00931   0.00482   0.01019   0.00901   0.01065   0.02179   0.01527   0.01464   0.01017   0.01027   0.01912   0.02211   0.00000   0.02002   0.00536   0.02056   0.02497   0.00590   0.01351   0.00538   0.01524   0.01464   0.01254   0.00829   0.02898   0.02192   0.00753   0.01331   0.00399   0.00000   0.00405   0.00000   0.00176   0.00114   0.00073   0.01636   0.01316   0.00243   0.00000   0.03202   0.00000   0.00451   0.00202   0.00734   0.00214   0.00214   0.00411   0.00409   0.00237   0.00774   0.00115   0.00556   0.00099   0.00625   0.00363   1.21354   0.56212   0.95779   0.69479   1.44285   0.15263   0.00059   0.59060   2.20783  
 40 778.1342  10680.394678  x:  0.00937   0.00500   0.01012   0.00912   0.01067   0.02186   0.01529   0.01461   0.01021   0.01024   0.01870   0.02221   0.00000   0.02035   0.00545   0.02077   0.02460   0.00589   0.01351   0.00552   0.01495   0.01463   0.01244   0.00828   0.02778   0.02182   0.00759   0.01328   0.00400   0.00000   0.00402   0.00000   0.00127   0.00113   0.00073   0.01637   0.01308   0.00221   0.00000   0.03219   0.00000   0.00447   0.00168   0.00729   0.00227   0.00212   0.00410   0.00413   0.00235   0.00776   0.00136   0.00570   0.00071   0.00675   0.00377   1.21440   0.56216   0.95768   0.69495   1.44296   0.15278   0.00072   0.59092   2.20775  
 41 881.9148  10680.140758  x:  0.00936   0.00495   0.00994   0.00918   0.01077   0.02190   0.01525   0.01464   0.01030   0.01016   0.01837   0.02192   0.00000   0.02056   0.00541   0.02081   0.02424   0.00591   0.01358   0.00557   0.01484   0.01465   0.01225   0.00828   0.02642   0.02173   0.00764   0.01329   0.00398   0.00000   0.00359   0.00000   0.00120   0.00120   0.00079   0.01634   0.01294   0.00216   0.00000   0.03238   0.00000   0.00450   0.00175   0.00717   0.00246   0.00214   0.00406   0.00389   0.00224   0.00779   0.00150   0.00576   0.00119   0.00713   0.00355   1.21566   0.56222   0.95753   0.69519   1.44312   0.15300   0.00091   0.59140   2.20764  
 42 670.1861  10679.782726  x:  0.00931   0.00475   0.00968   0.00921   0.01093   0.02192   0.01515   0.01471   0.01044   0.01004   0.01807   0.02132   0.00000   0.02072   0.00530   0.02075   0.02382   0.00595   0.01369   0.00555   0.01483   0.01467   0.01199   0.00829   0.02469   0.02162   0.00768   0.01331   0.00395   0.00000   0.00316   0.00000   0.00141   0.00121   0.00073   0.01628   0.01274   0.00228   0.00000   0.03265   0.00000   0.00456   0.00202   0.00701   0.00233   0.00218   0.00402   0.00359   0.00216   0.00783   0.00117   0.00576   0.00084   0.00731   0.00315   1.21755   0.56230   0.95730   0.69554   1.44337   0.15332   0.00117   0.59211   2.20747  
 43 1140.2336  10679.363111  x:  0.00919   0.00436   0.00949   0.00914   0.01108   0.02187   0.01500   0.01484   0.01055   0.00994   0.01801   0.02035   0.00000   0.02069   0.00516   0.02046   0.02344   0.00601   0.01384   0.00530   0.01510   0.01472   0.01184   0.00833   0.02284   0.02151   0.00763   0.01332   0.00394   0.00000   0.00396   0.00000   0.00136   0.00100   0.00073   0.01616   0.01265   0.00236   0.00000   0.03298   0.00000   0.00457   0.00176   0.00692   0.00240   0.00218   0.00409   0.00380   0.00233   0.00782   0.00116   0.00560   0.00093   0.00662   0.00287   1.22081   0.56244   0.95691   0.69616   1.44379   0.15388   0.00154   0.59334   2.20718  
 44 651.6542  10678.963256  x:  0.00921   0.00450   0.00960   0.00915   0.01107   0.02179   0.01495   0.01491   0.01052   0.00997   0.01822   0.01977   0.00000   0.02050   0.00529   0.02015   0.02328   0.00603   0.01387   0.00518   0.01545   0.01475   0.01200   0.00839   0.02178   0.02144   0.00755   0.01329   0.00396   0.00000   0.00385   0.00000   0.00139   0.00172   0.00072   0.01605   0.01278   0.00198   0.00000   0.03328   0.00000   0.00446   0.00180   0.00701   0.00220   0.00203   0.00407   0.00405   0.00219   0.00775   0.00126   0.00548   0.00093   0.00586   0.00350   1.22506   0.56263   0.95640   0.69695   1.44436   0.15459   0.00190   0.59492   2.20680  
 45 739.2672  10677.851013  x:  0.00936   0.00516   0.01012   0.00917   0.01083   0.02161   0.01499   0.01495   0.01029   0.01019   0.01886   0.01937   0.00000   0.02002   0.00560   0.01962   0.02318   0.00605   0.01378   0.00520   0.01610   0.01477   0.01262   0.00852   0.02066   0.02136   0.00748   0.01317   0.00398   0.00000   0.00299   0.00000   0.00131   0.00078   0.00074   0.01586   0.01325   0.00250   0.00000   0.03391   0.00000   0.00436   0.00160   0.00737   0.00208   0.00230   0.00407   0.00406   0.00222   0.00762   0.00147   0.00534   0.00100   0.00516   0.00451   1.23641   0.56312   0.95503   0.69908   1.44588   0.15648   0.00272   0.59914   2.20577  
 46 1500.6783  10671.872614  x:  0.00968   0.00596   0.01254   0.00845   0.00949   0.02099   0.01549   0.01477   0.00923   0.01126   0.02183   0.02057   0.00000   0.01801   0.00525   0.01808   0.02326   0.00633   0.01311   0.00568   0.01823   0.01475   0.01509   0.00892   0.01885   0.02104   0.00763   0.01265   0.00368   0.00000   0.00405   0.00000   0.00135   0.00170   0.00072   0.01529   0.01517   0.00271   0.00000   0.03696   0.00000   0.00470   0.00144   0.00892   0.00270   0.00280   0.00367   0.00184   0.00294   0.00754   0.00104   0.00475   0.00091   0.00708   0.00377   1.30317   0.56601   0.94700   0.71157   1.45490   0.16759   0.00699   0.62394   2.19970  
 47 3664.8711  10665.558333  x:  0.00980   0.00567   0.01425   0.00775   0.00874   0.02060   0.01598   0.01460   0.00872   0.01200   0.02442   0.02226   0.00000   0.01640   0.00464   0.01715   0.02346   0.00671   0.01266   0.00587   0.01978   0.01471   0.01666   0.00911   0.01814   0.02076   0.00788   0.01236   0.00377   0.00000   0.00368   0.00000   0.00139   0.00131   0.00073   0.01493   0.01632   0.00178   0.00000   0.04021   0.00000   0.00496   0.00238   0.00994   0.00276   0.00223   0.00342   0.00496   0.00242   0.00769   0.00100   0.00498   0.00081   0.00909   0.00152   1.38247   0.56944   0.93747   0.72640   1.46565   0.18077   0.01175   0.65338   2.19249  
 48 19479.3195  10650.918526  x:  0.00924   0.00141   0.01359   0.00764   0.01062   0.02108   0.01629   0.01470   0.01044   0.01150   0.02620   0.02497   0.00000   0.01640   0.00402   0.01837   0.02405   0.00742   0.01333   0.00461   0.01976   0.01472   0.01511   0.00867   0.02078   0.02061   0.00816   0.01307   0.00445   0.00000   0.00348   0.00000   0.00139   0.00141   0.00076   0.01536   0.01478   0.00312   0.00000   0.04528   0.00000   0.00504   0.00175   0.00915   0.00240   0.00117   0.00513   0.00507   0.00093   0.00862   0.00129   0.00687   0.00078   0.00989   0.00417   1.54097   0.57625   0.91843   0.75604   1.48730   0.20703   0.01995   0.71211   2.17806  
 49 16122.5780  10635.085536  x:  0.00902   0.00368   0.01070   0.00944   0.01407   0.02225   0.01643   0.01517   0.01319   0.00992   0.02692   0.02743   0.00000   0.01793   0.00452   0.02107   0.02504   0.00793   0.01486   0.00306   0.01846   0.01491   0.01110   0.00792   0.02603   0.02077   0.00818   0.01447   0.00466   0.00000   0.00289   0.00000   0.00140   0.00189   0.00078   0.01643   0.01130   0.00205   0.00000   0.05144   0.00000   0.00469   0.00209   0.00682   0.00225   0.00384   0.00712   0.00496   0.00506   0.00960   0.00155   0.00845   0.00088   0.00763   0.00420   1.76798   0.58598   0.89119   0.79847   1.51844   0.24456   0.03060   0.79614   2.15736  
 50 48995.4880  10625.876159  x:  0.00938   0.00607   0.00845   0.01081   0.01493   0.02307   0.01618   0.01562   0.01347   0.00917   0.02526   0.02641   0.00000   0.01975   0.00630   0.02245   0.02563   0.00714   0.01557   0.00646   0.01704   0.01532   0.00975   0.00798   0.02915   0.02138   0.00798   0.01484   0.00376   0.00000   0.00389   0.00000   0.00143   0.00113   0.00077   0.01708   0.01072   0.00218   0.00000   0.05267   0.00000   0.00439   0.00203   0.00572   0.00250   0.00124   0.00491   0.00378   0.00299   0.00887   0.00129   0.00738   0.00095   0.00543   0.00301   1.87228   0.59040   0.87871   0.81794   1.53298   0.26168   0.03383   0.83462   2.14783  
 51 21367.3033  10621.597455  x:  0.00929   0.00596   0.00756   0.01097   0.01456   0.02364   0.01574   0.01593   0.01273   0.00919   0.02239   0.02389   0.00000   0.02152   0.00644   0.02316   0.02599   0.00600   0.01568   0.00689   0.01547   0.01560   0.01036   0.00821   0.03104   0.02204   0.00788   0.01461   0.00402   0.00000   0.00426   0.00000   0.00143   0.00151   0.00075   0.01737   0.01177   0.00249   0.00000   0.05143   0.00000   0.00441   0.00172   0.00588   0.00232   0.00399   0.00327   0.00419   0.00113   0.00803   0.00136   0.00567   0.00095   0.00540   0.00292   1.92487   0.59257   0.87248   0.82771   1.54059   0.27016   0.03352   0.85387   2.14298  
 52 10313.0671  10616.952139  x:  0.00909   0.00461   0.00760   0.01063   0.01343   0.02427   0.01513   0.01625   0.01132   0.00965   0.01778   0.01979   0.00000   0.02391   0.00601   0.02381   0.02641   0.00479   0.01556   0.00681   0.01347   0.01594   0.01179   0.00848   0.03309   0.02296   0.00782   0.01403   0.00416   0.00000   0.00358   0.00000   0.00138   0.00136   0.00076   0.01758   0.01343   0.00213   0.00000   0.04824   0.00000   0.00448   0.00189   0.00660   0.00222   0.00314   0.00255   0.00437   0.00341   0.00717   0.00161   0.00385   0.00095   0.00597   0.00348   1.98365   0.59494   0.86558   0.83858   1.54938   0.27949   0.03124   0.87524   2.13753  
 53 11761.3600  10613.729789  x:  0.00937   0.00560   0.00882   0.01038   0.01214   0.02447   0.01494   0.01630   0.01042   0.01021   0.01456   0.01714   0.00000   0.02549   0.00542   0.02390   0.02662   0.00540   0.01522   0.00577   0.01282   0.01610   0.01257   0.00845   0.03385   0.02351   0.00778   0.01352   0.00386   0.00000   0.00380   0.00000   0.00137   0.00132   0.00076   0.01746   0.01404   0.00221   0.00000   0.04403   0.00000   0.00454   0.00186   0.00715   0.00154   0.00246   0.00484   0.00389   0.00260   0.00752   0.00186   0.00546   0.00097   0.00583   0.00271   2.02349   0.59647   0.86100   0.84590   1.55571   0.28560   0.02729   0.88952   2.13379  
 54 6548.9725  10610.985374  x:  0.00954   0.00619   0.00965   0.00989   0.01127   0.02435   0.01502   0.01621   0.01065   0.01050   0.01336   0.01656   0.00000   0.02659   0.00529   0.02357   0.02656   0.00636   0.01486   0.00476   0.01341   0.01613   0.01240   0.00815   0.03349   0.02373   0.00780   0.01334   0.00417   0.00000   0.00373   0.00000   0.00143   0.00124   0.00067   0.01714   0.01353   0.00204   0.00000   0.03831   0.00000   0.00446   0.00181   0.00718   0.00393   0.00219   0.00452   0.00412   0.00212   0.00813   0.00000   0.00602   0.00093   0.00566   0.00314   2.05834   0.59772   0.85710   0.85222   1.56168   0.29071   0.02117   0.90176   2.13045  
 55 5057.1246  10604.024823  x:  0.00960   0.00594   0.01027   0.00859   0.01017   0.02377   0.01535   0.01591   0.01208   0.01061   0.01369   0.01780   0.00000   0.02850   0.00566   0.02230   0.02604   0.00753   0.01421   0.00475   0.01574   0.01614   0.01127   0.00752   0.03123   0.02387   0.00786   0.01333   0.00422   0.00000   0.00382   0.00000   0.00136   0.00104   0.00072   0.01630   0.01170   0.00197   0.00000   0.02349   0.00000   0.00442   0.00195   0.00672   0.00246   0.00241   0.00285   0.00383   0.00235   0.00841   0.00124   0.00526   0.00092   0.00576   0.00314   2.13636   0.60039   0.84851   0.86628   1.57561   0.30187   0.00420   0.92887   2.12291  
 56 8558.9809  10602.602393  x:  0.00958   0.00576   0.00970   0.00903   0.01065   0.02362   0.01529   0.01585   0.01187   0.01031   0.01441   0.01814   0.00000   0.02845   0.00566   0.02207   0.02587   0.00681   0.01426   0.00540   0.01559   0.01604   0.01139   0.00770   0.03068   0.02372   0.00783   0.01336   0.00387   0.00000   0.00353   0.00000   0.00135   0.00153   0.00070   0.01626   0.01212   0.00250   0.00000   0.02146   0.00000   0.00438   0.00152   0.00668   0.00275   0.00245   0.00393   0.00421   0.00251   0.00819   0.00093   0.00511   0.00093   0.00573   0.00294   2.15070   0.60083   0.84700   0.86882   1.57840   0.30382   0.00000   0.93371   2.12148  
 57 3797.7045  10601.890186  x:  0.00949   0.00557   0.00906   0.00962   0.01133   0.02345   0.01517   0.01578   0.01142   0.00998   0.01518   0.01839   0.00000   0.02806   0.00546   0.02196   0.02570   0.00598   0.01440   0.00534   0.01502   0.01585   0.01165   0.00793   0.03020   0.02345   0.00778   0.01339   0.00394   0.00000   0.00372   0.00000   0.00137   0.00107   0.00070   0.01631   0.01270   0.00174   0.00000   0.02053   0.00000   0.00430   0.00204   0.00672   0.00295   0.00250   0.00444   0.00390   0.00232   0.00789   0.00079   0.00541   0.00090   0.00571   0.00310   2.16253   0.60114   0.84583   0.87087   1.58094   0.30532   0.00000   0.93757   2.12026  
 58 2826.0667  10600.911900  x:  0.00926   0.00587   0.00848   0.01036   0.01223   0.02321   0.01497   0.01570   0.01064   0.00967   0.01597   0.01853   0.00000   0.02696   0.00516   0.02210   0.02551   0.00555   0.01472   0.00427   0.01378   0.01549   0.01192   0.00813   0.02963   0.02285   0.00771   0.01339   0.00441   0.00000   0.00368   0.00000   0.00136   0.00127   0.00069   0.01647   0.01322   0.00224   0.00000   0.02085   0.00000   0.00444   0.00171   0.00682   0.00278   0.00203   0.00360   0.00387   0.00239   0.00760   0.00084   0.00617   0.00092   0.00566   0.00280   2.18056   0.60150   0.84417   0.87391   1.58524   0.30742   0.00000   0.94318   2.11831  
 59 2288.3733  10597.819942  x:  0.00829   0.00506   0.00852   0.01071   0.01355   0.02272   0.01463   0.01568   0.00940   0.00981   0.01654   0.01827   0.00000   0.02271   0.00552   0.02331   0.02510   0.00720   0.01572   0.00554   0.01100   0.01487   0.01196   0.00821   0.02827   0.02088   0.00766   0.01331   0.00301   0.00000   0.00358   0.00000   0.00136   0.00137   0.00068   0.01707   0.01319   0.00201   0.00000   0.02583   0.00000   0.00449   0.00171   0.00693   0.00283   0.00266   0.00351   0.00400   0.00268   0.00819   0.00072   0.00640   0.00093   0.00519   0.00286   2.24125   0.60251   0.83890   0.88397   1.60060   0.31410   0.00000   0.96152   2.11161  
 60 3355.1056  10595.902246  x:  0.00848   0.00518   0.00841   0.01072   0.01380   0.02278   0.01474   0.01579   0.00994   0.00997   0.01625   0.01835   0.00000   0.02044   0.00544   0.02402   0.02478   0.00658   0.01593   0.00619   0.01095   0.01488   0.01173   0.00837   0.02744   0.02005   0.00768   0.01337   0.00546   0.00000   0.00356   0.00000   0.00135   0.00142   0.00067   0.01738   0.01305   0.00198   0.00000   0.03041   0.00000   0.00428   0.00169   0.00678   0.00284   0.00248   0.00485   0.00386   0.00250   0.00816   0.00067   0.00513   0.00094   0.00513   0.00256   2.28460   0.60316   0.83525   0.89108   1.61190   0.31875   0.00000   0.97443   2.10675  
 61 6517.7806  10594.038096  x:  0.00921   0.00538   0.00791   0.01066   0.01357   0.02325   0.01504   0.01599   0.01124   0.00976   0.01577   0.01873   0.00000   0.02000   0.00483   0.02431   0.02453   0.00428   0.01559   0.00519   0.01273   0.01529   0.01151   0.00870   0.02687   0.02027   0.00771   0.01359   0.00400   0.00000   0.00354   0.00000   0.00134   0.00140   0.00067   0.01744   0.01317   0.00200   0.00000   0.03508   0.00000   0.00438   0.00168   0.00654   0.00291   0.00222   0.00538   0.00395   0.00226   0.00742   0.00059   0.00471   0.00093   0.00539   0.00265   2.32095   0.60361   0.83234   0.89696   1.62173   0.32252   0.00000   0.98504   2.10259  
 62 4887.6530  10593.397761  x:  0.00934   0.00483   0.00737   0.01094   0.01351   0.02368   0.01499   0.01608   0.01127   0.00916   0.01620   0.01883   0.00000   0.02167   0.00547   0.02403   0.02459   0.00463   0.01527   0.00544   0.01391   0.01570   0.01185   0.00893   0.02668   0.02134   0.00770   0.01372   0.00426   0.00000   0.00351   0.00000   0.00135   0.00150   0.00066   0.01719   0.01389   0.00196   0.00000   0.03719   0.00000   0.00433   0.00169   0.00655   0.00296   0.00243   0.00532   0.00395   0.00259   0.00691   0.00050   0.00579   0.00093   0.00533   0.00245   2.33447   0.60367   0.83144   0.89904   1.62581   0.32377   0.00000   0.98872   2.10095  
 63 1567.9494  10593.069469  x:  0.00920   0.00498   0.00755   0.01142   0.01388   0.02391   0.01481   0.01610   0.01094   0.00900   0.01713   0.01877   0.00000   0.02352   0.00489   0.02346   0.02474   0.00514   0.01523   0.00534   0.01400   0.01585   0.01181   0.00883   0.02658   0.02229   0.00772   0.01383   0.00422   0.00000   0.00352   0.00000   0.00135   0.00146   0.00067   0.01695   0.01406   0.00195   0.00000   0.03839   0.00000   0.00443   0.00171   0.00654   0.00293   0.00229   0.00547   0.00399   0.00247   0.00736   0.00056   0.00519   0.00092   0.00549   0.00254   2.34123   0.60358   0.83119   0.89998   1.62829   0.32427   0.00000   0.99029   2.10002  
 64 800.2969  10592.978257  x:  0.00909   0.00493   0.00783   0.01130   0.01400   0.02385   0.01484   0.01611   0.01088   0.00937   0.01749   0.01866   0.00000   0.02415   0.00524   0.02301   0.02483   0.00476   0.01532   0.00529   0.01372   0.01578   0.01176   0.00863   0.02656   0.02254   0.00778   0.01379   0.00424   0.00000   0.00352   0.00000   0.00135   0.00147   0.00067   0.01687   0.01379   0.00195   0.00000   0.03872   0.00000   0.00434   0.00171   0.00659   0.00295   0.00230   0.00551   0.00398   0.00245   0.00748   0.00054   0.00524   0.00092   0.00551   0.00245   2.34302   0.60346   0.83130   0.90013   1.62931   0.32429   0.00000   0.99048   2.09969  
 65 285.8405  10592.947134  x:  0.00911   0.00495   0.00778   0.01123   0.01399   0.02380   0.01488   0.01610   0.01089   0.00942   0.01751   0.01866   0.00000   0.02422   0.00517   0.02291   0.02486   0.00476   0.01535   0.00533   0.01367   0.01575   0.01177   0.00861   0.02656   0.02254   0.00778   0.01376   0.00425   0.00000   0.00352   0.00000   0.00135   0.00147   0.00067   0.01688   0.01374   0.00195   0.00000   0.03876   0.00035   0.00437   0.00171   0.00660   0.00295   0.00230   0.00552   0.00398   0.00246   0.00741   0.00053   0.00527   0.00092   0.00550   0.00247   2.34326   0.60341   0.83138   0.90011   1.62961   0.32424   0.00000   0.99041   2.09961  
 66 175.3341  10592.859014  x:  0.00925   0.00504   0.00752   0.01082   0.01389   0.02351   0.01508   0.01605   0.01095   0.00957   0.01758   0.01868   0.00000   0.02459   0.00486   0.02232   0.02504   0.00481   0.01552   0.00548   0.01335   0.01556   0.01181   0.00853   0.02655   0.02251   0.00776   0.01364   0.00428   0.00000   0.00350   0.00000   0.00135   0.00147   0.00066   0.01690   0.01348   0.00195   0.00000   0.03895   0.00018   0.00445   0.00170   0.00665   0.00297   0.00232   0.00555   0.00400   0.00248   0.00704   0.00051   0.00540   0.00092   0.00546   0.00255   2.34482   0.60299   0.83203   0.89994   1.63168   0.32391   0.00000   0.98986   2.09903  
 67 187.4468  10592.527646  x:  0.00948   0.00505   0.00720   0.01050   0.01364   0.02264   0.01538   0.01589   0.01111   0.00878   0.01716   0.01895   0.00000   0.02496   0.00546   0.02120   0.02544   0.00517   0.01583   0.00497   0.01297   0.01513   0.01197   0.00883   0.02660   0.02196   0.00765   0.01357   0.00414   0.00000   0.00350   0.00000   0.00134   0.00143   0.00067   0.01711   0.01361   0.00194   0.00000   0.03916   0.00023   0.00416   0.00173   0.00650   0.00296   0.00221   0.00575   0.00396   0.00238   0.00705   0.00053   0.00493   0.00092   0.00559   0.00248   2.34958   0.60109   0.83509   0.89881   1.64033   0.32221   0.00000   0.98674   2.09670  
 68 362.3614  10591.350255  x:  0.00921   0.00485   0.00816   0.01127   0.01347   0.02101   0.01512   0.01553   0.01141   0.00787   0.01584   0.01926   0.00000   0.02555   0.00498   0.01949   0.02605   0.00444   0.01610   0.00564   0.01317   0.01472   0.01152   0.00934   0.02679   0.02034   0.00767   0.01384   0.00436   0.00000   0.00352   0.00000   0.00135   0.00146   0.00067   0.01757   0.01411   0.00189   0.00000   0.03942   0.00022   0.00483   0.00171   0.00599   0.00283   0.00241   0.00520   0.00398   0.00257   0.00807   0.00063   0.00551   0.00093   0.00526   0.00260   2.36645   0.59398   0.84657   0.89447   1.67239   0.31580   0.00000   0.97486   2.08809  
 69 1556.0376  10587.859621  x:  0.00840   0.00471   0.00737   0.01295   0.01386   0.02027   0.01380   0.01528   0.01142   0.01104   0.01493   0.01919   0.00000   0.02594   0.00471   0.02010   0.02626   0.00515   0.01535   0.00512   0.01412   0.01508   0.01108   0.00926   0.02707   0.01795   0.00756   0.01423   0.00417   0.00000   0.00357   0.00000   0.00134   0.00133   0.00067   0.01781   0.01421   0.00186   0.00000   0.03939   0.00023   0.00313   0.00182   0.00660   0.00276   0.00229   0.00495   0.00382   0.00248   0.00697   0.00069   0.00533   0.00091   0.00537   0.00244   2.41610   0.57260   0.88116   0.88125   1.76843   0.29654   0.00000   0.93893   2.06233  
 70 4515.1422  10585.734815  x:  0.00859   0.00492   0.00695   0.01224   0.01376   0.02129   0.01382   0.01535   0.01070   0.01089   0.01542   0.01858   0.00000   0.02536   0.00564   0.02171   0.02567   0.00515   0.01459   0.00455   0.01387   0.01535   0.01134   0.00880   0.02714   0.01822   0.00737   0.01381   0.00423   0.00000   0.00362   0.00000   0.00133   0.00119   0.00067   0.01737   0.01331   0.00158   0.00000   0.03918   0.00022   0.00597   0.00189   0.00672   0.00279   0.00212   0.00521   0.00380   0.00230   0.00656   0.00069   0.00491   0.00090   0.00539   0.00260   2.44970   0.55802   0.90473   0.87221   1.83371   0.28354   0.00000   0.91448   2.04479  
 71 9547.5399  10583.957559  x:  0.00904   0.00514   0.00736   0.01039   0.01324   0.02281   0.01441   0.01544   0.00998   0.00873   0.01622   0.01784   0.00000   0.02420   0.00494   0.02316   0.02463   0.00441   0.01412   0.00482   0.01300   0.01534   0.01150   0.00841   0.02716   0.02009   0.00728   0.01314   0.00429   0.00000   0.00359   0.00000   0.00132   0.00116   0.00066   0.01663   0.01249   0.00164   0.00000   0.03897   0.00027   0.00440   0.00187   0.00636   0.00273   0.00219   0.00488   0.00371   0.00233   0.00701   0.00070   0.00528   0.00091   0.00528   0.00264   2.47404   0.54735   0.92198   0.86557   1.88127   0.27423   0.00000   0.89669   2.03196  
 72 7023.4950  10583.793950  x:  0.00874   0.00521   0.00741   0.01041   0.01293   0.02295   0.01432   0.01532   0.01060   0.00891   0.01613   0.01794   0.00000   0.02363   0.00498   0.02290   0.02411   0.00452   0.01450   0.00479   0.01259   0.01494   0.01111   0.00841   0.02717   0.02133   0.00743   0.01326   0.00428   0.00000   0.00360   0.00000   0.00133   0.00115   0.00066   0.01641   0.01314   0.00163   0.00000   0.03891   0.00027   0.00445   0.00187   0.00620   0.00272   0.00217   0.00488   0.00370   0.00233   0.00690   0.00071   0.00531   0.00091   0.00527   0.00267   2.47633   0.54623   0.92374   0.86488   1.88589   0.27361   0.00000   0.89507   2.03063  
 73 512.0664  10582.369810  x:  0.00873   0.00503   0.00695   0.01115   0.01290   0.02271   0.01420   0.01512   0.01009   0.00912   0.01520   0.01853   0.00000   0.02269   0.00499   0.02201   0.02304   0.00452   0.01485   0.00482   0.01279   0.01445   0.01134   0.00787   0.02725   0.02327   0.00684   0.01351   0.00429   0.00000   0.00360   0.00000   0.00133   0.00116   0.00067   0.01644   0.01255   0.00163   0.00000   0.03893   0.00027   0.00446   0.00188   0.00662   0.00270   0.00220   0.00485   0.00371   0.00235   0.00718   0.00074   0.00526   0.00091   0.00521   0.00267   2.47825   0.54490   0.92571   0.86406   1.89024   0.27412   0.01132   0.89395   2.02904  
 74 285.3264  10582.035990  x:  0.00904   0.00508   0.00749   0.01086   0.01340   0.02282   0.01454   0.01546   0.01056   0.00907   0.01554   0.01827   0.00000   0.02301   0.00497   0.02238   0.02343   0.00468   0.01493   0.00479   0.01263   0.01484   0.01145   0.00832   0.02720   0.02270   0.00801   0.01344   0.00427   0.00000   0.00363   0.00000   0.00133   0.00115   0.00066   0.01674   0.01291   0.00162   0.00000   0.03885   0.00027   0.00447   0.00188   0.00631   0.00272   0.00220   0.00482   0.00370   0.00235   0.00682   0.00072   0.00525   0.00091   0.00518   0.00264   2.47777   0.54495   0.92556   0.86410   1.88957   0.27465   0.01441   0.89442   2.02911  
 75 387.1720  10581.952621  x:  0.00901   0.00517   0.00750   0.01052   0.01340   0.02299   0.01467   0.01562   0.01092   0.00915   0.01584   0.01810   0.00000   0.02324   0.00497   0.02265   0.02382   0.00465   0.01505   0.00481   0.01252   0.01503   0.01135   0.00846   0.02713   0.02228   0.00749   0.01338   0.00427   0.00000   0.00362   0.00000   0.00133   0.00115   0.00066   0.01682   0.01332   0.00162   0.00000   0.03882   0.00027   0.00448   0.00189   0.00629   0.00271   0.00218   0.00480   0.00370   0.00235   0.00702   0.00072   0.00532   0.00091   0.00525   0.00264   2.47749   0.54497   0.92547   0.86413   1.88922   0.27497   0.01524   0.89475   2.02913  
 76 185.7973  10581.933808  x:  0.00882   0.00520   0.00740   0.01052   0.01310   0.02318   0.01463   0.01558   0.01088   0.00908   0.01591   0.01810   0.00000   0.02329   0.00497   0.02274   0.02415   0.00459   0.01522   0.00480   0.01254   0.01496   0.01127   0.00837   0.02706   0.02212   0.00763   0.01344   0.00428   0.00000   0.00362   0.00000   0.00133   0.00115   0.00066   0.01672   0.01334   0.00162   0.00000   0.03882   0.00027   0.00448   0.00188   0.00640   0.00271   0.00217   0.00482   0.00370   0.00234   0.00706   0.00072   0.00533   0.00091   0.00525   0.00266   2.47738   0.54483   0.92561   0.86406   1.88943   0.27536   0.01538   0.89502   2.02896  
 77 48.4720  10581.902251  x:  0.00892   0.00512   0.00760   0.01075   0.01299   0.02346   0.01463   0.01552   0.01084   0.00907   0.01590   0.01813   0.00000   0.02325   0.00496   0.02277   0.02460   0.00460   0.01538   0.00479   0.01252   0.01480   0.01130   0.00844   0.02694   0.02211   0.00746   0.01347   0.00427   0.00000   0.00361   0.00000   0.00133   0.00115   0.00066   0.01656   0.01322   0.00162   0.00000   0.03881   0.00027   0.00447   0.00189   0.00617   0.00273   0.00218   0.00483   0.00370   0.00234   0.00683   0.00071   0.00531   0.00091   0.00526   0.00264   2.47727   0.54424   0.92623   0.86376   1.89061   0.27653   0.01544   0.89574   2.02826  
 78 67.9124  10581.729159  x:  0.00953   0.00501   0.00723   0.01088   0.01340   0.02400   0.01471   0.01551   0.01097   0.00946   0.01559   0.01832   0.00000   0.02295   0.00494   0.02263   0.02575   0.00459   0.01532   0.00485   0.01246   0.01451   0.01158   0.00876   0.02662   0.02253   0.00770   0.01334   0.00427   0.00000   0.00362   0.00000   0.00133   0.00116   0.00067   0.01625   0.01320   0.00162   0.00000   0.03876   0.00028   0.00448   0.00189   0.00622   0.00269   0.00221   0.00471   0.00370   0.00240   0.00749   0.00075   0.00536   0.00091   0.00517   0.00262   2.47685   0.54036   0.93042   0.86178   1.89870   0.28391   0.01543   0.90012   2.02361  
 79 248.5854  10580.545758  x:  0.00867   0.00540   0.00781   0.01007   0.01573   0.02434   0.01414   0.01582   0.01102   0.00871   0.01445   0.01899   0.00000   0.02213   0.00508   0.02215   0.02866   0.00464   0.01410   0.00498   0.01250   0.01496   0.01080   0.00788   0.02574   0.02382   0.00747   0.01322   0.00425   0.00000   0.00363   0.00000   0.00133   0.00114   0.00066   0.01667   0.01352   0.00164   0.00000   0.03868   0.00028   0.00445   0.00188   0.00756   0.00273   0.00214   0.00480   0.00369   0.00231   0.00663   0.00073   0.00528   0.00090   0.00529   0.00265   2.47351   0.51355   0.95929   0.84812   1.95430   0.33549   0.01538   0.93096   1.99143  
 80 1422.1499  10575.504238  x:  0.00710   0.00556   0.00692   0.01045   0.01386   0.02197   0.01530   0.01559   0.01047   0.00946   0.01536   0.01875   0.00000   0.02227   0.00494   0.02352   0.02878   0.00441   0.01402   0.00484   0.01246   0.01710   0.01218   0.00725   0.02531   0.02474   0.00772   0.01364   0.00425   0.00000   0.00354   0.00000   0.00130   0.00112   0.00066   0.01868   0.01339   0.00169   0.00000   0.03876   0.00040   0.00435   0.00184   0.00422   0.00267   0.00201   0.00500   0.00369   0.00233   0.00716   0.00079   0.00530   0.00089   0.00520   0.00275   2.45972   0.40633   1.07470   0.79343   2.17649   0.54259   0.01529   1.05499   1.86258  
 81 6557.1874  10573.276530  x:  0.00903   0.00501   0.00749   0.01157   0.01295   0.02179   0.01557   0.01555   0.01110   0.00905   0.01627   0.01819   0.00000   0.02301   0.00498   0.02420   0.02669   0.00449   0.01545   0.00490   0.01225   0.01674   0.01120   0.00836   0.02591   0.02387   0.00755   0.01357   0.00419   0.00000   0.00355   0.00000   0.00129   0.00114   0.00065   0.01827   0.01292   0.00166   0.00000   0.03881   0.00048   0.00434   0.00183   0.00696   0.00266   0.00209   0.00492   0.00368   0.00239   0.00707   0.00080   0.00524   0.00089   0.00505   0.00256   2.45291   0.35385   1.13137   0.76655   2.28568   0.64439   0.01524   1.11591   1.79925  
 82 17752.1218  10572.592705  x:  0.00921   0.00522   0.00749   0.01071   0.01366   0.02320   0.01442   0.01585   0.01086   0.00908   0.01607   0.01834   0.00000   0.02355   0.00504   0.02359   0.02493   0.00458   0.01564   0.00496   0.01275   0.01523   0.01126   0.00804   0.02663   0.02207   0.00762   0.01295   0.00417   0.00000   0.00353   0.00000   0.00129   0.00113   0.00065   0.01644   0.01343   0.00168   0.00000   0.03895   0.00049   0.00431   0.00182   0.00634   0.00264   0.00205   0.00493   0.00367   0.00238   0.00705   0.00081   0.00520   0.00088   0.00504   0.00257   2.45074   0.33939   1.14739   0.75888   2.31662   0.67368   0.01535   1.13347   1.78117  
 83 3585.6799  10572.547742  x:  0.00886   0.00526   0.00747   0.01078   0.01367   0.02362   0.01474   0.01582   0.01101   0.00904   0.01603   0.01828   0.00000   0.02353   0.00502   0.02327   0.02473   0.00463   0.01524   0.00498   0.01259   0.01526   0.01140   0.00830   0.02672   0.02183   0.00758   0.01330   0.00417   0.00000   0.00353   0.00000   0.00129   0.00113   0.00064   0.01621   0.01329   0.00168   0.00000   0.03896   0.00049   0.00431   0.00181   0.00641   0.00264   0.00204   0.00493   0.00366   0.00238   0.00704   0.00081   0.00521   0.00088   0.00503   0.00258   2.45053   0.33900   1.14842   0.75832   2.31879   0.67574   0.01536   1.13461   1.77987  
 84 234.5155  10572.479049  x:  0.00901   0.00514   0.00743   0.01105   0.01355   0.02416   0.01518   0.01566   0.01091   0.00908   0.01601   0.01830   0.00000   0.02343   0.00504   0.02283   0.02457   0.00469   0.01506   0.00494   0.01248   0.01560   0.01108   0.00794   0.02676   0.02159   0.00762   0.01296   0.00415   0.00000   0.00352   0.00000   0.00128   0.00113   0.00064   0.01640   0.01350   0.00167   0.00000   0.03896   0.00050   0.00430   0.00181   0.00635   0.00262   0.00206   0.00492   0.00366   0.00240   0.00705   0.00081   0.00519   0.00089   0.00497   0.00256   2.45010   0.34041   1.14988   0.75726   2.32263   0.67921   0.01537   1.13621   1.77756  
 85 113.0085  10571.696861  x:  0.00877   0.00531   0.00754   0.01076   0.01347   0.02614   0.01391   0.01542   0.01101   0.00911   0.01598   0.01879   0.00000   0.02333   0.00505   0.02166   0.02372   0.00479   0.01676   0.00488   0.01256   0.01695   0.01172   0.00896   0.02687   0.02140   0.00756   0.01240   0.00415   0.00000   0.00353   0.00000   0.00128   0.00112   0.00064   0.01806   0.01294   0.00169   0.00000   0.03886   0.00051   0.00429   0.00182   0.00649   0.00264   0.00201   0.00495   0.00367   0.00238   0.00711   0.00082   0.00524   0.00088   0.00503   0.00260   2.44497   0.36168   1.16662   0.74450   2.36854   0.72023   0.01537   1.15429   1.74987  
 86 531.2975  10569.247117  x:  0.01041   0.00517   0.00775   0.01036   0.01361   0.02522   0.01458   0.01652   0.01060   0.00917   0.01623   0.01835   0.00000   0.02391   0.00506   0.02275   0.02286   0.00478   0.01702   0.00503   0.01280   0.01509   0.01162   0.00743   0.02701   0.02060   0.00755   0.01555   0.00412   0.00000   0.00352   0.00000   0.00127   0.00112   0.00064   0.01676   0.01381   0.00169   0.00000   0.03894   0.00059   0.00425   0.00181   0.00669   0.00259   0.00201   0.00491   0.00365   0.00243   0.00716   0.00085   0.00519   0.00088   0.00497   0.00251   2.42765   0.43193   1.21978   0.70361   2.51540   0.85277   0.01575   1.21276   1.66082  
 87 4309.0115  10568.372127  x:  0.00958   0.00514   0.00757   0.01088   0.01335   0.02380   0.01472   0.01616   0.01087   0.00904   0.01652   0.01802   0.00000   0.02426   0.00506   0.02370   0.02294   0.00466   0.01566   0.00506   0.01284   0.01418   0.01096   0.00849   0.02714   0.02036   0.00759   0.01311   0.00410   0.00000   0.00348   0.00000   0.00126   0.00112   0.00063   0.01506   0.01347   0.00169   0.00000   0.03913   0.00062   0.00423   0.00178   0.00673   0.00258   0.00199   0.00497   0.00364   0.00241   0.00706   0.00085   0.00513   0.00087   0.00490   0.00251   2.42151   0.45561   1.23718   0.69018   2.56384   0.89718   0.01606   1.23244   1.63120  
 88 5723.8691  10568.360212  x:  0.00959   0.00514   0.00759   0.01096   0.01338   0.02376   0.01465   0.01599   0.01110   0.00897   0.01654   0.01799   0.00000   0.02427   0.00505   0.02373   0.02294   0.00467   0.01565   0.00507   0.01278   0.01426   0.01116   0.00830   0.02715   0.02033   0.00758   0.01305   0.00409   0.00000   0.00348   0.00000   0.00126   0.00112   0.00063   0.01495   0.01346   0.00169   0.00000   0.03913   0.00062   0.00422   0.00178   0.00677   0.00258   0.00199   0.00496   0.00364   0.00241   0.00706   0.00085   0.00513   0.00087   0.00489   0.00249   2.42140   0.45592   1.23733   0.69012   2.56455   0.89784   0.01607   1.23265   1.63074  
 89 118.2669  10568.339223  x:  0.00971   0.00514   0.00758   0.01081   0.01341   0.02367   0.01454   0.01557   0.01099   0.00900   0.01652   0.01799   0.00000   0.02425   0.00507   0.02373   0.02296   0.00465   0.01566   0.00505   0.01273   0.01456   0.01103   0.00840   0.02716   0.02030   0.00758   0.01319   0.00409   0.00000   0.00348   0.00000   0.00126   0.00112   0.00063   0.01469   0.01349   0.00169   0.00000   0.03914   0.00062   0.00423   0.00177   0.00672   0.00258   0.00199   0.00496   0.00364   0.00241   0.00705   0.00085   0.00512   0.00087   0.00488   0.00250   2.42096   0.45623   1.23676   0.69111   2.56598   0.89929   0.01609   1.23252   1.62959  
 90 31.9252  10565.382093  x:  0.00939   0.00510   0.00778   0.01124   0.01306   0.02255   0.01544   0.01882   0.01073   0.00911   0.01588   0.01917   0.00000   0.02383   0.00502   0.02321   0.02271   0.00481   0.01721   0.00494   0.01259   0.01690   0.01131   0.00819   0.02684   0.01992   0.00755   0.01251   0.00404   0.00000   0.00346   0.00000   0.00125   0.00109   0.00063   0.01126   0.01340   0.00173   0.00000   0.03842   0.00068   0.00416   0.00176   0.00701   0.00252   0.00193   0.00488   0.00362   0.00241   0.00715   0.00092   0.00512   0.00086   0.00490   0.00257   2.35835   0.49537   1.14214   0.85422   2.78654   1.11325   0.01688   1.20115   1.45427  
 91 232.7063  10562.143423  x:  0.00996   0.00507   0.00808   0.01071   0.01255   0.02310   0.01467   0.01551   0.01111   0.00923   0.01689   0.01814   0.00000   0.02423   0.00509   0.02363   0.02248   0.00505   0.01474   0.00511   0.01334   0.01292   0.01118   0.00822   0.02636   0.01921   0.00760   0.01262   0.00399   0.00000   0.00341   0.00000   0.00123   0.00108   0.00062   0.01424   0.01346   0.00175   0.00000   0.03772   0.00078   0.00411   0.00172   0.00707   0.00243   0.00188   0.00479   0.00361   0.00243   0.00723   0.00099   0.00512   0.00085   0.00496   0.00259   2.29038   0.53771   1.03962   1.03029   3.02350   1.34419   0.01797   1.16748   1.26537  
 92 16745.9918  10562.140917  x:  0.00989   0.00509   0.00809   0.01070   0.01264   0.02311   0.01481   0.01543   0.01110   0.00924   0.01686   0.01813   0.00000   0.02424   0.00509   0.02366   0.02246   0.00505   0.01485   0.00512   0.01341   0.01288   0.01121   0.00822   0.02637   0.01922   0.00760   0.01260   0.00399   0.00000   0.00341   0.00000   0.00123   0.00108   0.00062   0.01424   0.01347   0.00175   0.00000   0.03772   0.00078   0.00411   0.00172   0.00709   0.00243   0.00188   0.00478   0.00361   0.00243   0.00723   0.00099   0.00511   0.00085   0.00496   0.00259   2.29040   0.53771   1.03954   1.03034   3.02367   1.34441   0.01796   1.16738   1.26517  
 93 25.0893  10559.016350  x:  0.00970   0.00491   0.00834   0.01064   0.01256   0.02286   0.01492   0.01563   0.01069   0.00949   0.01717   0.01881   0.00000   0.02394   0.00517   0.02294   0.02337   0.00526   0.01464   0.00537   0.01394   0.01382   0.01157   0.00809   0.02439   0.01836   0.00758   0.01246   0.00381   0.00000   0.00322   0.00000   0.00119   0.00121   0.00060   0.01416   0.01349   0.00194   0.00000   0.03529   0.00086   0.00412   0.00150   0.00716   0.00237   0.00184   0.00496   0.00370   0.00246   0.00731   0.00097   0.00493   0.00083   0.00509   0.00256   2.41945   0.49476   0.91179   0.88997   3.08064   1.68594   0.00456   0.89401   0.94998  
 94 15.1081  10549.569936  x:  0.00968   0.00504   0.00886   0.01016   0.01185   0.02296   0.01526   0.01562   0.01049   0.00981   0.01786   0.01986   0.00000   0.02248   0.00530   0.02241   0.02370   0.00568   0.01474   0.00555   0.01423   0.01465   0.01189   0.00784   0.02238   0.01785   0.00766   0.01201   0.00351   0.00000   0.00309   0.00000   0.00114   0.00105   0.00057   0.01388   0.01340   0.00200   0.00000   0.03416   0.00093   0.00384   0.00135   0.00728   0.00201   0.00172   0.00454   0.00358   0.00238   0.00754   0.00109   0.00494   0.00079   0.00519   0.00273   2.51950   0.47473   0.87030   0.80187   3.03827   1.55492   0.00952   1.03160   0.00000  
 95  4.8521  10546.645844  x:  0.00988   0.00497   0.00934   0.00985   0.01131   0.02316   0.01537   0.01508   0.01025   0.01007   0.01952   0.02043   0.00000   0.02143   0.00547   0.02236   0.02350   0.00597   0.01419   0.00605   0.01492   0.01436   0.01226   0.00778   0.01983   0.01681   0.00774   0.01160   0.00314   0.00000   0.00286   0.00000   0.00107   0.00105   0.00052   0.01411   0.01345   0.00216   0.00000   0.03258   0.00102   0.00366   0.00103   0.00756   0.00171   0.00167   0.00445   0.00355   0.00233   0.00768   0.00109   0.00478   0.00075   0.00531   0.00274   2.74743   0.50081   1.27693   0.96221   2.83032   1.47056   0.00383   1.04031   0.00000  
 96  8.5248  10536.279666  x:  0.00941   0.00533   0.01118   0.00794   0.00967   0.02181   0.01636   0.01543   0.01040   0.01107   0.02064   0.02260   0.00000   0.01588   0.00552   0.01877   0.02503   0.00742   0.01439   0.00572   0.01605   0.01654   0.01332   0.00748   0.02397   0.02262   0.00800   0.01258   0.00365   0.00000   0.00370   0.00000   0.00137   0.00061   0.00064   0.01448   0.01320   0.00186   0.00000   0.03267   0.00076   0.00393   0.00122   0.00777   0.00163   0.00224   0.00284   0.00329   0.00219   0.00809   0.00163   0.00568   0.00098   0.00642   0.00351   3.27840   0.41862   1.11629   0.70597   2.31752   0.32360   0.04392   1.59356   0.00000  
 97  1.4883  10536.277856  x:  0.00941   0.00533   0.01118   0.00793   0.00967   0.02181   0.01636   0.01543   0.01040   0.01108   0.02064   0.02260   0.00000   0.01587   0.00552   0.01877   0.02503   0.00743   0.01439   0.00572   0.01605   0.01655   0.01332   0.00748   0.02397   0.02263   0.00800   0.01258   0.00365   0.00000   0.00370   0.00000   0.00137   0.00061   0.00064   0.01448   0.01320   0.00186   0.00009   0.03267   0.00076   0.00393   0.00122   0.00777   0.00163   0.00224   0.00284   0.00329   0.00219   0.00809   0.00163   0.00568   0.00098   0.00642   0.00351   3.27888   0.41854   1.11614   0.70574   2.31706   0.32256   0.04395   1.59406   0.00000  
 98 780.1918  10531.880167  x:  0.00938   0.00479   0.01120   0.00908   0.01174   0.02259   0.01596   0.01567   0.01103   0.01092   0.01992   0.02233   0.00000   0.02213   0.00518   0.02018   0.02528   0.00724   0.01471   0.00539   0.01609   0.01660   0.01280   0.00772   0.02419   0.02186   0.00797   0.01275   0.00373   0.00000   0.00345   0.00000   0.00121   0.00141   0.00062   0.01513   0.01295   0.00150   0.00039   0.03239   0.00086   0.00422   0.00134   0.00746   0.00206   0.00209   0.00347   0.00325   0.00220   0.00785   0.00159   0.00519   0.00085   0.00637   0.00314   3.59912   0.41112   1.10834   0.76493   2.07375  -0.32354   0.07261   1.95279   0.00000  
 99  0.7783  10530.315774  x:  0.00956   0.00453   0.01054   0.00949   0.01113   0.02283   0.01534   0.01530   0.01030   0.01035   0.01921   0.02151   0.00000   0.02127   0.00519   0.02100   0.02490   0.00676   0.01382   0.00548   0.01604   0.01558   0.01250   0.00771   0.02259   0.01852   0.00772   0.01200   0.00349   0.00000   0.00306   0.00000   0.00114   0.00109   0.00057   0.01433   0.01316   0.00140   0.00043   0.02781   0.00091   0.00398   0.00120   0.00713   0.00203   0.00169   0.00425   0.00333   0.00216   0.00760   0.00145   0.00479   0.00074   0.00588   0.00295   3.82973   0.38629   1.17797   0.74661   1.67818  -0.69185   0.07058   2.03844   0.00000  
100  0.4454  10528.908431  x:  0.00957   0.00461   0.00965   0.00928   0.01086   0.02215   0.01533   0.01507   0.01025   0.00999   0.01924   0.02089   0.00000   0.01925   0.00525   0.02019   0.02496   0.00618   0.01332   0.00532   0.01648   0.01469   0.01252   0.00781   0.02333   0.01947   0.00768   0.01236   0.00353   0.00000   0.00334   0.00000   0.00132   0.00080   0.00060   0.01449   0.01335   0.00105   0.00088   0.02953   0.00083   0.00398   0.00118   0.00718   0.00170   0.00201   0.00455   0.00382   0.00229   0.00753   0.00139   0.00541   0.00087   0.00593   0.00334   4.20190   0.36146   1.37258   0.76719   1.02048  -1.49188   0.08319   2.28706   0.00000  
101  0.5023  10527.882886  x:  0.00932   0.00482   0.00941   0.00898   0.01092   0.02196   0.01553   0.01536   0.01032   0.01012   0.01916   0.02111   0.00000   0.01933   0.00523   0.01981   0.02502   0.00610   0.01400   0.00541   0.01650   0.01535   0.01250   0.00759   0.02286   0.01987   0.00770   0.01237   0.00352   0.00000   0.00326   0.00000   0.00123   0.00096   0.00059   0.01457   0.01296   0.00063   0.00127   0.02953   0.00096   0.00399   0.00111   0.00728   0.00174   0.00197   0.00425   0.00376   0.00221   0.00769   0.00133   0.00552   0.00088   0.00583   0.00323   4.41610   0.32492   1.42920   0.69718   0.39756  -2.07825   0.08472   2.40579   0.00000  
102  0.8545  10526.818224  x:  0.00919   0.00496   0.00967   0.00907   0.01133   0.02211   0.01564   0.01539   0.01065   0.01048   0.01919   0.02130   0.00000   0.02078   0.00521   0.02006   0.02499   0.00634   0.01443   0.00549   0.01609   0.01589   0.01248   0.00753   0.02397   0.02083   0.00784   0.01250   0.00373   0.00000   0.00328   0.00000   0.00115   0.00117   0.00062   0.01496   0.01273   0.00011   0.00166   0.03069   0.00112   0.00420   0.00123   0.00744   0.00204   0.00190   0.00377   0.00343   0.00218   0.00778   0.00134   0.00534   0.00086   0.00598   0.00300   4.28912   0.34613   1.43942   0.74050   0.31209  -1.90146   0.07361   2.24893   0.00000  
103  0.2504  10526.656470  x:  0.00924   0.00495   0.00974   0.00910   0.01131   0.02221   0.01565   0.01540   0.01067   0.01049   0.01918   0.02136   0.00000   0.02080   0.00523   0.02017   0.02501   0.00639   0.01441   0.00547   0.01605   0.01588   0.01249   0.00754   0.02400   0.02074   0.00786   0.01249   0.00372   0.00000   0.00328   0.00000   0.00116   0.00114   0.00062   0.01492   0.01279   0.00000   0.00175   0.03070   0.00112   0.00418   0.00125   0.00743   0.00202   0.00189   0.00375   0.00341   0.00219   0.00777   0.00136   0.00530   0.00085   0.00600   0.00302   4.27529   0.34684   1.42435   0.73689   0.27812  -1.93604   0.07434   2.25245   0.00000  
104  0.3056  10525.934898  x:  0.00960   0.00482   0.01033   0.00929   0.01120   0.02289   0.01565   0.01547   0.01072   0.01051   0.01917   0.02161   0.00000   0.02060   0.00534   0.02086   0.02520   0.00681   0.01414   0.00533   0.01580   0.01553   0.01259   0.00770   0.02401   0.01990   0.00796   0.01245   0.00363   0.00000   0.00332   0.00000   0.00123   0.00101   0.00061   0.01458   0.01329   0.00000   0.00228   0.03062   0.00076   0.00404   0.00130   0.00729   0.00187   0.00192   0.00391   0.00342   0.00232   0.00761   0.00152   0.00497   0.00078   0.00606   0.00319   4.00368   0.36708   1.22368   0.71839   0.21882  -2.03724   0.08078   2.23703   0.00000  
105  0.3973  10525.782060  x:  0.00957   0.00484   0.01021   0.00937   0.01121   0.02269   0.01557   0.01540   0.01063   0.01043   0.01919   0.02140   0.00000   0.02047   0.00534   0.02072   0.02519   0.00671   0.01399   0.00539   0.01591   0.01537   0.01258   0.00772   0.02410   0.01997   0.00792   0.01248   0.00365   0.00000   0.00331   0.00000   0.00124   0.00099   0.00061   0.01468   0.01328   0.00000   0.00196   0.03060   0.00048   0.00406   0.00129   0.00729   0.00186   0.00192   0.00402   0.00351   0.00233   0.00759   0.00149   0.00506   0.00081   0.00604   0.00318   3.97106   0.37453   1.23171   0.73465   0.10915  -2.15959   0.08181   2.25279   0.00000  
106  0.1848  10525.687319  x:  0.00946   0.00482   0.01003   0.00934   0.01130   0.02245   0.01552   0.01539   0.01063   0.01033   0.01915   0.02117   0.00000   0.02052   0.00527   0.02051   0.02507   0.00655   0.01414   0.00541   0.01600   0.01540   0.01251   0.00767   0.02412   0.02023   0.00786   0.01253   0.00366   0.00000   0.00330   0.00000   0.00122   0.00105   0.00061   0.01486   0.01311   0.00000   0.00186   0.03043   0.00076   0.00413   0.00127   0.00728   0.00190   0.00191   0.00403   0.00349   0.00229   0.00764   0.00145   0.00521   0.00084   0.00597   0.00309   3.85410   0.38594   1.22991   0.75036   0.11420  -2.14969   0.08077   2.22368   0.00000  
107  0.0715  10525.675443  x:  0.00946   0.00480   0.00996   0.00929   0.01126   0.02246   0.01551   0.01533   0.01060   0.01032   0.01916   0.02121   0.00000   0.02060   0.00527   0.02046   0.02501   0.00648   0.01405   0.00540   0.01605   0.01536   0.01252   0.00764   0.02400   0.02013   0.00785   0.01248   0.00366   0.00000   0.00331   0.00000   0.00123   0.00103   0.00061   0.01479   0.01310   0.00000   0.00181   0.03029   0.00075   0.00409   0.00126   0.00727   0.00189   0.00192   0.00405   0.00351   0.00227   0.00763   0.00144   0.00517   0.00082   0.00599   0.00311   3.84477   0.38529   1.24173   0.75778   0.13766  -2.12986   0.07989   2.21424   0.00000  
108  0.0295  10525.671657  x:  0.00946   0.00478   0.00994   0.00929   0.01125   0.02245   0.01550   0.01532   0.01060   0.01033   0.01916   0.02122   0.00000   0.02059   0.00528   0.02046   0.02501   0.00646   0.01402   0.00539   0.01606   0.01535   0.01253   0.00764   0.02398   0.02011   0.00785   0.01247   0.00366   0.00000   0.00331   0.00000   0.00123   0.00103   0.00061   0.01476   0.01311   0.00000   0.00189   0.03027   0.00074   0.00409   0.00125   0.00727   0.00190   0.00192   0.00406   0.00351   0.00226   0.00761   0.00144   0.00515   0.00082   0.00599   0.00312   3.84724   0.38475   1.24858   0.76150   0.12091  -2.14478   0.07954   2.21203   0.00000  
109  0.0366  10525.667895  x:  0.00947   0.00477   0.00997   0.00932   0.01125   0.02246   0.01551   0.01538   0.01062   0.01035   0.01916   0.02125   0.00000   0.02051   0.00528   0.02052   0.02504   0.00649   0.01408   0.00538   0.01606   0.01540   0.01253   0.00766   0.02399   0.02009   0.00786   0.01248   0.00365   0.00000   0.00329   0.00000   0.00122   0.00104   0.00061   0.01473   0.01313   0.00000   0.00192   0.03024   0.00068   0.00410   0.00126   0.00727   0.00189   0.00190   0.00403   0.00349   0.00226   0.00760   0.00145   0.00513   0.00083   0.00598   0.00311   3.83846   0.38491   1.24524   0.76186   0.12367  -2.13846   0.07900   2.19847   0.00000  
110  0.0108  10525.662989  x:  0.00946   0.00477   0.01001   0.00928   0.01128   0.02244   0.01551   0.01535   0.01062   0.01034   0.01916   0.02123   0.00000   0.02056   0.00527   0.02050   0.02505   0.00653   0.01406   0.00537   0.01601   0.01538   0.01251   0.00766   0.02402   0.02011   0.00786   0.01248   0.00366   0.00000   0.00332   0.00000   0.00123   0.00103   0.00061   0.01472   0.01312   0.00000   0.00190   0.03036   0.00069   0.00410   0.00127   0.00728   0.00190   0.00193   0.00404   0.00348   0.00227   0.00761   0.00146   0.00516   0.00082   0.00598   0.00310   3.84237   0.38621   1.24438   0.76342   0.12098  -2.12605   0.07785   2.17016   0.00000  
111  0.0103  10525.661668  x:  0.00946   0.00478   0.00999   0.00931   0.01125   0.02245   0.01550   0.01534   0.01060   0.01033   0.01915   0.02120   0.00000   0.02056   0.00527   0.02048   0.02501   0.00651   0.01405   0.00539   0.01602   0.01537   0.01252   0.00766   0.02401   0.02011   0.00786   0.01248   0.00366   0.00000   0.00330   0.00000   0.00122   0.00103   0.00061   0.01476   0.01313   0.00000   0.00188   0.03032   0.00072   0.00409   0.00126   0.00727   0.00190   0.00191   0.00404   0.00350   0.00227   0.00761   0.00145   0.00515   0.00082   0.00598   0.00311   3.84537   0.38636   1.24256   0.76420   0.12262  -2.12378   0.07781   2.16389   0.00000  
112  0.0063  10525.661484  x:  0.00946   0.00478   0.00997   0.00930   0.01126   0.02245   0.01550   0.01535   0.01061   0.01033   0.01915   0.02121   0.00000   0.02055   0.00527   0.02049   0.02501   0.00649   0.01405   0.00539   0.01603   0.01537   0.01252   0.00765   0.02399   0.02010   0.00786   0.01248   0.00365   0.00000   0.00330   0.00000   0.00122   0.00104   0.00061   0.01476   0.01312   0.00000   0.00188   0.03028   0.00072   0.00410   0.00126   0.00727   0.00190   0.00192   0.00404   0.00350   0.00227   0.00761   0.00145   0.00515   0.00082   0.00598   0.00311   3.84555   0.38619   1.24135   0.76329   0.12152  -2.12500   0.07789   2.16358   0.00000  
113  0.0021  10525.661469  x:  0.00946   0.00478   0.00997   0.00930   0.01126   0.02245   0.01550   0.01535   0.01061   0.01033   0.01915   0.02121   0.00000   0.02056   0.00527   0.02049   0.02502   0.00649   0.01405   0.00539   0.01603   0.01537   0.01252   0.00765   0.02399   0.02010   0.00786   0.01248   0.00366   0.00000   0.00330   0.00000   0.00122   0.00104   0.00061   0.01475   0.01312   0.00000   0.00188   0.03028   0.00072   0.00410   0.00126   0.00727   0.00190   0.00192   0.00404   0.00350   0.00227   0.00761   0.00145   0.00515   0.00082   0.00598   0.00311   3.84558   0.38616   1.24153   0.76316   0.12168  -2.12474   0.07791   2.16344   0.00000  
114  0.0005  10525.661463  x:  0.00946   0.00478   0.00997   0.00930   0.01126   0.02245   0.01550   0.01534   0.01061   0.01033   0.01915   0.02121   0.00000   0.02056   0.00527   0.02049   0.02502   0.00649   0.01405   0.00539   0.01604   0.01537   0.01252   0.00765   0.02400   0.02010   0.00786   0.01248   0.00366   0.00000   0.00330   0.00000   0.00122   0.00104   0.00061   0.01475   0.01312   0.00000   0.00189   0.03029   0.00072   0.00410   0.00126   0.00727   0.00190   0.00192   0.00404   0.00350   0.00227   0.00761   0.00145   0.00515   0.00082   0.00598   0.00311   3.84571   0.38613   1.24193   0.76326   0.12172  -2.12461   0.07793   2.16331   0.00000  
115  0.0006  10525.661463  x:  0.00946   0.00478   0.00997   0.00930   0.01126   0.02245   0.01550   0.01534   0.01061   0.01033   0.01915   0.02121   0.00000   0.02056   0.00527   0.02049   0.02502   0.00649   0.01405   0.00539   0.01604   0.01537   0.01252   0.00765   0.02400   0.02010   0.00786   0.01248   0.00366   0.00000   0.00330   0.00000   0.00122   0.00104   0.00061   0.01475   0.01312   0.00000   0.00189   0.03029   0.00072   0.00410   0.00126   0.00727   0.00190   0.00192   0.00404   0.00350   0.00227   0.00761   0.00145   0.00515   0.00082   0.00598   0.00311   3.84573   0.38612   1.24206   0.76331   0.12172  -2.12464   0.07794   2.16330   0.00000  
116  0.0002  10525.661461  x:  0.00946   0.00478   0.00997   0.00930   0.01126   0.02245   0.01550   0.01534   0.01061   0.01033   0.01915   0.02121   0.00000   0.02056   0.00527   0.02049   0.02502   0.00649   0.01405   0.00539   0.01603   0.01537   0.01252   0.00765   0.02399   0.02010   0.00786   0.01248   0.00366   0.00000   0.00330   0.00000   0.00122   0.00104   0.00061   0.01475   0.01312   0.00000   0.00188   0.03029   0.00072   0.00410   0.00126   0.00727   0.00190   0.00192   0.00404   0.00350   0.00227   0.00761   0.00145   0.00515   0.00082   0.00598   0.00311   3.84574   0.38608   1.24235   0.76338   0.12167  -2.12475   0.07796   2.16331   0.00000  
117  0.0001  10525.661460  x:  0.00946   0.00478   0.00997   0.00930   0.01126   0.02245   0.01550   0.01534   0.01061   0.01033   0.01915   0.02121   0.00000   0.02056   0.00527   0.02049   0.02502   0.00649   0.01405   0.00539   0.01603   0.01537   0.01252   0.00765   0.02399   0.02010   0.00786   0.01248   0.00366   0.00000   0.00330   0.00000   0.00122   0.00104   0.00061   0.01475   0.01312   0.00000   0.00188   0.03029   0.00072   0.00410   0.00126   0.00727   0.00190   0.00192   0.00404   0.00350   0.00227   0.00761   0.00145   0.00515   0.00082   0.00598   0.00311   3.84573   0.38609   1.24230   0.76337   0.12168  -2.12473   0.07795   2.16331   0.00000  
118  0.0002  10525.661460  x:  0.00946   0.00478   0.00997   0.00930   0.01126   0.02245   0.01550   0.01534   0.01061   0.01033   0.01915   0.02121   0.00000   0.02056   0.00527   0.02049   0.02502   0.00649   0.01405   0.00539   0.01603   0.01537   0.01252   0.00765   0.02399   0.02010   0.00786   0.01248   0.00366   0.00000   0.00330   0.00000   0.00122   0.00104   0.00061   0.01475   0.01312   0.00000   0.00188   0.03029   0.00072   0.00410   0.00126   0.00727   0.00190   0.00192   0.00404   0.00350   0.00227   0.00761   0.00145   0.00515   0.00082   0.00598   0.00311   3.84573   0.38609   1.24230   0.76337   0.12168  -2.12473   0.07795   2.16331   0.00000  
119  0.0001  10525.661460  x:  0.00946   0.00478   0.00997   0.00930   0.01126   0.02245   0.01550   0.01534   0.01061   0.01033   0.01915   0.02121   0.00000   0.02056   0.00527   0.02049   0.02502   0.00649   0.01405   0.00539   0.01603   0.01537   0.01252   0.00765   0.02399   0.02010   0.00786   0.01248   0.00366   0.00000   0.00330   0.00000   0.00122   0.00104   0.00061   0.01475   0.01312   0.00000   0.00188   0.03029   0.00072   0.00410   0.00126   0.00727   0.00190   0.00192   0.00404   0.00350   0.00227   0.00761   0.00145   0.00515   0.00082   0.00598   0.00311   3.84573   0.38609   1.24229   0.76337   0.12168  -2.12473   0.07795   2.16331   0.00000  