

TREE # 1

  0  0.0000  18818.325827  x:  0.00909   0.00306   0.00991   0.02251   0.01834   0.01731   0.02214   0.02302   0.02833   0.01757   0.01615   0.03246   0.00019   0.00865   0.00263   0.02726   0.01348   0.00529   0.01030   0.00307   0.01010   0.00683   0.01371   0.00936   0.03094   0.01838   0.01447   0.01492   0.00433   0.00488   0.00413   0.00229   0.00167   0.00549   0.00571   0.00186   0.01010   0.00791   0.00299   0.00803   0.00000   0.00196   0.00300   0.00637   0.00267   0.00265   0.00513   0.00457   0.00419   0.00570   0.00287   0.00540   0.00255   0.01415   0.00852   1.04400   0.78895   1.03514   0.74976   0.41594   0.25000   0.76467  
  1 99.0000  18818.304061  x:  0.00909   0.00306   0.00991   0.02251   0.01834   0.01731   0.02214   0.02302   0.02833   0.01757   0.01615   0.03246   0.00019   0.00865   0.00263   0.02726   0.01348   0.00529   0.01030   0.00307   0.01010   0.00683   0.01371   0.00936   0.03094   0.01838   0.01447   0.01492   0.00433   0.00488   0.00413   0.00228   0.00167   0.00549   0.00571   0.00186   0.01010   0.00791   0.00299   0.00803   0.00000   0.00196   0.00300   0.00637   0.00267   0.00265   0.00513   0.00457   0.00419   0.00570   0.00287   0.00540   0.00255   0.01415   0.00852   1.04400   0.78895   1.03514   0.74976   0.41594   0.25000   0.76467  
  2 7365.5409  18792.550760  x:  0.00872   0.00232   0.01038   0.02224   0.01837   0.01728   0.02234   0.02290   0.02844   0.01746   0.01617   0.03229   0.00000   0.00811   0.00297   0.02716   0.01336   0.00461   0.00950   0.00292   0.00935   0.00731   0.01371   0.00919   0.03078   0.01836   0.01439   0.01515   0.00401   0.00385   0.00327   0.00185   0.00102   0.00532   0.00462   0.00213   0.00997   0.00738   0.00240   0.00728   0.00000   0.00070   0.00255   0.00552   0.00131   0.00174   0.00397   0.00352   0.00377   0.00567   0.00157   0.00430   0.00226   0.01407   0.00771   1.04431   0.78895   1.03513   0.74977   0.41601   0.24958   0.76452  
  3 41939.0674  18778.029018  x:  0.00811   0.00149   0.01089   0.02171   0.01844   0.01716   0.02283   0.02260   0.02866   0.01720   0.01618   0.03176   0.00002   0.00678   0.00220   0.02695   0.01312   0.00366   0.00778   0.00316   0.00779   0.00745   0.01364   0.00888   0.03040   0.01832   0.01420   0.01561   0.00414   0.00226   0.00325   0.00327   0.00289   0.00517   0.00297   0.00071   0.00976   0.00683   0.00313   0.00573   0.00000   0.00160   0.00294   0.00399   0.00050   0.00225   0.00201   0.00204   0.00390   0.00566   0.00046   0.00237   0.00296   0.01390   0.00622   1.04516   0.78895   1.03511   0.74980   0.41619   0.24846   0.76407  
  4 5319.1668  18773.438167  x:  0.00778   0.00121   0.01115   0.02140   0.01848   0.01709   0.02312   0.02242   0.02879   0.01704   0.01618   0.03143   0.00001   0.00597   0.00197   0.02684   0.01299   0.00323   0.00680   0.00328   0.00689   0.00748   0.01361   0.00870   0.03017   0.01829   0.01409   0.01587   0.00423   0.00164   0.00337   0.00382   0.00369   0.00512   0.00208   0.00183   0.00964   0.00658   0.00350   0.00486   0.00000   0.00196   0.00313   0.00321   0.00103   0.00262   0.00107   0.00150   0.00402   0.00566   0.00061   0.00152   0.00323   0.01380   0.00540   1.04570   0.78894   1.03510   0.74982   0.41631   0.24775   0.76378  
  5 7854.5194  18769.544012  x:  0.00730   0.00153   0.01147   0.02087   0.01856   0.01696   0.02369   0.02212   0.02904   0.01676   0.01618   0.03079   0.00002   0.00448   0.00269   0.02664   0.01277   0.00298   0.00530   0.00333   0.00551   0.00751   0.01361   0.00845   0.02973   0.01825   0.01392   0.01623   0.00429   0.00206   0.00370   0.00362   0.00391   0.00511   0.00116   0.00140   0.00947   0.00628   0.00363   0.00362   0.00000   0.00162   0.00307   0.00254   0.00161   0.00296   0.00109   0.00226   0.00420   0.00577   0.00119   0.00189   0.00309   0.01366   0.00428   1.04685   0.78894   1.03508   0.74987   0.41655   0.24626   0.76317  
  6 2679.3732  18767.101583  x:  0.00695   0.00172   0.01167   0.02028   0.01863   0.01682   0.02431   0.02178   0.02931   0.01647   0.01618   0.03002   0.00004   0.00295   0.00242   0.02643   0.01257   0.00321   0.00423   0.00343   0.00446   0.00745   0.01358   0.00824   0.02920   0.01822   0.01377   0.01653   0.00441   0.00224   0.00400   0.00332   0.00415   0.00521   0.00234   0.00164   0.00936   0.00613   0.00377   0.00300   0.00000   0.00138   0.00305   0.00278   0.00144   0.00321   0.00155   0.00230   0.00436   0.00586   0.00076   0.00208   0.00297   0.01353   0.00374   1.04835   0.78894   1.03505   0.74993   0.41688   0.24430   0.76236  
  7 2441.1072  18763.273122  x:  0.00664   0.00174   0.01176   0.01918   0.01874   0.01658   0.02553   0.02116   0.02986   0.01593   0.01616   0.02842   0.00006   0.00126   0.00200   0.02601   0.01226   0.00404   0.00416   0.00363   0.00411   0.00733   0.01356   0.00805   0.02812   0.01818   0.01354   0.01696   0.00439   0.00216   0.00423   0.00240   0.00418   0.00530   0.00195   0.00147   0.00927   0.00625   0.00385   0.00380   0.00000   0.00130   0.00304   0.00362   0.00128   0.00338   0.00103   0.00195   0.00439   0.00592   0.00128   0.00201   0.00292   0.01336   0.00442   1.05202   0.78892   1.03498   0.75007   0.41768   0.23951   0.76037  
  8 2042.4232  18752.490016  x:  0.00591   0.00167   0.01202   0.01576   0.01906   0.01588   0.02944   0.01931   0.03165   0.01430   0.01612   0.02331   0.00006   0.00318   0.00261   0.02464   0.01136   0.00537   0.00411   0.00401   0.00369   0.00714   0.01355   0.00762   0.02461   0.01810   0.01294   0.01830   0.00439   0.00164   0.00481   0.00072   0.00492   0.00548   0.00114   0.00166   0.00909   0.00644   0.00409   0.00465   0.00000   0.00164   0.00314   0.00428   0.00126   0.00389   0.00184   0.00184   0.00451   0.00602   0.00054   0.00174   0.00297   0.01288   0.00525   1.06515   0.78888   1.03474   0.75057   0.42053   0.22240   0.75325  
  9 5792.5760  18740.775899  x:  0.00587   0.00155   0.01226   0.01265   0.01935   0.01531   0.03380   0.01768   0.03372   0.01287   0.01611   0.01818   0.00007   0.00427   0.00296   0.02312   0.01069   0.00565   0.00496   0.00377   0.00483   0.00747   0.01362   0.00759   0.02081   0.01809   0.01256   0.01949   0.00416   0.00207   0.00448   0.00370   0.00496   0.00549   0.00243   0.00164   0.00903   0.00649   0.00342   0.00492   0.00000   0.00087   0.00273   0.00374   0.00098   0.00328   0.00084   0.00227   0.00404   0.00596   0.00166   0.00219   0.00262   0.01256   0.00554   1.08322   0.78882   1.03439   0.75126   0.42447   0.19878   0.74342  
 10 12081.5057  18713.223905  x:  0.00773   0.00242   0.01209   0.01242   0.01943   0.01524   0.03940   0.01743   0.03648   0.01265   0.01622   0.01566   0.00008   0.00266   0.00045   0.02157   0.01103   0.00412   0.00651   0.00270   0.00701   0.00792   0.01374   0.00882   0.01733   0.01837   0.01300   0.01988   0.00401   0.00244   0.00311   0.00495   0.00337   0.00506   0.00126   0.00139   0.00951   0.00661   0.00248   0.00444   0.00000   0.00201   0.00295   0.00229   0.00283   0.00191   0.00413   0.00178   0.00384   0.00564   0.00069   0.00181   0.00300   0.01287   0.00509   1.11834   0.78869   1.03372   0.75262   0.43220   0.15262   0.72423  
 11 11901.3611  18692.655743  x:  0.00897   0.00274   0.01188   0.01281   0.01943   0.01530   0.04309   0.01763   0.03829   0.01276   0.01630   0.01493   0.00007   0.00109   0.00220   0.02073   0.01143   0.00320   0.00748   0.00234   0.00830   0.00801   0.01384   0.00971   0.01548   0.01860   0.01341   0.01994   0.00411   0.00227   0.00245   0.00563   0.00273   0.00484   0.00128   0.00138   0.00986   0.00678   0.00241   0.00435   0.00000   0.00330   0.00336   0.00208   0.00352   0.00143   0.00556   0.00103   0.00386   0.00544   0.00005   0.00126   0.00353   0.01317   0.00500   1.14418   0.78859   1.03322   0.75362   0.43790   0.11861   0.71009  
 12 77246.9019  18683.457563  x:  0.00973   0.00279   0.01180   0.01316   0.01942   0.01536   0.04556   0.01781   0.03951   0.01287   0.01636   0.01463   0.00007   0.00044   0.00309   0.02020   0.01171   0.00251   0.00792   0.00215   0.00896   0.00811   0.01390   0.01030   0.01436   0.01875   0.01369   0.01996   0.00418   0.00187   0.00197   0.00572   0.00231   0.00469   0.00153   0.00127   0.01009   0.00683   0.00238   0.00412   0.00000   0.00414   0.00363   0.00200   0.00349   0.00110   0.00674   0.00037   0.00387   0.00533   0.00069   0.00072   0.00389   0.01337   0.00479   1.16199   0.78853   1.03288   0.75431   0.44183   0.09516   0.70035  
 13 323675.9853  18661.112250  x:  0.01060   0.00248   0.01179   0.01390   0.01938   0.01550   0.04897   0.01823   0.04118   0.01316   0.01647   0.01491   0.00006   0.00006   0.00335   0.01963   0.01215   0.00181   0.00814   0.00225   0.00936   0.00820   0.01395   0.01104   0.01328   0.01899   0.01409   0.01993   0.00427   0.00110   0.00156   0.00567   0.00178   0.00453   0.00165   0.00152   0.01034   0.00680   0.00257   0.00399   0.00000   0.00518   0.00395   0.00244   0.00290   0.00095   0.00694   0.00163   0.00386   0.00523   0.00087   0.00060   0.00437   0.01365   0.00457   1.18848   0.78843   1.03236   0.75534   0.44768   0.06020   0.68585  
 14 127669.5667  18613.896231  x:  0.01210   0.00252   0.01181   0.01546   0.01933   0.01576   0.05485   0.01905   0.04406   0.01376   0.01665   0.01570   0.00004   0.00027   0.00352   0.01868   0.01295   0.00091   0.00786   0.00234   0.00934   0.00827   0.01402   0.01230   0.01153   0.01940   0.01482   0.01985   0.00448   0.00073   0.00109   0.00562   0.00049   0.00427   0.00186   0.00163   0.01075   0.00676   0.00286   0.00382   0.00000   0.00663   0.00448   0.00368   0.00256   0.00075   0.00638   0.00234   0.00395   0.00512   0.00104   0.00081   0.00506   0.01416   0.00417   1.23411   0.78826   1.03147   0.75712   0.45777   0.00000   0.66087  
 15 669534.2821  18597.412577  x:  0.01401   0.00124   0.01199   0.01753   0.01923   0.01623   0.06358   0.02039   0.04832   0.01470   0.01694   0.01732   0.00001   0.00026   0.00360   0.01777   0.01414   0.00192   0.00825   0.00264   0.01024   0.00873   0.01414   0.01409   0.01042   0.02006   0.01589   0.01964   0.00439   0.00239   0.00293   0.00535   0.00016   0.00402   0.00143   0.00245   0.01129   0.00644   0.00279   0.00320   0.00000   0.00810   0.00463   0.00337   0.00057   0.00100   0.00611   0.00240   0.00363   0.00503   0.00114   0.00137   0.00559   0.01490   0.00345   1.30764   0.78798   1.03004   0.75999   0.47405   0.00000   0.62062  
 16 75062.8628  18588.101603  x:  0.01494   0.00104   0.01208   0.01864   0.01917   0.01649   0.06851   0.02117   0.05067   0.01523   0.01709   0.01827   0.00000   0.00027   0.00363   0.01754   0.01476   0.00230   0.00847   0.00261   0.01070   0.00894   0.01419   0.01500   0.01065   0.02043   0.01645   0.01943   0.00421   0.00276   0.00289   0.00478   0.00218   0.00407   0.00148   0.00259   0.01151   0.00633   0.00248   0.00318   0.00000   0.00774   0.00428   0.00317   0.00049   0.00078   0.00595   0.00244   0.00342   0.00505   0.00118   0.00172   0.00530   0.01528   0.00345   1.35201   0.78781   1.02916   0.76173   0.48388   0.00000   0.59633  
 17 89983.3271  18566.806023  x:  0.01554   0.00083   0.01187   0.01964   0.01907   0.01684   0.07648   0.02225   0.05421   0.01588   0.01719   0.01901   0.00003   0.00033   0.00343   0.01828   0.01538   0.00328   0.00910   0.00314   0.01183   0.00839   0.01412   0.01593   0.01394   0.02097   0.01700   0.01886   0.00437   0.00189   0.00315   0.00458   0.00218   0.00487   0.00228   0.00188   0.01158   0.00665   0.00436   0.00324   0.00000   0.00476   0.00367   0.00143   0.00184   0.00287   0.00606   0.00261   0.00380   0.00532   0.00110   0.00039   0.00467   0.01562   0.00416   1.43673   0.78747   1.02749   0.76508   0.50266   0.00000   0.54995  
 18 60976.1989  18561.124553  x:  0.01543   0.00065   0.01178   0.01968   0.01903   0.01691   0.07893   0.02251   0.05522   0.01599   0.01718   0.01915   0.00004   0.00025   0.00334   0.01876   0.01544   0.00326   0.00942   0.00329   0.01234   0.00813   0.01406   0.01602   0.01542   0.02110   0.01704   0.01865   0.00446   0.00088   0.00318   0.00470   0.00208   0.00515   0.00225   0.00183   0.01150   0.00674   0.00513   0.00316   0.00000   0.00398   0.00356   0.00095   0.00207   0.00356   0.00628   0.00208   0.00398   0.00541   0.00104   0.00161   0.00456   0.01563   0.00433   1.46715   0.78735   1.02688   0.76628   0.50940   0.00000   0.53331  
 19 103396.4697  18546.249101  x:  0.01363   0.00125   0.01160   0.01829   0.01895   0.01686   0.08261   0.02256   0.05623   0.01571   0.01693   0.01923   0.00006   0.00017   0.00313   0.02093   0.01482   0.00170   0.01037   0.00298   0.01398   0.00757   0.01381   0.01503   0.01997   0.02104   0.01643   0.01814   0.00455   0.00083   0.00361   0.00646   0.00216   0.00555   0.00074   0.00218   0.01081   0.00665   0.00618   0.00223   0.00000   0.00284   0.00335   0.00421   0.00166   0.00400   0.00775   0.00130   0.00422   0.00554   0.00090   0.00194   0.00412   0.01514   0.00387   1.53941   0.78704   1.02542   0.76919   0.52542   0.00000   0.49384  
 20 46961.5722  18524.781986  x:  0.00935   0.00151   0.01136   0.01574   0.01878   0.01642   0.08297   0.02190   0.05476   0.01478   0.01626   0.02000   0.00002   0.00013   0.00310   0.02409   0.01318   0.00031   0.01028   0.00191   0.01412   0.00687   0.01342   0.01185   0.02364   0.02020   0.01465   0.01748   0.00472   0.00264   0.00252   0.00671   0.00126   0.00495   0.00140   0.00219   0.00947   0.00635   0.00589   0.00487   0.00000   0.00543   0.00456   0.00306   0.00220   0.00161   0.00822   0.00125   0.00442   0.00530   0.00088   0.00181   0.00469   0.01387   0.00389   1.62193   0.78664   1.02369   0.77257   0.54366   0.00000   0.44895  
 21 29327.4783  18518.419022  x:  0.00792   0.00183   0.01125   0.01498   0.01870   0.01627   0.08273   0.02168   0.05403   0.01448   0.01602   0.02030   0.00001   0.00014   0.00315   0.02515   0.01265   0.00133   0.01016   0.00161   0.01415   0.00671   0.01330   0.01071   0.02467   0.01987   0.01404   0.01721   0.00477   0.00270   0.00173   0.00716   0.00085   0.00467   0.00146   0.00214   0.00905   0.00623   0.00561   0.00529   0.00000   0.00643   0.00497   0.00289   0.00252   0.00053   0.00853   0.00130   0.00446   0.00519   0.00089   0.00171   0.00489   0.01345   0.00370   1.65037   0.78650   1.02309   0.77374   0.54994   0.00000   0.43350  
 22 123148.2786  18516.449960  x:  0.00776   0.00192   0.01119   0.01496   0.01868   0.01625   0.08237   0.02163   0.05371   0.01445   0.01597   0.02030   0.00000   0.00013   0.00315   0.02524   0.01259   0.00135   0.01016   0.00177   0.01414   0.00675   0.01329   0.01051   0.02453   0.01977   0.01395   0.01713   0.00472   0.00270   0.00162   0.00721   0.00083   0.00459   0.00146   0.00214   0.00907   0.00624   0.00538   0.00530   0.00000   0.00647   0.00499   0.00287   0.00254   0.00073   0.00857   0.00128   0.00440   0.00516   0.00089   0.00170   0.00489   0.01340   0.00376   1.65499   0.78647   1.02298   0.77393   0.55095   0.00000   0.43101  
 23 20696.9314  18492.886208  x:  0.00549   0.00350   0.00881   0.01601   0.01817   0.01592   0.07254   0.02059   0.04548   0.01412   0.01493   0.01876   0.00003   0.00010   0.00297   0.02645   0.01161   0.00134   0.00992   0.00498   0.01352   0.00640   0.01332   0.00661   0.01942   0.01768   0.01241   0.01513   0.00467   0.00234   0.00266   0.00806   0.00132   0.00319   0.00105   0.00218   0.00999   0.00773   0.00400   0.00492   0.00000   0.00427   0.00662   0.00231   0.00259   0.00013   0.00945   0.00095   0.00395   0.00480   0.00079   0.00162   0.00637   0.01275   0.00558   1.75206   0.78589   1.02083   0.77810   0.57214   0.00000   0.37893  
 24 61277.0547  18482.649401  x:  0.00468   0.00383   0.00768   0.01661   0.01789   0.01572   0.06561   0.01996   0.04000   0.01394   0.01437   0.01750   0.00005   0.00010   0.00291   0.02690   0.01112   0.00171   0.00985   0.00297   0.01309   0.00604   0.01336   0.00493   0.01583   0.01648   0.01167   0.01411   0.00476   0.00229   0.00268   0.00827   0.00180   0.00293   0.00071   0.00232   0.01037   0.00851   0.00366   0.00520   0.00000   0.00253   0.00789   0.00219   0.00224   0.00134   0.00977   0.00087   0.00390   0.00461   0.00075   0.00167   0.00762   0.01241   0.00581   1.81161   0.78552   1.01950   0.78069   0.58510   0.00000   0.34710  
 25 81787.8830  18466.103207  x:  0.00598   0.00263   0.00907   0.01533   0.01797   0.01539   0.05450   0.01841   0.03248   0.01320   0.01425   0.01505   0.00004   0.00008   0.00288   0.02601   0.01065   0.00154   0.01021   0.00172   0.01229   0.00715   0.01352   0.00750   0.01321   0.01581   0.01169   0.01462   0.00404   0.00127   0.00457   0.00735   0.00156   0.00643   0.00141   0.00149   0.01038   0.00850   0.00243   0.00425   0.00000   0.00323   0.00739   0.00272   0.00417   0.00110   0.00900   0.00080   0.00388   0.00530   0.00070   0.00156   0.00724   0.01219   0.00602   1.88312   0.78502   1.01783   0.78387   0.60049   0.00000   0.30948  
 26 24054.6975  18459.430851  x:  0.00798   0.00232   0.00972   0.01395   0.01823   0.01507   0.04840   0.01765   0.03004   0.01287   0.01480   0.01356   0.00005   0.00006   0.00289   0.02385   0.01099   0.00172   0.01026   0.00281   0.01172   0.00644   0.01351   0.00924   0.01322   0.01627   0.01251   0.01622   0.00488   0.00239   0.00299   0.00712   0.00173   0.00493   0.00120   0.00170   0.01007   0.00816   0.00415   0.00479   0.00000   0.00363   0.00634   0.00273   0.00381   0.00116   0.00903   0.00065   0.00438   0.00512   0.00068   0.00173   0.00626   0.01250   0.00540   1.91229   0.78475   1.01709   0.78526   0.60652   0.00000   0.29501  
 27 9831.7677  18456.992596  x:  0.00872   0.00330   0.00939   0.01328   0.01837   0.01478   0.04571   0.01741   0.03047   0.01276   0.01527   0.01341   0.00004   0.00007   0.00296   0.02201   0.01120   0.00163   0.01012   0.00202   0.01113   0.00620   0.01336   0.00904   0.01366   0.01676   0.01282   0.01708   0.00469   0.00168   0.00400   0.00728   0.00164   0.00339   0.00124   0.00173   0.01003   0.00800   0.00407   0.00501   0.00000   0.00405   0.00549   0.00253   0.00366   0.00111   0.00904   0.00070   0.00433   0.00497   0.00069   0.00161   0.00549   0.01271   0.00597   1.92240   0.78460   1.01677   0.78583   0.60837   0.00000   0.29092  
 28 3648.8637  18455.488958  x:  0.00886   0.00385   0.00885   0.01292   0.01841   0.01452   0.04312   0.01749   0.03238   0.01275   0.01564   0.01378   0.00004   0.00006   0.00297   0.02010   0.01131   0.00162   0.01008   0.00205   0.01083   0.00621   0.01315   0.00791   0.01363   0.01734   0.01284   0.01775   0.00455   0.00165   0.00395   0.00758   0.00161   0.00479   0.00104   0.00187   0.00997   0.00799   0.00428   0.00546   0.00000   0.00413   0.00518   0.00237   0.00336   0.00107   0.00927   0.00066   0.00430   0.00494   0.00068   0.00159   0.00530   0.01281   0.00599   1.92970   0.78441   1.01647   0.78636   0.60935   0.00000   0.28934  
 29 1773.1724  18453.800329  x:  0.00824   0.00308   0.00963   0.01316   0.01832   0.01454   0.03958   0.01772   0.03611   0.01261   0.01557   0.01333   0.00004   0.00006   0.00295   0.01931   0.01103   0.00168   0.01052   0.00222   0.01107   0.00689   0.01305   0.00744   0.01357   0.01809   0.01255   0.01782   0.00460   0.00173   0.00398   0.00721   0.00163   0.00417   0.00134   0.00157   0.00992   0.00806   0.00412   0.00523   0.00000   0.00375   0.00572   0.00276   0.00415   0.00111   0.00912   0.00062   0.00425   0.00527   0.00066   0.00167   0.00611   0.01258   0.00559   1.93867   0.78403   1.01595   0.78723   0.60993   0.00000   0.28981  
 30 1184.6550  18452.207345  x:  0.00819   0.00342   0.00960   0.01330   0.01831   0.01470   0.03693   0.01750   0.03900   0.01210   0.01507   0.01278   0.00004   0.00006   0.00297   0.02055   0.01072   0.00169   0.01025   0.00228   0.01080   0.00560   0.01319   0.00871   0.01338   0.01828   0.01249   0.01753   0.00466   0.00181   0.00387   0.00725   0.00166   0.00437   0.00123   0.00170   0.00994   0.00810   0.00339   0.00496   0.00000   0.00377   0.00602   0.00255   0.00378   0.00114   0.00905   0.00067   0.00445   0.00480   0.00068   0.00165   0.00626   0.01237   0.00609   1.94753   0.78354   1.01531   0.78827   0.61000   0.00000   0.29220  
 31 1295.1955  18450.094877  x:  0.00880   0.00403   0.00882   0.01267   0.01842   0.01481   0.03467   0.01686   0.04095   0.01162   0.01448   0.01299   0.00004   0.00006   0.00299   0.02271   0.01071   0.00169   0.00974   0.00217   0.01044   0.00738   0.01340   0.00961   0.01268   0.01758   0.01262   0.01719   0.00475   0.00183   0.00381   0.00739   0.00171   0.00428   0.00105   0.00187   0.00999   0.00835   0.00436   0.00521   0.00000   0.00392   0.00584   0.00232   0.00337   0.00116   0.00915   0.00067   0.00440   0.00529   0.00068   0.00163   0.00561   0.01237   0.00651   1.96072   0.78268   1.01425   0.78999   0.60959   0.00000   0.29766  
 32 1713.7301  18442.186399  x:  0.01072   0.00322   0.00981   0.01138   0.01871   0.01449   0.03108   0.01584   0.04082   0.01254   0.01444   0.01360   0.00004   0.00005   0.00294   0.02494   0.01167   0.00164   0.00976   0.00223   0.01096   0.00567   0.01341   0.00747   0.01139   0.01406   0.01279   0.01709   0.00384   0.00133   0.00457   0.00695   0.00170   0.00418   0.00135   0.00148   0.01022   0.00803   0.00549   0.00569   0.00000   0.00421   0.00460   0.00270   0.00427   0.00110   0.00892   0.00056   0.00313   0.00458   0.00064   0.00161   0.00400   0.01309   0.00488   2.00778   0.77936   1.01021   0.79649   0.60708   0.00000   0.32091  
 33 2758.0256  18424.449312  x:  0.01270   0.00351   0.01083   0.01236   0.01872   0.01339   0.02522   0.01546   0.03521   0.01355   0.01538   0.01098   0.00004   0.00008   0.00308   0.02377   0.01202   0.00166   0.00957   0.00209   0.01081   0.00653   0.01289   0.00491   0.01382   0.01043   0.01216   0.01801   0.00585   0.00166   0.00446   0.00659   0.00170   0.00486   0.00128   0.00173   0.01053   0.00725   0.00346   0.00521   0.00000   0.00460   0.00422   0.00246   0.00351   0.00107   0.00838   0.00079   0.00693   0.00590   0.00071   0.00161   0.00534   0.01350   0.00594   2.12155   0.77114   1.00028   0.81248   0.60041   0.00000   0.37883  
 34 11477.3562  18403.316864  x:  0.00932   0.00371   0.00955   0.01064   0.01833   0.01281   0.01957   0.01617   0.02596   0.01210   0.01621   0.01336   0.00004   0.00008   0.00302   0.01926   0.00982   0.00186   0.00977   0.00243   0.01045   0.00671   0.01282   0.00825   0.01426   0.01457   0.01048   0.01924   0.00444   0.00174   0.00460   0.00682   0.00185   0.00457   0.00126   0.00166   0.00972   0.00818   0.00360   0.00518   0.00000   0.00311   0.00590   0.00257   0.00381   0.00124   0.00878   0.00072   0.00572   0.00499   0.00069   0.00171   0.00697   0.01200   0.00622   2.25426   0.76140   0.98856   0.83132   0.59235   0.00000   0.44698  
 35 20789.8263  18401.412387  x:  0.00824   0.00411   0.00989   0.01186   0.01837   0.01397   0.01906   0.01622   0.02492   0.01182   0.01600   0.01232   0.00004   0.00008   0.00302   0.01937   0.00993   0.00183   0.01006   0.00226   0.01010   0.00659   0.01326   0.00771   0.01430   0.01637   0.01180   0.01928   0.00487   0.00170   0.00462   0.00686   0.00181   0.00483   0.00123   0.00173   0.00950   0.00814   0.00408   0.00533   0.00000   0.00366   0.00558   0.00247   0.00368   0.00121   0.00882   0.00073   0.00427   0.00561   0.00069   0.00170   0.00622   0.01187   0.00620   2.26592   0.76043   0.98743   0.83312   0.59157   0.00000   0.45294  
 36 3210.6158  18401.188770  x:  0.00810   0.00393   0.00987   0.01179   0.01848   0.01433   0.01901   0.01626   0.02477   0.01192   0.01586   0.01230   0.00004   0.00008   0.00300   0.01963   0.01008   0.00181   0.01033   0.00222   0.00994   0.00668   0.01326   0.00739   0.01406   0.01716   0.01200   0.01924   0.00483   0.00169   0.00464   0.00686   0.00180   0.00483   0.00125   0.00170   0.00955   0.00805   0.00408   0.00525   0.00000   0.00372   0.00542   0.00250   0.00373   0.00120   0.00878   0.00072   0.00496   0.00522   0.00068   0.00169   0.00586   0.01198   0.00620   2.26711   0.76020   0.98720   0.83346   0.59142   0.00000   0.45349  
 37 417.2003  18401.082526  x:  0.00835   0.00385   0.00981   0.01163   0.01862   0.01426   0.01900   0.01624   0.02471   0.01206   0.01577   0.01236   0.00004   0.00008   0.00300   0.01984   0.01008   0.00180   0.01053   0.00224   0.00972   0.00651   0.01306   0.00724   0.01399   0.01766   0.01177   0.01917   0.00486   0.00170   0.00462   0.00687   0.00180   0.00480   0.00124   0.00170   0.00962   0.00799   0.00399   0.00520   0.00000   0.00373   0.00546   0.00249   0.00373   0.00119   0.00878   0.00072   0.00500   0.00569   0.00068   0.00168   0.00580   0.01207   0.00617   2.26727   0.75989   0.98692   0.83387   0.59123   0.00000   0.45342  
 38 129.3626  18400.763578  x:  0.00892   0.00390   0.00992   0.01171   0.01892   0.01375   0.01894   0.01610   0.02463   0.01224   0.01566   0.01215   0.00004   0.00008   0.00304   0.02019   0.01002   0.00181   0.01084   0.00229   0.00919   0.00677   0.01267   0.00701   0.01423   0.01825   0.01144   0.01903   0.00493   0.00171   0.00462   0.00686   0.00180   0.00487   0.00125   0.00172   0.00966   0.00796   0.00395   0.00521   0.00000   0.00375   0.00560   0.00248   0.00369   0.00120   0.00877   0.00076   0.00452   0.00512   0.00069   0.00169   0.00595   0.01214   0.00609   2.26700   0.75860   0.98582   0.83546   0.59048   0.00000   0.45263  
 39 192.0561  18395.420683  x:  0.00850   0.00350   0.01176   0.01196   0.02019   0.01098   0.01753   0.01503   0.02445   0.01084   0.01569   0.01385   0.00004   0.00010   0.00307   0.02091   0.00985   0.00179   0.01233   0.00257   0.00692   0.00681   0.01310   0.00635   0.01461   0.01783   0.01426   0.01808   0.00382   0.00185   0.00428   0.00715   0.00181   0.00474   0.00109   0.00187   0.00894   0.00805   0.00353   0.00496   0.00000   0.00372   0.00460   0.00234   0.00320   0.00121   0.00883   0.00086   0.00498   0.00555   0.00072   0.00166   0.00647   0.01109   0.00608   2.25900   0.73523   0.96566   0.86446   0.57694   0.00000   0.43647  
 40 613.1173  18380.999939  x:  0.00617   0.00218   0.01033   0.01056   0.02094   0.01373   0.01328   0.01551   0.02409   0.01201   0.01608   0.01520   0.00005   0.00012   0.00292   0.02158   0.00978   0.00170   0.01199   0.00301   0.00600   0.00727   0.01305   0.00657   0.01623   0.01548   0.01365   0.01733   0.00651   0.00181   0.00399   0.00578   0.00175   0.00475   0.00110   0.00179   0.00885   0.00681   0.00173   0.00402   0.00000   0.00491   0.00259   0.00227   0.00255   0.00120   0.00718   0.00108   0.00354   0.00516   0.00074   0.00156   0.00462   0.01132   0.00434   2.23778   0.67443   0.91320   0.93988   0.54173   0.00000   0.39421  
 41 8820.0109  18375.805628  x:  0.00610   0.00280   0.01104   0.01130   0.02038   0.01475   0.01169   0.01583   0.02379   0.01212   0.01590   0.01490   0.00005   0.00013   0.00288   0.02197   0.00949   0.00170   0.01064   0.00316   0.00739   0.00748   0.01300   0.00613   0.01701   0.01526   0.01195   0.01786   0.00384   0.00206   0.00353   0.00491   0.00178   0.00470   0.00120   0.00200   0.00884   0.00607   0.00240   0.00330   0.00000   0.00578   0.00346   0.00196   0.00169   0.00123   0.00624   0.00119   0.00376   0.00544   0.00076   0.00157   0.00280   0.01149   0.00418   2.23021   0.65280   0.89450   0.96673   0.52923   0.00000   0.37917  
 42 12265.8848  18374.896334  x:  0.00663   0.00255   0.01157   0.01139   0.01944   0.01490   0.01140   0.01584   0.02364   0.01181   0.01551   0.01504   0.00005   0.00014   0.00293   0.02250   0.00962   0.00172   0.00912   0.00325   0.00819   0.00754   0.01330   0.00578   0.01710   0.01599   0.01158   0.01860   0.00361   0.00194   0.00367   0.00509   0.00177   0.00469   0.00110   0.00202   0.00883   0.00630   0.00215   0.00389   0.00000   0.00574   0.00275   0.00205   0.00166   0.00123   0.00644   0.00122   0.00377   0.00547   0.00077   0.00155   0.00334   0.01155   0.00418   2.22881   0.64876   0.89094   0.97178   0.52694   0.00000   0.37638  
 43 2050.0985  18374.758625  x:  0.00673   0.00246   0.01173   0.01128   0.01901   0.01466   0.01136   0.01577   0.02362   0.01179   0.01542   0.01521   0.00005   0.00014   0.00292   0.02261   0.00968   0.00171   0.00884   0.00321   0.00845   0.00753   0.01338   0.00563   0.01707   0.01616   0.01171   0.01886   0.00393   0.00194   0.00367   0.00506   0.00177   0.00470   0.00109   0.00200   0.00885   0.00636   0.00207   0.00375   0.00000   0.00571   0.00303   0.00206   0.00166   0.00123   0.00642   0.00122   0.00369   0.00542   0.00077   0.00155   0.00313   0.01154   0.00440   2.22861   0.64812   0.89034   0.97260   0.52661   0.00000   0.37596  
 44 583.1893  18374.725355  x:  0.00664   0.00255   0.01163   0.01125   0.01862   0.01445   0.01135   0.01573   0.02362   0.01197   0.01539   0.01517   0.00005   0.00014   0.00292   0.02269   0.00968   0.00170   0.00889   0.00320   0.00852   0.00753   0.01333   0.00565   0.01705   0.01623   0.01181   0.01897   0.00392   0.00195   0.00366   0.00497   0.00177   0.00471   0.00112   0.00200   0.00890   0.00633   0.00210   0.00367   0.00000   0.00574   0.00293   0.00204   0.00165   0.00123   0.00634   0.00122   0.00370   0.00543   0.00077   0.00155   0.00320   0.01154   0.00434   2.22858   0.64795   0.89010   0.97288   0.52656   0.00000   0.37588  
 45 140.8072  18374.714641  x:  0.00665   0.00252   0.01160   0.01128   0.01844   0.01444   0.01135   0.01574   0.02362   0.01198   0.01539   0.01514   0.00005   0.00014   0.00292   0.02270   0.00968   0.00171   0.00893   0.00323   0.00845   0.00754   0.01329   0.00567   0.01706   0.01621   0.01184   0.01899   0.00389   0.00193   0.00368   0.00500   0.00177   0.00470   0.00111   0.00200   0.00887   0.00631   0.00206   0.00375   0.00000   0.00573   0.00299   0.00205   0.00166   0.00123   0.00637   0.00122   0.00372   0.00544   0.00077   0.00155   0.00314   0.01154   0.00427   2.22859   0.64787   0.88992   0.97305   0.52659   0.00000   0.37587  
 46 67.2924  18374.689191  x:  0.00670   0.00244   0.01163   0.01128   0.01812   0.01455   0.01137   0.01579   0.02363   0.01191   0.01541   0.01516   0.00005   0.00014   0.00292   0.02269   0.00965   0.00171   0.00904   0.00320   0.00826   0.00753   0.01319   0.00565   0.01705   0.01615   0.01178   0.01900   0.00386   0.00196   0.00364   0.00505   0.00177   0.00469   0.00110   0.00200   0.00881   0.00630   0.00210   0.00369   0.00000   0.00574   0.00294   0.00206   0.00168   0.00123   0.00641   0.00122   0.00368   0.00543   0.00077   0.00155   0.00314   0.01155   0.00440   2.22867   0.64764   0.88928   0.97362   0.52673   0.00000   0.37589  
 47 96.6570  18374.559785  x:  0.00682   0.00289   0.01203   0.01112   0.01774   0.01487   0.01143   0.01580   0.02363   0.01165   0.01546   0.01531   0.00005   0.00014   0.00291   0.02268   0.00969   0.00171   0.00939   0.00324   0.00816   0.00755   0.01319   0.00564   0.01701   0.01612   0.01164   0.01896   0.00402   0.00191   0.00371   0.00498   0.00178   0.00472   0.00112   0.00204   0.00893   0.00641   0.00210   0.00372   0.00000   0.00569   0.00298   0.00196   0.00156   0.00124   0.00633   0.00123   0.00373   0.00541   0.00077   0.00154   0.00322   0.01155   0.00422   2.22918   0.64636   0.88553   0.97693   0.52761   0.00000   0.37604  
 48 213.8687  18372.052393  x:  0.00694   0.00304   0.01229   0.01027   0.01755   0.01549   0.01240   0.01531   0.02389   0.01275   0.01599   0.01504   0.00005   0.00013   0.00296   0.02233   0.01060   0.00175   0.00895   0.00325   0.00773   0.00770   0.01446   0.00579   0.01733   0.01643   0.01208   0.01832   0.00325   0.00213   0.00329   0.00526   0.00176   0.00472   0.00109   0.00209   0.01012   0.00606   0.00179   0.00383   0.00000   0.00582   0.00365   0.00201   0.00159   0.00127   0.00655   0.00122   0.00338   0.00547   0.00078   0.00160   0.00377   0.01189   0.00494   2.23923   0.62154   0.81230   1.04129   0.54508   0.00000   0.37929  
 49 1273.8909  18369.187446  x:  0.00696   0.00297   0.01193   0.01151   0.01792   0.01446   0.01353   0.01542   0.02421   0.01258   0.01596   0.01503   0.00005   0.00012   0.00293   0.02195   0.00973   0.00175   0.00866   0.00315   0.00836   0.00763   0.01444   0.00604   0.01676   0.01671   0.01128   0.01803   0.00388   0.00207   0.00327   0.00520   0.00173   0.00464   0.00113   0.00204   0.00945   0.00622   0.00178   0.00391   0.00000   0.00640   0.00266   0.00205   0.00171   0.00126   0.00643   0.00114   0.00377   0.00543   0.00076   0.00159   0.00264   0.01160   0.00485   2.25042   0.59396   0.73078   1.11292   0.56454   0.00000   0.38293  
 50 17548.2500  18368.821151  x:  0.00713   0.00306   0.01146   0.01145   0.01826   0.01459   0.01366   0.01589   0.02419   0.01205   0.01566   0.01499   0.00005   0.00012   0.00292   0.02212   0.00987   0.00176   0.00867   0.00321   0.00861   0.00762   0.01371   0.00592   0.01675   0.01662   0.01181   0.01863   0.00374   0.00209   0.00325   0.00497   0.00173   0.00462   0.00123   0.00201   0.00892   0.00624   0.00161   0.00368   0.00000   0.00638   0.00283   0.00206   0.00177   0.00128   0.00625   0.00115   0.00371   0.00543   0.00075   0.00161   0.00292   0.01183   0.00477   2.25188   0.59043   0.72017   1.12226   0.56708   0.00000   0.38341  
 51 3277.5217  18368.777652  x:  0.00697   0.00307   0.01160   0.01149   0.01839   0.01458   0.01368   0.01603   0.02419   0.01208   0.01554   0.01502   0.00005   0.00012   0.00293   0.02217   0.00991   0.00176   0.00865   0.00319   0.00860   0.00763   0.01331   0.00600   0.01670   0.01655   0.01187   0.01890   0.00375   0.00208   0.00326   0.00504   0.00173   0.00462   0.00121   0.00201   0.00918   0.00623   0.00162   0.00375   0.00000   0.00636   0.00282   0.00206   0.00177   0.00128   0.00631   0.00114   0.00370   0.00543   0.00076   0.00161   0.00289   0.01181   0.00483   2.25205   0.59009   0.71896   1.12334   0.56739   0.00000   0.38346  
 52 370.8697  18368.767267  x:  0.00697   0.00309   0.01163   0.01153   0.01843   0.01467   0.01368   0.01592   0.02420   0.01222   0.01551   0.01507   0.00005   0.00012   0.00293   0.02219   0.00985   0.00176   0.00869   0.00320   0.00857   0.00764   0.01332   0.00601   0.01668   0.01652   0.01187   0.01909   0.00374   0.00207   0.00327   0.00505   0.00173   0.00462   0.00121   0.00202   0.00910   0.00627   0.00161   0.00375   0.00000   0.00634   0.00284   0.00205   0.00176   0.00128   0.00632   0.00114   0.00371   0.00543   0.00076   0.00161   0.00291   0.01172   0.00485   2.25206   0.59025   0.71885   1.12351   0.56748   0.00000   0.38348  
 53 27.9331  18368.643982  x:  0.00692   0.00302   0.01140   0.01179   0.01853   0.01459   0.01371   0.01585   0.02420   0.01196   0.01539   0.01516   0.00005   0.00012   0.00292   0.02231   0.00997   0.00176   0.00899   0.00319   0.00838   0.00762   0.01386   0.00600   0.01674   0.01644   0.01159   0.01977   0.00375   0.00207   0.00326   0.00503   0.00173   0.00460   0.00124   0.00199   0.00938   0.00602   0.00160   0.00371   0.00000   0.00631   0.00286   0.00209   0.00183   0.00127   0.00630   0.00114   0.00368   0.00542   0.00076   0.00161   0.00293   0.01181   0.00479   2.25213   0.59358   0.71855   1.12492   0.56853   0.00000   0.38372  
 54 46.2384  18367.459808  x:  0.00666   0.00305   0.01163   0.01169   0.01866   0.01419   0.01382   0.01720   0.02419   0.01240   0.01543   0.01494   0.00005   0.00012   0.00287   0.02259   0.01024   0.00173   0.00907   0.00315   0.00776   0.00770   0.01479   0.00607   0.01687   0.01634   0.01126   0.02047   0.00350   0.00216   0.00303   0.00500   0.00169   0.00457   0.00124   0.00205   0.00925   0.00775   0.00128   0.00351   0.00000   0.00664   0.00269   0.00201   0.00162   0.00129   0.00614   0.00114   0.00362   0.00547   0.00075   0.00160   0.00250   0.01254   0.00479   2.25275   0.62703   0.71632   1.13845   0.57892   0.00000   0.38613  
 55 679.4120  18361.790692  x:  0.00706   0.00416   0.01268   0.01157   0.01860   0.01439   0.01432   0.01876   0.02405   0.01323   0.01584   0.01554   0.00006   0.00012   0.00280   0.02278   0.00951   0.00184   0.00786   0.00348   0.00777   0.00804   0.01460   0.00628   0.01651   0.01677   0.01174   0.01978   0.00364   0.00208   0.00294   0.00479   0.00172   0.00456   0.00129   0.00209   0.00823   0.00450   0.00090   0.00387   0.00000   0.00676   0.00226   0.00192   0.00136   0.00138   0.00561   0.00112   0.00348   0.00546   0.00074   0.00164   0.00222   0.01248   0.00559   2.25547   0.77634   0.70662   1.19866   0.62522   0.00000   0.39686  
 56 7980.6426  18359.792183  x:  0.00744   0.00385   0.01212   0.01204   0.01836   0.01508   0.01461   0.01688   0.02404   0.01259   0.01579   0.01587   0.00006   0.00011   0.00279   0.02230   0.00970   0.00185   0.00722   0.00344   0.00798   0.00802   0.01338   0.00616   0.01708   0.01700   0.01206   0.01912   0.00342   0.00228   0.00260   0.00439   0.00169   0.00450   0.00140   0.00204   0.00922   0.00510   0.00055   0.00352   0.00000   0.00710   0.00206   0.00196   0.00134   0.00139   0.00509   0.00112   0.00350   0.00545   0.00074   0.00166   0.00189   0.01175   0.00534   2.25643   0.82880   0.70326   1.21984   0.64149   0.00000   0.40064  
 57 12406.0518  18359.714191  x:  0.00725   0.00387   0.01221   0.01212   0.01834   0.01506   0.01463   0.01653   0.02404   0.01261   0.01542   0.01592   0.00006   0.00011   0.00279   0.02214   0.01005   0.00184   0.00722   0.00345   0.00799   0.00802   0.01327   0.00625   0.01709   0.01698   0.01192   0.01901   0.00344   0.00228   0.00260   0.00442   0.00169   0.00450   0.00139   0.00204   0.00896   0.00508   0.00054   0.00354   0.00000   0.00709   0.00205   0.00195   0.00133   0.00139   0.00511   0.00111   0.00351   0.00546   0.00074   0.00166   0.00189   0.01212   0.00538   2.25647   0.83083   0.70314   1.22071   0.64213   0.00000   0.40078  
 58 491.6830  18359.682840  x:  0.00733   0.00386   0.01222   0.01207   0.01832   0.01509   0.01465   0.01655   0.02403   0.01266   0.01493   0.01594   0.00006   0.00011   0.00279   0.02199   0.00984   0.00185   0.00722   0.00345   0.00796   0.00801   0.01334   0.00623   0.01715   0.01693   0.01199   0.01893   0.00343   0.00229   0.00259   0.00441   0.00169   0.00450   0.00139   0.00205   0.00903   0.00509   0.00055   0.00354   0.00000   0.00709   0.00205   0.00195   0.00133   0.00139   0.00510   0.00111   0.00351   0.00545   0.00074   0.00166   0.00188   0.01219   0.00536   2.25648   0.83126   0.70317   1.22106   0.64228   0.00000   0.40082  
 59 53.8955  18359.167094  x:  0.00751   0.00386   0.01209   0.01197   0.01827   0.01504   0.01467   0.01702   0.02401   0.01278   0.01408   0.01583   0.00006   0.00011   0.00277   0.02179   0.01088   0.00183   0.00719   0.00345   0.00785   0.00799   0.01347   0.00624   0.01724   0.01687   0.01177   0.01872   0.00343   0.00229   0.00260   0.00433   0.00169   0.00450   0.00140   0.00204   0.00887   0.00503   0.00060   0.00350   0.00000   0.00704   0.00200   0.00195   0.00129   0.00139   0.00499   0.00112   0.00350   0.00545   0.00073   0.00166   0.00181   0.01080   0.00532   2.25660   0.83496   0.70434   1.22685   0.64397   0.00000   0.40105  
 60 54.9638  18326.652271  x:  0.00863   0.00260   0.01068   0.01579   0.01782   0.01670   0.01575   0.01637   0.02393   0.01359   0.01627   0.01823   0.00006   0.00011   0.00195   0.02329   0.01162   0.00181   0.00216   0.00313   0.00555   0.00757   0.01149   0.00671   0.01939   0.01736   0.01304   0.01739   0.00388   0.00212   0.00250   0.00219   0.00159   0.00458   0.00168   0.00144   0.00979   0.00611   0.00192   0.00343   0.00000   0.00102   0.00278   0.00227   0.00065   0.00138   0.00115   0.00109   0.00399   0.00545   0.00060   0.00157   0.00262   0.01242   0.00455   2.26347   1.03077   0.76948   1.54274   0.73466   0.00000   0.41355  
 61 1600.8862  18318.504275  x:  0.00880   0.00342   0.01099   0.01635   0.01819   0.01644   0.01709   0.01850   0.02400   0.01435   0.01550   0.01869   0.00006   0.00010   0.00176   0.02365   0.01182   0.00189   0.00164   0.00326   0.00467   0.00778   0.01232   0.00706   0.01966   0.01746   0.01295   0.01806   0.00381   0.00220   0.00229   0.00187   0.00158   0.00453   0.00185   0.00140   0.00925   0.00548   0.00133   0.00352   0.00000   0.00099   0.00227   0.00224   0.00052   0.00148   0.00035   0.00098   0.00392   0.00547   0.00056   0.00162   0.00193   0.01281   0.00514   2.30106   0.87447   0.99240   1.58364   0.74778   0.00000   0.42683  
 62 30.3442  18308.154012  x:  0.00850   0.00331   0.01134   0.01654   0.01823   0.01693   0.01776   0.01888   0.02482   0.01479   0.01564   0.01978   0.00006   0.00011   0.00166   0.02524   0.01212   0.00195   0.00227   0.00350   0.00430   0.00786   0.01272   0.00682   0.02106   0.01726   0.01328   0.01768   0.00373   0.00230   0.00250   0.00178   0.00163   0.00466   0.00197   0.00137   0.00927   0.00544   0.00135   0.00367   0.00000   0.00009   0.00209   0.00233   0.00055   0.00153   0.00039   0.00096   0.00372   0.00551   0.00054   0.00165   0.00163   0.01312   0.00513   2.38423   0.80248   0.94742   1.39082   0.51191   0.00000   0.38938  
 63  9.8131  18297.559904  x:  0.00759   0.00294   0.01203   0.01655   0.01839   0.01799   0.02007   0.01912   0.02668   0.01530   0.01623   0.02193   0.00007   0.00015   0.00164   0.02840   0.01253   0.00212   0.00327   0.00401   0.00428   0.00816   0.01324   0.00627   0.02389   0.01714   0.01393   0.01736   0.00341   0.00262   0.00264   0.00161   0.00168   0.00489   0.00229   0.00147   0.00920   0.00539   0.00154   0.00397   0.00000   0.00103   0.00150   0.00257   0.00047   0.00167   0.00070   0.00099   0.00306   0.00559   0.00056   0.00174   0.00066   0.01381   0.00500   2.56101   0.67359   0.89336   1.04152   0.05516   0.00000   0.31993  
 64 23.0978  18287.436106  x:  0.00743   0.00220   0.01282   0.01656   0.01827   0.01791   0.02062   0.01974   0.02607   0.01554   0.01631   0.02221   0.00008   0.00015   0.00171   0.02719   0.01256   0.00217   0.00388   0.00387   0.00344   0.00843   0.01381   0.00670   0.02397   0.01821   0.01383   0.01776   0.00337   0.00256   0.00195   0.00141   0.00160   0.00483   0.00221   0.00160   0.00917   0.00513   0.00140   0.00371   0.00000   0.00097   0.00149   0.00258   0.00000   0.00173   0.00084   0.00114   0.00291   0.00558   0.00059   0.00165   0.00117   0.01370   0.00457   2.55942   0.54426   0.82473   0.74384   0.43719   0.00000   0.40853  
 65 10.3141  18279.344314  x:  0.00730   0.00145   0.01356   0.01671   0.01816   0.01790   0.02148   0.02036   0.02582   0.01576   0.01638   0.02258   0.00008   0.00016   0.00180   0.02596   0.01259   0.00224   0.00455   0.00373   0.00293   0.00869   0.01420   0.00716   0.02393   0.01930   0.01378   0.01812   0.00335   0.00259   0.00131   0.00117   0.00151   0.00476   0.00218   0.00159   0.00914   0.00496   0.00130   0.00351   0.00000   0.00093   0.00150   0.00266   0.00017   0.00178   0.00096   0.00130   0.00274   0.00560   0.00063   0.00160   0.00171   0.01365   0.00410   2.57117   0.44781   0.79808   0.54075   0.79378   0.00000   0.49231  
 66 50.8076  18271.086967  x:  0.00692   0.00043   0.01378   0.01709   0.01833   0.01784   0.02378   0.02079   0.02631   0.01558   0.01635   0.02280   0.00008   0.00017   0.00194   0.02497   0.01237   0.00229   0.00533   0.00354   0.00379   0.00882   0.01384   0.00759   0.02382   0.02036   0.01368   0.01876   0.00342   0.00249   0.00085   0.00107   0.00144   0.00469   0.00214   0.00165   0.00890   0.00497   0.00134   0.00324   0.00000   0.00089   0.00152   0.00278   0.00018   0.00182   0.00154   0.00144   0.00267   0.00563   0.00066   0.00152   0.00216   0.01358   0.00355   2.59448   0.49597   0.96167   0.79234   1.07124   0.00000   0.55470  
 67 17.4335  18252.699472  x:  0.00578   0.00067   0.01452   0.01845   0.01789   0.01784   0.02624   0.02278   0.03141   0.01628   0.01518   0.02525   0.00009   0.00021   0.00207   0.02663   0.01236   0.00248   0.00630   0.00323   0.00537   0.00899   0.01410   0.00820   0.02679   0.02029   0.01321   0.01641   0.00360   0.00183   0.00264   0.00114   0.00135   0.00490   0.00229   0.00182   0.00901   0.00569   0.00126   0.00328   0.00000   0.00138   0.00255   0.00314   0.00035   0.00194   0.00142   0.00145   0.00287   0.00568   0.00068   0.00145   0.00506   0.01301   0.00333   2.95113   0.62568   1.01827   0.98235   0.69623   0.00000   0.51829  
 68  2.0642  18240.293857  x:  0.00632   0.00251   0.01468   0.01856   0.01771   0.01801   0.02617   0.02282   0.03275   0.01606   0.01580   0.02618   0.00009   0.00023   0.00236   0.02459   0.01246   0.00266   0.00647   0.00330   0.00505   0.00931   0.01395   0.00916   0.02694   0.02162   0.01383   0.01699   0.00346   0.00106   0.00342   0.00169   0.00116   0.00500   0.00256   0.00190   0.00901   0.00613   0.00155   0.00359   0.00000   0.00119   0.00266   0.00338   0.00032   0.00208   0.00143   0.00164   0.00308   0.00570   0.00073   0.00138   0.00489   0.01320   0.00405   3.09944   0.66197   0.97405   0.95899   1.20671   0.00000   0.64984  
 69  2.6687  18239.618368  x:  0.00646   0.00297   0.01473   0.01859   0.01767   0.01805   0.02616   0.02283   0.03309   0.01601   0.01596   0.02641   0.00009   0.00024   0.00243   0.02407   0.01248   0.00271   0.00651   0.00332   0.00497   0.00939   0.01391   0.00940   0.02697   0.02195   0.01398   0.01713   0.00342   0.00087   0.00361   0.00182   0.00111   0.00502   0.00263   0.00191   0.00901   0.00624   0.00163   0.00367   0.00000   0.00114   0.00269   0.00344   0.00032   0.00212   0.00144   0.00168   0.00313   0.00570   0.00074   0.00136   0.00484   0.01324   0.00423   3.13682   0.67108   0.96287   0.95306   1.33489   0.01561   0.68288  
 70 762.4774  18219.705841  x:  0.00607   0.00149   0.01453   0.01825   0.01794   0.01766   0.02752   0.02130   0.03231   0.01561   0.01751   0.03017   0.00011   0.00035   0.00285   0.02415   0.01220   0.00319   0.00387   0.00237   0.00643   0.00965   0.01365   0.00957   0.02953   0.02107   0.01420   0.01722   0.00307   0.00234   0.00213   0.00224   0.00105   0.00511   0.00233   0.00208   0.00911   0.00598   0.00255   0.00398   0.00000   0.00066   0.00239   0.00329   0.00028   0.00225   0.00070   0.00195   0.00334   0.00548   0.00079   0.00138   0.00395   0.01312   0.00337   3.74822   0.66483   0.60411   0.60132   1.55728   0.02541   0.79822  
 71  0.9982  18212.841008  x:  0.00701   0.00153   0.01361   0.01919   0.01836   0.01667   0.02722   0.02246   0.03149   0.01626   0.01686   0.03109   0.00012   0.00035   0.00296   0.02444   0.01228   0.00335   0.00251   0.00206   0.00503   0.00956   0.01372   0.00982   0.02992   0.01960   0.01390   0.01678   0.00336   0.00269   0.00172   0.00329   0.00094   0.00496   0.00223   0.00222   0.00908   0.00553   0.00220   0.00439   0.00000   0.00047   0.00213   0.00307   0.00031   0.00223   0.00217   0.00172   0.00352   0.00538   0.00076   0.00140   0.00386   0.01323   0.00434   4.01800   0.54104   0.69575   0.67191   1.49290   0.02020   0.81383  
 72  1.0905  18205.624060  x:  0.00801   0.00091   0.01217   0.02014   0.01874   0.01597   0.02688   0.02218   0.02917   0.01646   0.01674   0.03195   0.00012   0.00039   0.00295   0.02434   0.01229   0.00333   0.00483   0.00222   0.00334   0.00928   0.01259   0.00974   0.03007   0.01822   0.01373   0.01650   0.00376   0.00242   0.00229   0.00199   0.00081   0.00474   0.00206   0.00210   0.00938   0.00522   0.00221   0.00352   0.00000   0.00054   0.00205   0.00277   0.00037   0.00212   0.00125   0.00165   0.00370   0.00543   0.00071   0.00131   0.00358   0.01342   0.00427   4.32605   0.48033   0.74981   0.75151   1.55331   0.02092   0.85480  
 73  0.6631  18201.225020  x:  0.00716   0.00076   0.01187   0.01950   0.01883   0.01580   0.02861   0.02146   0.02747   0.01587   0.01647   0.03231   0.00013   0.00046   0.00307   0.02439   0.01190   0.00331   0.00486   0.00294   0.00543   0.00926   0.01222   0.00925   0.02997   0.01795   0.01339   0.01760   0.00358   0.00199   0.00290   0.00114   0.00083   0.00470   0.00188   0.00207   0.00904   0.00498   0.00227   0.00281   0.00000   0.00028   0.00186   0.00253   0.00037   0.00206   0.00137   0.00177   0.00323   0.00559   0.00072   0.00121   0.00285   0.01322   0.00392   4.55147   0.46196   0.84701   0.72729   1.67670   0.02820   0.90459  
 74  0.6858  18197.289390  x:  0.00659   0.00173   0.01189   0.01929   0.01845   0.01615   0.02800   0.02122   0.02946   0.01557   0.01577   0.03250   0.00014   0.00053   0.00310   0.02439   0.01197   0.00346   0.00540   0.00332   0.00495   0.00901   0.01261   0.00849   0.02904   0.01818   0.01342   0.01708   0.00373   0.00229   0.00203   0.00157   0.00093   0.00468   0.00181   0.00216   0.00886   0.00549   0.00229   0.00334   0.00000   0.00021   0.00236   0.00250   0.00039   0.00203   0.00120   0.00171   0.00283   0.00569   0.00066   0.00137   0.00228   0.01304   0.00383   4.85257   0.54311   0.91952   0.77591   1.84448   0.04358   0.97152  
 75  0.4982  18194.471116  x:  0.00601   0.00064   0.01253   0.01879   0.01817   0.01643   0.02703   0.02142   0.03118   0.01553   0.01523   0.03204   0.00014   0.00060   0.00301   0.02545   0.01208   0.00340   0.00504   0.00351   0.00458   0.00875   0.01391   0.00765   0.02856   0.01819   0.01332   0.01687   0.00367   0.00173   0.00235   0.00203   0.00094   0.00471   0.00164   0.00219   0.00888   0.00574   0.00207   0.00351   0.00000   0.00031   0.00227   0.00254   0.00043   0.00189   0.00103   0.00161   0.00337   0.00576   0.00059   0.00137   0.00189   0.01290   0.00382   5.09454   0.52293   0.90539   0.73887   1.84200   0.04183   0.99184  
 76  0.3602  18193.116488  x:  0.00631   0.00134   0.01298   0.01848   0.01803   0.01659   0.02567   0.02168   0.03197   0.01574   0.01530   0.03156   0.00015   0.00064   0.00298   0.02592   0.01225   0.00339   0.00506   0.00335   0.00502   0.00865   0.01432   0.00739   0.02784   0.01809   0.01336   0.01671   0.00356   0.00164   0.00228   0.00170   0.00101   0.00474   0.00160   0.00221   0.00901   0.00577   0.00191   0.00361   0.00000   0.00044   0.00200   0.00256   0.00047   0.00180   0.00089   0.00151   0.00346   0.00569   0.00055   0.00148   0.00188   0.01300   0.00398   5.28683   0.47914   0.90444   0.75215   1.85744   0.04399   1.01272  
 77  0.3793  18191.756454  x:  0.00712   0.00111   0.01296   0.01837   0.01837   0.01671   0.02489   0.02148   0.03064   0.01605   0.01617   0.03059   0.00015   0.00072   0.00303   0.02620   0.01231   0.00330   0.00462   0.00289   0.00463   0.00874   0.01327   0.00744   0.02721   0.01799   0.01339   0.01682   0.00337   0.00146   0.00259   0.00153   0.00105   0.00476   0.00164   0.00225   0.00936   0.00550   0.00185   0.00356   0.00000   0.00049   0.00183   0.00265   0.00052   0.00160   0.00128   0.00146   0.00290   0.00555   0.00052   0.00159   0.00192   0.01322   0.00420   5.55847   0.48615   0.92646   0.74460   1.87341   0.04314   1.04446  
 78  0.2190  18191.239164  x:  0.00678   0.00107   0.01288   0.01837   0.01834   0.01666   0.02523   0.02152   0.02987   0.01609   0.01628   0.02995   0.00015   0.00077   0.00307   0.02586   0.01226   0.00323   0.00452   0.00280   0.00482   0.00886   0.01302   0.00771   0.02696   0.01807   0.01339   0.01691   0.00344   0.00161   0.00256   0.00170   0.00108   0.00483   0.00173   0.00224   0.00922   0.00547   0.00177   0.00343   0.00000   0.00049   0.00233   0.00273   0.00054   0.00149   0.00137   0.00154   0.00347   0.00558   0.00054   0.00166   0.00195   0.01324   0.00418   5.69180   0.46264   0.93843   0.72037   1.88647   0.04430   1.06074  
 79  0.1289  18190.826962  x:  0.00635   0.00101   0.01261   0.01841   0.01826   0.01677   0.02578   0.02133   0.03020   0.01590   0.01613   0.02915   0.00015   0.00084   0.00307   0.02550   0.01222   0.00310   0.00450   0.00293   0.00480   0.00897   0.01315   0.00798   0.02698   0.01830   0.01361   0.01704   0.00368   0.00171   0.00250   0.00165   0.00105   0.00484   0.00183   0.00216   0.00897   0.00570   0.00180   0.00341   0.00000   0.00049   0.00200   0.00278   0.00057   0.00138   0.00121   0.00166   0.00333   0.00567   0.00056   0.00171   0.00220   0.01326   0.00389   5.79696   0.46466   0.93733   0.71095   1.87244   0.04369   1.06577  
 80  0.0889  18190.606759  x:  0.00661   0.00102   0.01275   0.01865   0.01825   0.01658   0.02583   0.02139   0.03077   0.01581   0.01588   0.02855   0.00015   0.00089   0.00304   0.02526   0.01219   0.00296   0.00450   0.00292   0.00481   0.00899   0.01339   0.00812   0.02709   0.01847   0.01353   0.01684   0.00352   0.00163   0.00252   0.00159   0.00096   0.00474   0.00183   0.00211   0.00908   0.00555   0.00180   0.00334   0.00000   0.00042   0.00217   0.00270   0.00058   0.00129   0.00109   0.00168   0.00309   0.00562   0.00055   0.00168   0.00208   0.01320   0.00389   5.84345   0.45107   0.92112   0.68233   1.90090   0.04555   1.07284  
 81  0.0487  18190.421235  x:  0.00686   0.00113   0.01290   0.01888   0.01831   0.01656   0.02608   0.02147   0.03062   0.01582   0.01592   0.02816   0.00015   0.00093   0.00298   0.02539   0.01225   0.00281   0.00464   0.00297   0.00485   0.00895   0.01336   0.00807   0.02729   0.01832   0.01353   0.01692   0.00336   0.00165   0.00236   0.00173   0.00090   0.00466   0.00188   0.00209   0.00923   0.00542   0.00185   0.00343   0.00000   0.00039   0.00197   0.00266   0.00059   0.00124   0.00112   0.00164   0.00336   0.00556   0.00055   0.00166   0.00213   0.01321   0.00408   5.82607   0.45307   0.91809   0.67191   1.86503   0.04360   1.05735  
 82  0.0312  18190.183914  x:  0.00665   0.00118   0.01306   0.01893   0.01832   0.01666   0.02645   0.02178   0.02994   0.01596   0.01605   0.02789   0.00015   0.00100   0.00289   0.02572   0.01227   0.00261   0.00470   0.00300   0.00473   0.00885   0.01333   0.00778   0.02753   0.01807   0.01340   0.01718   0.00352   0.00159   0.00238   0.00175   0.00091   0.00470   0.00193   0.00210   0.00911   0.00553   0.00188   0.00373   0.00000   0.00037   0.00209   0.00268   0.00061   0.00122   0.00121   0.00162   0.00313   0.00553   0.00057   0.00164   0.00214   0.01318   0.00404   5.75712   0.44338   0.90351   0.66883   1.79854   0.03981   1.02369  
 83  0.0587  18189.872798  x:  0.00677   0.00113   0.01308   0.01893   0.01825   0.01677   0.02624   0.02188   0.03040   0.01604   0.01615   0.02783   0.00016   0.00112   0.00283   0.02583   0.01233   0.00238   0.00490   0.00288   0.00465   0.00877   0.01318   0.00771   0.02761   0.01807   0.01346   0.01689   0.00376   0.00160   0.00246   0.00140   0.00102   0.00474   0.00193   0.00212   0.00907   0.00560   0.00195   0.00360   0.00000   0.00039   0.00219   0.00274   0.00064   0.00125   0.00119   0.00161   0.00334   0.00558   0.00060   0.00162   0.00212   0.01321   0.00410   5.67108   0.46611   0.88400   0.67150   1.74606   0.03695   0.98604  
 84  0.0630  18189.506818  x:  0.00661   0.00107   0.01287   0.01879   0.01823   0.01677   0.02611   0.02165   0.03102   0.01591   0.01609   0.02802   0.00016   0.00130   0.00282   0.02579   0.01226   0.00215   0.00490   0.00283   0.00479   0.00876   0.01310   0.00776   0.02762   0.01831   0.01354   0.01672   0.00365   0.00162   0.00260   0.00179   0.00116   0.00476   0.00179   0.00218   0.00907   0.00550   0.00198   0.00321   0.00000   0.00040   0.00203   0.00276   0.00068   0.00128   0.00127   0.00160   0.00325   0.00566   0.00064   0.00159   0.00206   0.01322   0.00395   5.62657   0.46203   0.87491   0.67052   1.69955   0.03448   0.94960  
 85  0.0530  18189.092389  x:  0.00660   0.00096   0.01242   0.01869   0.01825   0.01662   0.02554   0.02127   0.03073   0.01587   0.01583   0.02874   0.00018   0.00154   0.00288   0.02568   0.01229   0.00217   0.00481   0.00299   0.00494   0.00887   0.01348   0.00794   0.02744   0.01820   0.01363   0.01684   0.00328   0.00176   0.00237   0.00159   0.00120   0.00476   0.00182   0.00223   0.00919   0.00551   0.00193   0.00357   0.00000   0.00046   0.00209   0.00280   0.00075   0.00137   0.00124   0.00161   0.00317   0.00563   0.00067   0.00167   0.00199   0.01320   0.00405   5.70027   0.45677   0.88267   0.67906   1.62578   0.02942   0.91764  
 86  0.0546  18188.758165  x:  0.00653   0.00117   0.01280   0.01854   0.01832   0.01645   0.02562   0.02137   0.02987   0.01591   0.01580   0.02930   0.00020   0.00181   0.00290   0.02566   0.01221   0.00220   0.00477   0.00287   0.00484   0.00899   0.01350   0.00812   0.02751   0.01832   0.01341   0.01705   0.00353   0.00159   0.00246   0.00159   0.00102   0.00473   0.00174   0.00221   0.00912   0.00549   0.00183   0.00357   0.00000   0.00046   0.00204   0.00271   0.00081   0.00141   0.00124   0.00157   0.00328   0.00554   0.00068   0.00165   0.00204   0.01311   0.00389   5.77256   0.45922   0.90009   0.68102   1.63400   0.03013   0.90312  
 87  0.0408  18188.562967  x:  0.00685   0.00109   0.01290   0.01873   0.01832   0.01658   0.02560   0.02147   0.03047   0.01589   0.01612   0.02949   0.00021   0.00200   0.00291   0.02564   0.01225   0.00234   0.00471   0.00292   0.00480   0.00893   0.01308   0.00805   0.02748   0.01842   0.01349   0.01684   0.00364   0.00165   0.00230   0.00168   0.00092   0.00470   0.00181   0.00218   0.00912   0.00556   0.00181   0.00342   0.00000   0.00045   0.00208   0.00268   0.00086   0.00145   0.00116   0.00155   0.00320   0.00561   0.00067   0.00166   0.00215   0.01320   0.00410   5.78659   0.45126   0.91654   0.68443   1.56583   0.02729   0.87510  
 88  0.0447  18188.421058  x:  0.00664   0.00106   0.01280   0.01871   0.01823   0.01673   0.02585   0.02147   0.03054   0.01576   0.01619   0.02926   0.00021   0.00215   0.00292   0.02545   0.01223   0.00253   0.00454   0.00294   0.00465   0.00884   0.01320   0.00782   0.02729   0.01852   0.01357   0.01705   0.00341   0.00157   0.00250   0.00167   0.00091   0.00473   0.00187   0.00213   0.00907   0.00555   0.00182   0.00343   0.00000   0.00039   0.00206   0.00265   0.00089   0.00145   0.00112   0.00159   0.00327   0.00564   0.00064   0.00163   0.00208   0.01325   0.00399   5.76244   0.45294   0.92489   0.69337   1.54130   0.02626   0.86014  
 89  0.0198  18188.293794  x:  0.00664   0.00105   0.01271   0.01881   0.01826   0.01658   0.02591   0.02161   0.03035   0.01588   0.01594   0.02879   0.00022   0.00225   0.00290   0.02545   0.01224   0.00276   0.00457   0.00279   0.00491   0.00879   0.01349   0.00785   0.02712   0.01822   0.01354   0.01684   0.00350   0.00160   0.00246   0.00170   0.00096   0.00473   0.00183   0.00212   0.00913   0.00550   0.00180   0.00346   0.00000   0.00040   0.00212   0.00266   0.00090   0.00143   0.00114   0.00157   0.00320   0.00560   0.00059   0.00163   0.00216   0.01324   0.00391   5.71685   0.46081   0.93011   0.69937   1.49069   0.02238   0.84582  
 90  0.0365  18188.191620  x:  0.00668   0.00113   0.01276   0.01878   0.01834   0.01657   0.02584   0.02154   0.03039   0.01590   0.01592   0.02841   0.00023   0.00236   0.00293   0.02554   0.01222   0.00296   0.00460   0.00288   0.00480   0.00890   0.01332   0.00808   0.02711   0.01829   0.01351   0.01700   0.00360   0.00162   0.00248   0.00163   0.00099   0.00473   0.00183   0.00213   0.00912   0.00558   0.00187   0.00344   0.00000   0.00039   0.00205   0.00271   0.00090   0.00140   0.00116   0.00158   0.00327   0.00560   0.00055   0.00163   0.00205   0.01321   0.00414   5.69123   0.45891   0.91638   0.69578   1.50325   0.02222   0.85298  
 91  0.0153  18188.099938  x:  0.00662   0.00113   0.01290   0.01876   0.01827   0.01662   0.02588   0.02144   0.03041   0.01592   0.01603   0.02842   0.00024   0.00250   0.00297   0.02568   0.01217   0.00304   0.00471   0.00288   0.00466   0.00898   0.01308   0.00800   0.02743   0.01846   0.01342   0.01684   0.00344   0.00163   0.00243   0.00164   0.00097   0.00471   0.00174   0.00217   0.00909   0.00548   0.00193   0.00341   0.00000   0.00044   0.00209   0.00269   0.00091   0.00135   0.00117   0.00160   0.00323   0.00560   0.00052   0.00163   0.00209   0.01313   0.00396   5.68307   0.46100   0.90063   0.68976   1.52017   0.02356   0.86211  
 92  0.0108  18187.999216  x:  0.00676   0.00105   0.01284   0.01876   0.01823   0.01664   0.02572   0.02154   0.03052   0.01597   0.01606   0.02871   0.00025   0.00268   0.00305   0.02548   0.01225   0.00304   0.00477   0.00293   0.00478   0.00897   0.01336   0.00793   0.02773   0.01842   0.01357   0.01680   0.00353   0.00161   0.00251   0.00171   0.00095   0.00472   0.00176   0.00222   0.00911   0.00555   0.00193   0.00353   0.00000   0.00044   0.00207   0.00271   0.00090   0.00130   0.00123   0.00167   0.00324   0.00562   0.00051   0.00163   0.00209   0.01318   0.00396   5.68204   0.45282   0.87885   0.66269   1.58749   0.02850   0.88618  
 93  0.0398  18187.873701  x:  0.00649   0.00106   0.01269   0.01874   0.01834   0.01658   0.02566   0.02144   0.03034   0.01577   0.01595   0.02898   0.00026   0.00288   0.00306   0.02546   0.01217   0.00293   0.00480   0.00282   0.00485   0.00881   0.01340   0.00776   0.02780   0.01818   0.01350   0.01722   0.00354   0.00163   0.00240   0.00163   0.00095   0.00473   0.00182   0.00222   0.00910   0.00553   0.00188   0.00334   0.00000   0.00043   0.00209   0.00264   0.00089   0.00122   0.00122   0.00168   0.00323   0.00561   0.00050   0.00165   0.00205   0.01321   0.00412   5.67090   0.45629   0.87879   0.66297   1.64273   0.03178   0.91758  
 94  0.0219  18187.715689  x:  0.00674   0.00113   0.01278   0.01877   0.01834   0.01660   0.02564   0.02149   0.03037   0.01575   0.01598   0.02918   0.00027   0.00311   0.00306   0.02552   0.01220   0.00274   0.00470   0.00290   0.00479   0.00875   0.01315   0.00788   0.02758   0.01823   0.01346   0.01680   0.00352   0.00161   0.00241   0.00160   0.00102   0.00471   0.00191   0.00218   0.00912   0.00554   0.00178   0.00344   0.00000   0.00040   0.00205   0.00265   0.00086   0.00122   0.00122   0.00166   0.00327   0.00560   0.00052   0.00166   0.00213   0.01325   0.00395   5.59041   0.46149   0.89726   0.68791   1.71106   0.03455   0.95495  
 95  0.0441  18187.658876  x:  0.00670   0.00107   0.01286   0.01872   0.01825   0.01660   0.02573   0.02139   0.03047   0.01587   0.01609   0.02904   0.00028   0.00324   0.00303   0.02573   0.01226   0.00269   0.00466   0.00287   0.00477   0.00891   0.01330   0.00803   0.02748   0.01834   0.01356   0.01700   0.00351   0.00161   0.00245   0.00168   0.00099   0.00472   0.00182   0.00214   0.00911   0.00557   0.00178   0.00344   0.00000   0.00041   0.00209   0.00267   0.00085   0.00124   0.00118   0.00163   0.00321   0.00560   0.00052   0.00167   0.00210   0.01320   0.00402   5.58507   0.46614   0.90580   0.69587   1.75753   0.03751   0.98056  
 96  0.0256  18187.631918  x:  0.00660   0.00106   0.01279   0.01877   0.01833   0.01660   0.02584   0.02146   0.03045   0.01596   0.01601   0.02892   0.00029   0.00331   0.00300   0.02565   0.01225   0.00269   0.00465   0.00286   0.00482   0.00895   0.01329   0.00796   0.02744   0.01830   0.01351   0.01681   0.00353   0.00163   0.00243   0.00164   0.00096   0.00473   0.00178   0.00214   0.00911   0.00553   0.00182   0.00349   0.00000   0.00041   0.00206   0.00270   0.00083   0.00129   0.00118   0.00160   0.00327   0.00560   0.00053   0.00166   0.00206   0.01320   0.00403   5.58803   0.46326   0.90998   0.69722   1.77130   0.03840   0.99076  
 97  0.0078  18187.617334  x:  0.00671   0.00108   0.01276   0.01878   0.01832   0.01663   0.02586   0.02153   0.03044   0.01594   0.01597   0.02884   0.00029   0.00335   0.00298   0.02559   0.01224   0.00269   0.00468   0.00289   0.00480   0.00891   0.01327   0.00790   0.02745   0.01824   0.01350   0.01696   0.00352   0.00162   0.00244   0.00165   0.00095   0.00473   0.00181   0.00216   0.00912   0.00554   0.00187   0.00346   0.00000   0.00043   0.00208   0.00271   0.00082   0.00134   0.00119   0.00160   0.00324   0.00561   0.00055   0.00165   0.00209   0.01322   0.00401   5.59512   0.46379   0.90924   0.69580   1.78207   0.03885   0.99673  
 98  0.0075  18187.609183  x:  0.00668   0.00108   0.01282   0.01876   0.01826   0.01660   0.02577   0.02152   0.03043   0.01586   0.01601   0.02874   0.00030   0.00338   0.00297   0.02562   0.01222   0.00270   0.00466   0.00286   0.00479   0.00886   0.01330   0.00791   0.02743   0.01825   0.01350   0.01688   0.00353   0.00161   0.00245   0.00167   0.00096   0.00472   0.00182   0.00217   0.00911   0.00553   0.00188   0.00343   0.00000   0.00042   0.00207   0.00268   0.00081   0.00137   0.00118   0.00160   0.00323   0.00560   0.00056   0.00164   0.00209   0.01320   0.00401   5.61383   0.46178   0.90412   0.68986   1.78780   0.03909   1.00032  
 99  0.0098  18187.600659  x:  0.00666   0.00108   0.01282   0.01874   0.01834   0.01659   0.02571   0.02146   0.03045   0.01586   0.01601   0.02876   0.00030   0.00341   0.00295   0.02571   0.01225   0.00272   0.00469   0.00287   0.00480   0.00886   0.01329   0.00795   0.02746   0.01829   0.01354   0.01695   0.00353   0.00163   0.00243   0.00165   0.00098   0.00472   0.00182   0.00217   0.00911   0.00552   0.00186   0.00348   0.00000   0.00041   0.00208   0.00265   0.00079   0.00138   0.00118   0.00161   0.00325   0.00560   0.00058   0.00162   0.00209   0.01319   0.00399   5.60386   0.46236   0.90155   0.68869   1.77503   0.03847   0.99558  
100  0.0048  18187.584724  x:  0.00664   0.00109   0.01278   0.01878   0.01829   0.01662   0.02572   0.02146   0.03032   0.01597   0.01600   0.02883   0.00031   0.00344   0.00292   0.02564   0.01226   0.00274   0.00473   0.00290   0.00479   0.00891   0.01327   0.00796   0.02753   0.01830   0.01350   0.01684   0.00350   0.00161   0.00246   0.00166   0.00097   0.00474   0.00181   0.00216   0.00912   0.00557   0.00181   0.00346   0.00000   0.00041   0.00208   0.00267   0.00074   0.00136   0.00119   0.00162   0.00324   0.00561   0.00059   0.00161   0.00212   0.01322   0.00405   5.61281   0.46237   0.90339   0.68794   1.76268   0.03795   0.98913  
101  0.0042  18187.572505  x:  0.00671   0.00108   0.01276   0.01876   0.01827   0.01665   0.02574   0.02144   0.03046   0.01594   0.01603   0.02880   0.00031   0.00344   0.00290   0.02560   0.01224   0.00274   0.00471   0.00286   0.00479   0.00892   0.01327   0.00791   0.02755   0.01828   0.01350   0.01696   0.00353   0.00160   0.00246   0.00165   0.00096   0.00473   0.00180   0.00215   0.00913   0.00555   0.00181   0.00343   0.00000   0.00041   0.00206   0.00270   0.00070   0.00133   0.00119   0.00161   0.00324   0.00560   0.00059   0.00161   0.00208   0.01323   0.00398   5.62476   0.46140   0.90354   0.68859   1.74550   0.03675   0.98165  
102  0.0113  18187.564333  x:  0.00665   0.00109   0.01282   0.01877   0.01831   0.01662   0.02582   0.02147   0.03049   0.01584   0.01604   0.02883   0.00031   0.00345   0.00291   0.02561   0.01222   0.00273   0.00469   0.00287   0.00478   0.00889   0.01331   0.00791   0.02753   0.01828   0.01350   0.01691   0.00352   0.00162   0.00246   0.00166   0.00097   0.00473   0.00182   0.00216   0.00912   0.00553   0.00183   0.00346   0.00000   0.00042   0.00208   0.00271   0.00068   0.00132   0.00120   0.00160   0.00323   0.00559   0.00059   0.00163   0.00208   0.01320   0.00403   5.61652   0.46346   0.90212   0.69118   1.74083   0.03645   0.97630  
103  0.0054  18187.560265  x:  0.00669   0.00108   0.01282   0.01877   0.01830   0.01658   0.02582   0.02150   0.03040   0.01586   0.01600   0.02883   0.00032   0.00347   0.00294   0.02564   0.01224   0.00273   0.00466   0.00287   0.00480   0.00888   0.01329   0.00795   0.02744   0.01827   0.01352   0.01690   0.00352   0.00163   0.00245   0.00166   0.00096   0.00472   0.00181   0.00216   0.00911   0.00555   0.00185   0.00345   0.00000   0.00042   0.00207   0.00268   0.00066   0.00131   0.00119   0.00160   0.00325   0.00559   0.00059   0.00164   0.00209   0.01320   0.00401   5.62125   0.46332   0.90469   0.69319   1.73694   0.03638   0.97285  
104  0.0037  18187.558080  x:  0.00666   0.00108   0.01278   0.01877   0.01829   0.01661   0.02578   0.02151   0.03046   0.01591   0.01599   0.02880   0.00032   0.00347   0.00295   0.02564   0.01224   0.00273   0.00466   0.00287   0.00480   0.00888   0.01327   0.00794   0.02742   0.01829   0.01350   0.01693   0.00352   0.00161   0.00245   0.00166   0.00096   0.00472   0.00181   0.00216   0.00912   0.00552   0.00186   0.00345   0.00000   0.00042   0.00208   0.00267   0.00066   0.00132   0.00119   0.00160   0.00323   0.00559   0.00058   0.00164   0.00210   0.01320   0.00401   5.61841   0.46273   0.90650   0.69333   1.73481   0.03621   0.97091  
105  0.0018  18187.555623  x:  0.00668   0.00108   0.01279   0.01875   0.01830   0.01664   0.02573   0.02148   0.03039   0.01592   0.01603   0.02878   0.00032   0.00347   0.00298   0.02561   0.01223   0.00271   0.00469   0.00287   0.00478   0.00889   0.01331   0.00793   0.02744   0.01827   0.01350   0.01691   0.00352   0.00162   0.00244   0.00166   0.00097   0.00473   0.00181   0.00216   0.00911   0.00554   0.00187   0.00345   0.00000   0.00041   0.00207   0.00268   0.00066   0.00133   0.00119   0.00161   0.00323   0.00559   0.00057   0.00165   0.00209   0.01320   0.00401   5.61826   0.46300   0.90698   0.69379   1.73439   0.03624   0.97029  
106  0.0003  18187.552493  x:  0.00668   0.00108   0.01283   0.01875   0.01830   0.01658   0.02572   0.02149   0.03045   0.01587   0.01599   0.02876   0.00032   0.00345   0.00299   0.02562   0.01222   0.00269   0.00468   0.00286   0.00480   0.00890   0.01329   0.00793   0.02748   0.01828   0.01351   0.01692   0.00352   0.00161   0.00245   0.00166   0.00096   0.00473   0.00181   0.00216   0.00911   0.00553   0.00185   0.00346   0.00000   0.00041   0.00208   0.00270   0.00065   0.00134   0.00119   0.00161   0.00325   0.00560   0.00055   0.00165   0.00212   0.01319   0.00402   5.62431   0.46226   0.90938   0.69471   1.73344   0.03613   0.97077  
107  0.0018  18187.548080  x:  0.00668   0.00108   0.01279   0.01876   0.01828   0.01658   0.02574   0.02149   0.03040   0.01585   0.01601   0.02878   0.00033   0.00345   0.00300   0.02563   0.01225   0.00268   0.00468   0.00289   0.00479   0.00888   0.01326   0.00790   0.02752   0.01828   0.01352   0.01690   0.00353   0.00162   0.00246   0.00167   0.00096   0.00472   0.00181   0.00216   0.00913   0.00554   0.00185   0.00345   0.00000   0.00041   0.00208   0.00269   0.00065   0.00137   0.00118   0.00162   0.00323   0.00560   0.00053   0.00164   0.00208   0.01321   0.00401   5.62062   0.46398   0.90713   0.69483   1.73065   0.03598   0.97025  
108  0.0014  18187.541728  x:  0.00667   0.00109   0.01278   0.01881   0.01832   0.01664   0.02581   0.02153   0.03046   0.01591   0.01603   0.02879   0.00034   0.00344   0.00299   0.02566   0.01226   0.00266   0.00466   0.00285   0.00480   0.00886   0.01332   0.00794   0.02750   0.01830   0.01349   0.01692   0.00350   0.00163   0.00247   0.00166   0.00096   0.00472   0.00181   0.00216   0.00909   0.00559   0.00183   0.00345   0.00000   0.00043   0.00206   0.00267   0.00066   0.00138   0.00119   0.00163   0.00325   0.00559   0.00053   0.00163   0.00209   0.01321   0.00402   5.62577   0.46243   0.90239   0.69069   1.72681   0.03576   0.96878  
109  0.0022  18187.523144  x:  0.00666   0.00109   0.01279   0.01887   0.01830   0.01674   0.02599   0.02143   0.03046   0.01600   0.01604   0.02879   0.00037   0.00342   0.00296   0.02564   0.01222   0.00264   0.00465   0.00286   0.00481   0.00887   0.01328   0.00801   0.02731   0.01831   0.01349   0.01689   0.00354   0.00161   0.00245   0.00167   0.00097   0.00474   0.00185   0.00216   0.00916   0.00550   0.00181   0.00349   0.00000   0.00044   0.00208   0.00267   0.00066   0.00137   0.00117   0.00163   0.00326   0.00561   0.00052   0.00163   0.00207   0.01318   0.00403   5.63715   0.46154   0.89593   0.68356   1.71839   0.03518   0.96544  
110  0.0032  18187.453102  x:  0.00673   0.00106   0.01289   0.01876   0.01825   0.01652   0.02610   0.02128   0.03049   0.01592   0.01589   0.02880   0.00049   0.00333   0.00295   0.02556   0.01212   0.00269   0.00476   0.00285   0.00476   0.00897   0.01321   0.00792   0.02701   0.01818   0.01357   0.01694   0.00352   0.00157   0.00241   0.00166   0.00100   0.00477   0.00181   0.00219   0.00907   0.00560   0.00183   0.00342   0.00000   0.00042   0.00208   0.00271   0.00069   0.00140   0.00118   0.00162   0.00320   0.00562   0.00053   0.00166   0.00208   0.01320   0.00400   5.60558   0.46065   0.89242   0.68044   1.72178   0.03580   0.96446  
111  0.0050  18187.394423  x:  0.00666   0.00109   0.01274   0.01869   0.01836   0.01652   0.02593   0.02147   0.03043   0.01575   0.01611   0.02869   0.00059   0.00318   0.00296   0.02561   0.01233   0.00271   0.00470   0.00287   0.00478   0.00890   0.01335   0.00791   0.02716   0.01833   0.01354   0.01690   0.00351   0.00160   0.00246   0.00164   0.00094   0.00472   0.00179   0.00215   0.00916   0.00552   0.00182   0.00346   0.00000   0.00040   0.00206   0.00268   0.00068   0.00135   0.00121   0.00161   0.00326   0.00558   0.00056   0.00168   0.00213   0.01323   0.00402   5.62176   0.46196   0.89611   0.68602   1.73682   0.03642   0.97285  
112  0.0082  18187.373659  x:  0.00668   0.00108   0.01276   0.01872   0.01826   0.01666   0.02579   0.02151   0.03044   0.01589   0.01602   0.02856   0.00066   0.00313   0.00296   0.02566   0.01226   0.00269   0.00471   0.00286   0.00480   0.00886   0.01325   0.00794   0.02730   0.01829   0.01347   0.01690   0.00352   0.00162   0.00245   0.00168   0.00095   0.00472   0.00180   0.00216   0.00910   0.00556   0.00185   0.00345   0.00000   0.00041   0.00208   0.00268   0.00069   0.00132   0.00119   0.00160   0.00323   0.00560   0.00057   0.00168   0.00210   0.01321   0.00402   5.60957   0.46318   0.89871   0.68806   1.73789   0.03620   0.97406  
113  0.0061  18187.368653  x:  0.00667   0.00108   0.01281   0.01875   0.01830   0.01663   0.02575   0.02149   0.03043   0.01590   0.01599   0.02857   0.00069   0.00314   0.00297   0.02563   0.01222   0.00270   0.00469   0.00287   0.00479   0.00887   0.01329   0.00794   0.02746   0.01827   0.01351   0.01692   0.00352   0.00162   0.00246   0.00167   0.00095   0.00473   0.00182   0.00216   0.00912   0.00553   0.00185   0.00345   0.00000   0.00042   0.00207   0.00268   0.00068   0.00132   0.00119   0.00160   0.00324   0.00560   0.00057   0.00166   0.00209   0.01320   0.00401   5.61352   0.46253   0.90345   0.69045   1.73932   0.03653   0.97450  
114  0.0037  18187.367991  x:  0.00667   0.00108   0.01280   0.01877   0.01830   0.01660   0.02577   0.02149   0.03043   0.01590   0.01601   0.02856   0.00069   0.00315   0.00296   0.02563   0.01223   0.00270   0.00468   0.00287   0.00479   0.00888   0.01329   0.00793   0.02747   0.01828   0.01352   0.01691   0.00352   0.00161   0.00246   0.00166   0.00096   0.00473   0.00182   0.00216   0.00912   0.00554   0.00185   0.00345   0.00000   0.00042   0.00207   0.00268   0.00069   0.00132   0.00119   0.00160   0.00324   0.00560   0.00057   0.00165   0.00209   0.01320   0.00401   5.61456   0.46291   0.90553   0.69212   1.73460   0.03618   0.97237  
115  0.0041  18187.367850  x:  0.00668   0.00108   0.01280   0.01877   0.01829   0.01660   0.02578   0.02149   0.03044   0.01589   0.01601   0.02857   0.00069   0.00316   0.00296   0.02563   0.01224   0.00270   0.00468   0.00287   0.00479   0.00889   0.01329   0.00793   0.02747   0.01828   0.01351   0.01691   0.00352   0.00161   0.00245   0.00166   0.00096   0.00473   0.00181   0.00216   0.00912   0.00554   0.00185   0.00345   0.00000   0.00042   0.00207   0.00268   0.00069   0.00132   0.00119   0.00161   0.00324   0.00560   0.00057   0.00164   0.00209   0.01320   0.00401   5.61537   0.46296   0.90561   0.69239   1.73527   0.03625   0.97223  
116  0.0007  18187.367772  x:  0.00668   0.00108   0.01280   0.01876   0.01830   0.01662   0.02578   0.02150   0.03043   0.01589   0.01600   0.02856   0.00069   0.00315   0.00296   0.02563   0.01224   0.00270   0.00467   0.00287   0.00479   0.00888   0.01329   0.00793   0.02746   0.01828   0.01351   0.01691   0.00352   0.00162   0.00245   0.00166   0.00096   0.00473   0.00181   0.00216   0.00912   0.00554   0.00185   0.00345   0.00000   0.00042   0.00207   0.00268   0.00069   0.00132   0.00119   0.00161   0.00324   0.00560   0.00057   0.00164   0.00209   0.01320   0.00401   5.61583   0.46296   0.90555   0.69253   1.73652   0.03632   0.97273  
117  0.0005  18187.367771  x:  0.00668   0.00108   0.01280   0.01876   0.01830   0.01661   0.02578   0.02150   0.03043   0.01589   0.01600   0.02856   0.00069   0.00315   0.00296   0.02563   0.01224   0.00270   0.00467   0.00287   0.00479   0.00888   0.01329   0.00793   0.02746   0.01828   0.01351   0.01691   0.00352   0.00162   0.00245   0.00166   0.00096   0.00473   0.00181   0.00216   0.00912   0.00554   0.00185   0.00345   0.00000   0.00042   0.00207   0.00268   0.00069   0.00132   0.00119   0.00161   0.00324   0.00560   0.00057   0.00164   0.00209   0.01320   0.00401   5.61573   0.46296   0.90557   0.69251   1.73641   0.03631   0.97268  
118  0.0005  18187.367771  x:  0.00668   0.00108   0.01280   0.01876   0.01830   0.01661   0.02578   0.02150   0.03043   0.01589   0.01600   0.02856   0.00069   0.00315   0.00296   0.02563   0.01224   0.00270   0.00467   0.00287   0.00479   0.00888   0.01329   0.00793   0.02746   0.01828   0.01351   0.01691   0.00352   0.00162   0.00245   0.00166   0.00096   0.00473   0.00181   0.00216   0.00912   0.00554   0.00185   0.00345   0.00000   0.00042   0.00207   0.00268   0.00069   0.00132   0.00119   0.00161   0.00324   0.00560   0.00057   0.00164   0.00209   0.01320   0.00401   5.61570   0.46296   0.90558   0.69251   1.73639   0.03631   0.97267  
119  0.0003  18187.367770  x:  0.00668   0.00108   0.01280   0.01876   0.01830   0.01661   0.02578   0.02150   0.03043   0.01589   0.01600   0.02856   0.00069   0.00315   0.00296   0.02563   0.01224   0.00270   0.00467   0.00287   0.00479   0.00888   0.01329   0.00793   0.02746   0.01828   0.01351   0.01691   0.00352   0.00162   0.00245   0.00166   0.00096   0.00473   0.00181   0.00216   0.00912   0.00554   0.00185   0.00345   0.00000   0.00042   0.00207   0.00268   0.00069   0.00132   0.00119   0.00161   0.00324   0.00560   0.00057   0.00164   0.00209   0.01320   0.00401   5.61568   0.46296   0.90558   0.69250   1.73638   0.03631   0.97266  
120  0.0003  18187.367770  x:  0.00668   0.00108   0.01280   0.01876   0.01830   0.01661   0.02578   0.02150   0.03043   0.01589   0.01601   0.02856   0.00069   0.00315   0.00296   0.02563   0.01224   0.00270   0.00467   0.00287   0.00479   0.00888   0.01329   0.00793   0.02746   0.01828   0.01351   0.01691   0.00352   0.00162   0.00245   0.00166   0.00096   0.00473   0.00181   0.00216   0.00912   0.00554   0.00185   0.00345   0.00000   0.00042   0.00207   0.00268   0.00069   0.00132   0.00119   0.00161   0.00324   0.00560   0.00057   0.00164   0.00209   0.01320   0.00401   5.61561   0.46296   0.90560   0.69251   1.73635   0.03631   0.97265  
121  0.0006  18187.367770  x:  0.00668   0.00108   0.01280   0.01876   0.01830   0.01661   0.02578   0.02150   0.03043   0.01589   0.01601   0.02856   0.00069   0.00315   0.00296   0.02563   0.01224   0.00270   0.00467   0.00287   0.00479   0.00888   0.01329   0.00793   0.02746   0.01828   0.01351   0.01691   0.00352   0.00162   0.00245   0.00166   0.00096   0.00473   0.00181   0.00216   0.00912   0.00554   0.00185   0.00345   0.00000   0.00042   0.00207   0.00268   0.00069   0.00132   0.00119   0.00161   0.00324   0.00560   0.00057   0.00164   0.00209   0.01320   0.00401   5.61561   0.46296   0.90560   0.69251   1.73635   0.03631   0.97265  
122  0.0003  18187.367770  x:  0.00668   0.00108   0.01280   0.01876   0.01830   0.01661   0.02578   0.02150   0.03043   0.01589   0.01601   0.02856   0.00069   0.00315   0.00296   0.02563   0.01224   0.00270   0.00467   0.00287   0.00479   0.00888   0.01329   0.00793   0.02746   0.01828   0.01351   0.01691   0.00352   0.00162   0.00245   0.00166   0.00096   0.00473   0.00181   0.00216   0.00912   0.00554   0.00185   0.00345   0.00000   0.00042   0.00207   0.00268   0.00069   0.00132   0.00119   0.00161   0.00324   0.00560   0.00057   0.00164   0.00209   0.01320   0.00401   5.61561   0.46296   0.90560   0.69251   1.73635   0.03631   0.97265  
123  0.0101  18187.367770  x:  0.00668   0.00108   0.01280   0.01876   0.01830   0.01661   0.02578   0.02150   0.03043   0.01589   0.01601   0.02856   0.00069   0.00315   0.00296   0.02563   0.01224   0.00270   0.00467   0.00287   0.00479   0.00888   0.01329   0.00793   0.02746   0.01828   0.01351   0.01691   0.00352   0.00162   0.00245   0.00166   0.00096   0.00473   0.00181   0.00216   0.00912   0.00554   0.00185   0.00345   0.00000   0.00042   0.00207   0.00268   0.00069   0.00132   0.00119   0.00161   0.00324   0.00560   0.00057   0.00164   0.00209   0.01320   0.00401   5.61561   0.46296   0.90560   0.69251   1.73635   0.03631   0.97265  
check convergence!
