

TREE # 1

  0  0.0000   9126.930035  x:  0.01811   0.01360   0.01921   0.03048   0.02320   0.01118   0.02786   0.01590   0.00570   0.00752   0.01435   0.01799   0.01018   0.01738   0.00371   0.01092   0.00624   0.01759   0.02006   0.00632   0.00302   0.01947   0.02130   0.01981   0.01289   0.03022   0.00516   0.01145   0.01328   0.03348   0.00851   0.00000   0.00644   0.01164   0.00546   0.03434   0.01748   0.00899   0.02825   0.01525   0.01703   0.00560   0.01778   0.00882   0.02233   0.00891   0.03128   0.01835   0.02148   0.02208   0.01764   0.00921   0.01742   0.02002   0.01577   1.10605   1.08762   0.92055   1.22233   0.29704   0.25000   0.72878  
  1 99.0000   9088.944998  x:  0.01339   0.01197   0.01429   0.02793   0.02337   0.01095   0.02619   0.01102   0.00167   0.00350   0.01103   0.01238   0.00489   0.01324   0.00024   0.00861   0.00492   0.01242   0.01475   0.00357   0.00000   0.01412   0.01658   0.01472   0.00823   0.02750   0.00136   0.00875   0.01076   0.03171   0.00462   0.09391   0.00259   0.01044   0.00477   0.03293   0.01609   0.00484   0.02553   0.01043   0.01306   0.00402   0.01333   0.00464   0.01855   0.01040   0.03006   0.01563   0.01966   0.01966   0.01225   0.00421   0.01271   0.01881   0.01235   1.10653   1.08756   0.92058   1.22230   0.29713   0.24872   0.72903  
  2 21906.8286   9078.649464  x:  0.01214   0.01159   0.01298   0.02726   0.02341   0.01090   0.02577   0.00974   0.00101   0.00268   0.01019   0.01087   0.00346   0.01216   0.00114   0.00805   0.00467   0.01102   0.01333   0.00317   0.01204   0.01271   0.01533   0.01336   0.00708   0.02679   0.00036   0.00804   0.01011   0.03128   0.00365   0.10923   0.00176   0.01017   0.00464   0.03255   0.01575   0.00384   0.02482   0.00916   0.01204   0.00376   0.01216   0.00364   0.01756   0.01072   0.02975   0.01493   0.01920   0.01903   0.01081   0.00291   0.01147   0.01851   0.01148   1.10666   1.08755   0.92058   1.22229   0.29715   0.24839   0.72908  
  3 44004.2969   9066.889042  x:  0.01168   0.01149   0.01248   0.02703   0.02342   0.01088   0.02562   0.00926   0.00130   0.00254   0.00990   0.01027   0.00289   0.01177   0.00119   0.00793   0.00468   0.01048   0.01278   0.00314   0.01203   0.01215   0.01486   0.01284   0.00667   0.02653   0.00000   0.00780   0.00989   0.03116   0.00337   0.10918   0.00171   0.01011   0.00463   0.03241   0.01564   0.00357   0.02456   0.00868   0.01168   0.00380   0.01174   0.00340   0.01719   0.01077   0.02964   0.01470   0.01904   0.01881   0.01025   0.00247   0.01100   0.01842   0.01118   1.10672   1.08754   0.92059   1.22229   0.29716   0.24826   0.72910  
  4 5459.4900   9035.695300  x:  0.01003   0.01116   0.01065   0.02620   0.02346   0.01083   0.02511   0.00753   0.00000   0.00225   0.00895   0.00805   0.00077   0.01041   0.00123   0.00757   0.00472   0.00849   0.01078   0.00311   0.01196   0.01010   0.01318   0.01097   0.00535   0.02559   0.00000   0.00700   0.00916   0.03076   0.00259   0.10888   0.00171   0.00993   0.00460   0.03190   0.01525   0.00290   0.02367   0.00699   0.01045   0.00387   0.01025   0.00284   0.01585   0.01095   0.02925   0.01388   0.01847   0.01806   0.00820   0.00118   0.00935   0.01813   0.01016   1.10691   1.08752   0.92060   1.22228   0.29719   0.24783   0.72915  
  5 59322.3589   9025.329124  x:  0.00956   0.01114   0.01005   0.02596   0.02346   0.01081   0.02497   0.00700   0.00001   0.00259   0.00877   0.00724   0.00000   0.01006   0.00096   0.00763   0.00472   0.00781   0.01012   0.00317   0.01199   0.00940   0.01267   0.01038   0.00519   0.02531   0.00000   0.00689   0.00907   0.03074   0.00275   0.10887   0.00202   0.00994   0.00462   0.03173   0.01516   0.00318   0.02343   0.00651   0.01016   0.00378   0.00985   0.00321   0.01543   0.01095   0.02915   0.01369   0.01833   0.01787   0.00751   0.00132   0.00887   0.01808   0.00994   1.10698   1.08751   0.92060   1.22227   0.29721   0.24772   0.72915  
  6 16380.9790   9011.058429  x:  0.00888   0.01125   0.00896   0.02562   0.02343   0.01078   0.02482   0.00621   0.00000   0.00284   0.00870   0.00552   0.00000   0.00963   0.00219   0.00776   0.00471   0.00649   0.00886   0.00320   0.01185   0.00798   0.01182   0.00935   0.00553   0.02484   0.00000   0.00693   0.00912   0.03085   0.00336   0.10890   0.00160   0.01004   0.00467   0.03141   0.01506   0.00383   0.02309   0.00583   0.00988   0.00370   0.00935   0.00379   0.01472   0.01087   0.02899   0.01351   0.01814   0.01765   0.00621   0.00189   0.00814   0.01809   0.00978   1.10713   1.08750   0.92061   1.22226   0.29724   0.24756   0.72908  
  7 13100.4078   8984.320240  x:  0.00820   0.01202   0.00647   0.02517   0.02323   0.01074   0.02494   0.00465   0.00001   0.00097   0.00967   0.00000   0.00000   0.00969   0.00141   0.00829   0.00461   0.00306   0.00580   0.00288   0.01194   0.00377   0.01034   0.00728   0.00881   0.02401   0.00000   0.00797   0.01013   0.03174   0.00452   0.10883   0.00106   0.01043   0.00477   0.03061   0.01513   0.00426   0.02278   0.00538   0.01040   0.00415   0.00930   0.00330   0.01333   0.01043   0.02878   0.01380   0.01808   0.01776   0.00301   0.00151   0.00727   0.01855   0.01044   1.10762   1.08745   0.92065   1.22223   0.29733   0.24741   0.72868  
  8 6834.7594   8973.023802  x:  0.00799   0.01256   0.00471   0.02493   0.02306   0.01073   0.02523   0.00338   0.00001   0.00214   0.01051   0.00000   0.00000   0.00996   0.00180   0.00844   0.00457   0.00067   0.00360   0.00280   0.01191   0.00000   0.00943   0.00593   0.01163   0.02347   0.00000   0.00879   0.01092   0.03243   0.00459   0.10890   0.00196   0.01060   0.00477   0.02996   0.01523   0.00360   0.02267   0.00540   0.01099   0.00441   0.00954   0.00211   0.01238   0.01018   0.02866   0.01416   0.01812   0.01800   0.00086   0.00061   0.00689   0.01896   0.01106   1.10806   1.08741   0.92068   1.22220   0.29741   0.24735   0.72827  
  9 8832.0617   8969.906569  x:  0.00769   0.01285   0.00295   0.02461   0.02291   0.01072   0.02562   0.00163   0.00001   0.00250   0.01104   0.00000   0.00000   0.00997   0.00172   0.00819   0.00465   0.00149   0.00162   0.00306   0.01191   0.00000   0.00843   0.00460   0.01419   0.02282   0.00000   0.00929   0.01139   0.03293   0.00360   0.10889   0.00212   0.01053   0.00467   0.02919   0.01525   0.00218   0.02248   0.00534   0.01136   0.00434   0.00964   0.00161   0.01129   0.01016   0.02848   0.01439   0.01809   0.01817   0.00099   0.00179   0.00644   0.01928   0.01140   1.10862   1.08735   0.92072   1.22216   0.29752   0.24725   0.72777  
 10 1964.3160   8968.563855  x:  0.00748   0.01293   0.00214   0.02435   0.02282   0.01072   0.02596   0.00080   0.00001   0.00260   0.01129   0.00000   0.00000   0.00987   0.00181   0.00780   0.00472   0.00155   0.00176   0.00319   0.01189   0.00000   0.00773   0.00389   0.01599   0.02230   0.00000   0.00949   0.01159   0.03321   0.00262   0.10889   0.00206   0.01040   0.00459   0.02853   0.01525   0.00194   0.02232   0.00529   0.01152   0.00412   0.00966   0.00270   0.01046   0.01026   0.02832   0.01450   0.01805   0.01828   0.00171   0.00111   0.00613   0.01947   0.01151   1.10914   1.08730   0.92075   1.22213   0.29762   0.24715   0.72731  
 11 1386.6440   8967.473911  x:  0.00704   0.01287   0.00197   0.02390   0.02274   0.01073   0.02640   0.00184   0.00001   0.00277   0.01134   0.00000   0.00000   0.00949   0.00175   0.00722   0.00485   0.00181   0.00233   0.00329   0.01188   0.00000   0.00675   0.00327   0.01818   0.02147   0.00000   0.00950   0.01161   0.03345   0.00147   0.10888   0.00217   0.01014   0.00449   0.02748   0.01517   0.00242   0.02199   0.00504   0.01147   0.00380   0.00945   0.00258   0.00925   0.01050   0.02804   0.01450   0.01790   0.01830   0.00188   0.00109   0.00560   0.01965   0.01138   1.11000   1.08722   0.92081   1.22207   0.29779   0.24694   0.72658  
 12 1079.0476   8966.201843  x:  0.00646   0.01248   0.00346   0.02316   0.02267   0.01076   0.02715   0.00138   0.00001   0.00312   0.01099   0.00000   0.00000   0.00869   0.00157   0.00642   0.00502   0.00216   0.00319   0.00316   0.01188   0.00000   0.00574   0.00374   0.02140   0.02010   0.00000   0.00906   0.01123   0.03361   0.00228   0.10884   0.00211   0.00971   0.00439   0.02564   0.01499   0.00231   0.02139   0.00467   0.01108   0.00379   0.00899   0.00207   0.00761   0.01098   0.02755   0.01433   0.01759   0.01821   0.00213   0.00093   0.00499   0.01980   0.01080   1.11171   1.08705   0.92093   1.22196   0.29812   0.24652   0.72510  
 13 940.4906   8965.186222  x:  0.00642   0.01179   0.00385   0.02253   0.02273   0.01080   0.02783   0.00162   0.00001   0.00290   0.01015   0.00000   0.00000   0.00797   0.00168   0.00658   0.00506   0.00176   0.00284   0.00307   0.01185   0.00000   0.00644   0.00511   0.02408   0.01909   0.00000   0.00803   0.01029   0.03341   0.00172   0.10885   0.00252   0.00952   0.00450   0.02379   0.01481   0.00176   0.02089   0.00467   0.01037   0.00446   0.00857   0.00278   0.00745   0.01125   0.02711   0.01402   0.01730   0.01799   0.00182   0.00133   0.00519   0.01968   0.00998   1.11402   1.08683   0.92108   1.22181   0.29856   0.24596   0.72312  
 14 662.6748   8964.273026  x:  0.00660   0.01119   0.00334   0.02206   0.02285   0.01083   0.02835   0.00139   0.00001   0.00302   0.00921   0.00000   0.00000   0.00745   0.00165   0.00696   0.00498   0.00211   0.00225   0.00331   0.01184   0.00000   0.00744   0.00575   0.02627   0.01844   0.00000   0.00689   0.00924   0.03313   0.00164   0.10885   0.00241   0.00955   0.00461   0.02215   0.01465   0.00277   0.02050   0.00478   0.00959   0.00428   0.00821   0.00242   0.00800   0.01133   0.02676   0.01368   0.01705   0.01771   0.00201   0.00084   0.00561   0.01943   0.00922   1.11665   1.08658   0.92126   1.22163   0.29906   0.24533   0.72085  
 15 1087.2857   8963.439645  x:  0.00680   0.01100   0.00242   0.02180   0.02299   0.01083   0.02856   0.00160   0.00001   0.00321   0.00839   0.00000   0.00000   0.00732   0.00146   0.00709   0.00481   0.00181   0.00303   0.00321   0.01184   0.00000   0.00801   0.00514   0.02761   0.01835   0.00000   0.00591   0.00832   0.03287   0.00230   0.10880   0.00217   0.00978   0.00463   0.02105   0.01451   0.00216   0.02025   0.00484   0.00892   0.00349   0.00797   0.00219   0.00890   0.01117   0.02657   0.01334   0.01688   0.01736   0.00215   0.00103   0.00590   0.01907   0.00876   1.11974   1.08628   0.92146   1.22143   0.29965   0.24457   0.71820  
 16 817.6500   8961.468659  x:  0.00699   0.01165   0.00364   0.02180   0.02332   0.01074   0.02824   0.00134   0.00001   0.00321   0.00737   0.00000   0.00000   0.00777   0.00160   0.00669   0.00475   0.00230   0.00330   0.00291   0.01180   0.00000   0.00795   0.00255   0.02869   0.01929   0.00000   0.00473   0.00705   0.03257   0.00220   0.10883   0.00258   0.01030   0.00453   0.02002   0.01431   0.00220   0.01999   0.00465   0.00816   0.00452   0.00770   0.00244   0.01081   0.01062   0.02654   0.01266   0.01670   0.01655   0.00169   0.00104   0.00596   0.01814   0.00857   1.12828   1.08545   0.92203   1.22086   0.30129   0.24242   0.71088  
 17 814.0955   8953.311014  x:  0.00587   0.01393   0.00512   0.02219   0.02423   0.01044   0.02541   0.00140   0.00001   0.00372   0.00636   0.00000   0.00000   0.00897   0.00138   0.00531   0.00571   0.00149   0.00196   0.00487   0.01170   0.00000   0.00439   0.00468   0.02800   0.02344   0.00000   0.00402   0.00518   0.03245   0.00099   0.10880   0.00188   0.01066   0.00449   0.01924   0.01375   0.00170   0.01932   0.00267   0.00696   0.00250   0.00663   0.00262   0.01436   0.00989   0.02700   0.01043   0.01620   0.01378   0.00202   0.00105   0.00406   0.01514   0.00906   1.16720   1.08165   0.92463   1.21828   0.30872   0.23234   0.67767  
 18 1912.2160   8942.808309  x:  0.00365   0.01428   0.00206   0.02194   0.02486   0.01030   0.02192   0.00243   0.00001   0.00400   0.00624   0.00000   0.00000   0.00831   0.00209   0.00510   0.00610   0.00271   0.00231   0.00408   0.01153   0.00000   0.00233   0.00645   0.02411   0.02664   0.00000   0.00457   0.00461   0.03241   0.00259   0.10890   0.00342   0.00945   0.00466   0.01915   0.01309   0.00159   0.01820   0.00152   0.00647   0.00570   0.00510   0.00230   0.01531   0.01104   0.02736   0.00845   0.01544   0.01150   0.00354   0.00031   0.00210   0.01315   0.00871   1.22053   1.07643   0.92818   1.21474   0.31890   0.21822   0.63232  
 19 7990.0021   8930.215745  x:  0.00179   0.01381   0.00095   0.02124   0.02522   0.01023   0.01843   0.00054   0.00001   0.00450   0.00641   0.00000   0.00000   0.00662   0.00223   0.00444   0.00613   0.00146   0.00401   0.00242   0.01138   0.00000   0.00339   0.00670   0.01801   0.02893   0.00000   0.00533   0.00468   0.03226   0.00116   0.10882   0.00360   0.00771   0.00470   0.01940   0.01237   0.00274   0.01685   0.00210   0.00617   0.00670   0.00377   0.00086   0.01394   0.01277   0.02757   0.00712   0.01453   0.00992   0.00420   0.00183   0.00195   0.01234   0.00783   1.28225   1.07038   0.93229   1.21064   0.33068   0.20165   0.57997  
 20 20525.1418   8903.627546  x:  0.00332   0.01151   0.00158   0.01908   0.02538   0.01020   0.01316   0.00140   0.00001   0.00606   0.00656   0.00000   0.00000   0.00220   0.00226   0.00484   0.00559   0.00225   0.00219   0.00195   0.01109   0.00000   0.00512   0.00415   0.00448   0.03081   0.00000   0.00638   0.00530   0.03168   0.00123   0.10864   0.00228   0.00522   0.00480   0.01991   0.01112   0.00153   0.01405   0.00281   0.00550   0.00503   0.00248   0.00164   0.00839   0.01593   0.02749   0.00620   0.01276   0.00860   0.00348   0.00096   0.00348   0.01282   0.00542   1.39979   1.05884   0.94012   1.20283   0.35310   0.16968   0.48052  
 21 33635.9590   8899.111859  x:  0.00300   0.01062   0.00149   0.01860   0.02528   0.01023   0.01340   0.00123   0.00001   0.00599   0.00613   0.00000   0.00000   0.00323   0.00246   0.00512   0.00544   0.00234   0.00238   0.00278   0.01103   0.00000   0.00517   0.00391   0.00173   0.03037   0.00000   0.00598   0.00508   0.03117   0.00119   0.10867   0.00243   0.00594   0.00491   0.02014   0.01103   0.00146   0.01373   0.00250   0.00524   0.00500   0.00343   0.00160   0.00714   0.01635   0.02734   0.00663   0.01257   0.00902   0.00316   0.00099   0.00320   0.01322   0.00502   1.42005   1.05684   0.94147   1.20149   0.35695   0.16403   0.46350  
 22 16703.3652   8896.263486  x:  0.00270   0.00923   0.00158   0.01892   0.02498   0.01026   0.01418   0.00098   0.00001   0.00595   0.00518   0.00000   0.00000   0.00266   0.00264   0.00564   0.00519   0.00277   0.00243   0.00166   0.01098   0.00000   0.00499   0.00396   0.00164   0.02980   0.00000   0.00497   0.00489   0.02921   0.00090   0.10864   0.00274   0.00714   0.00503   0.02426   0.01125   0.00145   0.01448   0.00147   0.00495   0.00430   0.00269   0.00167   0.00671   0.01627   0.02754   0.00756   0.01288   0.01024   0.00269   0.00091   0.00242   0.01391   0.00529   1.43473   1.05535   0.94243   1.20051   0.35971   0.15916   0.45175  
 23 2936.1920   8894.578465  x:  0.00239   0.00829   0.00151   0.01915   0.02473   0.01025   0.01442   0.00088   0.00001   0.00581   0.00454   0.00000   0.00000   0.00220   0.00272   0.00540   0.00511   0.00269   0.00260   0.00308   0.01093   0.00000   0.00481   0.00369   0.00211   0.02908   0.00000   0.00409   0.00477   0.02721   0.00104   0.10867   0.00290   0.00689   0.00496   0.02838   0.01129   0.00142   0.01501   0.00194   0.00458   0.00445   0.00237   0.00169   0.00632   0.01628   0.02767   0.00761   0.01302   0.01065   0.00236   0.00098   0.00230   0.01426   0.00507   1.44508   1.05428   0.94311   1.19982   0.36164   0.15529   0.44379  
 24 4358.7909   8893.295605  x:  0.00268   0.00805   0.00134   0.01906   0.02453   0.01021   0.01467   0.00097   0.00001   0.00600   0.00433   0.00000   0.00000   0.00306   0.00260   0.00489   0.00527   0.00252   0.00226   0.00255   0.01093   0.00000   0.00439   0.00365   0.00241   0.02771   0.00000   0.00332   0.00463   0.02535   0.00114   0.10863   0.00271   0.00597   0.00478   0.03168   0.01115   0.00157   0.01510   0.00201   0.00419   0.00449   0.00306   0.00181   0.00599   0.01627   0.02755   0.00694   0.01292   0.01032   0.00243   0.00106   0.00263   0.01426   0.00453   1.45269   1.05347   0.94360   1.19932   0.36304   0.15195   0.43833  
 25 2971.1379   8891.952075  x:  0.00271   0.00938   0.00152   0.01839   0.02437   0.01013   0.01590   0.00112   0.00001   0.00636   0.00516   0.00000   0.00000   0.00276   0.00246   0.00524   0.00569   0.00224   0.00225   0.00269   0.01093   0.00000   0.00452   0.00357   0.00221   0.02410   0.00000   0.00334   0.00486   0.02320   0.00109   0.10864   0.00241   0.00652   0.00462   0.03473   0.01085   0.00150   0.01465   0.00183   0.00467   0.00485   0.00299   0.00165   0.00681   0.01575   0.02684   0.00600   0.01262   0.00920   0.00309   0.00109   0.00283   0.01366   0.00477   1.46120   1.05251   0.94413   1.19875   0.36455   0.14716   0.43318  
 26 1349.6932   8891.343332  x:  0.00271   0.00984   0.00157   0.01807   0.02453   0.01009   0.01572   0.00111   0.00001   0.00624   0.00467   0.00000   0.00000   0.00311   0.00258   0.00478   0.00544   0.00253   0.00230   0.00259   0.01091   0.00000   0.00473   0.00371   0.00215   0.02202   0.00000   0.00426   0.00526   0.02273   0.00111   0.10863   0.00268   0.00638   0.00466   0.03576   0.01073   0.00146   0.01427   0.00235   0.00439   0.00456   0.00265   0.00173   0.00765   0.01531   0.02644   0.00662   0.01253   0.00896   0.00290   0.00099   0.00249   0.01306   0.00485   1.46563   1.05196   0.94439   1.19845   0.36529   0.14390   0.43121  
 27 899.5609   8890.963118  x:  0.00273   0.00984   0.00157   0.01804   0.02480   0.01008   0.01511   0.00098   0.00001   0.00620   0.00444   0.00000   0.00000   0.00273   0.00263   0.00476   0.00536   0.00267   0.00255   0.00269   0.01090   0.00000   0.00464   0.00379   0.00224   0.02102   0.00000   0.00473   0.00532   0.02273   0.00103   0.10863   0.00280   0.00624   0.00469   0.03620   0.01071   0.00146   0.01411   0.00190   0.00440   0.00453   0.00335   0.00169   0.00823   0.01503   0.02626   0.00696   0.01254   0.00912   0.00273   0.00101   0.00274   0.01272   0.00484   1.46878   1.05155   0.94457   1.19824   0.36580   0.14113   0.43023  
 28 930.1092   8889.921063  x:  0.00269   0.00905   0.00177   0.01839   0.02574   0.01009   0.01351   0.00095   0.00001   0.00639   0.00497   0.00000   0.00000   0.00347   0.00258   0.00526   0.00562   0.00269   0.00281   0.00285   0.01091   0.00000   0.00431   0.00378   0.00242   0.01938   0.00000   0.00489   0.00469   0.02335   0.00088   0.10864   0.00265   0.00629   0.00463   0.03655   0.01086   0.00140   0.01416   0.00161   0.00504   0.00470   0.00269   0.00162   0.00893   0.01451   0.02594   0.00698   0.01274   0.01021   0.00286   0.00104   0.00340   0.01257   0.00478   1.47830   1.05024   0.94510   1.19761   0.36728   0.13173   0.42828  
 29 1049.5785   8887.500816  x:  0.00257   0.00826   0.00196   0.01966   0.02774   0.01013   0.01245   0.00126   0.00001   0.00662   0.00576   0.00000   0.00000   0.00292   0.00253   0.00465   0.00611   0.00248   0.00243   0.00230   0.01091   0.00000   0.00404   0.00397   0.00232   0.01754   0.00000   0.00425   0.00320   0.02522   0.00098   0.10864   0.00263   0.00722   0.00437   0.03674   0.01136   0.00146   0.01497   0.00348   0.00552   0.00480   0.00368   0.00167   0.00986   0.01345   0.02559   0.00639   0.01344   0.01178   0.00358   0.00107   0.00246   0.01287   0.00548   1.50234   1.04687   0.94640   1.19601   0.37095   0.10728   0.42412  
 30 3098.3348   8875.624263  x:  0.00495   0.00979   0.00188   0.02480   0.03398   0.01027   0.01617   0.00149   0.00001   0.00675   0.00589   0.00000   0.00000   0.00339   0.00287   0.00306   0.00639   0.00238   0.00313   0.00294   0.01085   0.00000   0.00606   0.00507   0.00260   0.01637   0.00000   0.00272   0.00420   0.03355   0.00116   0.10873   0.00352   0.00695   0.00385   0.03736   0.01312   0.00161   0.01836   0.00207   0.00452   0.00582   0.00331   0.00122   0.01108   0.01081   0.02567   0.00567   0.01611   0.01346   0.00521   0.00125   0.00245   0.01518   0.00658   1.60647   1.03217   0.95203   1.18910   0.38681   0.00000   0.40766  
 31 7058.2532   8875.392208  x:  0.00454   0.01000   0.00203   0.02521   0.03442   0.01027   0.01661   0.00154   0.00001   0.00686   0.00578   0.00000   0.00000   0.00350   0.00288   0.00370   0.00636   0.00253   0.00323   0.00286   0.01084   0.00000   0.00608   0.00513   0.00274   0.01656   0.00000   0.00269   0.00426   0.03422   0.00110   0.10873   0.00345   0.00688   0.00385   0.03745   0.01319   0.00153   0.01864   0.00235   0.00459   0.00577   0.00348   0.00123   0.01117   0.01080   0.02577   0.00587   0.01629   0.01330   0.00523   0.00117   0.00258   0.01524   0.00650   1.61904   1.03037   0.95270   1.18826   0.38870   0.00000   0.40601  
 32 2111.0738   8875.131936  x:  0.00413   0.00991   0.00202   0.02529   0.03433   0.01028   0.01699   0.00162   0.00001   0.00698   0.00595   0.00000   0.00000   0.00360   0.00284   0.00328   0.00612   0.00271   0.00320   0.00281   0.01084   0.00000   0.00621   0.00525   0.00287   0.01698   0.00000   0.00281   0.00409   0.03434   0.00115   0.10872   0.00337   0.00728   0.00396   0.03740   0.01314   0.00150   0.01874   0.00240   0.00518   0.00574   0.00356   0.00135   0.01135   0.01113   0.02595   0.00629   0.01627   0.01312   0.00509   0.00110   0.00302   0.01515   0.00641   1.63138   1.02858   0.95335   1.18745   0.39051   0.00000   0.40484  
 33 1790.1473   8874.634732  x:  0.00511   0.00937   0.00210   0.02485   0.03306   0.01027   0.01707   0.00149   0.00001   0.00701   0.00658   0.00000   0.00000   0.00378   0.00286   0.00347   0.00597   0.00274   0.00350   0.00293   0.01083   0.00000   0.00632   0.00535   0.00315   0.01788   0.00000   0.00335   0.00393   0.03361   0.00106   0.10870   0.00341   0.00757   0.00405   0.03701   0.01289   0.00158   0.01866   0.00246   0.00548   0.00581   0.00376   0.00130   0.01176   0.01184   0.02632   0.00663   0.01595   0.01325   0.00505   0.00120   0.00231   0.01491   0.00672   1.65169   1.02555   0.95440   1.18611   0.39341   0.00000   0.40390  
 34 1521.2090   8873.994626  x:  0.00511   0.00937   0.00216   0.02410   0.03053   0.01030   0.01696   0.00147   0.00001   0.00671   0.00678   0.00000   0.00000   0.00379   0.00311   0.00347   0.00640   0.00273   0.00357   0.00285   0.01081   0.00000   0.00586   0.00554   0.00314   0.01863   0.00000   0.00352   0.00448   0.03225   0.00115   0.10871   0.00398   0.00769   0.00399   0.03598   0.01293   0.00169   0.01868   0.00281   0.00484   0.00568   0.00376   0.00123   0.01222   0.01164   0.02670   0.00654   0.01578   0.01448   0.00532   0.00125   0.00315   0.01514   0.00802   1.67469   1.02201   0.95556   1.18460   0.39658   0.00000   0.40408  
 35 1741.9852   8873.359385  x:  0.00456   0.01001   0.00228   0.02383   0.02818   0.01041   0.01652   0.00165   0.00001   0.00691   0.00651   0.00000   0.00000   0.00390   0.00302   0.00339   0.00629   0.00280   0.00348   0.00286   0.01082   0.00000   0.00651   0.00563   0.00317   0.01892   0.00000   0.00323   0.00508   0.03106   0.00122   0.10870   0.00376   0.00695   0.00407   0.03500   0.01342   0.00162   0.01901   0.00261   0.00573   0.00571   0.00392   0.00130   0.01260   0.01057   0.02695   0.00631   0.01614   0.01569   0.00543   0.00115   0.00255   0.01568   0.00804   1.69261   1.01915   0.95643   1.18343   0.39891   0.00000   0.40560  
 36 1481.3393   8872.180369  x:  0.00512   0.01080   0.00205   0.02486   0.02600   0.01058   0.01606   0.00165   0.00001   0.00744   0.00638   0.00000   0.00000   0.00367   0.00266   0.00333   0.00575   0.00267   0.00365   0.00277   0.01086   0.00000   0.00576   0.00599   0.00314   0.01857   0.00000   0.00398   0.00530   0.03020   0.00097   0.10867   0.00297   0.00803   0.00388   0.03418   0.01445   0.00166   0.02004   0.00298   0.00514   0.00653   0.00380   0.00121   0.01247   0.00968   0.02709   0.00653   0.01762   0.01583   0.00552   0.00125   0.00273   0.01613   0.00613   1.71635   1.01502   0.95750   1.18190   0.40161   0.00000   0.41138  
 37 906.9129   8865.237181  x:  0.00471   0.01023   0.00225   0.03200   0.02196   0.01100   0.01601   0.00156   0.00001   0.00569   0.00750   0.00000   0.00000   0.00384   0.00349   0.00351   0.00737   0.00245   0.00302   0.00306   0.01082   0.00000   0.00704   0.00467   0.00301   0.01442   0.00000   0.00593   0.00337   0.02818   0.00155   0.10860   0.00461   0.00696   0.00365   0.03172   0.01752   0.00156   0.02421   0.00175   0.00473   0.00490   0.00381   0.00123   0.01131   0.01243   0.02658   0.00680   0.02372   0.01260   0.00530   0.00117   0.00282   0.01516   0.00676   1.84265   0.99216   0.96298   1.17379   0.41500   0.00000   0.45252  
 38 2346.3026   8852.450710  x:  0.00656   0.00721   0.00128   0.03703   0.02567   0.01072   0.01812   0.00080   0.00002   0.00592   0.00516   0.00000   0.00000   0.00389   0.00282   0.00370   0.00495   0.00332   0.00392   0.00297   0.01093   0.00000   0.00509   0.00497   0.00258   0.01094   0.00000   0.00411   0.00866   0.02670   0.00091   0.10828   0.00258   0.00735   0.00456   0.03037   0.01576   0.00158   0.02326   0.00293   0.00748   0.00544   0.00364   0.00160   0.00997   0.01265   0.02464   0.00405   0.02440   0.01220   0.00205   0.00119   0.00329   0.01372   0.01075   2.06382   0.95158   0.97246   1.15963   0.43801   0.00000   0.52954  
 39 7331.3887   8835.006917  x:  0.00653   0.00884   0.00129   0.03855   0.03427   0.01033   0.01893   0.00183   0.00002   0.00555   0.00723   0.00000   0.00000   0.00390   0.00238   0.00341   0.00570   0.00103   0.00201   0.00316   0.01106   0.00000   0.00659   0.00399   0.00325   0.00959   0.00000   0.00080   0.01204   0.02565   0.00146   0.10800   0.00156   0.00816   0.00349   0.03207   0.01082   0.00143   0.01780   0.00240   0.00592   0.00661   0.00400   0.00106   0.00763   0.01107   0.02235   0.01038   0.02047   0.01535   0.00473   0.00127   0.00249   0.01474   0.01038   2.36548   0.89602   0.98534   1.14030   0.46937   0.00000   0.63592  
 40 21587.0176   8826.385482  x:  0.00558   0.00986   0.00148   0.03597   0.04051   0.01057   0.02130   0.00189   0.00003   0.00394   0.00826   0.00000   0.00000   0.00428   0.00310   0.00329   0.00696   0.00133   0.00166   0.00323   0.01106   0.00000   0.00856   0.00338   0.00423   0.01036   0.00000   0.00562   0.01052   0.02596   0.00184   0.10790   0.00299   0.00938   0.00451   0.03471   0.01005   0.00106   0.01489   0.00194   0.00489   0.00520   0.00450   0.00097   0.00662   0.00864   0.02117   0.00746   0.01624   0.01892   0.00451   0.00081   0.00217   0.01844   0.00716   2.54321   0.86315   0.99292   1.12891   0.48792   0.00000   0.69887  
 41 21789.4549   8821.287900  x:  0.00663   0.01309   0.00063   0.02941   0.04270   0.01089   0.02301   0.00108   0.00003   0.00331   0.00938   0.00000   0.00000   0.00392   0.00329   0.00328   0.00708   0.00243   0.00270   0.00327   0.01106   0.00000   0.00741   0.00409   0.00383   0.00963   0.00000   0.00494   0.00712   0.02895   0.00165   0.10784   0.00313   0.00785   0.00385   0.03669   0.01341   0.00126   0.01567   0.00246   0.00525   0.00483   0.00412   0.00119   0.00782   0.00989   0.02213   0.00796   0.01433   0.02076   0.00196   0.00079   0.00239   0.02092   0.00668   2.62620   0.84761   0.99644   1.12357   0.49676   0.00000   0.72852  
 42 7122.1438   8818.676387  x:  0.00658   0.01277   0.00118   0.02332   0.04312   0.01108   0.02378   0.00139   0.00003   0.00323   0.00846   0.00000   0.00000   0.00400   0.00322   0.00339   0.00520   0.00129   0.00195   0.00337   0.01108   0.00000   0.00694   0.00360   0.00379   0.00913   0.00000   0.00525   0.00606   0.03229   0.00166   0.10777   0.00301   0.00747   0.00385   0.03842   0.01561   0.00127   0.01705   0.00219   0.00525   0.00513   0.00409   0.00089   0.00879   0.01070   0.02305   0.00772   0.01444   0.02082   0.00349   0.00099   0.00255   0.02169   0.00698   2.66914   0.83946   0.99827   1.12080   0.50149   0.00000   0.74380  
 43 5596.7637   8817.504482  x:  0.00645   0.01198   0.00110   0.01938   0.04262   0.01102   0.02349   0.00148   0.00003   0.00357   0.00812   0.00000   0.00000   0.00422   0.00297   0.00322   0.00662   0.00159   0.00212   0.00341   0.01111   0.00000   0.00783   0.00363   0.00402   0.00922   0.00000   0.00513   0.00595   0.03479   0.00163   0.10776   0.00240   0.00815   0.00319   0.03975   0.01584   0.00113   0.01774   0.00201   0.00488   0.00544   0.00422   0.00098   0.00838   0.00986   0.02329   0.00752   0.01557   0.01988   0.00309   0.00083   0.00246   0.02130   0.00738   2.68811   0.83575   0.99907   1.11955   0.50378   0.00000   0.75029  
 44 2356.0334   8817.279698  x:  0.00673   0.01199   0.00109   0.01863   0.04211   0.01101   0.02338   0.00136   0.00003   0.00320   0.00819   0.00000   0.00000   0.00418   0.00321   0.00328   0.00664   0.00164   0.00222   0.00339   0.01109   0.00000   0.00772   0.00368   0.00403   0.00926   0.00000   0.00466   0.00579   0.03564   0.00165   0.10778   0.00295   0.00829   0.00378   0.04015   0.01547   0.00118   0.01769   0.00214   0.00521   0.00518   0.00419   0.00090   0.00807   0.00928   0.02311   0.00750   0.01594   0.01957   0.00313   0.00084   0.00254   0.02099   0.00710   2.69158   0.83497   0.99922   1.11931   0.50437   0.00000   0.75125  
 45 562.2602   8817.060629  x:  0.00657   0.01211   0.00110   0.01861   0.04070   0.01103   0.02363   0.00132   0.00003   0.00311   0.00855   0.00000   0.00000   0.00421   0.00325   0.00334   0.00592   0.00179   0.00226   0.00340   0.01109   0.00000   0.00781   0.00374   0.00406   0.00916   0.00000   0.00444   0.00531   0.03717   0.00162   0.10777   0.00299   0.00825   0.00347   0.04075   0.01436   0.00115   0.01728   0.00210   0.00496   0.00505   0.00419   0.00094   0.00818   0.00931   0.02249   0.00713   0.01603   0.01995   0.00290   0.00078   0.00255   0.02072   0.00700   2.69385   0.83415   0.99933   1.11910   0.50530   0.00000   0.75124  
 46 178.4361   8816.879097  x:  0.00661   0.01210   0.00105   0.01887   0.03944   0.01106   0.02410   0.00136   0.00003   0.00325   0.00814   0.00000   0.00000   0.00416   0.00311   0.00328   0.00646   0.00166   0.00220   0.00339   0.01111   0.00000   0.00767   0.00363   0.00401   0.00900   0.00000   0.00450   0.00491   0.03843   0.00160   0.10776   0.00267   0.00810   0.00407   0.04115   0.01380   0.00114   0.01681   0.00214   0.00502   0.00523   0.00414   0.00093   0.00847   0.00957   0.02208   0.00714   0.01570   0.02036   0.00290   0.00081   0.00257   0.02058   0.00690   2.69525   0.83339   0.99939   1.11894   0.50633   0.00000   0.75065  
 47 232.5196   8816.668046  x:  0.00675   0.01186   0.00104   0.01912   0.03864   0.01099   0.02424   0.00133   0.00003   0.00301   0.00769   0.00000   0.00000   0.00412   0.00319   0.00331   0.00678   0.00150   0.00209   0.00337   0.01111   0.00000   0.00753   0.00355   0.00400   0.00883   0.00000   0.00445   0.00497   0.03906   0.00164   0.10776   0.00286   0.00824   0.00327   0.04120   0.01411   0.00119   0.01633   0.00218   0.00548   0.00513   0.00410   0.00088   0.00847   0.00949   0.02212   0.00714   0.01486   0.02018   0.00299   0.00085   0.00259   0.02050   0.00662   2.69611   0.83238   0.99945   1.11875   0.50794   0.00000   0.74900  
 48 141.6785   8815.942751  x:  0.00636   0.01130   0.00104   0.01944   0.03719   0.01095   0.02383   0.00132   0.00003   0.00284   0.00826   0.00000   0.00000   0.00424   0.00312   0.00335   0.00634   0.00159   0.00201   0.00338   0.01115   0.00000   0.00774   0.00336   0.00420   0.00823   0.00000   0.00394   0.00536   0.03981   0.00160   0.10773   0.00268   0.00867   0.00381   0.04091   0.01592   0.00108   0.01518   0.00203   0.00487   0.00500   0.00419   0.00092   0.00789   0.00901   0.02245   0.00713   0.01275   0.01913   0.00267   0.00073   0.00247   0.02046   0.00680   2.69835   0.82870   0.99961   1.11809   0.51405   0.00000   0.74209  
 49 398.6836   8812.756734  x:  0.00605   0.01141   0.00056   0.01658   0.03698   0.01130   0.02415   0.00113   0.00004   0.00184   0.00802   0.00000   0.00000   0.00401   0.00285   0.00367   0.00557   0.00080   0.00119   0.00334   0.01129   0.00000   0.00658   0.00244   0.00414   0.00771   0.00000   0.00480   0.00512   0.03709   0.00170   0.10756   0.00196   0.00813   0.00366   0.03743   0.01582   0.00117   0.01373   0.00173   0.00496   0.00482   0.00393   0.00097   0.00584   0.00895   0.02003   0.00786   0.01436   0.01826   0.00170   0.00080   0.00241   0.02097   0.00736   2.70594   0.81332   1.00025   1.11538   0.53987   0.00000   0.71189  
 50 705.1445   8812.395388  x:  0.00581   0.01135   0.00061   0.01610   0.03699   0.01105   0.02402   0.00107   0.00004   0.00155   0.00836   0.00000   0.00000   0.00398   0.00291   0.00361   0.00586   0.00078   0.00106   0.00332   0.01130   0.00000   0.00640   0.00223   0.00418   0.00730   0.00000   0.00456   0.00612   0.03688   0.00171   0.10754   0.00208   0.00831   0.00384   0.03682   0.01511   0.00114   0.01448   0.00171   0.00487   0.00451   0.00399   0.00101   0.00627   0.00968   0.02029   0.00766   0.01435   0.01831   0.00145   0.00078   0.00224   0.02130   0.00662   2.70676   0.81132   1.00033   1.11503   0.54318   0.00000   0.70815  
 51 739.9628   8812.348462  x:  0.00582   0.01138   0.00058   0.01610   0.03696   0.01088   0.02399   0.00107   0.00004   0.00156   0.00829   0.00000   0.00000   0.00398   0.00289   0.00363   0.00581   0.00077   0.00107   0.00333   0.01130   0.00000   0.00638   0.00224   0.00416   0.00711   0.00000   0.00467   0.00592   0.03684   0.00170   0.10754   0.00204   0.00825   0.00387   0.03668   0.01460   0.00114   0.01498   0.00168   0.00488   0.00456   0.00397   0.00100   0.00617   0.00946   0.02070   0.00773   0.01403   0.01815   0.00144   0.00079   0.00226   0.02148   0.00674   2.70685   0.81091   1.00034   1.11496   0.54377   0.00000   0.70773  
 52 109.7529   8812.295418  x:  0.00584   0.01137   0.00059   0.01610   0.03690   0.01158   0.02372   0.00105   0.00004   0.00155   0.00817   0.00000   0.00000   0.00402   0.00290   0.00363   0.00581   0.00079   0.00110   0.00334   0.01130   0.00000   0.00633   0.00227   0.00419   0.00708   0.00000   0.00462   0.00594   0.03685   0.00169   0.10753   0.00207   0.00834   0.00387   0.03669   0.01437   0.00115   0.01500   0.00166   0.00492   0.00455   0.00398   0.00100   0.00631   0.00952   0.02049   0.00778   0.01394   0.01772   0.00143   0.00079   0.00224   0.02224   0.00688   2.70713   0.80878   1.00041   1.11463   0.54608   0.00000   0.70804  
 53 26.8106   8811.710714  x:  0.00584   0.01111   0.00064   0.01604   0.03676   0.00932   0.02329   0.00101   0.00004   0.00159   0.00804   0.00000   0.00000   0.00408   0.00292   0.00363   0.00577   0.00084   0.00121   0.00335   0.01128   0.00000   0.00613   0.00240   0.00419   0.00720   0.00000   0.00455   0.00584   0.03685   0.00166   0.10746   0.00210   0.00836   0.00396   0.03680   0.01430   0.00118   0.01445   0.00161   0.00498   0.00456   0.00399   0.00101   0.00693   0.00957   0.01941   0.00799   0.01419   0.01665   0.00142   0.00083   0.00220   0.02453   0.00716   2.70994   0.78448   1.00119   1.11074   0.57235   0.00000   0.71221  
 54 238.4707   8803.050191  x:  0.00608   0.01201   0.00085   0.01538   0.03805   0.01002   0.02330   0.00110   0.00004   0.00206   0.00736   0.00000   0.00000   0.00408   0.00302   0.00385   0.00580   0.00101   0.00135   0.00343   0.01101   0.00000   0.00648   0.00267   0.00415   0.00723   0.00000   0.00443   0.00540   0.03659   0.00196   0.10657   0.00222   0.00887   0.00406   0.03779   0.01398   0.00154   0.01368   0.00148   0.00489   0.00456   0.00389   0.00130   0.00632   0.00988   0.02207   0.00738   0.01435   0.01786   0.00144   0.00119   0.00222   0.02319   0.00656   2.74558   0.46597   1.01142   1.05985   0.91639   0.00000   0.76710  
 55 2663.0963   8802.824200  x:  0.00598   0.01138   0.00089   0.01527   0.03806   0.01025   0.02383   0.00108   0.00005   0.00210   0.00790   0.00000   0.00000   0.00396   0.00299   0.00381   0.00585   0.00099   0.00135   0.00341   0.01101   0.00000   0.00624   0.00262   0.00401   0.00747   0.00000   0.00451   0.00554   0.03653   0.00196   0.10654   0.00215   0.00840   0.00395   0.03767   0.01414   0.00157   0.01453   0.00148   0.00482   0.00457   0.00386   0.00132   0.00665   0.00926   0.02104   0.00772   0.01380   0.01779   0.00138   0.00123   0.00222   0.02283   0.00633   2.74660   0.45640   1.01175   1.05819   0.92681   0.00000   0.76879  
 56 1369.7420   8802.804938  x:  0.00601   0.01154   0.00088   0.01525   0.03806   0.01020   0.02368   0.00109   0.00005   0.00210   0.00778   0.00000   0.00000   0.00398   0.00299   0.00382   0.00584   0.00099   0.00135   0.00342   0.01101   0.00000   0.00632   0.00263   0.00403   0.00752   0.00000   0.00449   0.00555   0.03651   0.00196   0.10654   0.00216   0.00851   0.00397   0.03770   0.01419   0.00157   0.01482   0.00147   0.00483   0.00458   0.00387   0.00132   0.00649   0.00938   0.02067   0.00769   0.01358   0.01784   0.00140   0.00123   0.00222   0.02271   0.00637   2.74673   0.45575   1.01182   1.05792   0.92767   0.00000   0.76893  
 57 104.6855   8796.650437  x:  0.00589   0.01154   0.00114   0.01386   0.03790   0.01033   0.02394   0.00107   0.00006   0.00240   0.00721   0.00000   0.00000   0.00383   0.00308   0.00417   0.00573   0.00104   0.00142   0.00347   0.01062   0.00000   0.00600   0.00273   0.00383   0.00868   0.00000   0.00426   0.00525   0.03595   0.00227   0.10494   0.00202   0.00854   0.00417   0.03709   0.01336   0.00199   0.01481   0.00115   0.00462   0.00448   0.00362   0.00168   0.00606   0.00927   0.02163   0.00766   0.01205   0.01745   0.00092   0.00169   0.00222   0.02229   0.00549   2.78526   0.53711   1.08219   0.76376   1.10898   0.00000   0.80826  
 58 17.7609   8789.779046  x:  0.00568   0.01155   0.00128   0.01315   0.03591   0.01017   0.02384   0.00095   0.00007   0.00226   0.00617   0.00000   0.00000   0.00376   0.00317   0.00456   0.00547   0.00101   0.00136   0.00350   0.01016   0.00000   0.00549   0.00268   0.00376   0.01013   0.00000   0.00386   0.00507   0.03543   0.00248   0.10272   0.00174   0.00880   0.00453   0.03426   0.01232   0.00230   0.01413   0.00072   0.00447   0.00433   0.00333   0.00193   0.00534   0.00963   0.02324   0.00750   0.01095   0.01596   0.00012   0.00208   0.00219   0.02267   0.00497   2.83595   0.41628   1.07606   0.55372   0.95861   0.00000   0.78151  
 59 16.0730   8778.203383  x:  0.00522   0.01077   0.00124   0.01231   0.03184   0.01014   0.02364   0.00101   0.00010   0.00226   0.00431   0.00000   0.00000   0.00361   0.00336   0.00537   0.00487   0.00028   0.00114   0.00354   0.00867   0.00000   0.00470   0.00244   0.00357   0.01330   0.00000   0.00302   0.00542   0.03499   0.00284   0.09571   0.00191   0.00940   0.00533   0.02947   0.01026   0.00285   0.01373   0.00013   0.00397   0.00417   0.00287   0.00258   0.00516   0.01022   0.02658   0.00725   0.00908   0.01308   0.00123   0.00277   0.00217   0.02349   0.00378   2.97769   0.36026   0.85042   0.43712   0.81229   0.00000   0.76846  
 60  5.6422   8764.878936  x:  0.00495   0.01021   0.00134   0.01313   0.02875   0.01011   0.02373   0.00084   0.00013   0.00133   0.00304   0.00000   0.00000   0.00360   0.00371   0.00572   0.00456   0.00000   0.00101   0.00343   0.00702   0.00000   0.00435   0.00214   0.00352   0.01627   0.00000   0.00243   0.00485   0.03371   0.00263   0.08723   0.00147   0.00965   0.00565   0.02433   0.00885   0.00253   0.01398   0.00081   0.00376   0.00418   0.00277   0.00252   0.00486   0.01065   0.02935   0.00718   0.00803   0.01161   0.00141   0.00276   0.00235   0.02383   0.00369   3.07284   0.38733   0.55013   0.46516   0.82866   0.00000   0.78811  
 61 14.3641   8760.688521  x:  0.00482   0.00987   0.00135   0.01347   0.02731   0.01010   0.02383   0.00080   0.00015   0.00095   0.00245   0.00000   0.00000   0.00359   0.00394   0.00592   0.00436   0.00006   0.00091   0.00337   0.00623   0.00000   0.00425   0.00201   0.00349   0.01761   0.00000   0.00214   0.00460   0.03290   0.00255   0.08325   0.00123   0.00977   0.00580   0.02176   0.00820   0.00235   0.01411   0.00109   0.00368   0.00419   0.00272   0.00245   0.00479   0.01088   0.03060   0.00714   0.00758   0.01096   0.00149   0.00276   0.00245   0.02394   0.00358   3.11421   0.40070   0.40909   0.47964   0.83594   0.00000   0.79684  
 62 172.7663   8752.205986  x:  0.00456   0.00940   0.00128   0.01447   0.02537   0.00992   0.02368   0.00077   0.00017   0.00023   0.00194   0.00000   0.00000   0.00366   0.00423   0.00608   0.00412   0.00008   0.00078   0.00326   0.00511   0.00000   0.00421   0.00181   0.00356   0.01910   0.00000   0.00184   0.00425   0.03188   0.00230   0.07732   0.00095   0.00993   0.00590   0.01849   0.00763   0.00189   0.01412   0.00161   0.00366   0.00425   0.00279   0.00219   0.00496   0.01131   0.03210   0.00717   0.00765   0.01022   0.00187   0.00254   0.00260   0.02423   0.00387   3.11748   0.30600   0.60523   0.38108   0.83446   0.00000   0.81433  
 63 15.9599   8727.770517  x:  0.00317   0.00861   0.00145   0.01606   0.01927   0.01008   0.02328   0.00084   0.00019   0.00244   0.00262   0.00000   0.00000   0.00368   0.00399   0.00686   0.00370   0.00014   0.00082   0.00309   0.00056   0.00000   0.00286   0.00106   0.00362   0.02135   0.00000   0.00141   0.00550   0.02953   0.00231   0.05494   0.00056   0.01056   0.00632   0.01098   0.00717   0.00220   0.01453   0.00251   0.00352   0.00382   0.00294   0.00257   0.00417   0.01259   0.03419   0.00778   0.00931   0.00811   0.00239   0.00280   0.00259   0.02242   0.00387   3.22347   0.24874   1.00687   0.46410   0.79917   0.00000   0.86803  
 64  4.1156   8724.114471  x:  0.00308   0.00859   0.00145   0.01661   0.01913   0.01012   0.02323   0.00086   0.00020   0.00231   0.00289   0.00000   0.00000   0.00374   0.00398   0.00690   0.00371   0.00014   0.00087   0.00310   0.00012   0.00000   0.00291   0.00114   0.00367   0.02147   0.00000   0.00145   0.00550   0.02954   0.00230   0.05246   0.00060   0.01061   0.00630   0.01111   0.00750   0.00219   0.01475   0.00244   0.00355   0.00386   0.00301   0.00257   0.00430   0.01257   0.03421   0.00784   0.00974   0.00829   0.00234   0.00279   0.00261   0.02192   0.00409   3.22769   0.26422   0.99950   0.48530   0.82264   0.00000   0.88214  
 65  2.5858   8699.918011  x:  0.00177   0.01066   0.00184   0.02750   0.02077   0.01068   0.02140   0.00084   0.00011   0.00108   0.00988   0.00000   0.00000   0.00499   0.00000   0.00612   0.00532   0.00014   0.00215   0.00338   0.00081   0.00000   0.00386   0.00156   0.00449   0.02046   0.00000   0.00358   0.00670   0.03503   0.00168   0.03983   0.00159   0.01007   0.00517   0.02502   0.01524   0.00259   0.01876   0.00096   0.00460   0.00473   0.00481   0.00243   0.00510   0.01199   0.03178   0.00987   0.01982   0.01269   0.00128   0.00112   0.00263   0.01317   0.01017   3.29988   0.43462   0.89205   0.63478   1.30360   0.00000   1.14725  
 66  1.2425   8699.918011  x:  0.00177   0.01066   0.00184   0.02750   0.02077   0.01068   0.02140   0.00084   0.00011   0.00108   0.00988   0.00000   0.00000   0.00499   0.00000   0.00612   0.00532   0.00014   0.00215   0.00338   0.00081   0.00000   0.00386   0.00156   0.00449   0.02046   0.00000   0.00358   0.00670   0.03503   0.00168   0.03983   0.00159   0.01007   0.00517   0.02502   0.01524   0.00259   0.01876   0.00096   0.00460   0.00473   0.00481   0.00243   0.00510   0.01199   0.03178   0.00987   0.01982   0.01269   0.00128   0.00112   0.00263   0.01317   0.01017   3.29988   0.43462   0.89205   0.63478   1.30360   0.00000   1.14725  
 67 149.4747   8691.044365  x:  0.00179   0.01066   0.00184   0.02750   0.02077   0.01068   0.02140   0.00086   0.00032   0.00110   0.00987   0.00000   0.00000   0.00499   0.00293   0.00612   0.00532   0.00021   0.00215   0.00337   0.00082   0.00000   0.00386   0.00157   0.00448   0.02045   0.00000   0.00357   0.00670   0.03502   0.00168   0.03982   0.00160   0.01007   0.00517   0.02502   0.01524   0.00259   0.01876   0.00097   0.00460   0.00473   0.00480   0.00243   0.00510   0.01199   0.03178   0.00987   0.01981   0.01269   0.00128   0.00112   0.00262   0.01317   0.01016   3.29988   0.43462   0.89205   0.63478   1.30360   0.00000   1.14725  
 68 229803.5564   8686.968904  x:  0.00219   0.01062   0.00179   0.02728   0.02085   0.01068   0.02138   0.00080   0.00255   0.00136   0.00961   0.00000   0.00000   0.00488   0.00279   0.00619   0.00529   0.00175   0.00196   0.00332   0.00129   0.00000   0.00383   0.00183   0.00438   0.02030   0.00000   0.00350   0.00658   0.03490   0.00167   0.03929   0.00163   0.01002   0.00513   0.02496   0.01515   0.00244   0.01864   0.00132   0.00462   0.00469   0.00467   0.00239   0.00512   0.01199   0.03167   0.00979   0.01965   0.01266   0.00105   0.00095   0.00259   0.01331   0.00990   3.29988   0.43461   0.89205   0.63478   1.30359   0.00001   1.14727  
 69 6456.7146   8679.986806  x:  0.00359   0.01040   0.00158   0.02602   0.02128   0.01067   0.02127   0.00067   0.00266   0.00199   0.00814   0.00000   0.00000   0.00427   0.00279   0.00653   0.00515   0.00097   0.00108   0.00310   0.00190   0.00000   0.00373   0.00269   0.00383   0.01944   0.00000   0.00309   0.00592   0.03423   0.00164   0.03624   0.00175   0.00973   0.00492   0.02461   0.01462   0.00172   0.01796   0.00218   0.00468   0.00447   0.00400   0.00222   0.00524   0.01200   0.03102   0.00936   0.01874   0.01253   0.00016   0.00035   0.00240   0.01407   0.00838   3.29987   0.43459   0.89204   0.63479   1.30355   0.00003   1.14738  
 70 2235.5325   8675.481475  x:  0.00484   0.01016   0.00140   0.02469   0.02174   0.01065   0.02114   0.00062   0.00280   0.00250   0.00660   0.00000   0.00000   0.00367   0.00279   0.00686   0.00501   0.00032   0.00042   0.00289   0.00240   0.00000   0.00362   0.00342   0.00330   0.01853   0.00000   0.00268   0.00524   0.03353   0.00161   0.03298   0.00185   0.00942   0.00471   0.02424   0.01406   0.00106   0.01724   0.00291   0.00475   0.00424   0.00334   0.00207   0.00535   0.01202   0.03034   0.00892   0.01777   0.01240   0.00100   0.00035   0.00223   0.01485   0.00681   3.29987   0.43457   0.89203   0.63480   1.30350   0.00006   1.14749  
 71 15810.9565   8668.790984  x:  0.00651   0.00976   0.00125   0.02225   0.02257   0.01061   0.02092   0.00081   0.00231   0.00295   0.00392   0.00000   0.00000   0.00278   0.00281   0.00741   0.00476   0.00052   0.00204   0.00262   0.00278   0.00000   0.00347   0.00427   0.00256   0.01688   0.00000   0.00208   0.00408   0.03224   0.00160   0.02683   0.00193   0.00890   0.00436   0.02355   0.01306   0.00053   0.01593   0.00370   0.00485   0.00390   0.00240   0.00192   0.00552   0.01205   0.02908   0.00815   0.01600   0.01216   0.00123   0.00133   0.00203   0.01620   0.00408   3.29985   0.43453   0.89201   0.63481   1.30340   0.00009   1.14771  
 72 11160.5317   8661.381292  x:  0.00719   0.00939   0.00158   0.01942   0.02351   0.01055   0.02065   0.00079   0.00173   0.00257   0.00185   0.00000   0.00000   0.00272   0.00284   0.00780   0.00455   0.00134   0.00166   0.00267   0.00232   0.00000   0.00344   0.00420   0.00273   0.01503   0.00000   0.00197   0.00313   0.03077   0.00166   0.01904   0.00177   0.00842   0.00413   0.02273   0.01197   0.00288   0.01447   0.00362   0.00488   0.00375   0.00262   0.00211   0.00560   0.01209   0.02759   0.00746   0.01398   0.01189   0.00138   0.00096   0.00217   0.01753   0.00209   3.29984   0.43449   0.89200   0.63482   1.30330   0.00008   1.14797  
 73 6081.4554   8641.342402  x:  0.00779   0.00874   0.00161   0.01333   0.02539   0.01040   0.02009   0.00079   0.00209   0.00148   0.00291   0.00000   0.00000   0.00317   0.00282   0.00837   0.00421   0.00122   0.00163   0.00286   0.00126   0.00000   0.00346   0.00345   0.00324   0.01126   0.00000   0.00234   0.00196   0.02766   0.00173   0.00118   0.00153   0.00763   0.00381   0.02093   0.00978   0.00269   0.01147   0.00292   0.00489   0.00366   0.00320   0.00227   0.00567   0.01212   0.02436   0.00635   0.00985   0.01133   0.00130   0.00085   0.00241   0.02008   0.00304   3.29979   0.43438   0.89195   0.63485   1.30306   0.00001   1.14856  
 74 6872.5024   8641.037958  x:  0.00772   0.00875   0.00161   0.01329   0.02542   0.01039   0.02009   0.00078   0.00208   0.00152   0.00286   0.00000   0.00000   0.00317   0.00282   0.00835   0.00422   0.00122   0.00162   0.00285   0.00134   0.00000   0.00346   0.00341   0.00322   0.01126   0.00000   0.00236   0.00210   0.02762   0.00173   0.00088   0.00155   0.00765   0.00384   0.02090   0.00978   0.00268   0.01147   0.00288   0.00489   0.00368   0.00319   0.00226   0.00567   0.01212   0.02431   0.00639   0.00985   0.01133   0.00129   0.00086   0.00239   0.02009   0.00302   3.29979   0.43438   0.89195   0.63485   1.30306   0.00000   1.14858  
 75 1864.1265   8640.749474  x:  0.00710   0.00882   0.00158   0.01267   0.02570   0.01034   0.02000   0.00091   0.00220   0.00156   0.00265   0.00000   0.00000   0.00311   0.00282   0.00818   0.00429   0.00121   0.00152   0.00280   0.00112   0.00000   0.00346   0.00312   0.00310   0.01118   0.00000   0.00246   0.00223   0.02699   0.00168   0.00098   0.00157   0.00779   0.00403   0.02051   0.00972   0.00241   0.01139   0.00266   0.00484   0.00373   0.00304   0.00218   0.00559   0.01213   0.02369   0.00675   0.00973   0.01126   0.00123   0.00075   0.00228   0.02025   0.00286   3.29978   0.43435   0.89194   0.63486   1.30300   0.00000   1.14876  
 76 353.6241   8640.606583  x:  0.00668   0.00886   0.00159   0.01229   0.02592   0.01029   0.01993   0.00071   0.00220   0.00158   0.00265   0.00000   0.00000   0.00308   0.00282   0.00807   0.00432   0.00118   0.00147   0.00279   0.00141   0.00000   0.00345   0.00305   0.00307   0.01115   0.00000   0.00248   0.00218   0.02650   0.00168   0.00110   0.00156   0.00787   0.00411   0.02020   0.00967   0.00239   0.01136   0.00261   0.00482   0.00373   0.00301   0.00219   0.00555   0.01214   0.02322   0.00693   0.00966   0.01121   0.00118   0.00087   0.00228   0.02037   0.00283   3.29977   0.43433   0.89193   0.63486   1.30295   0.00000   1.14891  
 77 724.0200   8640.526375  x:  0.00640   0.00889   0.00160   0.01222   0.02611   0.01026   0.01988   0.00091   0.00219   0.00166   0.00272   0.00000   0.00000   0.00305   0.00282   0.00799   0.00432   0.00116   0.00152   0.00280   0.00154   0.00000   0.00344   0.00326   0.00309   0.01123   0.00000   0.00244   0.00220   0.02605   0.00172   0.00112   0.00158   0.00789   0.00410   0.01992   0.00967   0.00247   0.01144   0.00280   0.00482   0.00369   0.00304   0.00222   0.00555   0.01215   0.02282   0.00700   0.00973   0.01118   0.00121   0.00079   0.00233   0.02043   0.00287   3.29976   0.43430   0.89192   0.63487   1.30290   0.00000   1.14908  
 78 356.0730   8640.452626  x:  0.00619   0.00892   0.00159   0.01230   0.02630   0.01024   0.01984   0.00075   0.00219   0.00168   0.00273   0.00000   0.00000   0.00304   0.00282   0.00793   0.00430   0.00116   0.00154   0.00280   0.00135   0.00000   0.00343   0.00351   0.00310   0.01138   0.00000   0.00242   0.00227   0.02559   0.00173   0.00108   0.00159   0.00789   0.00406   0.01962   0.00971   0.00249   0.01157   0.00303   0.00484   0.00365   0.00305   0.00223   0.00556   0.01216   0.02241   0.00701   0.00987   0.01115   0.00122   0.00081   0.00236   0.02048   0.00290   3.29974   0.43427   0.89190   0.63488   1.30283   0.00000   1.14930  
 79 452.9470   8640.422924  x:  0.00618   0.00891   0.00159   0.01247   0.02640   0.01023   0.01982   0.00081   0.00219   0.00154   0.00270   0.00000   0.00000   0.00309   0.00282   0.00794   0.00430   0.00118   0.00147   0.00280   0.00136   0.00000   0.00344   0.00351   0.00311   0.01146   0.00000   0.00248   0.00225   0.02535   0.00169   0.00106   0.00155   0.00785   0.00401   0.01945   0.00975   0.00244   0.01163   0.00304   0.00485   0.00368   0.00305   0.00220   0.00557   0.01216   0.02223   0.00694   0.00994   0.01115   0.00118   0.00089   0.00231   0.02048   0.00287   3.29973   0.43424   0.89189   0.63488   1.30278   0.00000   1.14949  
 80 193.1682   8640.394622  x:  0.00624   0.00888   0.00160   0.01268   0.02650   0.01024   0.01981   0.00077   0.00218   0.00153   0.00269   0.00000   0.00000   0.00312   0.00282   0.00798   0.00430   0.00119   0.00152   0.00281   0.00141   0.00000   0.00346   0.00342   0.00311   0.01151   0.00000   0.00257   0.00221   0.02509   0.00169   0.00106   0.00155   0.00780   0.00397   0.01928   0.00979   0.00240   0.01167   0.00296   0.00485   0.00372   0.00305   0.00219   0.00559   0.01216   0.02206   0.00684   0.00999   0.01117   0.00122   0.00077   0.00228   0.02047   0.00286   3.29971   0.43420   0.89187   0.63489   1.30270   0.00000   1.14974  
 81 233.2042   8640.370821  x:  0.00636   0.00885   0.00159   0.01284   0.02658   0.01025   0.01980   0.00079   0.00219   0.00167   0.00271   0.00000   0.00000   0.00309   0.00282   0.00803   0.00429   0.00118   0.00150   0.00280   0.00138   0.00000   0.00345   0.00330   0.00310   0.01151   0.00000   0.00262   0.00223   0.02487   0.00172   0.00108   0.00159   0.00776   0.00395   0.01912   0.00983   0.00243   0.01167   0.00285   0.00485   0.00372   0.00305   0.00222   0.00560   0.01214   0.02195   0.00676   0.01000   0.01119   0.00120   0.00084   0.00231   0.02046   0.00288   3.29969   0.43416   0.89185   0.63490   1.30262   0.00000   1.15005  
 82 223.2395   8640.339381  x:  0.00656   0.00883   0.00157   0.01295   0.02664   0.01028   0.01981   0.00078   0.00222   0.00155   0.00273   0.00000   0.00000   0.00301   0.00282   0.00809   0.00429   0.00115   0.00153   0.00279   0.00140   0.00000   0.00342   0.00327   0.00309   0.01145   0.00000   0.00255   0.00242   0.02467   0.00173   0.00112   0.00154   0.00779   0.00402   0.01896   0.00987   0.00249   0.01163   0.00277   0.00482   0.00364   0.00304   0.00223   0.00558   0.01212   0.02196   0.00683   0.00996   0.01123   0.00121   0.00083   0.00239   0.02040   0.00292   3.29965   0.43407   0.89180   0.63492   1.30243   0.00000   1.15067  
 83 125.8980   8640.230407  x:  0.00692   0.00888   0.00166   0.01309   0.02670   0.01034   0.01988   0.00078   0.00211   0.00160   0.00280   0.00000   0.00000   0.00323   0.00282   0.00811   0.00431   0.00126   0.00151   0.00283   0.00138   0.00000   0.00342   0.00333   0.00316   0.01135   0.00000   0.00241   0.00237   0.02424   0.00161   0.00112   0.00165   0.00802   0.00425   0.01861   0.00999   0.00248   0.01159   0.00274   0.00478   0.00362   0.00312   0.00216   0.00548   0.01205   0.02226   0.00728   0.00996   0.01137   0.00124   0.00084   0.00226   0.02007   0.00292   3.29947   0.43369   0.89162   0.63500   1.30170   0.00000   1.15321  
 84 254.1199   8639.990127  x:  0.00704   0.00901   0.00145   0.01313   0.02667   0.01039   0.02003   0.00079   0.00217   0.00165   0.00266   0.00000   0.00000   0.00321   0.00282   0.00800   0.00432   0.00118   0.00158   0.00284   0.00136   0.00000   0.00353   0.00338   0.00319   0.01138   0.00000   0.00278   0.00216   0.02379   0.00194   0.00105   0.00135   0.00827   0.00432   0.01813   0.01009   0.00251   0.01165   0.00283   0.00481   0.00387   0.00314   0.00233   0.00542   0.01197   0.02298   0.00770   0.01002   0.01153   0.00125   0.00085   0.00232   0.01935   0.00300   3.29905   0.43283   0.89121   0.63518   1.30001   0.00000   1.15904  
 85 750.8788   8639.421945  x:  0.00682   0.00919   0.00174   0.01289   0.02651   0.01043   0.02033   0.00077   0.00226   0.00137   0.00285   0.00000   0.00000   0.00282   0.00282   0.00772   0.00431   0.00108   0.00160   0.00278   0.00136   0.00000   0.00357   0.00339   0.00308   0.01153   0.00000   0.00354   0.00226   0.02318   0.00188   0.00109   0.00199   0.00833   0.00397   0.01733   0.01006   0.00259   0.01183   0.00306   0.00493   0.00407   0.00302   0.00234   0.00548   0.01190   0.02445   0.00768   0.01007   0.01166   0.00123   0.00086   0.00257   0.01791   0.00279   3.29801   0.43067   0.89017   0.63563   1.29578   0.00000   1.17365  
 86 2269.3495   8638.425146  x:  0.00614   0.00924   0.00165   0.01247   0.02623   0.01043   0.02066   0.00079   0.00208   0.00178   0.00271   0.00000   0.00000   0.00305   0.00282   0.00748   0.00434   0.00133   0.00149   0.00279   0.00147   0.00000   0.00336   0.00335   0.00305   0.01179   0.00000   0.00373   0.00277   0.02263   0.00125   0.00132   0.00148   0.00798   0.00349   0.01658   0.00994   0.00254   0.01207   0.00316   0.00496   0.00366   0.00300   0.00197   0.00566   0.01192   0.02624   0.00685   0.01010   0.01162   0.00124   0.00083   0.00245   0.01626   0.00305   3.29630   0.42710   0.88845   0.63636   1.28878   0.00000   1.19783  
 87 4685.8697   8637.228097  x:  0.00498   0.00914   0.00156   0.01259   0.02584   0.01038   0.02085   0.00079   0.00221   0.00168   0.00271   0.00000   0.00000   0.00357   0.00282   0.00743   0.00450   0.00134   0.00137   0.00287   0.00154   0.00000   0.00330   0.00322   0.00319   0.01231   0.00000   0.00278   0.00308   0.02254   0.00239   0.00141   0.00168   0.00757   0.00381   0.01648   0.01009   0.00221   0.01243   0.00284   0.00482   0.00322   0.00315   0.00222   0.00578   0.01204   0.02758   0.00599   0.01051   0.01139   0.00117   0.00079   0.00192   0.01524   0.00274   3.29406   0.42247   0.88622   0.63731   1.27971   0.00000   1.22926  
 88 6079.3582   8634.955172  x:  0.00339   0.00896   0.00181   0.01376   0.02522   0.01028   0.02083   0.00080   0.00267   0.00173   0.00239   0.00000   0.00000   0.00324   0.00280   0.00760   0.00469   0.00100   0.00138   0.00281   0.00155   0.00000   0.00371   0.00304   0.00309   0.01335   0.00000   0.00143   0.00270   0.02336   0.00178   0.00131   0.00169   0.00745   0.00487   0.01741   0.01066   0.00224   0.01307   0.00221   0.00469   0.00417   0.00301   0.00229   0.00573   0.01231   0.02838   0.00604   0.01164   0.01097   0.00104   0.00076   0.00268   0.01536   0.00303   3.29020   0.41449   0.88236   0.63895   1.26405   0.00000   1.28362  
 89 8363.4645   8631.510231  x:  0.00245   0.00886   0.00128   0.01549   0.02435   0.01009   0.02043   0.00079   0.00244   0.00194   0.00354   0.00000   0.00000   0.00295   0.00280   0.00783   0.00480   0.00142   0.00128   0.00284   0.00168   0.00000   0.00369   0.00313   0.00312   0.01475   0.00000   0.00314   0.00330   0.02590   0.00152   0.00167   0.00143   0.00800   0.00617   0.01987   0.01145   0.00255   0.01399   0.00213   0.00455   0.00434   0.00310   0.00216   0.00541   0.01276   0.02796   0.00736   0.01328   0.01043   0.00110   0.00077   0.00219   0.01734   0.00254   3.28355   0.40080   0.87572   0.64174   1.23717   0.00000   1.37714  
 90 15302.2185   8630.215797  x:  0.00278   0.00923   0.00200   0.01578   0.02409   0.01006   0.02027   0.00080   0.00242   0.00187   0.00271   0.00000   0.00000   0.00345   0.00280   0.00746   0.00481   0.00143   0.00136   0.00292   0.00178   0.00000   0.00361   0.00283   0.00325   0.01536   0.00000   0.00377   0.00369   0.02704   0.00191   0.00196   0.00182   0.00844   0.00593   0.02089   0.01158   0.00252   0.01447   0.00234   0.00471   0.00425   0.00324   0.00220   0.00536   0.01290   0.02728   0.00797   0.01385   0.01050   0.00114   0.00079   0.00208   0.01810   0.00358   3.28111   0.39579   0.87328   0.64275   1.22732   0.00000   1.41153  
 91 13926.5856   8629.628417  x:  0.00322   0.00993   0.00168   0.01573   0.02404   0.01020   0.02031   0.00081   0.00253   0.00188   0.00289   0.00000   0.00000   0.00393   0.00280   0.00673   0.00489   0.00132   0.00143   0.00301   0.00179   0.00000   0.00372   0.00233   0.00345   0.01584   0.00000   0.00334   0.00383   0.02775   0.00183   0.00201   0.00182   0.00893   0.00487   0.02146   0.01158   0.00248   0.01496   0.00220   0.00496   0.00428   0.00342   0.00236   0.00549   0.01285   0.02647   0.00838   0.01412   0.01111   0.00114   0.00080   0.00246   0.01801   0.00320   3.28006   0.39370   0.87224   0.64315   1.22318   0.00000   1.42623  
 92 3440.1956   8629.470862  x:  0.00324   0.01020   0.00174   0.01577   0.02411   0.01036   0.02043   0.00081   0.00247   0.00189   0.00298   0.00000   0.00000   0.00361   0.00280   0.00660   0.00499   0.00142   0.00137   0.00295   0.00178   0.00000   0.00373   0.00246   0.00333   0.01589   0.00000   0.00311   0.00376   0.02809   0.00194   0.00197   0.00175   0.00908   0.00442   0.02167   0.01169   0.00257   0.01510   0.00191   0.00492   0.00433   0.00331   0.00227   0.00552   0.01273   0.02602   0.00851   0.01408   0.01154   0.00114   0.00079   0.00214   0.01769   0.00331   3.27978   0.39320   0.87197   0.64324   1.22214   0.00000   1.43014  
 93 1166.5895   8629.381999  x:  0.00305   0.01026   0.00166   0.01589   0.02430   0.01058   0.02065   0.00081   0.00247   0.00187   0.00289   0.00000   0.00000   0.00358   0.00280   0.00682   0.00508   0.00143   0.00136   0.00298   0.00179   0.00000   0.00364   0.00242   0.00337   0.01570   0.00000   0.00314   0.00368   0.02852   0.00190   0.00196   0.00182   0.00908   0.00442   0.02185   0.01196   0.00251   0.01512   0.00208   0.00474   0.00424   0.00338   0.00230   0.00548   0.01249   0.02544   0.00854   0.01385   0.01199   0.00114   0.00079   0.00221   0.01708   0.00332   3.27962   0.39299   0.87181   0.64324   1.22165   0.00000   1.43244  
 94 377.1482   8629.362601  x:  0.00306   0.01022   0.00179   0.01588   0.02438   0.01059   0.02073   0.00081   0.00251   0.00190   0.00293   0.00000   0.00000   0.00367   0.00280   0.00682   0.00503   0.00138   0.00139   0.00297   0.00178   0.00000   0.00369   0.00248   0.00336   0.01565   0.00000   0.00317   0.00372   0.02867   0.00191   0.00197   0.00175   0.00904   0.00449   0.02188   0.01204   0.00253   0.01513   0.00206   0.00480   0.00427   0.00333   0.00229   0.00547   0.01243   0.02524   0.00852   0.01379   0.01202   0.00113   0.00079   0.00224   0.01685   0.00326   3.27958   0.39299   0.87178   0.64322   1.22160   0.00000   1.43297  
 95 203.6861   8629.352954  x:  0.00311   0.01016   0.00170   0.01585   0.02443   0.01055   0.02079   0.00081   0.00249   0.00189   0.00292   0.00000   0.00000   0.00368   0.00280   0.00678   0.00496   0.00139   0.00139   0.00296   0.00179   0.00000   0.00373   0.00250   0.00334   0.01563   0.00000   0.00316   0.00373   0.02876   0.00190   0.00198   0.00180   0.00901   0.00456   0.02188   0.01206   0.00255   0.01514   0.00205   0.00488   0.00432   0.00332   0.00228   0.00548   0.01241   0.02512   0.00852   0.01378   0.01194   0.00114   0.00079   0.00222   0.01670   0.00329   3.27956   0.39304   0.87176   0.64319   1.22163   0.00000   1.43326  
 96 113.7915   8629.346957  x:  0.00315   0.01011   0.00174   0.01584   0.02448   0.01049   0.02084   0.00081   0.00247   0.00189   0.00293   0.00000   0.00000   0.00361   0.00280   0.00675   0.00495   0.00142   0.00137   0.00298   0.00178   0.00000   0.00369   0.00246   0.00336   0.01564   0.00000   0.00314   0.00371   0.02884   0.00190   0.00197   0.00177   0.00901   0.00457   0.02185   0.01206   0.00252   0.01515   0.00207   0.00488   0.00431   0.00335   0.00229   0.00548   0.01241   0.02505   0.00855   0.01382   0.01182   0.00114   0.00079   0.00222   0.01659   0.00329   3.27954   0.39314   0.87175   0.64313   1.22173   0.00000   1.43347  
 97 66.3924   8629.339963  x:  0.00315   0.01008   0.00172   0.01587   0.02455   0.01042   0.02088   0.00081   0.00251   0.00189   0.00292   0.00000   0.00000   0.00364   0.00280   0.00677   0.00501   0.00138   0.00139   0.00296   0.00178   0.00000   0.00366   0.00247   0.00336   0.01563   0.00000   0.00315   0.00367   0.02895   0.00190   0.00196   0.00178   0.00903   0.00452   0.02179   0.01201   0.00255   0.01515   0.00202   0.00481   0.00425   0.00334   0.00227   0.00548   0.01245   0.02500   0.00861   0.01386   0.01169   0.00114   0.00079   0.00223   0.01651   0.00328   3.27951   0.39336   0.87175   0.64301   1.22199   0.00000   1.43377  
 98 65.9617   8629.323650  x:  0.00312   0.01009   0.00173   0.01594   0.02468   0.01039   0.02093   0.00081   0.00246   0.00188   0.00294   0.00000   0.00000   0.00369   0.00280   0.00686   0.00505   0.00144   0.00136   0.00296   0.00179   0.00000   0.00377   0.00247   0.00330   0.01557   0.00000   0.00311   0.00371   0.02913   0.00190   0.00197   0.00178   0.00908   0.00444   0.02159   0.01189   0.00252   0.01508   0.00206   0.00479   0.00428   0.00327   0.00237   0.00547   0.01254   0.02499   0.00865   0.01386   0.01160   0.00114   0.00079   0.00224   0.01650   0.00329   3.27944   0.39408   0.87173   0.64263   1.22282   0.00000   1.43456  
 99 96.6471   8629.277299  x:  0.00302   0.01020   0.00171   0.01608   0.02495   0.01044   0.02100   0.00081   0.00249   0.00190   0.00292   0.00000   0.00000   0.00367   0.00280   0.00691   0.00499   0.00139   0.00138   0.00299   0.00180   0.00000   0.00380   0.00246   0.00341   0.01547   0.00000   0.00303   0.00378   0.02955   0.00196   0.00201   0.00178   0.00913   0.00440   0.02111   0.01169   0.00251   0.01495   0.00211   0.00490   0.00442   0.00342   0.00219   0.00546   0.01273   0.02502   0.00866   0.01386   0.01161   0.00114   0.00079   0.00219   0.01660   0.00327   3.27924   0.39622   0.87169   0.64149   1.22534   0.00000   1.43687  
100 400.3838   8629.184626  x:  0.00295   0.01040   0.00173   0.01618   0.02527   0.01056   0.02105   0.00081   0.00252   0.00190   0.00290   0.00000   0.00000   0.00367   0.00280   0.00666   0.00484   0.00137   0.00138   0.00296   0.00179   0.00000   0.00349   0.00252   0.00341   0.01553   0.00000   0.00304   0.00368   0.03014   0.00185   0.00198   0.00178   0.00911   0.00464   0.02041   0.01164   0.00248   0.01494   0.00197   0.00497   0.00431   0.00337   0.00242   0.00548   0.01290   0.02511   0.00859   0.01395   0.01181   0.00113   0.00079   0.00217   0.01678   0.00327   3.27882   0.40064   0.87162   0.63916   1.23053   0.00000   1.44156  
101 828.0637   8629.045332  x:  0.00303   0.01046   0.00171   0.01603   0.02543   0.01062   0.02099   0.00081   0.00245   0.00189   0.00297   0.00000   0.00000   0.00366   0.00280   0.00640   0.00498   0.00147   0.00134   0.00295   0.00178   0.00000   0.00371   0.00235   0.00323   0.01581   0.00000   0.00304   0.00355   0.03062   0.00197   0.00194   0.00177   0.00901   0.00496   0.01981   0.01183   0.00254   0.01512   0.00205   0.00480   0.00408   0.00319   0.00214   0.00552   0.01286   0.02518   0.00848   0.01409   0.01205   0.00114   0.00078   0.00232   0.01695   0.00333   3.27819   0.40734   0.87150   0.63562   1.23843   0.00000   1.44864  
102 1534.7268   8628.760445  x:  0.00325   0.01020   0.00174   0.01549   0.02531   0.01053   0.02074   0.00081   0.00255   0.00190   0.00294   0.00000   0.00000   0.00355   0.00280   0.00654   0.00544   0.00133   0.00144   0.00300   0.00179   0.00000   0.00407   0.00239   0.00344   0.01628   0.00000   0.00306   0.00369   0.03097   0.00177   0.00200   0.00177   0.00883   0.00499   0.01931   0.01229   0.00259   0.01549   0.00199   0.00454   0.00425   0.00353   0.00240   0.00551   0.01240   0.02521   0.00839   0.01422   0.01223   0.00114   0.00080   0.00203   0.01710   0.00333   3.27688   0.42129   0.87125   0.62823   1.25495   0.00000   1.46337  
103 2634.3164   8628.321779  x:  0.00317   0.00971   0.00172   0.01518   0.02477   0.01034   0.02037   0.00080   0.00237   0.00188   0.00296   0.00000   0.00000   0.00376   0.00281   0.00707   0.00541   0.00159   0.00131   0.00297   0.00181   0.00000   0.00349   0.00254   0.00349   0.01661   0.00000   0.00303   0.00381   0.03086   0.00201   0.00205   0.00179   0.00891   0.00452   0.01939   0.01282   0.00242   0.01581   0.00173   0.00479   0.00466   0.00342   0.00223   0.00535   0.01167   0.02523   0.00859   0.01425   0.01218   0.00115   0.00077   0.00241   0.01707   0.00330   3.27485   0.44274   0.87087   0.61689   1.28039   0.00000   1.48601  
104 4906.6930   8627.926766  x:  0.00287   0.00961   0.00171   0.01549   0.02415   0.01026   0.02017   0.00080   0.00258   0.00188   0.00301   0.00000   0.00000   0.00382   0.00280   0.00711   0.00480   0.00134   0.00140   0.00292   0.00180   0.00000   0.00343   0.00206   0.00324   0.01651   0.00000   0.00292   0.00377   0.03032   0.00194   0.00202   0.00177   0.00913   0.00420   0.02009   0.01300   0.00268   0.01584   0.00205   0.00499   0.00444   0.00319   0.00229   0.00528   0.01142   0.02519   0.00883   0.01417   0.01193   0.00112   0.00079   0.00203   0.01678   0.00334   3.27307   0.46164   0.87053   0.60689   1.30290   0.00000   1.50600  
105 5977.6857   8627.596296  x:  0.00267   0.00996   0.00175   0.01595   0.02359   0.01030   0.02017   0.00080   0.00254   0.00191   0.00286   0.00000   0.00000   0.00367   0.00280   0.00668   0.00450   0.00143   0.00133   0.00299   0.00182   0.00000   0.00393   0.00230   0.00335   0.01618   0.00000   0.00312   0.00381   0.02958   0.00192   0.00204   0.00180   0.00926   0.00419   0.02115   0.01278   0.00244   0.01566   0.00177   0.00485   0.00407   0.00344   0.00229   0.00537   0.01171   0.02503   0.00886   0.01404   0.01161   0.00111   0.00077   0.00223   0.01633   0.00331   3.27153   0.47779   0.87022   0.59834   1.32223   0.00000   1.52316  
106 5521.7813   8627.427856  x:  0.00277   0.01034   0.00173   0.01615   0.02340   0.01037   0.02033   0.00080   0.00251   0.00190   0.00291   0.00000   0.00000   0.00373   0.00280   0.00634   0.00506   0.00144   0.00135   0.00291   0.00183   0.00000   0.00368   0.00231   0.00341   0.01599   0.00000   0.00319   0.00392   0.02905   0.00193   0.00208   0.00179   0.00917   0.00449   0.02194   0.01239   0.00250   0.01550   0.00193   0.00470   0.00444   0.00332   0.00227   0.00547   0.01223   0.02486   0.00872   0.01405   0.01150   0.00113   0.00078   0.00220   0.01598   0.00332   3.27073   0.48612   0.87003   0.59394   1.33232   0.00000   1.53211  
107 2889.8859   8627.408047  x:  0.00279   0.01033   0.00173   0.01609   0.02350   0.01037   0.02047   0.00080   0.00252   0.00190   0.00291   0.00000   0.00000   0.00373   0.00280   0.00645   0.00511   0.00143   0.00135   0.00302   0.00182   0.00000   0.00367   0.00231   0.00328   0.01608   0.00000   0.00321   0.00391   0.02894   0.00192   0.00207   0.00179   0.00911   0.00455   0.02213   0.01222   0.00251   0.01551   0.00190   0.00482   0.00440   0.00339   0.00227   0.00537   0.01237   0.02487   0.00874   0.01418   0.01162   0.00113   0.00078   0.00220   0.01593   0.00333   3.27064   0.48701   0.86999   0.59348   1.33354   0.00000   1.53318  
108 314.1373   8627.397281  x:  0.00280   0.01028   0.00174   0.01603   0.02363   0.01036   0.02060   0.00080   0.00252   0.00190   0.00291   0.00000   0.00000   0.00371   0.00280   0.00654   0.00506   0.00144   0.00135   0.00293   0.00183   0.00000   0.00370   0.00229   0.00338   0.01617   0.00000   0.00322   0.00391   0.02888   0.00192   0.00207   0.00179   0.00908   0.00457   0.02226   0.01209   0.00250   0.01551   0.00189   0.00483   0.00437   0.00334   0.00227   0.00533   0.01244   0.02490   0.00877   0.01430   0.01173   0.00113   0.00078   0.00220   0.01591   0.00334   3.27058   0.48744   0.86995   0.59326   1.33424   0.00000   1.53379  
109 231.5454   8627.391414  x:  0.00280   0.01022   0.00174   0.01601   0.02379   0.01035   0.02070   0.00080   0.00251   0.00190   0.00292   0.00000   0.00000   0.00373   0.00280   0.00652   0.00498   0.00144   0.00135   0.00296   0.00183   0.00000   0.00369   0.00229   0.00336   0.01619   0.00000   0.00323   0.00393   0.02884   0.00192   0.00208   0.00179   0.00910   0.00457   0.02236   0.01204   0.00250   0.01549   0.00189   0.00472   0.00442   0.00335   0.00227   0.00541   0.01240   0.02494   0.00876   0.01435   0.01178   0.00113   0.00078   0.00220   0.01594   0.00334   3.27054   0.48758   0.86990   0.59320   1.33470   0.00000   1.53419  
110 83.8178   8627.381146  x:  0.00277   0.01019   0.00174   0.01604   0.02411   0.01033   0.02083   0.00080   0.00252   0.00190   0.00291   0.00000   0.00000   0.00373   0.00280   0.00644   0.00509   0.00144   0.00135   0.00292   0.00183   0.00000   0.00370   0.00229   0.00335   0.01618   0.00000   0.00324   0.00393   0.02879   0.00192   0.00208   0.00179   0.00917   0.00455   0.02251   0.01210   0.00250   0.01544   0.00190   0.00481   0.00439   0.00338   0.00228   0.00544   0.01223   0.02506   0.00872   0.01435   0.01175   0.00113   0.00078   0.00221   0.01602   0.00334   3.27046   0.48762   0.86973   0.59323   1.33567   0.00000   1.53501  
111 71.6342   8627.370771  x:  0.00277   0.01028   0.00174   0.01604   0.02429   0.01032   0.02084   0.00080   0.00252   0.00190   0.00291   0.00000   0.00000   0.00372   0.00280   0.00643   0.00509   0.00143   0.00135   0.00306   0.00183   0.00000   0.00370   0.00230   0.00342   0.01617   0.00000   0.00324   0.00393   0.02877   0.00192   0.00208   0.00179   0.00915   0.00452   0.02258   0.01217   0.00250   0.01547   0.00189   0.00481   0.00439   0.00328   0.00228   0.00535   0.01219   0.02512   0.00870   0.01434   0.01169   0.00112   0.00078   0.00220   0.01605   0.00334   3.27036   0.48753   0.86952   0.59335   1.33676   0.00000   1.53593  
112 127.5706   8627.322772  x:  0.00282   0.01064   0.00173   0.01596   0.02475   0.01029   0.02071   0.00080   0.00251   0.00190   0.00292   0.00000   0.00000   0.00374   0.00280   0.00651   0.00496   0.00144   0.00135   0.00291   0.00183   0.00000   0.00368   0.00228   0.00334   0.01614   0.00000   0.00323   0.00394   0.02873   0.00193   0.00208   0.00179   0.00898   0.00444   0.02276   0.01244   0.00249   0.01566   0.00189   0.00466   0.00446   0.00339   0.00227   0.00508   0.01227   0.02527   0.00870   0.01424   0.01149   0.00113   0.00078   0.00221   0.01607   0.00334   3.26992   0.48695   0.86849   0.59401   1.34187   0.00000   1.54023  
113 402.5956   8627.091168  x:  0.00282   0.01078   0.00173   0.01581   0.02550   0.01030   0.01995   0.00080   0.00252   0.00189   0.00293   0.00000   0.00000   0.00373   0.00280   0.00694   0.00496   0.00144   0.00135   0.00296   0.00182   0.00000   0.00368   0.00225   0.00338   0.01600   0.00000   0.00325   0.00391   0.02872   0.00193   0.00207   0.00179   0.00884   0.00441   0.02302   0.01293   0.00248   0.01624   0.00183   0.00492   0.00434   0.00334   0.00228   0.00606   0.01298   0.02547   0.00900   0.01389   0.01140   0.00112   0.00078   0.00220   0.01594   0.00335   3.26767   0.48365   0.86323   0.59752   1.36758   0.00000   1.56186  
114 942.6580   8626.066631  x:  0.00279   0.00888   0.00175   0.01602   0.02571   0.01040   0.01843   0.00080   0.00252   0.00188   0.00289   0.00000   0.00000   0.00373   0.00280   0.00598   0.00512   0.00141   0.00134   0.00294   0.00181   0.00000   0.00367   0.00230   0.00335   0.01570   0.00000   0.00318   0.00388   0.02886   0.00191   0.00204   0.00180   0.00944   0.00416   0.02294   0.01258   0.00239   0.01637   0.00189   0.00470   0.00441   0.00334   0.00227   0.00502   0.01374   0.02522   0.00876   0.01323   0.01199   0.00111   0.00077   0.00219   0.01570   0.00332   3.25825   0.46951   0.84116   0.61243   1.47517   0.00000   1.65248  
115 3655.4814   8624.954140  x:  0.00290   0.01019   0.00171   0.01591   0.02408   0.01004   0.01933   0.00079   0.00251   0.00186   0.00292   0.00000   0.00000   0.00367   0.00280   0.00650   0.00490   0.00142   0.00134   0.00290   0.00178   0.00000   0.00363   0.00228   0.00332   0.01594   0.00000   0.00317   0.00379   0.02895   0.00188   0.00199   0.00177   0.00913   0.00457   0.02215   0.01159   0.00242   0.01513   0.00189   0.00469   0.00428   0.00331   0.00224   0.00529   0.01185   0.02432   0.00862   0.01389   0.01171   0.00111   0.00077   0.00218   0.01591   0.00332   3.24779   0.45374   0.81665   0.62900   1.59450   0.00000   1.75307  
116 8268.0592   8624.915606  x:  0.00288   0.01006   0.00171   0.01587   0.02387   0.01017   0.01988   0.00079   0.00251   0.00186   0.00291   0.00000   0.00000   0.00369   0.00280   0.00638   0.00493   0.00142   0.00134   0.00290   0.00178   0.00000   0.00363   0.00227   0.00332   0.01573   0.00000   0.00316   0.00380   0.02891   0.00190   0.00199   0.00177   0.00881   0.00437   0.02207   0.01195   0.00242   0.01510   0.00190   0.00471   0.00428   0.00332   0.00225   0.00530   0.01205   0.02430   0.00881   0.01397   0.01168   0.00111   0.00077   0.00217   0.01611   0.00332   3.24742   0.45320   0.81579   0.62955   1.59863   0.00000   1.75665  
117 501.2671   8624.911890  x:  0.00288   0.01006   0.00171   0.01583   0.02382   0.01016   0.02001   0.00079   0.00251   0.00186   0.00291   0.00000   0.00000   0.00368   0.00280   0.00641   0.00492   0.00142   0.00134   0.00290   0.00178   0.00000   0.00363   0.00227   0.00332   0.01571   0.00000   0.00316   0.00380   0.02890   0.00189   0.00199   0.00177   0.00896   0.00438   0.02205   0.01204   0.00242   0.01515   0.00189   0.00471   0.00428   0.00332   0.00225   0.00529   0.01213   0.02429   0.00873   0.01397   0.01166   0.00111   0.00077   0.00217   0.01614   0.00332   3.24738   0.45317   0.81571   0.62958   1.59898   0.00000   1.75705  
118 61.3691   8624.660209  x:  0.00289   0.01007   0.00171   0.01586   0.02377   0.00999   0.02023   0.00079   0.00251   0.00186   0.00291   0.00000   0.00000   0.00368   0.00280   0.00644   0.00491   0.00142   0.00134   0.00290   0.00178   0.00000   0.00363   0.00227   0.00332   0.01562   0.00000   0.00316   0.00379   0.02888   0.00189   0.00199   0.00177   0.00905   0.00442   0.02202   0.01200   0.00242   0.01543   0.00189   0.00470   0.00429   0.00331   0.00225   0.00528   0.01216   0.02428   0.00867   0.01380   0.01170   0.00111   0.00077   0.00217   0.01624   0.00332   3.24707   0.45333   0.81542   0.62924   1.59944   0.00986   1.75960  
119 52.7835   8624.652655  x:  0.00291   0.01005   0.00171   0.01580   0.02379   0.01026   0.02017   0.00079   0.00251   0.00186   0.00292   0.00000   0.00000   0.00368   0.00280   0.00646   0.00490   0.00142   0.00134   0.00290   0.00178   0.00000   0.00363   0.00227   0.00332   0.01572   0.00000   0.00316   0.00379   0.02889   0.00189   0.00199   0.00177   0.00909   0.00440   0.02203   0.01205   0.00242   0.01527   0.00189   0.00470   0.00428   0.00332   0.00225   0.00529   0.01218   0.02427   0.00866   0.01388   0.01160   0.00111   0.00077   0.00217   0.01620   0.00332   3.24705   0.45334   0.81541   0.62920   1.59943   0.01014   1.75975  
120 45.6514   8624.649769  x:  0.00291   0.01007   0.00171   0.01579   0.02381   0.01017   0.02011   0.00079   0.00251   0.00185   0.00292   0.00000   0.00000   0.00368   0.00280   0.00646   0.00490   0.00142   0.00134   0.00290   0.00178   0.00000   0.00362   0.00228   0.00332   0.01576   0.00000   0.00317   0.00379   0.02889   0.00189   0.00199   0.00177   0.00909   0.00437   0.02204   0.01215   0.00242   0.01508   0.00190   0.00471   0.00428   0.00332   0.00225   0.00529   0.01224   0.02427   0.00865   0.01394   0.01164   0.00111   0.00077   0.00218   0.01618   0.00332   3.24700   0.45337   0.81540   0.62911   1.59944   0.01018   1.76014  
121 15.4616   8623.971462  x:  0.00344   0.00989   0.00169   0.01556   0.02459   0.01034   0.01984   0.00079   0.00245   0.00180   0.00297   0.00000   0.00000   0.00357   0.00280   0.00679   0.00477   0.00135   0.00138   0.00290   0.00170   0.00000   0.00359   0.00251   0.00331   0.01405   0.00000   0.00312   0.00346   0.02867   0.00186   0.00179   0.00175   0.00897   0.00425   0.02212   0.01179   0.00238   0.01458   0.00211   0.00480   0.00408   0.00329   0.00225   0.00537   0.01215   0.02375   0.00841   0.01367   0.01180   0.00112   0.00079   0.00221   0.01729   0.00329   3.22901   0.46043   0.80769   0.59663   1.60967   0.00936   1.90422  
122 33.4437   8623.927606  x:  0.00348   0.00986   0.00169   0.01566   0.02462   0.01031   0.02008   0.00079   0.00245   0.00180   0.00297   0.00000   0.00000   0.00356   0.00280   0.00682   0.00477   0.00135   0.00138   0.00290   0.00169   0.00000   0.00358   0.00253   0.00331   0.01462   0.00000   0.00311   0.00344   0.02864   0.00187   0.00178   0.00174   0.00894   0.00426   0.02212   0.01176   0.00238   0.01442   0.00213   0.00481   0.00406   0.00330   0.00225   0.00538   0.01227   0.02372   0.00851   0.01293   0.01173   0.00113   0.00079   0.00221   0.01741   0.00329   3.22786   0.46087   0.80719   0.59456   1.61034   0.00930   1.91340  
123 743.0422   8623.052186  x:  0.00316   0.00971   0.00168   0.01541   0.02458   0.01027   0.01996   0.00077   0.00247   0.00168   0.00335   0.00000   0.00000   0.00368   0.00280   0.00678   0.00482   0.00128   0.00138   0.00293   0.00160   0.00000   0.00362   0.00225   0.00341   0.01460   0.00000   0.00318   0.00353   0.02851   0.00181   0.00152   0.00171   0.00890   0.00443   0.02100   0.01191   0.00232   0.01440   0.00183   0.00470   0.00420   0.00343   0.00227   0.00529   0.01217   0.02399   0.00844   0.01283   0.01168   0.00107   0.00078   0.00227   0.01701   0.00365   3.19205   0.37691   0.73176   0.44628   1.64648   0.01296   1.94176  
124  0.6771   8622.146349  x:  0.00288   0.00967   0.00168   0.01532   0.02448   0.01027   0.02008   0.00075   0.00249   0.00154   0.00378   0.00000   0.00000   0.00379   0.00280   0.00674   0.00486   0.00120   0.00140   0.00298   0.00148   0.00000   0.00365   0.00200   0.00352   0.01438   0.00000   0.00333   0.00364   0.02771   0.00175   0.00122   0.00168   0.00885   0.00460   0.02089   0.01184   0.00225   0.01416   0.00157   0.00462   0.00433   0.00358   0.00228   0.00525   0.01219   0.02418   0.00838   0.01262   0.01161   0.00100   0.00078   0.00235   0.01659   0.00407   3.17047   0.40443   0.58991   0.45552   1.65943   0.01328   1.99422  
125  5.3331   8621.248391  x:  0.00255   0.00962   0.00168   0.01528   0.02418   0.01026   0.02028   0.00073   0.00248   0.00137   0.00431   0.00000   0.00000   0.00394   0.00280   0.00670   0.00489   0.00109   0.00141   0.00303   0.00134   0.00000   0.00368   0.00173   0.00365   0.01418   0.00000   0.00351   0.00380   0.02680   0.00167   0.00084   0.00163   0.00880   0.00480   0.02067   0.01177   0.00215   0.01386   0.00127   0.00453   0.00447   0.00375   0.00230   0.00516   0.01214   0.02438   0.00833   0.01246   0.01150   0.00093   0.00078   0.00244   0.01602   0.00458   3.17392   0.43230   0.79525   0.58044   1.69913   0.01667   2.08010  
126  3.0982   8620.612547  x:  0.00277   0.00959   0.00163   0.01600   0.02409   0.01034   0.02042   0.00073   0.00222   0.00138   0.00471   0.00000   0.00000   0.00400   0.00281   0.00678   0.00480   0.00102   0.00148   0.00305   0.00131   0.00000   0.00365   0.00212   0.00373   0.01440   0.00000   0.00349   0.00417   0.02686   0.00166   0.00065   0.00159   0.00898   0.00480   0.02062   0.01200   0.00200   0.01414   0.00166   0.00459   0.00435   0.00384   0.00228   0.00514   0.01207   0.02522   0.00867   0.01275   0.01165   0.00090   0.00081   0.00245   0.01583   0.00494   3.45335   0.42402   0.80092   0.57155   1.74800   0.02298   2.17698  
127  0.5999   8620.017395  x:  0.00301   0.00964   0.00159   0.01689   0.02387   0.01040   0.02058   0.00075   0.00190   0.00147   0.00506   0.00000   0.00000   0.00407   0.00282   0.00683   0.00473   0.00095   0.00154   0.00306   0.00135   0.00000   0.00362   0.00251   0.00377   0.01474   0.00000   0.00348   0.00470   0.02691   0.00167   0.00065   0.00157   0.00921   0.00474   0.02094   0.01228   0.00186   0.01454   0.00204   0.00467   0.00425   0.00389   0.00225   0.00514   0.01203   0.02606   0.00906   0.01327   0.01181   0.00087   0.00084   0.00243   0.01558   0.00527   3.18722   0.43863   0.80216   0.59554   1.80214   0.03026   2.23588  
128  0.9671   8619.578997  x:  0.00312   0.00985   0.00163   0.01735   0.02412   0.01048   0.02055   0.00078   0.00155   0.00163   0.00532   0.00000   0.00000   0.00413   0.00283   0.00677   0.00484   0.00079   0.00154   0.00304   0.00151   0.00000   0.00368   0.00228   0.00372   0.01497   0.00000   0.00353   0.00539   0.02716   0.00173   0.00108   0.00168   0.00927   0.00466   0.02142   0.01243   0.00166   0.01471   0.00174   0.00471   0.00434   0.00382   0.00223   0.00524   0.01217   0.02571   0.00915   0.01348   0.01198   0.00077   0.00082   0.00235   0.01600   0.00562   3.26838   0.43405   0.78387   0.58005   1.90165   0.04208   2.37630  
129  0.1857   8619.356100  x:  0.00295   0.00995   0.00167   0.01667   0.02429   0.01043   0.02045   0.00078   0.00141   0.00158   0.00545   0.00000   0.00000   0.00400   0.00282   0.00668   0.00490   0.00067   0.00150   0.00300   0.00145   0.00000   0.00363   0.00213   0.00360   0.01506   0.00000   0.00347   0.00545   0.02702   0.00170   0.00078   0.00173   0.00914   0.00457   0.02134   0.01229   0.00174   0.01471   0.00162   0.00470   0.00425   0.00368   0.00223   0.00527   0.01223   0.02494   0.00899   0.01343   0.01188   0.00071   0.00077   0.00235   0.01617   0.00577   3.22710   0.42619   0.75091   0.55889   1.99346   0.05070   2.50056  
130  0.1475   8619.261172  x:  0.00291   0.00977   0.00164   0.01638   0.02417   0.01038   0.02044   0.00074   0.00138   0.00150   0.00530   0.00000   0.00000   0.00389   0.00281   0.00676   0.00485   0.00087   0.00140   0.00300   0.00139   0.00000   0.00361   0.00214   0.00358   0.01476   0.00000   0.00339   0.00533   0.02691   0.00169   0.00083   0.00170   0.00901   0.00461   0.02115   0.01218   0.00183   0.01442   0.00168   0.00465   0.00424   0.00364   0.00225   0.00521   0.01211   0.02504   0.00883   0.01317   0.01177   0.00076   0.00074   0.00239   0.01604   0.00563   3.21421   0.42917   0.76068   0.56369   2.04394   0.05408   2.57015  
131  0.0580   8619.209442  x:  0.00293   0.00969   0.00164   0.01639   0.02411   0.01038   0.02042   0.00074   0.00157   0.00149   0.00517   0.00000   0.00000   0.00388   0.00279   0.00678   0.00482   0.00073   0.00142   0.00301   0.00137   0.00000   0.00361   0.00216   0.00359   0.01463   0.00000   0.00338   0.00525   0.02690   0.00166   0.00086   0.00167   0.00899   0.00461   0.02107   0.01217   0.00191   0.01433   0.00168   0.00465   0.00423   0.00366   0.00224   0.00520   0.01206   0.02526   0.00881   0.01308   0.01177   0.00077   0.00076   0.00240   0.01593   0.00548   3.21572   0.43054   0.76751   0.56736   2.08236   0.05724   2.62477  
132  0.0847   8619.178173  x:  0.00297   0.00978   0.00164   0.01657   0.02417   0.01041   0.02039   0.00077   0.00154   0.00154   0.00510   0.00000   0.00000   0.00393   0.00278   0.00673   0.00484   0.00077   0.00142   0.00301   0.00142   0.00000   0.00361   0.00217   0.00362   0.01477   0.00000   0.00337   0.00525   0.02698   0.00168   0.00083   0.00167   0.00906   0.00459   0.02117   0.01224   0.00179   0.01450   0.00165   0.00467   0.00421   0.00371   0.00223   0.00522   0.01211   0.02532   0.00893   0.01323   0.01184   0.00078   0.00078   0.00240   0.01595   0.00539   3.22868   0.42921   0.76679   0.56793   2.12265   0.06151   2.68762  
133  0.0592   8619.170046  x:  0.00292   0.00983   0.00164   0.01657   0.02419   0.01041   0.02041   0.00076   0.00155   0.00154   0.00505   0.00000   0.00000   0.00398   0.00277   0.00671   0.00485   0.00077   0.00145   0.00301   0.00143   0.00000   0.00363   0.00219   0.00363   0.01488   0.00000   0.00340   0.00520   0.02699   0.00170   0.00084   0.00169   0.00906   0.00459   0.02123   0.01223   0.00181   0.01454   0.00170   0.00467   0.00426   0.00372   0.00224   0.00523   0.01214   0.02515   0.00895   0.01331   0.01183   0.00079   0.00078   0.00238   0.01602   0.00535   3.22820   0.43079   0.76704   0.57076   2.11847   0.06090   2.69717  
134  0.0070   8619.159873  x:  0.00296   0.00979   0.00165   0.01678   0.02414   0.01042   0.02048   0.00075   0.00154   0.00153   0.00502   0.00000   0.00000   0.00399   0.00273   0.00675   0.00485   0.00078   0.00147   0.00301   0.00142   0.00000   0.00364   0.00215   0.00361   0.01483   0.00000   0.00346   0.00512   0.02703   0.00169   0.00082   0.00170   0.00907   0.00462   0.02124   0.01230   0.00182   0.01446   0.00165   0.00467   0.00429   0.00369   0.00224   0.00522   0.01210   0.02523   0.00895   0.01329   0.01183   0.00079   0.00078   0.00235   0.01600   0.00532   3.22650   0.43005   0.76194   0.56935   2.11891   0.06131   2.72015  
135  0.0086   8619.138925  x:  0.00288   0.00979   0.00164   0.01662   0.02419   0.01042   0.02045   0.00077   0.00150   0.00152   0.00507   0.00000   0.00000   0.00396   0.00265   0.00674   0.00483   0.00076   0.00148   0.00303   0.00139   0.00000   0.00362   0.00218   0.00363   0.01486   0.00000   0.00350   0.00506   0.02704   0.00169   0.00087   0.00165   0.00907   0.00458   0.02126   0.01228   0.00183   0.01462   0.00168   0.00468   0.00424   0.00370   0.00225   0.00522   0.01216   0.02540   0.00891   0.01331   0.01182   0.00075   0.00078   0.00239   0.01591   0.00537   3.22945   0.43029   0.76535   0.56990   2.13012   0.06374   2.76351  
136  0.0126   8619.064494  x:  0.00304   0.00986   0.00163   0.01647   0.02416   0.01041   0.02027   0.00078   0.00153   0.00161   0.00513   0.00000   0.00000   0.00387   0.00232   0.00665   0.00487   0.00078   0.00147   0.00298   0.00147   0.00000   0.00359   0.00213   0.00366   0.01485   0.00000   0.00336   0.00493   0.02725   0.00170   0.00083   0.00168   0.00907   0.00455   0.02121   0.01221   0.00177   0.01447   0.00164   0.00467   0.00417   0.00378   0.00221   0.00525   0.01211   0.02535   0.00893   0.01328   0.01192   0.00072   0.00074   0.00246   0.01610   0.00534   3.25486   0.43404   0.78469   0.57108   2.10381   0.06073   2.76071  
137  0.0061   8618.932732  x:  0.00300   0.00980   0.00165   0.01663   0.02416   0.01042   0.02041   0.00074   0.00157   0.00158   0.00524   0.00000   0.00000   0.00395   0.00176   0.00672   0.00487   0.00078   0.00141   0.00298   0.00150   0.00000   0.00361   0.00221   0.00361   0.01483   0.00000   0.00322   0.00514   0.02723   0.00169   0.00085   0.00175   0.00910   0.00464   0.02115   0.01231   0.00180   0.01443   0.00171   0.00465   0.00428   0.00373   0.00222   0.00522   0.01208   0.02519   0.00902   0.01329   0.01186   0.00070   0.00076   0.00239   0.01604   0.00539   3.22928   0.42367   0.77823   0.56490   2.13064   0.06313   2.75779  
138  0.0142   8618.896248  x:  0.00293   0.00979   0.00166   0.01663   0.02416   0.01040   0.02047   0.00078   0.00158   0.00155   0.00518   0.00000   0.00000   0.00399   0.00172   0.00671   0.00484   0.00079   0.00143   0.00303   0.00143   0.00000   0.00363   0.00218   0.00361   0.01483   0.00000   0.00336   0.00524   0.02689   0.00169   0.00083   0.00168   0.00906   0.00464   0.02129   0.01225   0.00182   0.01456   0.00168   0.00467   0.00426   0.00368   0.00225   0.00522   0.01215   0.02523   0.00895   0.01329   0.01179   0.00076   0.00076   0.00236   0.01592   0.00540   3.22637   0.42995   0.76227   0.56577   2.11946   0.06107   2.70230  
139  0.0392   8618.888679  x:  0.00295   0.00979   0.00164   0.01660   0.02413   0.01040   0.02039   0.00078   0.00153   0.00156   0.00511   0.00000   0.00000   0.00396   0.00167   0.00670   0.00484   0.00078   0.00146   0.00301   0.00141   0.00000   0.00362   0.00217   0.00362   0.01482   0.00000   0.00343   0.00520   0.02697   0.00169   0.00084   0.00167   0.00904   0.00458   0.02115   0.01223   0.00181   0.01449   0.00168   0.00466   0.00423   0.00370   0.00223   0.00522   0.01210   0.02523   0.00890   0.01326   0.01182   0.00077   0.00078   0.00238   0.01598   0.00539   3.22796   0.42956   0.76298   0.56861   2.11442   0.06061   2.69244  
140  0.0074   8618.887573  x:  0.00294   0.00979   0.00164   0.01659   0.02415   0.01040   0.02040   0.00078   0.00151   0.00155   0.00508   0.00000   0.00000   0.00395   0.00169   0.00670   0.00484   0.00077   0.00146   0.00300   0.00142   0.00000   0.00362   0.00217   0.00362   0.01481   0.00000   0.00343   0.00519   0.02697   0.00169   0.00083   0.00168   0.00905   0.00458   0.02119   0.01223   0.00181   0.01449   0.00167   0.00466   0.00424   0.00370   0.00223   0.00522   0.01211   0.02520   0.00892   0.01325   0.01182   0.00078   0.00078   0.00238   0.01597   0.00537   3.22755   0.43090   0.76608   0.56980   2.11506   0.06068   2.69155  
141  0.0026   8618.887349  x:  0.00294   0.00979   0.00164   0.01659   0.02414   0.01040   0.02040   0.00078   0.00151   0.00155   0.00507   0.00000   0.00000   0.00395   0.00167   0.00670   0.00484   0.00077   0.00145   0.00301   0.00142   0.00000   0.00362   0.00217   0.00362   0.01481   0.00000   0.00341   0.00518   0.02697   0.00169   0.00083   0.00168   0.00905   0.00459   0.02119   0.01223   0.00181   0.01450   0.00167   0.00466   0.00424   0.00370   0.00224   0.00522   0.01211   0.02520   0.00893   0.01326   0.01182   0.00078   0.00078   0.00238   0.01596   0.00536   3.22764   0.43014   0.76626   0.56915   2.11424   0.06059   2.68966  
142  0.0016   8618.887330  x:  0.00294   0.00979   0.00164   0.01659   0.02414   0.01040   0.02040   0.00078   0.00151   0.00155   0.00507   0.00000   0.00000   0.00396   0.00168   0.00670   0.00484   0.00077   0.00145   0.00301   0.00142   0.00000   0.00362   0.00217   0.00362   0.01481   0.00000   0.00341   0.00518   0.02697   0.00169   0.00084   0.00168   0.00905   0.00459   0.02119   0.01223   0.00181   0.01449   0.00167   0.00466   0.00424   0.00370   0.00224   0.00522   0.01211   0.02521   0.00892   0.01326   0.01182   0.00078   0.00078   0.00238   0.01597   0.00536   3.22755   0.43011   0.76599   0.56906   2.11405   0.06057   2.68941  
143  0.0004   8618.887320  x:  0.00294   0.00979   0.00164   0.01659   0.02414   0.01040   0.02040   0.00078   0.00151   0.00155   0.00507   0.00000   0.00000   0.00396   0.00168   0.00670   0.00484   0.00077   0.00145   0.00301   0.00142   0.00000   0.00362   0.00217   0.00362   0.01481   0.00000   0.00341   0.00517   0.02697   0.00169   0.00084   0.00168   0.00905   0.00459   0.02119   0.01223   0.00181   0.01449   0.00167   0.00466   0.00424   0.00370   0.00224   0.00522   0.01211   0.02521   0.00892   0.01326   0.01182   0.00078   0.00078   0.00238   0.01597   0.00536   3.22755   0.43026   0.76578   0.56904   2.11410   0.06058   2.68988  