

TREE # 1

  0  0.0000   7759.312246  x:  0.00691   0.00676   0.01554   0.01607   0.01831   0.02543   0.01841   0.01824   0.01916   0.01621   0.00909   0.01202   0.00815   0.00639   0.01223   0.01747   0.01447   0.00638   0.01498   0.00519   0.00934   0.00441   0.00987   0.00900   0.02248   0.03266   0.01072   0.01023   0.01093   0.00396   0.00964   0.00829   0.01042   0.00000   0.01409   0.01227   0.01558   0.00966   0.00684   0.00333   0.01364   0.01001   0.00579   0.00670   0.00590   0.00334   0.01473   0.01440   0.00985   0.01375   0.01430   0.01291   0.00451   0.01272   0.00981   0.90154   0.59321   0.97246   0.74385   0.81171   0.25000   0.71201  
  1 99.0000   7733.229399  x:  0.00473   0.00542   0.01411   0.01471   0.01724   0.02417   0.01715   0.01701   0.01817   0.01528   0.00784   0.01172   0.00651   0.00421   0.01107   0.01602   0.01307   0.00360   0.01420   0.00257   0.00813   0.00301   0.00887   0.00727   0.02147   0.03220   0.00888   0.00980   0.00779   0.00000   0.00658   0.00428   0.00710   0.07368   0.01038   0.00884   0.01543   0.00656   0.00388   0.00318   0.01020   0.00637   0.00275   0.00555   0.00263   0.00063   0.01210   0.01117   0.00721   0.01232   0.01164   0.01035   0.00177   0.01049   0.00897   0.90211   0.59327   0.97249   0.74381   0.81183   0.24853   0.71185  
  2 23063.0560   7681.493590  x:  0.00312   0.00465   0.01284   0.01361   0.01634   0.02300   0.01607   0.01593   0.01732   0.01451   0.00684   0.01166   0.00510   0.00206   0.01019   0.01480   0.01183   0.00125   0.01364   0.00031   0.00727   0.00254   0.00819   0.00588   0.02056   0.03177   0.00742   0.00955   0.00496   0.00000   0.00381   0.00020   0.00365   0.07344   0.00649   0.00547   0.01531   0.00375   0.00142   0.00313   0.00689   0.00273   0.00027   0.00468   0.00000   0.00175   0.00976   0.00809   0.00490   0.01112   0.00926   0.00807   0.00011   0.00857   0.00833   0.90268   0.59332   0.97251   0.74377   0.81196   0.24712   0.71165  
  3 4526.7911   7679.135472  x:  0.00305   0.00461   0.01278   0.01355   0.01630   0.02294   0.01602   0.01588   0.01727   0.01447   0.00679   0.01166   0.00504   0.00195   0.01014   0.01474   0.01177   0.00113   0.01361   0.00020   0.00723   0.00252   0.00816   0.00581   0.02051   0.03175   0.00735   0.00953   0.00482   0.00000   0.00367   0.00000   0.00349   0.07344   0.00630   0.00531   0.01531   0.00362   0.00131   0.00312   0.00673   0.00255   0.00017   0.00464   0.00005   0.00180   0.00965   0.00794   0.00479   0.01106   0.00915   0.00796   0.00007   0.00847   0.00830   0.90271   0.59332   0.97251   0.74377   0.81197   0.24705   0.71164  
  4 67732.1326   7675.060083  x:  0.00291   0.00455   0.01266   0.01346   0.01622   0.02284   0.01593   0.01579   0.01720   0.01440   0.00671   0.01165   0.00491   0.00176   0.01007   0.01464   0.01166   0.00094   0.01356   0.00000   0.00716   0.00249   0.00810   0.00569   0.02043   0.03171   0.00722   0.00951   0.00457   0.00000   0.00343   0.00000   0.00318   0.07342   0.00595   0.00501   0.01530   0.00337   0.00111   0.00312   0.00644   0.00222   0.00013   0.00456   0.00006   0.00188   0.00944   0.00766   0.00459   0.01096   0.00894   0.00776   0.00020   0.00831   0.00825   0.90276   0.59333   0.97251   0.74377   0.81198   0.24692   0.71163  
  5 80419.6999   7659.716909  x:  0.00223   0.00423   0.01208   0.01296   0.01580   0.02229   0.01543   0.01529   0.01681   0.01405   0.00626   0.01164   0.00427   0.00075   0.00967   0.01408   0.01110   0.00000   0.01331   0.00000   0.00679   0.00235   0.00781   0.00507   0.02001   0.03151   0.00657   0.00940   0.00330   0.00000   0.00218   0.00000   0.00161   0.07335   0.00413   0.00344   0.01525   0.00212   0.00013   0.00310   0.00492   0.00052   0.00079   0.00418   0.00014   0.00222   0.00836   0.00623   0.00355   0.01041   0.00784   0.00672   0.00028   0.00743   0.00797   0.90303   0.59335   0.97252   0.74375   0.81204   0.24627   0.71153  
  6 118140.1776   7654.465657  x:  0.00205   0.00415   0.01190   0.01281   0.01568   0.02213   0.01529   0.01515   0.01669   0.01394   0.00613   0.01164   0.00408   0.00044   0.00955   0.01392   0.01093   0.00017   0.01324   0.00000   0.00668   0.00233   0.00772   0.00489   0.01988   0.03145   0.00638   0.00936   0.00293   0.00000   0.00183   0.00000   0.00116   0.07333   0.00358   0.00297   0.01524   0.00176   0.00021   0.00309   0.00447   0.00000   0.00090   0.00407   0.00016   0.00230   0.00805   0.00581   0.00325   0.01024   0.00752   0.00642   0.00030   0.00718   0.00788   0.90311   0.59336   0.97253   0.74374   0.81206   0.24607   0.71150  
  7 32600.3120   7653.017819  x:  0.00203   0.00414   0.01182   0.01275   0.01562   0.02205   0.01522   0.01508   0.01663   0.01389   0.00608   0.01166   0.00400   0.00027   0.00951   0.01385   0.01085   0.00000   0.01321   0.00000   0.00664   0.00237   0.00770   0.00482   0.01982   0.03142   0.00631   0.00935   0.00282   0.00000   0.00175   0.00000   0.00104   0.07332   0.00329   0.00274   0.01524   0.00167   0.00051   0.00309   0.00426   0.00000   0.00093   0.00403   0.00017   0.00226   0.00789   0.00560   0.00315   0.01017   0.00736   0.00629   0.00031   0.00706   0.00785   0.90315   0.59336   0.97253   0.74374   0.81207   0.24596   0.71148  
  8 10839.4909   7651.018753  x:  0.00218   0.00420   0.01170   0.01268   0.01555   0.02192   0.01513   0.01498   0.01656   0.01383   0.00604   0.01171   0.00390   0.00000   0.00947   0.01376   0.01074   0.00001   0.01319   0.00000   0.00663   0.00253   0.00769   0.00478   0.01973   0.03136   0.00627   0.00934   0.00282   0.00000   0.00188   0.00000   0.00119   0.07331   0.00287   0.00242   0.01525   0.00174   0.00051   0.00309   0.00401   0.00000   0.00092   0.00402   0.00017   0.00205   0.00770   0.00533   0.00314   0.01008   0.00715   0.00614   0.00031   0.00694   0.00782   0.90323   0.59337   0.97253   0.74373   0.81209   0.24580   0.71144  
  9 4637.4691   7646.925958  x:  0.00192   0.00447   0.01117   0.01243   0.01515   0.02104   0.01470   0.01454   0.01619   0.01357   0.00617   0.01248   0.00363   0.00000   0.00950   0.01336   0.01016   0.00002   0.01324   0.00000   0.00684   0.00134   0.00795   0.00517   0.01912   0.03095   0.00662   0.00937   0.00400   0.00000   0.00150   0.00000   0.00082   0.07330   0.00000   0.00195   0.01530   0.00359   0.00051   0.00308   0.00298   0.00000   0.00094   0.00431   0.00017   0.00195   0.00715   0.00442   0.00413   0.00980   0.00646   0.00610   0.00031   0.00682   0.00785   0.90391   0.59343   0.97257   0.74368   0.81225   0.24445   0.71104  
 10 2046.1588   7645.972809  x:  0.00134   0.00443   0.01085   0.01225   0.01487   0.02042   0.01441   0.01426   0.01595   0.01341   0.00626   0.01300   0.00345   0.00000   0.00953   0.01309   0.00978   0.00003   0.01327   0.00000   0.00694   0.00124   0.00809   0.00539   0.01871   0.03066   0.00682   0.00939   0.00437   0.00000   0.00091   0.00000   0.00158   0.07332   0.00000   0.00199   0.01530   0.00438   0.00055   0.00307   0.00218   0.00000   0.00099   0.00445   0.00017   0.00245   0.00690   0.00400   0.00453   0.00965   0.00615   0.00616   0.00033   0.00681   0.00787   0.90444   0.59348   0.97259   0.74364   0.81238   0.24340   0.71073  
 11 1922.2393   7644.117297  x:  0.00054   0.00413   0.01019   0.01191   0.01427   0.01891   0.01380   0.01367   0.01541   0.01309   0.00652   0.01425   0.00304   0.00000   0.00965   0.01251   0.00893   0.00005   0.01337   0.00000   0.00715   0.00236   0.00835   0.00588   0.01771   0.02989   0.00725   0.00943   0.00466   0.00000   0.00154   0.00000   0.00135   0.07341   0.00000   0.00268   0.01530   0.00575   0.00059   0.00305   0.00000   0.00000   0.00107   0.00471   0.00019   0.00415   0.00656   0.00353   0.00516   0.00940   0.00570   0.00653   0.00036   0.00693   0.00795   0.90587   0.59361   0.97266   0.74353   0.81272   0.24057   0.70987  
 12 1936.7222   7642.905300  x:  0.00157   0.00384   0.00957   0.01161   0.01371   0.01745   0.01324   0.01311   0.01490   0.01280   0.00671   0.01538   0.00260   0.00000   0.00972   0.01195   0.00814   0.00007   0.01343   0.00000   0.00726   0.00289   0.00850   0.00620   0.01675   0.02913   0.00753   0.00945   0.00449   0.00000   0.00147   0.00000   0.00127   0.07350   0.00000   0.00330   0.01530   0.00663   0.00063   0.00304   0.00000   0.00000   0.00115   0.00484   0.00020   0.00583   0.00624   0.00321   0.00540   0.00917   0.00528   0.00679   0.00039   0.00701   0.00799   0.90735   0.59374   0.97274   0.74341   0.81308   0.23763   0.70898  
 13 2713.3058   7636.516945  x:  0.00144   0.00451   0.00857   0.01119   0.01266   0.01409   0.01223   0.01211   0.01380   0.01234   0.00662   0.01742   0.00133   0.00000   0.00960   0.01080   0.00687   0.00012   0.01351   0.00000   0.00693   0.00102   0.00822   0.00582   0.01456   0.02704   0.00704   0.00938   0.00204   0.00000   0.00324   0.00000   0.00210   0.07343   0.00000   0.00269   0.01556   0.00620   0.00071   0.00306   0.00000   0.00000   0.00127   0.00442   0.00021   0.00603   0.00539   0.00373   0.00378   0.00875   0.00428   0.00639   0.00041   0.00674   0.00782   0.91217   0.59418   0.97297   0.74304   0.81426   0.22799   0.70610  
 14 1294.2319   7626.895996  x:  0.00124   0.00567   0.00793   0.01094   0.01183   0.01090   0.01147   0.01134   0.01276   0.01206   0.00621   0.01929   0.00091   0.00000   0.00928   0.00988   0.00618   0.00013   0.01348   0.00000   0.00641   0.00237   0.00769   0.00492   0.01247   0.02456   0.00601   0.00925   0.00139   0.00000   0.00178   0.00000   0.00138   0.07324   0.00000   0.00040   0.01600   0.00474   0.00061   0.00310   0.00000   0.00000   0.00113   0.00373   0.00018   0.00369   0.00452   0.00416   0.00170   0.00839   0.00342   0.00528   0.00037   0.00610   0.00750   0.91878   0.59478   0.97329   0.74252   0.81588   0.21474   0.70214  
 15 4436.5290   7622.781464  x:  0.00121   0.00578   0.00743   0.01052   0.01135   0.00973   0.01098   0.01084   0.01211   0.01179   0.00557   0.01989   0.00120   0.00000   0.00875   0.00928   0.00587   0.00013   0.01323   0.00000   0.00589   0.00257   0.00722   0.00395   0.01154   0.02319   0.00499   0.00909   0.00210   0.00000   0.00148   0.00000   0.00124   0.07308   0.00000   0.00196   0.01618   0.00259   0.00058   0.00309   0.00000   0.00000   0.00108   0.00318   0.00017   0.00190   0.00361   0.00293   0.00157   0.00785   0.00270   0.00384   0.00035   0.00505   0.00710   0.92313   0.59517   0.97350   0.74219   0.81696   0.20587   0.69956  
 16 5035.6021   7619.493388  x:  0.00130   0.00518   0.00728   0.01013   0.01124   0.01029   0.01085   0.01070   0.01185   0.01166   0.00499   0.01966   0.00142   0.00000   0.00823   0.00910   0.00603   0.00014   0.01288   0.00000   0.00554   0.00243   0.00698   0.00344   0.01160   0.02255   0.00447   0.00897   0.00224   0.00000   0.00182   0.00000   0.00139   0.07305   0.00000   0.00110   0.01619   0.00108   0.00061   0.00305   0.00000   0.00000   0.00112   0.00303   0.00017   0.00202   0.00359   0.00145   0.00305   0.00742   0.00305   0.00304   0.00036   0.00419   0.00677   0.92649   0.59548   0.97366   0.74193   0.81779   0.19891   0.69760  
 17 3526.4502   7614.145976  x:  0.00136   0.00356   0.00694   0.00908   0.01116   0.01281   0.01064   0.01048   0.01146   0.01129   0.00359   0.01790   0.00133   0.00000   0.00689   0.00888   0.00643   0.00016   0.01180   0.00000   0.00487   0.00245   0.00656   0.00261   0.01259   0.02181   0.00362   0.00870   0.00233   0.00000   0.00216   0.00000   0.00159   0.07299   0.00000   0.00085   0.01613   0.00267   0.00068   0.00295   0.00000   0.00000   0.00124   0.00287   0.00019   0.00239   0.00310   0.00148   0.00269   0.00623   0.00246   0.00170   0.00041   0.00228   0.00603   0.93406   0.59617   0.97402   0.74136   0.81969   0.18291   0.69325  
 18 3276.4670   7605.167757  x:  0.00135   0.00269   0.00579   0.00727   0.01064   0.01595   0.00979   0.00959   0.01060   0.01033   0.00264   0.01475   0.00071   0.00000   0.00531   0.00814   0.00606   0.00017   0.01000   0.00000   0.00454   0.00242   0.00649   0.00314   0.01382   0.02069   0.00386   0.00836   0.00249   0.00000   0.00224   0.00000   0.00166   0.07284   0.00000   0.00071   0.01596   0.00274   0.00074   0.00285   0.00000   0.00000   0.00129   0.00308   0.00020   0.00144   0.00189   0.00058   0.00190   0.00439   0.00181   0.00459   0.00040   0.00318   0.00530   0.94895   0.59753   0.97471   0.74024   0.82344   0.15120   0.68473  
 19 7036.7198   7597.199638  x:  0.00137   0.00300   0.00418   0.00550   0.00963   0.01795   0.00843   0.00818   0.00941   0.00904   0.00265   0.01210   0.00103   0.00000   0.00437   0.00696   0.00485   0.00019   0.00833   0.00000   0.00451   0.00249   0.00662   0.00360   0.01429   0.01932   0.00420   0.00807   0.00306   0.00000   0.00224   0.00000   0.00171   0.07273   0.00000   0.00031   0.01576   0.00196   0.00081   0.00279   0.00000   0.00000   0.00134   0.00330   0.00021   0.00085   0.00154   0.00267   0.00290   0.00300   0.00118   0.00536   0.00041   0.00352   0.00467   0.96600   0.59910   0.97550   0.73896   0.82773   0.11477   0.67502  
 20 23369.7331   7570.813633  x:  0.00130   0.00662   0.00229   0.00359   0.00745   0.02116   0.00572   0.00545   0.00713   0.00647   0.00401   0.00651   0.00140   0.00000   0.00446   0.00487   0.00233   0.00022   0.00560   0.00000   0.00494   0.00270   0.00702   0.00415   0.01471   0.01623   0.00473   0.00761   0.00322   0.00000   0.00211   0.00000   0.00172   0.07256   0.00000   0.00051   0.01554   0.00271   0.00096   0.00282   0.00000   0.00000   0.00146   0.00356   0.00024   0.00009   0.00415   0.00183   0.00234   0.00368   0.00309   0.00446   0.00043   0.00359   0.00395   1.00963   0.60310   0.97751   0.73569   0.83876   0.02133   0.65015  
 21 33576.5844   7563.375764  x:  0.00131   0.00778   0.00231   0.00349   0.00708   0.02176   0.00531   0.00506   0.00677   0.00604   0.00423   0.00543   0.00165   0.00000   0.00452   0.00461   0.00214   0.00022   0.00520   0.00000   0.00504   0.00268   0.00709   0.00421   0.01478   0.01558   0.00477   0.00753   0.00371   0.00000   0.00224   0.00000   0.00179   0.07255   0.00000   0.00039   0.01556   0.00269   0.00101   0.00285   0.00000   0.00000   0.00152   0.00356   0.00025   0.00051   0.00414   0.00167   0.00206   0.00378   0.00299   0.00430   0.00044   0.00371   0.00387   1.01958   0.60401   0.97797   0.73494   0.84128   0.00000   0.64447  
 22 113470.2471   7562.790697  x:  0.00131   0.00840   0.00273   0.00365   0.00666   0.02234   0.00500   0.00485   0.00654   0.00569   0.00453   0.00478   0.00186   0.00000   0.00477   0.00448   0.00223   0.00022   0.00515   0.00000   0.00521   0.00275   0.00727   0.00442   0.01476   0.01506   0.00498   0.00751   0.00348   0.00000   0.00222   0.00000   0.00179   0.07252   0.00000   0.00040   0.01546   0.00281   0.00105   0.00288   0.00000   0.00000   0.00154   0.00367   0.00026   0.00044   0.00384   0.00151   0.00228   0.00385   0.00255   0.00410   0.00045   0.00376   0.00396   1.03138   0.60509   0.97851   0.73406   0.84428   0.00000   0.63776  
 23 4493.8771   7561.752876  x:  0.00130   0.00936   0.00193   0.00361   0.00631   0.02324   0.00503   0.00502   0.00659   0.00556   0.00483   0.00466   0.00233   0.00000   0.00494   0.00462   0.00220   0.00021   0.00536   0.00000   0.00542   0.00278   0.00752   0.00465   0.01474   0.01450   0.00518   0.00752   0.00343   0.00000   0.00225   0.00000   0.00184   0.07248   0.00000   0.00034   0.01531   0.00294   0.00112   0.00291   0.00000   0.00000   0.00160   0.00378   0.00028   0.00041   0.00334   0.00129   0.00231   0.00388   0.00231   0.00388   0.00046   0.00376   0.00407   1.05121   0.60691   0.97941   0.73259   0.84932   0.00000   0.62649  
 24 8046.6713   7560.476218  x:  0.00131   0.01055   0.00228   0.00302   0.00619   0.02400   0.00511   0.00501   0.00667   0.00557   0.00483   0.00518   0.00231   0.00000   0.00459   0.00450   0.00157   0.00021   0.00533   0.00000   0.00551   0.00280   0.00772   0.00480   0.01452   0.01401   0.00522   0.00751   0.00385   0.00000   0.00234   0.00000   0.00192   0.07242   0.00000   0.00022   0.01515   0.00307   0.00121   0.00290   0.00000   0.00000   0.00167   0.00387   0.00030   0.00036   0.00298   0.00121   0.00228   0.00351   0.00262   0.00385   0.00048   0.00360   0.00392   1.07654   0.60924   0.98057   0.73071   0.85576   0.00000   0.61212  
 25 12714.9713   7559.235094  x:  0.00132   0.01201   0.00222   0.00274   0.00619   0.02444   0.00497   0.00467   0.00658   0.00555   0.00459   0.00572   0.00150   0.00000   0.00401   0.00412   0.00228   0.00020   0.00501   0.00000   0.00548   0.00289   0.00783   0.00488   0.01410   0.01365   0.00514   0.00748   0.00438   0.00000   0.00239   0.00000   0.00199   0.07235   0.00000   0.00020   0.01505   0.00321   0.00131   0.00287   0.00000   0.00000   0.00176   0.00394   0.00032   0.00033   0.00301   0.00123   0.00249   0.00307   0.00293   0.00396   0.00049   0.00340   0.00362   1.10328   0.61169   0.98179   0.72872   0.86256   0.00000   0.59696  
 26 20184.9256   7558.622764  x:  0.00131   0.01256   0.00208   0.00324   0.00639   0.02459   0.00490   0.00460   0.00650   0.00558   0.00416   0.00579   0.00084   0.00000   0.00381   0.00414   0.00202   0.00020   0.00482   0.00000   0.00532   0.00296   0.00775   0.00480   0.01395   0.01374   0.00498   0.00744   0.00465   0.00000   0.00238   0.00000   0.00201   0.07233   0.00000   0.00021   0.01506   0.00326   0.00135   0.00283   0.00000   0.00000   0.00179   0.00395   0.00033   0.00032   0.00318   0.00129   0.00276   0.00310   0.00278   0.00415   0.00050   0.00331   0.00350   1.11483   0.61275   0.98231   0.72787   0.86548   0.00000   0.59042  
 27 10809.0382   7558.194396  x:  0.00131   0.01276   0.00206   0.00304   0.00666   0.02437   0.00470   0.00452   0.00624   0.00556   0.00357   0.00578   0.00107   0.00000   0.00399   0.00418   0.00201   0.00020   0.00467   0.00000   0.00500   0.00297   0.00749   0.00461   0.01382   0.01417   0.00475   0.00735   0.00472   0.00000   0.00241   0.00000   0.00204   0.07231   0.00000   0.00014   0.01517   0.00340   0.00137   0.00276   0.00000   0.00000   0.00182   0.00393   0.00033   0.00031   0.00355   0.00127   0.00295   0.00335   0.00243   0.00448   0.00051   0.00337   0.00349   1.12234   0.61344   0.98265   0.72731   0.86737   0.00000   0.58620  
 28 3580.7624   7557.913793  x:  0.00130   0.01322   0.00203   0.00281   0.00683   0.02413   0.00475   0.00463   0.00609   0.00559   0.00329   0.00551   0.00110   0.00000   0.00406   0.00426   0.00195   0.00020   0.00474   0.00000   0.00479   0.00306   0.00723   0.00443   0.01383   0.01469   0.00463   0.00727   0.00448   0.00000   0.00234   0.00000   0.00201   0.07230   0.00000   0.00024   0.01538   0.00359   0.00138   0.00272   0.00000   0.00000   0.00182   0.00395   0.00033   0.00031   0.00350   0.00125   0.00326   0.00314   0.00245   0.00459   0.00051   0.00340   0.00352   1.12657   0.61383   0.98285   0.72700   0.86841   0.00000   0.58385  
 29 2333.1413   7557.287575  x:  0.00131   0.01299   0.00197   0.00318   0.00669   0.02337   0.00477   0.00459   0.00583   0.00561   0.00349   0.00494   0.00154   0.00000   0.00387   0.00395   0.00192   0.00020   0.00483   0.00000   0.00450   0.00306   0.00667   0.00411   0.01393   0.01593   0.00459   0.00708   0.00447   0.00000   0.00239   0.00000   0.00205   0.07229   0.00000   0.00018   0.01582   0.00382   0.00139   0.00265   0.00000   0.00000   0.00184   0.00394   0.00033   0.00029   0.00315   0.00125   0.00334   0.00283   0.00296   0.00475   0.00051   0.00338   0.00352   1.13411   0.61452   0.98319   0.72644   0.87021   0.00000   0.57973  
 30 1982.6446   7556.330432  x:  0.00133   0.01249   0.00195   0.00270   0.00634   0.02261   0.00495   0.00465   0.00600   0.00575   0.00410   0.00439   0.00112   0.00000   0.00357   0.00418   0.00194   0.00020   0.00469   0.00000   0.00460   0.00305   0.00626   0.00399   0.01446   0.01742   0.00485   0.00692   0.00460   0.00000   0.00244   0.00000   0.00207   0.07228   0.00000   0.00014   0.01642   0.00370   0.00138   0.00266   0.00000   0.00000   0.00185   0.00397   0.00033   0.00028   0.00288   0.00130   0.00337   0.00345   0.00291   0.00464   0.00052   0.00329   0.00341   1.14333   0.61535   0.98361   0.72575   0.87234   0.00000   0.57479  
 31 2552.9206   7553.366582  x:  0.00137   0.01191   0.00195   0.00278   0.00571   0.02207   0.00479   0.00426   0.00655   0.00559   0.00476   0.00507   0.00124   0.00000   0.00354   0.00456   0.00185   0.00020   0.00361   0.00000   0.00547   0.00301   0.00613   0.00433   0.01686   0.02036   0.00561   0.00669   0.00433   0.00000   0.00253   0.00000   0.00209   0.07231   0.00000   0.00019   0.01803   0.00316   0.00133   0.00284   0.00000   0.00000   0.00184   0.00414   0.00032   0.00031   0.00377   0.00108   0.00276   0.00261   0.00206   0.00413   0.00052   0.00316   0.00295   1.16959   0.61773   0.98483   0.72379   0.87827   0.00000   0.56083  
 32 4525.2016   7548.004467  x:  0.00145   0.01056   0.00190   0.00265   0.00560   0.02232   0.00369   0.00363   0.00627   0.00422   0.00382   0.00594   0.00062   0.00000   0.00407   0.00335   0.00183   0.00022   0.00541   0.00000   0.00629   0.00297   0.00687   0.00494   0.02057   0.02271   0.00591   0.00662   0.00447   0.00000   0.00270   0.00000   0.00214   0.07235   0.00000   0.00023   0.02006   0.00216   0.00123   0.00300   0.00000   0.00000   0.00181   0.00417   0.00029   0.00032   0.00382   0.00136   0.00175   0.00303   0.00228   0.00359   0.00051   0.00302   0.00344   1.21738   0.62205   0.98704   0.72022   0.88899   0.00000   0.53551  
 33 10418.8806   7535.386454  x:  0.00155   0.00782   0.00197   0.00321   0.00558   0.02129   0.00474   0.00487   0.00476   0.00347   0.00269   0.00597   0.00179   0.00000   0.00305   0.00266   0.00189   0.00024   0.00294   0.00000   0.00591   0.00302   0.00947   0.00560   0.02411   0.02012   0.00451   0.00720   0.00333   0.00000   0.00290   0.00000   0.00220   0.07243   0.00000   0.00044   0.02191   0.00175   0.00101   0.00278   0.00000   0.00000   0.00177   0.00324   0.00023   0.00029   0.00295   0.00191   0.00117   0.00500   0.00338   0.00360   0.00051   0.00369   0.00348   1.33240   0.63243   0.99236   0.71162   0.91469   0.00000   0.47467  
 34 14547.2129   7521.261527  x:  0.00168   0.00424   0.00198   0.00327   0.00568   0.02004   0.00443   0.00403   0.00485   0.00524   0.00340   0.00427   0.00232   0.00000   0.00332   0.00443   0.00190   0.00025   0.00372   0.00000   0.00464   0.00296   0.01103   0.00526   0.02628   0.01584   0.00274   0.00753   0.00311   0.00000   0.00325   0.00000   0.00235   0.07251   0.00000   0.00044   0.02262   0.00129   0.00081   0.00246   0.00000   0.00000   0.00175   0.00197   0.00018   0.00026   0.00400   0.00231   0.00029   0.00442   0.00376   0.00430   0.00051   0.00403   0.00294   1.44939   0.64299   0.99778   0.70288   0.94076   0.00000   0.41285  
 35 53367.6118   7517.154093  x:  0.00169   0.00367   0.00195   0.00326   0.00586   0.02031   0.00448   0.00380   0.00650   0.00575   0.00429   0.00430   0.00259   0.00000   0.00329   0.00304   0.00179   0.00027   0.00393   0.00000   0.00428   0.00306   0.00985   0.00363   0.02727   0.01411   0.00250   0.00723   0.00269   0.00000   0.00326   0.00000   0.00235   0.07253   0.00000   0.00052   0.02242   0.00152   0.00074   0.00276   0.00000   0.00000   0.00174   0.00105   0.00016   0.00027   0.00438   0.00237   0.00057   0.00482   0.00329   0.00512   0.00051   0.00428   0.00281   1.48595   0.64628   0.99947   0.70015   0.94881   0.00000   0.39360  
 36 20894.1649   7514.746736  x:  0.00170   0.00335   0.00197   0.00328   0.00606   0.02059   0.00453   0.00404   0.00726   0.00551   0.00475   0.00441   0.00266   0.00000   0.00334   0.00249   0.00178   0.00028   0.00393   0.00000   0.00399   0.00308   0.00829   0.00222   0.02742   0.01290   0.00306   0.00690   0.00259   0.00000   0.00329   0.00000   0.00236   0.07255   0.00000   0.00056   0.02172   0.00141   0.00070   0.00294   0.00000   0.00000   0.00174   0.00240   0.00015   0.00028   0.00467   0.00244   0.00043   0.00498   0.00306   0.00559   0.00051   0.00412   0.00305   1.50910   0.64836   1.00054   0.69842   0.95384   0.00000   0.38146  
 37 19850.7917   7512.502853  x:  0.00171   0.00331   0.00204   0.00340   0.00598   0.02116   0.00434   0.00394   0.00748   0.00410   0.00500   0.00497   0.00271   0.00000   0.00322   0.00337   0.00185   0.00028   0.00390   0.00000   0.00407   0.00310   0.00568   0.00173   0.02721   0.01217   0.00377   0.00644   0.00254   0.00000   0.00331   0.00000   0.00237   0.07256   0.00000   0.00060   0.02032   0.00145   0.00067   0.00315   0.00000   0.00000   0.00174   0.00190   0.00015   0.00028   0.00455   0.00256   0.00042   0.00520   0.00332   0.00604   0.00052   0.00383   0.00324   1.52770   0.65002   1.00141   0.69703   0.95775   0.00000   0.37182  
 38 8474.9795   7511.420902  x:  0.00172   0.00331   0.00206   0.00342   0.00598   0.02154   0.00462   0.00408   0.00770   0.00402   0.00497   0.00500   0.00268   0.00000   0.00351   0.00305   0.00187   0.00028   0.00390   0.00000   0.00416   0.00310   0.00418   0.00269   0.02670   0.01231   0.00376   0.00628   0.00255   0.00000   0.00333   0.00000   0.00237   0.07257   0.00000   0.00060   0.01903   0.00137   0.00065   0.00318   0.00000   0.00000   0.00174   0.00178   0.00015   0.00028   0.00459   0.00257   0.00032   0.00526   0.00327   0.00601   0.00052   0.00363   0.00311   1.53583   0.65074   1.00178   0.69643   0.95933   0.00000   0.36772  
 39 4624.4447   7509.666737  x:  0.00171   0.00375   0.00210   0.00358   0.00556   0.02250   0.00443   0.00331   0.00807   0.00446   0.00476   0.00535   0.00298   0.00000   0.00291   0.00311   0.00186   0.00028   0.00402   0.00000   0.00474   0.00313   0.00392   0.00249   0.02562   0.01396   0.00305   0.00627   0.00221   0.00000   0.00330   0.00000   0.00234   0.07258   0.00000   0.00067   0.01588   0.00147   0.00063   0.00326   0.00000   0.00000   0.00174   0.00215   0.00015   0.00028   0.00425   0.00257   0.00031   0.00578   0.00331   0.00581   0.00053   0.00424   0.00289   1.54587   0.65158   1.00224   0.69571   0.96082   0.00000   0.36304  
 40 1767.8262   7508.125543  x:  0.00172   0.00385   0.00213   0.00355   0.00537   0.02301   0.00422   0.00382   0.00822   0.00443   0.00482   0.00545   0.00276   0.00000   0.00339   0.00292   0.00191   0.00029   0.00382   0.00000   0.00486   0.00312   0.00445   0.00181   0.02471   0.01532   0.00314   0.00632   0.00231   0.00000   0.00332   0.00000   0.00234   0.07259   0.00000   0.00066   0.01359   0.00143   0.00062   0.00333   0.00091   0.00000   0.00175   0.00172   0.00015   0.00027   0.00416   0.00258   0.00019   0.00566   0.00334   0.00574   0.00054   0.00443   0.00294   1.55288   0.65215   1.00256   0.69520   0.96170   0.00000   0.35990  
 41 3686.3917   7505.113406  x:  0.00169   0.00428   0.00221   0.00363   0.00607   0.02258   0.00514   0.00341   0.00876   0.00311   0.00587   0.00572   0.00285   0.00000   0.00340   0.00309   0.00196   0.00029   0.00416   0.00000   0.00311   0.00313   0.00528   0.00224   0.02499   0.01619   0.00257   0.00684   0.00223   0.00000   0.00328   0.00000   0.00232   0.07261   0.00000   0.00068   0.01284   0.00142   0.00061   0.00391   0.00273   0.00000   0.00176   0.00204   0.00015   0.00030   0.00420   0.00251   0.00023   0.00582   0.00304   0.00621   0.00056   0.00355   0.00268   1.56583   0.65316   1.00316   0.69429   0.96270   0.00000   0.35450  
 42 1294.5789   7489.629745  x:  0.00162   0.00578   0.00257   0.00420   0.00819   0.01929   0.00313   0.00493   0.00968   0.00557   0.00582   0.00606   0.00345   0.00000   0.00205   0.00370   0.00226   0.00028   0.00429   0.00000   0.00285   0.00298   0.00546   0.00362   0.02623   0.01797   0.00372   0.00871   0.00201   0.00000   0.00308   0.00000   0.00217   0.07270   0.00000   0.00074   0.01227   0.00136   0.00060   0.00559   0.00432   0.00000   0.00183   0.00211   0.00016   0.00043   0.00384   0.00226   0.00034   0.00630   0.00301   0.00631   0.00064   0.00121   0.00571   1.64273   0.65915   1.00670   0.68885   0.96887   0.00000   0.32221  
 43 5364.1583   7450.345301  x:  0.00137   0.00632   0.00356   0.00532   0.01193   0.01042   0.00655   0.00565   0.01074   0.00927   0.00362   0.00778   0.00211   0.00000   0.00595   0.00547   0.00340   0.00027   0.00448   0.00000   0.00505   0.00236   0.00389   0.00313   0.02925   0.02223   0.00457   0.01215   0.00301   0.00000   0.00273   0.00000   0.00188   0.07292   0.00000   0.00049   0.01181   0.00191   0.00060   0.00927   0.00521   0.00000   0.00209   0.00296   0.00020   0.00069   0.00212   0.00186   0.00092   0.00609   0.00391   0.00175   0.00088   0.00540   0.00868   1.87171   0.67701   1.01723   0.67269   0.98760   0.00000   0.22582  
 44 47825.4097   7433.412476  x:  0.00122   0.00825   0.00458   0.00616   0.00880   0.00935   0.01071   0.00958   0.00880   0.00879   0.00353   0.00874   0.00259   0.00000   0.00475   0.00527   0.00402   0.00027   0.00883   0.00000   0.00848   0.00212   0.00568   0.00159   0.02539   0.02611   0.00427   0.00952   0.00328   0.00000   0.00250   0.00000   0.00170   0.07304   0.00000   0.00048   0.01218   0.00186   0.00059   0.00778   0.00000   0.00000   0.00220   0.00271   0.00022   0.00092   0.00484   0.00156   0.00097   0.00665   0.00192   0.00382   0.00103   0.00313   0.00529   1.98382   0.68576   1.02230   0.66489   0.99714   0.00000   0.17876  
 45 18060.3698   7426.311422  x:  0.00117   0.00909   0.00488   0.00667   0.00827   0.01235   0.00915   0.01047   0.01019   0.00921   0.00453   0.01053   0.00255   0.00000   0.00614   0.00570   0.00433   0.00027   0.00860   0.00000   0.00652   0.00214   0.00650   0.00198   0.02042   0.02846   0.00416   0.00582   0.00311   0.00000   0.00234   0.00000   0.00160   0.07307   0.00000   0.00059   0.01602   0.00188   0.00059   0.00417   0.00000   0.00000   0.00224   0.00318   0.00021   0.00101   0.00351   0.00169   0.00104   0.00783   0.00244   0.00385   0.00108   0.00304   0.00343   2.02508   0.68892   1.02404   0.66218   1.00049   0.00000   0.16239  
 46 6091.9591   7424.596873  x:  0.00114   0.00910   0.00495   0.00665   0.00829   0.01365   0.00970   0.01033   0.01081   0.00876   0.00497   0.01075   0.00244   0.00000   0.00548   0.00561   0.00435   0.00027   0.00872   0.00000   0.00587   0.00213   0.00660   0.00208   0.01794   0.02946   0.00430   0.00627   0.00316   0.00000   0.00232   0.00000   0.00158   0.07309   0.00000   0.00059   0.01754   0.00182   0.00059   0.00239   0.00000   0.00000   0.00225   0.00289   0.00021   0.00105   0.00399   0.00158   0.00094   0.00771   0.00201   0.00335   0.00108   0.00369   0.00507   2.03595   0.68974   1.02443   0.66156   1.00136   0.00000   0.15867  
 47 2939.9160   7424.035462  x:  0.00112   0.00904   0.00493   0.00671   0.00858   0.01427   0.00988   0.00995   0.01152   0.00844   0.00474   0.01055   0.00258   0.00000   0.00576   0.00562   0.00434   0.00027   0.00861   0.00000   0.00637   0.00211   0.00671   0.00190   0.01620   0.03003   0.00456   0.00770   0.00309   0.00000   0.00230   0.00000   0.00156   0.07309   0.00000   0.00060   0.01847   0.00177   0.00058   0.00286   0.00000   0.00000   0.00224   0.00286   0.00021   0.00105   0.00380   0.00162   0.00090   0.00780   0.00212   0.00357   0.00109   0.00326   0.00491   2.04079   0.69007   1.02449   0.66142   1.00181   0.00000   0.15784  
 48 865.3770   7423.795025  x:  0.00112   0.00883   0.00494   0.00672   0.00891   0.01420   0.00962   0.01031   0.01219   0.00788   0.00462   0.01029   0.00265   0.00000   0.00541   0.00566   0.00434   0.00027   0.00873   0.00000   0.00662   0.00209   0.00689   0.00209   0.01547   0.03017   0.00437   0.00741   0.00309   0.00000   0.00230   0.00000   0.00157   0.07310   0.00000   0.00059   0.01872   0.00180   0.00058   0.00367   0.00000   0.00000   0.00224   0.00291   0.00021   0.00105   0.00396   0.00158   0.00089   0.00769   0.00209   0.00333   0.00108   0.00364   0.00486   2.04371   0.69022   1.02435   0.66157   1.00219   0.00000   0.15875  
 49 309.2568   7422.889955  x:  0.00112   0.00862   0.00493   0.00675   0.00878   0.01357   0.00987   0.01010   0.01399   0.00705   0.00404   0.00986   0.00272   0.00000   0.00586   0.00586   0.00437   0.00027   0.00838   0.00000   0.00757   0.00204   0.00746   0.00220   0.01488   0.03047   0.00365   0.00650   0.00314   0.00000   0.00228   0.00000   0.00155   0.07310   0.00000   0.00057   0.01832   0.00178   0.00057   0.00311   0.00000   0.00000   0.00222   0.00308   0.00021   0.00105   0.00385   0.00167   0.00090   0.00756   0.00238   0.00372   0.00108   0.00300   0.00575   2.05724   0.69085   1.02339   0.66266   1.00410   0.00000   0.16545  
 50 475.2009   7420.135401  x:  0.00109   0.00846   0.00504   0.00698   0.00910   0.01287   0.00988   0.01039   0.01565   0.00639   0.00327   0.00962   0.00306   0.00000   0.00558   0.00590   0.00444   0.00025   0.00889   0.00000   0.00711   0.00198   0.00814   0.00234   0.01402   0.03144   0.00524   0.00686   0.00298   0.00000   0.00218   0.00000   0.00148   0.07312   0.00000   0.00059   0.01689   0.00178   0.00056   0.00122   0.00000   0.00000   0.00216   0.00298   0.00021   0.00107   0.00390   0.00162   0.00087   0.00781   0.00243   0.00330   0.00106   0.00320   0.00449   2.09580   0.69258   1.02048   0.66601   1.00956   0.00000   0.18576  
 51 2722.2917   7413.144196  x:  0.00102   0.00820   0.00547   0.00725   0.00725   0.01481   0.01054   0.01147   0.01407   0.00769   0.00498   0.01164   0.00249   0.00000   0.00664   0.00608   0.00478   0.00022   0.00930   0.00000   0.00387   0.00187   0.00879   0.00200   0.01100   0.03552   0.00534   0.00721   0.00315   0.00000   0.00187   0.00000   0.00127   0.07319   0.00000   0.00063   0.01380   0.00181   0.00051   0.00331   0.00000   0.00000   0.00200   0.00286   0.00020   0.00116   0.00413   0.00169   0.00094   0.00829   0.00222   0.00342   0.00100   0.00336   0.00502   2.21432   0.69799   1.01192   0.67577   1.02619   0.00000   0.24425  
 52 8989.0679   7411.646878  x:  0.00098   0.00778   0.00548   0.00723   0.00906   0.01543   0.01017   0.01202   0.01244   0.00790   0.00683   0.01215   0.00232   0.00000   0.00678   0.00607   0.00481   0.00021   0.00935   0.00000   0.00527   0.00183   0.00827   0.00174   0.01057   0.03588   0.00410   0.00758   0.00307   0.00000   0.00180   0.00000   0.00122   0.07319   0.00000   0.00064   0.01425   0.00186   0.00051   0.00261   0.00000   0.00000   0.00196   0.00305   0.00020   0.00117   0.00405   0.00164   0.00100   0.00828   0.00196   0.00359   0.00098   0.00341   0.00474   2.23382   0.69863   1.00975   0.67838   1.02905   0.00000   0.25931  
 53 3702.4771   7410.930425  x:  0.00098   0.00753   0.00546   0.00726   0.00843   0.01584   0.01071   0.01154   0.01143   0.00892   0.00624   0.01212   0.00244   0.00000   0.00650   0.00606   0.00477   0.00021   0.00957   0.00000   0.00602   0.00183   0.00758   0.00185   0.01035   0.03468   0.00470   0.00695   0.00306   0.00000   0.00178   0.00000   0.00122   0.07318   0.00000   0.00065   0.01693   0.00184   0.00051   0.00288   0.00000   0.00000   0.00194   0.00307   0.00019   0.00117   0.00428   0.00168   0.00105   0.00840   0.00194   0.00365   0.00097   0.00342   0.00485   2.23203   0.69789   1.00792   0.68077   1.02918   0.00000   0.27153  
 54 719.6754   7410.898672  x:  0.00099   0.00754   0.00547   0.00726   0.00812   0.01584   0.01057   0.01172   0.01150   0.00888   0.00620   0.01214   0.00242   0.00000   0.00651   0.00609   0.00478   0.00021   0.00958   0.00000   0.00600   0.00184   0.00745   0.00186   0.01042   0.03460   0.00450   0.00717   0.00309   0.00000   0.00179   0.00000   0.00123   0.07318   0.00000   0.00065   0.01710   0.00186   0.00052   0.00281   0.00000   0.00000   0.00194   0.00314   0.00019   0.00117   0.00432   0.00170   0.00107   0.00838   0.00196   0.00368   0.00097   0.00349   0.00480   2.23184   0.69779   1.00774   0.68100   1.02914   0.00000   0.27212  
 55 144.9099   7410.424712  x:  0.00105   0.00895   0.00558   0.00739   0.00859   0.01585   0.01081   0.01183   0.01222   0.00873   0.00615   0.01226   0.00248   0.00000   0.00646   0.00608   0.00488   0.00024   0.00975   0.00000   0.00568   0.00198   0.00759   0.00163   0.01183   0.03475   0.00435   0.00722   0.00320   0.00000   0.00205   0.00000   0.00140   0.07317   0.00000   0.00066   0.01818   0.00185   0.00055   0.00298   0.00000   0.00000   0.00217   0.00301   0.00021   0.00119   0.00416   0.00164   0.00097   0.00852   0.00182   0.00369   0.00108   0.00350   0.00482   2.23646   0.69197   0.99718   0.69451   1.02533   0.00000   0.27932  
 56 38.8216   7403.325393  x:  0.00103   0.00768   0.00554   0.00740   0.00857   0.01514   0.01066   0.01173   0.01242   0.00873   0.00600   0.01203   0.00257   0.00000   0.00655   0.00620   0.00484   0.00019   0.00962   0.00000   0.00585   0.00185   0.00764   0.00187   0.01149   0.03461   0.00455   0.00722   0.00300   0.00000   0.00181   0.00000   0.00123   0.07319   0.00000   0.00066   0.01682   0.00186   0.00051   0.00284   0.00000   0.00000   0.00195   0.00312   0.00018   0.00124   0.00439   0.00172   0.00103   0.00854   0.00215   0.00365   0.00097   0.00352   0.00491   2.36325   0.52820   0.70329   1.06312   0.95844   0.00000   0.23884  
 57 53.4668   7401.482488  x:  0.00111   0.00689   0.00552   0.00739   0.00875   0.01544   0.01060   0.01166   0.01251   0.00883   0.00576   0.01178   0.00264   0.00000   0.00661   0.00635   0.00483   0.00020   0.00955   0.00000   0.00612   0.00193   0.00766   0.00214   0.01225   0.03424   0.00478   0.00732   0.00280   0.00000   0.00185   0.00000   0.00128   0.07309   0.00000   0.00066   0.01564   0.00189   0.00054   0.00283   0.00000   0.00000   0.00185   0.00323   0.00015   0.00121   0.00456   0.00185   0.00108   0.00846   0.00244   0.00376   0.00086   0.00366   0.00507   2.43069   0.80479   0.62827   1.21455   0.81710   0.00000   0.21308  
 58  8.1012   7398.805724  x:  0.00125   0.00522   0.00555   0.00747   0.00921   0.01646   0.01065   0.01167   0.01270   0.00920   0.00542   0.01154   0.00275   0.00000   0.00680   0.00671   0.00488   0.00019   0.00957   0.00000   0.00664   0.00212   0.00776   0.00269   0.01369   0.03389   0.00522   0.00751   0.00231   0.00000   0.00181   0.00000   0.00129   0.07263   0.00000   0.00065   0.01367   0.00195   0.00061   0.00286   0.00000   0.00000   0.00195   0.00346   0.00017   0.00112   0.00487   0.00214   0.00118   0.00835   0.00296   0.00407   0.00088   0.00396   0.00542   2.57800   0.88593   0.96818   1.51822   0.60315   0.00000   0.18476  
 59  7.6622   7383.454303  x:  0.00170   0.00527   0.00635   0.00843   0.01183   0.01933   0.01186   0.01244   0.01075   0.01236   0.00653   0.01327   0.00253   0.00000   0.00827   0.00829   0.00562   0.00035   0.01076   0.00000   0.00705   0.00294   0.00826   0.00425   0.01759   0.03225   0.00557   0.00902   0.00102   0.00000   0.00097   0.00000   0.00086   0.06847   0.00000   0.00068   0.01659   0.00273   0.00125   0.00349   0.00000   0.00000   0.00495   0.00405   0.00084   0.00154   0.00556   0.00249   0.00129   0.00877   0.00417   0.00477   0.00293   0.00488   0.00667   2.57060   0.60557   0.63485   1.11099   1.58476   0.00000   0.34062  
 60  1.7639   7380.000555  x:  0.00216   0.00582   0.00664   0.00876   0.01249   0.02010   0.01217   0.01276   0.01022   0.01342   0.00682   0.01371   0.00247   0.00000   0.00879   0.00881   0.00589   0.00053   0.01116   0.00000   0.00725   0.00334   0.00837   0.00477   0.01745   0.03199   0.00577   0.00936   0.00215   0.00000   0.00209   0.00000   0.00172   0.06770   0.00000   0.00070   0.01703   0.00335   0.00161   0.00356   0.00000   0.00000   0.00444   0.00432   0.00054   0.00163   0.00576   0.00258   0.00138   0.00892   0.00448   0.00513   0.00221   0.00528   0.00700   2.59416   0.51114   0.62099   1.04282   1.87138   0.00000   0.38663  
 61  3.9196   7379.925094  x:  0.00219   0.00586   0.00666   0.00878   0.01253   0.02015   0.01219   0.01278   0.01018   0.01349   0.00684   0.01374   0.00247   0.00000   0.00882   0.00885   0.00591   0.00055   0.01118   0.00000   0.00726   0.00336   0.00838   0.00481   0.01744   0.03197   0.00579   0.00938   0.00223   0.00000   0.00217   0.00000   0.00178   0.06765   0.00000   0.00070   0.01706   0.00339   0.00163   0.00357   0.00000   0.00000   0.00441   0.00434   0.00052   0.00164   0.00578   0.00259   0.00138   0.00893   0.00450   0.00515   0.00216   0.00530   0.00702   2.59577   0.50486   0.62007   1.03827   1.89033   0.00245   0.38968  
 62 533.2170   7377.382803  x:  0.00220   0.00538   0.00680   0.00898   0.01287   0.01924   0.01227   0.01285   0.01076   0.01359   0.00672   0.01394   0.00251   0.00000   0.00891   0.00907   0.00604   0.00052   0.01132   0.00000   0.00708   0.00331   0.00837   0.00490   0.01754   0.03190   0.00582   0.00946   0.00246   0.00000   0.00200   0.00000   0.00173   0.06696   0.00000   0.00072   0.01729   0.00360   0.00167   0.00355   0.00000   0.00000   0.00427   0.00440   0.00053   0.00161   0.00571   0.00263   0.00138   0.00906   0.00460   0.00522   0.00208   0.00540   0.00713   2.69146   0.51389   0.63530   1.04133   1.78767   0.00000   0.38143  
 63  1.3051   7370.272346  x:  0.00259   0.00665   0.00760   0.00976   0.01378   0.01789   0.01301   0.01403   0.01168   0.01484   0.00574   0.01471   0.00202   0.00000   0.00977   0.01021   0.00676   0.00063   0.01227   0.00000   0.00641   0.00364   0.00797   0.00497   0.01661   0.03030   0.00544   0.00955   0.00173   0.00000   0.00203   0.00000   0.00206   0.06308   0.00000   0.00068   0.01925   0.00409   0.00164   0.00356   0.00000   0.00000   0.00205   0.00465   0.00000   0.00180   0.00552   0.00253   0.00153   0.00893   0.00475   0.00460   0.00044   0.00585   0.00749   2.91607   0.64671   0.83864   1.30170   2.01820   0.00000   0.43196  
 64  1.5504   7370.272346  x:  0.00259   0.00665   0.00760   0.00976   0.01378   0.01789   0.01301   0.01403   0.01168   0.01484   0.00574   0.01471   0.00202   0.00000   0.00977   0.01021   0.00676   0.00063   0.01227   0.00000   0.00641   0.00364   0.00797   0.00497   0.01661   0.03030   0.00544   0.00955   0.00173   0.00000   0.00203   0.00000   0.00206   0.06308   0.00000   0.00068   0.01925   0.00409   0.00164   0.00356   0.00000   0.00000   0.00205   0.00465   0.00000   0.00180   0.00552   0.00253   0.00153   0.00893   0.00475   0.00460   0.00044   0.00585   0.00749   2.91607   0.64671   0.83864   1.30170   2.01820   0.00000   0.43196  
 65 878.4570   7368.409920  x:  0.00258   0.00663   0.00761   0.00977   0.01377   0.01788   0.01300   0.01402   0.01169   0.01483   0.00573   0.01470   0.00202   0.00000   0.00976   0.01022   0.00677   0.00066   0.01227   0.00000   0.00640   0.00363   0.00796   0.00495   0.01661   0.03029   0.00544   0.00954   0.00176   0.00000   0.00202   0.00000   0.00204   0.06301   0.00000   0.00070   0.01924   0.00406   0.00164   0.00355   0.00000   0.00000   0.00200   0.00464   0.00105   0.00180   0.00551   0.00252   0.00159   0.00892   0.00474   0.00459   0.00051   0.00583   0.00748   2.91608   0.64671   0.83864   1.30170   2.01820   0.00002   0.43196  
 66 13453.7076   7364.807718  x:  0.00233   0.00592   0.00788   0.00989   0.01361   0.01758   0.01285   0.01372   0.01182   0.01451   0.00548   0.01452   0.00179   0.00000   0.00940   0.01042   0.00703   0.00131   0.01227   0.00000   0.00622   0.00332   0.00779   0.00453   0.01640   0.03009   0.00539   0.00928   0.00263   0.00000   0.00154   0.00000   0.00132   0.06119   0.00000   0.00122   0.01875   0.00307   0.00145   0.00334   0.00000   0.00000   0.00055   0.00423   0.00102   0.00163   0.00509   0.00241   0.00318   0.00863   0.00427   0.00432   0.00204   0.00542   0.00735   2.91609   0.64671   0.83863   1.30171   2.01819   0.00045   0.43203  
 67 1892.8560   7359.912874  x:  0.00201   0.00420   0.00850   0.01022   0.01321   0.01677   0.01249   0.01293   0.01222   0.01364   0.00488   0.01405   0.00143   0.00000   0.00852   0.01085   0.00759   0.00115   0.01225   0.00000   0.00581   0.00270   0.00738   0.00357   0.01584   0.02951   0.00530   0.00864   0.00294   0.00000   0.00137   0.00000   0.00134   0.05588   0.00000   0.00033   0.01745   0.00093   0.00166   0.00285   0.00000   0.00000   0.00151   0.00327   0.00105   0.00180   0.00422   0.00225   0.00417   0.00792   0.00327   0.00375   0.00155   0.00433   0.00700   2.91615   0.64672   0.83861   1.30171   2.01814   0.00158   0.43222  
 68 1864.4726   7357.667715  x:  0.00197   0.00322   0.00887   0.01045   0.01294   0.01621   0.01225   0.01239   0.01252   0.01302   0.00454   0.01374   0.00135   0.00000   0.00796   0.01113   0.00793   0.00089   0.01223   0.00000   0.00558   0.00245   0.00713   0.00306   0.01546   0.02909   0.00527   0.00825   0.00286   0.00000   0.00150   0.00000   0.00153   0.05181   0.00000   0.00145   0.01656   0.00034   0.00211   0.00258   0.00000   0.00000   0.00166   0.00275   0.00106   0.00209   0.00379   0.00222   0.00437   0.00748   0.00277   0.00349   0.00088   0.00374   0.00678   2.91619   0.64672   0.83859   1.30171   2.01810   0.00237   0.43236  
 69 5452.3418   7354.040229  x:  0.00207   0.00195   0.00946   0.01085   0.01249   0.01522   0.01187   0.01149   0.01306   0.01194   0.00403   0.01323   0.00133   0.00000   0.00708   0.01161   0.00848   0.00064   0.01219   0.00000   0.00526   0.00223   0.00675   0.00242   0.01481   0.02833   0.00525   0.00763   0.00271   0.00000   0.00164   0.00000   0.00161   0.04431   0.00000   0.00154   0.01505   0.00174   0.00289   0.00222   0.00000   0.00000   0.00132   0.00211   0.00105   0.00255   0.00324   0.00222   0.00465   0.00679   0.00223   0.00320   0.00034   0.00303   0.00644   2.91626   0.64674   0.83856   1.30172   2.01804   0.00373   0.43262  
 70 6888.8940   7343.590357  x:  0.00289   0.00202   0.01047   0.01167   0.01163   0.01317   0.01119   0.00972   0.01435   0.00964   0.00343   0.01223   0.00178   0.00000   0.00569   0.01255   0.00945   0.00000   0.01210   0.00000   0.00489   0.00257   0.00621   0.00223   0.01349   0.02662   0.00533   0.00666   0.00149   0.00000   0.00224   0.00000   0.00223   0.02636   0.00000   0.00147   0.01196   0.00197   0.00384   0.00196   0.00000   0.00000   0.00124   0.00198   0.00102   0.00323   0.00301   0.00242   0.00345   0.00573   0.00272   0.00331   0.00227   0.00299   0.00589   2.91644   0.64677   0.83848   1.30173   2.01791   0.00665   0.43322  
 71 7474.4115   7332.304282  x:  0.00361   0.00289   0.01150   0.01253   0.01071   0.01090   0.01050   0.00796   0.01599   0.00705   0.00322   0.01114   0.00225   0.00000   0.00473   0.01368   0.01056   0.00259   0.01199   0.00000   0.00470   0.00298   0.00582   0.00270   0.01206   0.02452   0.00548   0.00595   0.00146   0.00000   0.00242   0.00000   0.00232   0.00297   0.00000   0.00128   0.00870   0.00172   0.00448   0.00203   0.00000   0.00000   0.00084   0.00243   0.00103   0.00348   0.00325   0.00254   0.00195   0.00499   0.00339   0.00361   0.00195   0.00330   0.00546   2.91667   0.64681   0.83838   1.30175   2.01774   0.01015   0.43399  
 72 18864.3388   7331.069032  x:  0.00360   0.00292   0.01154   0.01255   0.01067   0.01081   0.01049   0.00795   0.01613   0.00694   0.00331   0.01110   0.00227   0.00000   0.00484   0.01372   0.01059   0.00233   0.01198   0.00000   0.00474   0.00298   0.00584   0.00276   0.01200   0.02436   0.00549   0.00601   0.00161   0.00000   0.00235   0.00000   0.00223   0.00087   0.00000   0.00128   0.00867   0.00171   0.00445   0.00208   0.00000   0.00000   0.00081   0.00248   0.00103   0.00339   0.00331   0.00253   0.00202   0.00506   0.00342   0.00363   0.00185   0.00336   0.00548   2.91669   0.64681   0.83837   1.30175   2.01773   0.01042   0.43406  
 73 6777.2091   7331.034494  x:  0.00357   0.00293   0.01156   0.01256   0.01065   0.01078   0.01049   0.00797   0.01624   0.00689   0.00333   0.01107   0.00227   0.00000   0.00488   0.01375   0.01062   0.00232   0.01197   0.00000   0.00476   0.00297   0.00586   0.00277   0.01197   0.02424   0.00549   0.00605   0.00141   0.00000   0.00229   0.00000   0.00215   0.00084   0.00000   0.00128   0.00869   0.00170   0.00440   0.00208   0.00000   0.00000   0.00078   0.00248   0.00103   0.00330   0.00332   0.00252   0.00205   0.00509   0.00341   0.00364   0.00181   0.00337   0.00550   2.91671   0.64682   0.83836   1.30175   2.01772   0.01064   0.43412  
 74 174.0404   7330.915316  x:  0.00349   0.00302   0.01166   0.01262   0.01056   0.01061   0.01049   0.00800   0.01687   0.00659   0.00337   0.01093   0.00231   0.00000   0.00494   0.01394   0.01074   0.00219   0.01195   0.00000   0.00483   0.00298   0.00592   0.00281   0.01180   0.02353   0.00550   0.00618   0.00151   0.00000   0.00214   0.00000   0.00197   0.00093   0.00000   0.00138   0.00869   0.00179   0.00420   0.00209   0.00000   0.00000   0.00090   0.00252   0.00104   0.00288   0.00336   0.00251   0.00194   0.00518   0.00346   0.00368   0.00176   0.00345   0.00557   2.91683   0.64684   0.83832   1.30176   2.01765   0.01191   0.43447  
 75 333.6013   7330.866080  x:  0.00349   0.00305   0.01167   0.01263   0.01056   0.01062   0.01051   0.00803   0.01715   0.00656   0.00338   0.01091   0.00234   0.00000   0.00496   0.01400   0.01077   0.00213   0.01194   0.00000   0.00484   0.00299   0.00594   0.00284   0.01178   0.02322   0.00550   0.00619   0.00156   0.00000   0.00224   0.00000   0.00214   0.00096   0.00000   0.00132   0.00874   0.00174   0.00414   0.00211   0.00000   0.00000   0.00074   0.00254   0.00104   0.00282   0.00340   0.00252   0.00196   0.00519   0.00351   0.00370   0.00168   0.00345   0.00558   2.91689   0.64685   0.83829   1.30176   2.01762   0.01255   0.43466  
 76 363.1514   7330.825263  x:  0.00352   0.00304   0.01163   0.01260   0.01062   0.01075   0.01056   0.00811   0.01739   0.00665   0.00340   0.01095   0.00236   0.00000   0.00498   0.01402   0.01076   0.00221   0.01195   0.00000   0.00483   0.00301   0.00595   0.00287   0.01185   0.02297   0.00550   0.00617   0.00153   0.00000   0.00235   0.00000   0.00226   0.00096   0.00000   0.00135   0.00886   0.00178   0.00413   0.00213   0.00000   0.00000   0.00085   0.00255   0.00104   0.00290   0.00344   0.00253   0.00214   0.00519   0.00354   0.00370   0.00172   0.00346   0.00559   2.91698   0.64686   0.83826   1.30176   2.01758   0.01324   0.43490  
 77 297.8843   7330.781820  x:  0.00355   0.00298   0.01152   0.01252   0.01074   0.01100   0.01064   0.00818   0.01755   0.00685   0.00338   0.01105   0.00234   0.00000   0.00499   0.01398   0.01068   0.00226   0.01196   0.00000   0.00482   0.00300   0.00595   0.00285   0.01202   0.02278   0.00549   0.00612   0.00153   0.00000   0.00233   0.00000   0.00215   0.00093   0.00000   0.00134   0.00900   0.00177   0.00415   0.00212   0.00000   0.00000   0.00082   0.00253   0.00104   0.00310   0.00340   0.00252   0.00196   0.00519   0.00349   0.00366   0.00178   0.00344   0.00559   2.91710   0.64689   0.83822   1.30177   2.01753   0.01410   0.43525  
 78 258.9802   7330.757206  x:  0.00357   0.00314   0.01140   0.01245   0.01081   0.01105   0.01064   0.00809   0.01741   0.00684   0.00335   0.01114   0.00229   0.00000   0.00494   0.01386   0.01055   0.00221   0.01199   0.00000   0.00483   0.00302   0.00593   0.00286   0.01214   0.02286   0.00551   0.00614   0.00154   0.00000   0.00221   0.00000   0.00211   0.00095   0.00000   0.00133   0.00889   0.00175   0.00419   0.00211   0.00000   0.00000   0.00081   0.00257   0.00104   0.00323   0.00338   0.00255   0.00203   0.00519   0.00346   0.00370   0.00171   0.00348   0.00558   2.91723   0.64691   0.83818   1.30177   2.01748   0.01474   0.43560  
 79 122.5230   7330.727432  x:  0.00350   0.00302   0.01126   0.01237   0.01084   0.01099   0.01062   0.00803   0.01703   0.00677   0.00343   0.01124   0.00224   0.00000   0.00503   0.01368   0.01037   0.00225   0.01202   0.00000   0.00486   0.00302   0.00595   0.00288   0.01221   0.02317   0.00552   0.00622   0.00154   0.00000   0.00228   0.00000   0.00216   0.00096   0.00000   0.00134   0.00882   0.00177   0.00417   0.00215   0.00000   0.00000   0.00082   0.00256   0.00104   0.00316   0.00343   0.00251   0.00200   0.00523   0.00349   0.00372   0.00175   0.00351   0.00558   2.91746   0.64695   0.83811   1.30177   2.01740   0.01559   0.43619  
 80 151.3180   7330.713597  x:  0.00352   0.00309   0.01124   0.01239   0.01080   0.01094   0.01060   0.00811   0.01682   0.00683   0.00339   0.01125   0.00228   0.00000   0.00500   0.01361   0.01032   0.00226   0.01202   0.00000   0.00484   0.00301   0.00596   0.00284   0.01216   0.02339   0.00551   0.00619   0.00153   0.00000   0.00233   0.00000   0.00216   0.00095   0.00000   0.00135   0.00893   0.00178   0.00415   0.00210   0.00000   0.00000   0.00082   0.00255   0.00104   0.00303   0.00339   0.00255   0.00199   0.00520   0.00352   0.00368   0.00175   0.00344   0.00559   2.91762   0.64699   0.83806   1.30177   2.01736   0.01596   0.43659  
 81 116.4283   7330.704021  x:  0.00356   0.00306   0.01130   0.01245   0.01074   0.01092   0.01061   0.00819   0.01672   0.00695   0.00338   0.01118   0.00231   0.00000   0.00495   0.01362   0.01035   0.00225   0.01201   0.00000   0.00482   0.00303   0.00596   0.00289   0.01205   0.02357   0.00550   0.00613   0.00154   0.00000   0.00226   0.00000   0.00216   0.00095   0.00000   0.00135   0.00895   0.00178   0.00417   0.00215   0.00000   0.00000   0.00082   0.00257   0.00104   0.00303   0.00344   0.00251   0.00200   0.00519   0.00353   0.00369   0.00173   0.00350   0.00560   2.91779   0.64702   0.83802   1.30177   2.01732   0.01616   0.43702  
 82 79.8765   7330.692302  x:  0.00358   0.00308   0.01143   0.01254   0.01070   0.01096   0.01063   0.00820   0.01666   0.00705   0.00344   0.01107   0.00232   0.00000   0.00507   0.01370   0.01045   0.00225   0.01199   0.00000   0.00486   0.00304   0.00596   0.00287   0.01196   0.02374   0.00551   0.00619   0.00154   0.00000   0.00229   0.00000   0.00214   0.00096   0.00000   0.00134   0.00891   0.00177   0.00420   0.00212   0.00000   0.00000   0.00082   0.00257   0.00104   0.00311   0.00341   0.00256   0.00200   0.00526   0.00350   0.00374   0.00174   0.00349   0.00560   2.91810   0.64708   0.83793   1.30176   2.01725   0.01628   0.43775  
 83 87.5906   7330.658314  x:  0.00346   0.00314   0.01167   0.01263   0.01078   0.01118   0.01070   0.00808   0.01662   0.00699   0.00334   0.01098   0.00237   0.00000   0.00500   0.01392   0.01069   0.00223   0.01197   0.00000   0.00491   0.00298   0.00599   0.00287   0.01204   0.02404   0.00555   0.00639   0.00154   0.00000   0.00234   0.00000   0.00216   0.00095   0.00000   0.00136   0.00899   0.00179   0.00412   0.00216   0.00000   0.00000   0.00082   0.00261   0.00104   0.00315   0.00343   0.00243   0.00198   0.00527   0.00352   0.00367   0.00174   0.00347   0.00562   2.91915   0.64729   0.83766   1.30174   2.01704   0.01627   0.44022  
 84 138.1850   7330.574553  x:  0.00337   0.00305   0.01192   0.01266   0.01098   0.01142   0.01079   0.00803   0.01670   0.00677   0.00347   0.01103   0.00246   0.00000   0.00495   0.01429   0.01106   0.00219   0.01194   0.00000   0.00485   0.00306   0.00600   0.00292   0.01236   0.02449   0.00554   0.00621   0.00153   0.00000   0.00223   0.00000   0.00218   0.00095   0.00000   0.00138   0.00906   0.00181   0.00392   0.00214   0.00000   0.00000   0.00082   0.00254   0.00104   0.00308   0.00348   0.00276   0.00196   0.00514   0.00360   0.00368   0.00170   0.00359   0.00565   2.92188   0.64782   0.83695   1.30169   2.01649   0.01601   0.44665  
 85 535.3253   7330.351722  x:  0.00368   0.00319   0.01199   0.01251   0.01122   0.01126   0.01079   0.00824   0.01709   0.00658   0.00356   0.01133   0.00236   0.00000   0.00522   0.01479   0.01149   0.00211   0.01197   0.00000   0.00473   0.00316   0.00590   0.00282   0.01283   0.02510   0.00544   0.00570   0.00154   0.00000   0.00232   0.00000   0.00215   0.00097   0.00000   0.00140   0.00891   0.00183   0.00380   0.00212   0.00000   0.00000   0.00082   0.00264   0.00104   0.00292   0.00340   0.00230   0.00199   0.00523   0.00352   0.00384   0.00166   0.00347   0.00562   2.92909   0.64924   0.83508   1.30154   2.01508   0.01508   0.46355  
 86 1347.6501   7329.751816  x:  0.00413   0.00302   0.01147   0.01196   0.01120   0.01031   0.01055   0.00864   0.01815   0.00686   0.00315   0.01193   0.00182   0.00000   0.00496   0.01531   0.01178   0.00213   0.01209   0.00000   0.00493   0.00289   0.00584   0.00293   0.01312   0.02585   0.00545   0.00638   0.00155   0.00000   0.00240   0.00000   0.00213   0.00096   0.00000   0.00136   0.00886   0.00179   0.00411   0.00228   0.00000   0.00000   0.00082   0.00263   0.00104   0.00289   0.00356   0.00273   0.00198   0.00554   0.00339   0.00372   0.00174   0.00350   0.00555   2.94899   0.65316   0.82992   1.30112   2.01119   0.01224   0.51016  
 87 3599.5161   7329.164233  x:  0.00366   0.00309   0.01088   0.01174   0.01073   0.01027   0.01045   0.00822   0.01863   0.00702   0.00378   0.01200   0.00223   0.00000   0.00488   0.01494   0.01133   0.00218   0.01215   0.00000   0.00503   0.00303   0.00611   0.00272   0.01246   0.02569   0.00565   0.00664   0.00157   0.00000   0.00209   0.00000   0.00220   0.00098   0.00000   0.00132   0.00912   0.00172   0.00451   0.00195   0.00000   0.00000   0.00081   0.00245   0.00103   0.00314   0.00328   0.00236   0.00207   0.00501   0.00379   0.00364   0.00172   0.00357   0.00564   2.96851   0.65701   0.82488   1.30071   2.00742   0.00931   0.55576  
 88 5271.5615   7328.699454  x:  0.00316   0.00310   0.01065   0.01198   0.01042   0.01095   0.01059   0.00786   0.01843   0.00678   0.00339   0.01151   0.00238   0.00000   0.00516   0.01415   0.01061   0.00218   0.01213   0.00000   0.00483   0.00306   0.00616   0.00289   0.01171   0.02496   0.00564   0.00609   0.00156   0.00000   0.00230   0.00000   0.00201   0.00099   0.00000   0.00130   0.00913   0.00171   0.00457   0.00232   0.00000   0.00000   0.00080   0.00268   0.00103   0.00316   0.00348   0.00261   0.00206   0.00512   0.00350   0.00368   0.00175   0.00335   0.00572   2.98391   0.66004   0.82092   1.30038   2.00448   0.00694   0.59164  
 89 5841.9478   7328.523258  x:  0.00340   0.00306   0.01086   0.01234   0.01061   0.01130   0.01075   0.00809   0.01794   0.00668   0.00337   0.01108   0.00224   0.00000   0.00500   0.01364   0.01025   0.00227   0.01209   0.00000   0.00484   0.00297   0.00597   0.00289   0.01169   0.02431   0.00552   0.00614   0.00155   0.00000   0.00224   0.00000   0.00222   0.00096   0.00000   0.00134   0.00904   0.00176   0.00431   0.00204   0.00000   0.00000   0.00082   0.00246   0.00104   0.00302   0.00338   0.00253   0.00204   0.00537   0.00343   0.00370   0.00177   0.00359   0.00567   2.98979   0.66119   0.81942   1.30024   2.00341   0.00601   0.60521  
 90 2542.4306   7328.456942  x:  0.00357   0.00299   0.01114   0.01258   0.01079   0.01121   0.01076   0.00824   0.01752   0.00676   0.00349   0.01095   0.00231   0.00000   0.00495   0.01344   0.01017   0.00225   0.01208   0.00000   0.00489   0.00301   0.00594   0.00284   0.01189   0.02383   0.00550   0.00629   0.00155   0.00000   0.00227   0.00000   0.00212   0.00097   0.00000   0.00134   0.00894   0.00175   0.00416   0.00218   0.00000   0.00000   0.00082   0.00260   0.00104   0.00306   0.00340   0.00256   0.00206   0.00518   0.00353   0.00370   0.00174   0.00342   0.00560   2.99206   0.66164   0.81887   1.30018   2.00304   0.00567   0.61032  
 91 1066.4308   7328.431194  x:  0.00350   0.00303   0.01136   0.01267   0.01085   0.01101   0.01070   0.00822   0.01721   0.00690   0.00340   0.01101   0.00240   0.00000   0.00506   0.01341   0.01023   0.00225   0.01208   0.00000   0.00488   0.00302   0.00603   0.00289   0.01207   0.02351   0.00555   0.00627   0.00155   0.00000   0.00226   0.00000   0.00212   0.00098   0.00000   0.00134   0.00898   0.00176   0.00416   0.00215   0.00000   0.00000   0.00082   0.00252   0.00104   0.00311   0.00343   0.00255   0.00206   0.00517   0.00348   0.00366   0.00174   0.00347   0.00563   2.99299   0.66182   0.81866   1.30015   2.00294   0.00554   0.61228  
 92 375.6840   7328.424868  x:  0.00345   0.00303   0.01141   0.01265   0.01083   0.01097   0.01068   0.00818   0.01708   0.00695   0.00344   0.01105   0.00236   0.00000   0.00500   0.01345   0.01030   0.00225   0.01209   0.00000   0.00487   0.00301   0.00604   0.00286   0.01210   0.02340   0.00555   0.00623   0.00155   0.00000   0.00226   0.00000   0.00214   0.00098   0.00000   0.00134   0.00902   0.00176   0.00419   0.00215   0.00000   0.00000   0.00082   0.00258   0.00104   0.00311   0.00340   0.00255   0.00205   0.00525   0.00348   0.00370   0.00174   0.00348   0.00565   2.99326   0.66187   0.81861   1.30013   2.00295   0.00551   0.61274  
 93 126.8787   7328.420658  x:  0.00346   0.00305   0.01140   0.01259   0.01077   0.01102   0.01068   0.00817   0.01693   0.00697   0.00346   0.01112   0.00229   0.00000   0.00500   0.01354   0.01038   0.00224   0.01210   0.00000   0.00488   0.00302   0.00600   0.00289   0.01207   0.02329   0.00553   0.00624   0.00155   0.00000   0.00227   0.00000   0.00212   0.00098   0.00000   0.00134   0.00903   0.00176   0.00422   0.00216   0.00000   0.00000   0.00082   0.00253   0.00104   0.00309   0.00343   0.00255   0.00205   0.00523   0.00351   0.00371   0.00174   0.00346   0.00565   2.99351   0.66192   0.81860   1.30010   2.00302   0.00550   0.61301  
 94 53.4106   7328.418340  x:  0.00349   0.00303   0.01137   0.01254   0.01075   0.01105   0.01069   0.00819   0.01686   0.00697   0.00344   0.01116   0.00230   0.00000   0.00503   0.01359   0.01043   0.00224   0.01210   0.00000   0.00488   0.00302   0.00600   0.00288   0.01203   0.02323   0.00553   0.00625   0.00155   0.00000   0.00226   0.00000   0.00214   0.00098   0.00000   0.00134   0.00901   0.00176   0.00422   0.00215   0.00000   0.00000   0.00082   0.00258   0.00104   0.00307   0.00341   0.00255   0.00205   0.00521   0.00350   0.00368   0.00174   0.00349   0.00564   2.99369   0.66195   0.81859   1.30008   2.00310   0.00550   0.61313  
 95 52.4271   7328.414281  x:  0.00350   0.00304   0.01131   0.01249   0.01077   0.01107   0.01072   0.00822   0.01680   0.00698   0.00344   0.01117   0.00239   0.00000   0.00500   0.01366   0.01046   0.00223   0.01209   0.00000   0.00487   0.00300   0.00605   0.00286   0.01200   0.02320   0.00556   0.00626   0.00155   0.00000   0.00226   0.00000   0.00213   0.00098   0.00000   0.00134   0.00896   0.00176   0.00419   0.00217   0.00000   0.00000   0.00082   0.00254   0.00104   0.00307   0.00342   0.00255   0.00205   0.00526   0.00348   0.00371   0.00174   0.00347   0.00564   2.99414   0.66203   0.81861   1.30000   2.00337   0.00550   0.61327  
 96 36.6670   7328.380195  x:  0.00340   0.00301   0.01093   0.01235   0.01099   0.01094   0.01077   0.00825   0.01664   0.00705   0.00343   0.01078   0.00236   0.00000   0.00497   0.01392   0.01051   0.00220   0.01196   0.00000   0.00488   0.00304   0.00610   0.00297   0.01197   0.02313   0.00559   0.00621   0.00155   0.00000   0.00231   0.00000   0.00211   0.00097   0.00000   0.00135   0.00896   0.00177   0.00403   0.00206   0.00000   0.00000   0.00082   0.00260   0.00104   0.00316   0.00339   0.00254   0.00205   0.00522   0.00348   0.00371   0.00173   0.00345   0.00564   2.99827   0.66279   0.81884   1.29929   2.00588   0.00553   0.61427  
 97 117.6183   7328.323115  x:  0.00338   0.00310   0.01063   0.01232   0.01113   0.01082   0.01076   0.00819   0.01652   0.00708   0.00343   0.01048   0.00238   0.00000   0.00508   0.01414   0.01052   0.00221   0.01187   0.00000   0.00489   0.00299   0.00595   0.00273   0.01199   0.02308   0.00551   0.00619   0.00155   0.00000   0.00221   0.00000   0.00219   0.00097   0.00000   0.00136   0.00909   0.00179   0.00396   0.00229   0.00000   0.00000   0.00082   0.00251   0.00104   0.00321   0.00342   0.00256   0.00204   0.00518   0.00346   0.00363   0.00173   0.00353   0.00564   3.00520   0.66405   0.81924   1.29810   2.01013   0.00560   0.61588  
 98 829.3817   7327.769828  x:  0.00377   0.00293   0.00984   0.01299   0.01102   0.01077   0.01039   0.00765   0.01626   0.00696   0.00353   0.01026   0.00334   0.00000   0.00517   0.01480   0.01017   0.00218   0.01179   0.00000   0.00489   0.00268   0.00495   0.00321   0.01240   0.02295   0.00508   0.00635   0.00158   0.00000   0.00218   0.00000   0.00202   0.00101   0.00000   0.00129   0.00965   0.00168   0.00427   0.00207   0.00000   0.00000   0.00080   0.00263   0.00104   0.00314   0.00344   0.00256   0.00211   0.00548   0.00338   0.00371   0.00170   0.00340   0.00563   3.07367   0.67655   0.82316   1.28629   2.05221   0.00629   0.63148  
 99 2033.6993   7324.411927  x:  0.00377   0.00272   0.00833   0.01583   0.00975   0.01202   0.00961   0.00832   0.01576   0.00700   0.00324   0.01023   0.00266   0.00000   0.00497   0.01645   0.00810   0.00214   0.01215   0.00000   0.00534   0.00423   0.00679   0.00261   0.01400   0.02268   0.00567   0.00657   0.00163   0.00000   0.00242   0.00000   0.00170   0.00099   0.00000   0.00118   0.00968   0.00148   0.00541   0.00228   0.00000   0.00000   0.00076   0.00247   0.00103   0.00212   0.00329   0.00253   0.00225   0.00558   0.00339   0.00391   0.00162   0.00378   0.00566   3.50472   0.75517   0.84791   1.21194   2.31720   0.01047   0.72953  
100 16147.5770   7321.716426  x:  0.00262   0.00335   0.00885   0.01586   0.01005   0.01210   0.01036   0.00920   0.01580   0.00744   0.00391   0.01111   0.00183   0.00000   0.00531   0.01583   0.00756   0.00201   0.01230   0.00000   0.00469   0.00236   0.00687   0.00308   0.01341   0.02265   0.00573   0.00642   0.00159   0.00000   0.00154   0.00000   0.00248   0.00100   0.00000   0.00137   0.00892   0.00180   0.00493   0.00209   0.00000   0.00000   0.00081   0.00279   0.00102   0.00235   0.00395   0.00254   0.00201   0.00532   0.00365   0.00349   0.00180   0.00303   0.00572   3.82474   0.81350   0.86627   1.15674   2.51397   0.01361   0.80229  
101 45804.3178   7319.533224  x:  0.00222   0.00340   0.01016   0.01409   0.01118   0.01160   0.01149   0.00907   0.01601   0.00778   0.00380   0.01216   0.00187   0.00000   0.00523   0.01370   0.00817   0.00186   0.01219   0.00000   0.00470   0.00244   0.00593   0.00292   0.01179   0.02271   0.00545   0.00644   0.00161   0.00000   0.00274   0.00000   0.00160   0.00103   0.00000   0.00140   0.00894   0.00183   0.00364   0.00229   0.00000   0.00000   0.00077   0.00267   0.00103   0.00291   0.00347   0.00252   0.00213   0.00528   0.00395   0.00357   0.00146   0.00424   0.00591   4.10187   0.86397   0.88215   1.10894   2.68439   0.01634   0.86530  
102 49118.4402   7318.727139  x:  0.00286   0.00324   0.01083   0.01272   0.01160   0.01144   0.01173   0.00855   0.01610   0.00775   0.00355   0.01219   0.00200   0.00000   0.00532   0.01236   0.00884   0.00195   0.01205   0.00000   0.00506   0.00340   0.00598   0.00304   0.01122   0.02275   0.00552   0.00657   0.00160   0.00000   0.00213   0.00000   0.00205   0.00100   0.00000   0.00145   0.00960   0.00189   0.00309   0.00230   0.00000   0.00000   0.00080   0.00264   0.00103   0.00298   0.00345   0.00253   0.00207   0.00549   0.00352   0.00378   0.00155   0.00365   0.00592   4.20377   0.88249   0.88796   1.09138   2.74705   0.01734   0.88846  
103 28676.0455   7318.538699  x:  0.00331   0.00326   0.01106   0.01188   0.01141   0.01158   0.01137   0.00845   0.01611   0.00756   0.00371   0.01158   0.00207   0.00000   0.00535   0.01173   0.00930   0.00195   0.01197   0.00000   0.00501   0.00302   0.00635   0.00298   0.01148   0.02275   0.00559   0.00646   0.00161   0.00000   0.00223   0.00000   0.00191   0.00102   0.00000   0.00141   0.00981   0.00184   0.00335   0.00222   0.00000   0.00000   0.00079   0.00270   0.00103   0.00295   0.00366   0.00254   0.00210   0.00547   0.00351   0.00370   0.00153   0.00377   0.00576   4.22703   0.88665   0.88925   1.08739   2.76138   0.01759   0.89375  
104 4299.9825   7318.504175  x:  0.00318   0.00328   0.01113   0.01159   0.01126   0.01166   0.01119   0.00861   0.01613   0.00757   0.00365   0.01136   0.00218   0.00000   0.00537   0.01157   0.00941   0.00196   0.01197   0.00000   0.00498   0.00304   0.00626   0.00306   0.01166   0.02276   0.00553   0.00650   0.00161   0.00000   0.00220   0.00000   0.00195   0.00102   0.00000   0.00142   0.00971   0.00184   0.00343   0.00231   0.00000   0.00000   0.00079   0.00267   0.00103   0.00290   0.00348   0.00255   0.00210   0.00548   0.00359   0.00375   0.00154   0.00375   0.00577   4.23123   0.88736   0.88946   1.08668   2.76399   0.01763   0.89471  
105 1056.8833   7318.500145  x:  0.00314   0.00328   0.01115   0.01153   0.01122   0.01168   0.01116   0.00864   0.01614   0.00760   0.00365   0.01133   0.00220   0.00000   0.00536   0.01156   0.00941   0.00196   0.01198   0.00000   0.00498   0.00308   0.00621   0.00302   0.01170   0.02276   0.00552   0.00651   0.00161   0.00000   0.00220   0.00000   0.00195   0.00102   0.00000   0.00142   0.00967   0.00185   0.00343   0.00227   0.00000   0.00000   0.00079   0.00268   0.00103   0.00289   0.00356   0.00254   0.00210   0.00548   0.00357   0.00374   0.00154   0.00374   0.00580   4.23173   0.88740   0.88946   1.08661   2.76430   0.01764   0.89482  
106 178.1623   7318.497572  x:  0.00317   0.00329   0.01117   0.01149   0.01117   0.01169   0.01117   0.00859   0.01615   0.00766   0.00366   0.01130   0.00220   0.00000   0.00535   0.01158   0.00936   0.00195   0.01203   0.00000   0.00499   0.00307   0.00619   0.00303   0.01172   0.02276   0.00555   0.00650   0.00161   0.00000   0.00222   0.00000   0.00195   0.00102   0.00000   0.00142   0.00964   0.00186   0.00336   0.00228   0.00000   0.00000   0.00079   0.00268   0.00103   0.00287   0.00355   0.00254   0.00209   0.00547   0.00355   0.00372   0.00154   0.00375   0.00584   4.23202   0.88725   0.88935   1.08663   2.76455   0.01764   0.89489  
107 24.6216   7318.489249  x:  0.00320   0.00326   0.01124   0.01140   0.01110   0.01167   0.01120   0.00856   0.01614   0.00766   0.00359   0.01127   0.00221   0.00000   0.00538   0.01166   0.00924   0.00195   0.01212   0.00000   0.00497   0.00305   0.00620   0.00300   0.01174   0.02276   0.00555   0.00649   0.00161   0.00000   0.00220   0.00000   0.00194   0.00102   0.00000   0.00143   0.00966   0.00186   0.00328   0.00226   0.00000   0.00000   0.00079   0.00267   0.00103   0.00291   0.00356   0.00254   0.00210   0.00549   0.00365   0.00378   0.00152   0.00373   0.00581   4.23294   0.88652   0.88887   1.08676   2.76539   0.01764   0.89512  
108 73.2154   7318.438147  x:  0.00319   0.00331   0.01154   0.01109   0.01104   0.01159   0.01135   0.00868   0.01609   0.00748   0.00370   0.01119   0.00227   0.00000   0.00535   0.01195   0.00881   0.00195   0.01233   0.00000   0.00494   0.00313   0.00623   0.00305   0.01171   0.02277   0.00543   0.00652   0.00162   0.00000   0.00221   0.00000   0.00193   0.00102   0.00000   0.00141   0.00980   0.00184   0.00335   0.00229   0.00000   0.00000   0.00079   0.00269   0.00103   0.00303   0.00353   0.00254   0.00210   0.00552   0.00347   0.00368   0.00154   0.00377   0.00558   4.23852   0.88180   0.88577   1.08762   2.77060   0.01769   0.89649  
109 350.9321   7317.976299  x:  0.00330   0.00327   0.01211   0.01052   0.01171   0.01167   0.01137   0.00897   0.01602   0.00724   0.00361   0.01112   0.00231   0.00000   0.00537   0.01240   0.00800   0.00199   0.01196   0.00000   0.00545   0.00285   0.00614   0.00301   0.01150   0.02277   0.00561   0.00649   0.00163   0.00000   0.00219   0.00000   0.00192   0.00102   0.00000   0.00134   0.00997   0.00175   0.00412   0.00227   0.00000   0.00000   0.00078   0.00268   0.00103   0.00282   0.00359   0.00254   0.00214   0.00515   0.00331   0.00427   0.00160   0.00377   0.00672   4.29032   0.83731   0.85657   1.09588   2.81920   0.01808   0.90923  
110 1320.8040   7316.596974  x:  0.00345   0.00319   0.01230   0.01023   0.01248   0.01196   0.01106   0.00859   0.01611   0.00774   0.00370   0.01121   0.00217   0.00000   0.00554   0.01242   0.00761   0.00185   0.01098   0.00000   0.00500   0.00326   0.00610   0.00305   0.01132   0.02277   0.00585   0.00639   0.00166   0.00000   0.00205   0.00000   0.00175   0.00106   0.00000   0.00133   0.00969   0.00170   0.00446   0.00233   0.00000   0.00000   0.00076   0.00267   0.00103   0.00233   0.00355   0.00254   0.00223   0.00605   0.00430   0.00302   0.00149   0.00357   0.00680   4.43626   0.71175   0.77419   1.11921   2.95618   0.01920   0.94513  
111 14195.0440   7315.579264  x:  0.00314   0.00334   0.01166   0.01063   0.01201   0.01206   0.01102   0.00852   0.01618   0.00812   0.00369   0.01141   0.00213   0.00000   0.00553   0.01186   0.00827   0.00173   0.01116   0.00000   0.00483   0.00307   0.00623   0.00306   0.01154   0.02280   0.00553   0.00670   0.00165   0.00000   0.00212   0.00000   0.00186   0.00102   0.00000   0.00141   0.00990   0.00183   0.00359   0.00231   0.00000   0.00000   0.00078   0.00271   0.00104   0.00224   0.00365   0.00251   0.00217   0.00550   0.00358   0.00395   0.00147   0.00383   0.00573   4.54495   0.61818   0.71284   1.13658   3.05822   0.02003   0.97187  
112 24266.3160   7315.434626  x:  0.00315   0.00333   0.01137   0.01084   0.01162   0.01194   0.01120   0.00884   0.01611   0.00773   0.00372   0.01142   0.00217   0.00000   0.00551   0.01164   0.00863   0.00172   0.01161   0.00000   0.00525   0.00302   0.00626   0.00308   0.01162   0.02279   0.00552   0.00654   0.00166   0.00000   0.00211   0.00000   0.00184   0.00104   0.00000   0.00141   0.01002   0.00184   0.00332   0.00232   0.00000   0.00000   0.00077   0.00271   0.00104   0.00273   0.00360   0.00252   0.00218   0.00562   0.00361   0.00373   0.00147   0.00378   0.00607   4.56106   0.60429   0.70377   1.13914   3.07335   0.02015   0.97585  
113 4602.7306   7315.427571  x:  0.00317   0.00333   0.01134   0.01086   0.01161   0.01191   0.01129   0.00886   0.01611   0.00769   0.00373   0.01138   0.00216   0.00000   0.00551   0.01161   0.00869   0.00172   0.01172   0.00000   0.00508   0.00305   0.00624   0.00308   0.01164   0.02279   0.00557   0.00660   0.00166   0.00000   0.00211   0.00000   0.00183   0.00104   0.00000   0.00140   0.01005   0.00183   0.00336   0.00233   0.00000   0.00000   0.00077   0.00271   0.00104   0.00274   0.00360   0.00252   0.00219   0.00562   0.00360   0.00374   0.00147   0.00378   0.00616   4.56181   0.60361   0.70337   1.13926   3.07408   0.02016   0.97605  
114 246.6179   7315.426274  x:  0.00315   0.00333   0.01132   0.01087   0.01164   0.01190   0.01136   0.00884   0.01611   0.00772   0.00373   0.01136   0.00217   0.00000   0.00551   0.01160   0.00871   0.00172   0.01179   0.00000   0.00511   0.00305   0.00623   0.00308   0.01165   0.02279   0.00558   0.00659   0.00166   0.00000   0.00211   0.00000   0.00183   0.00104   0.00000   0.00140   0.01003   0.00182   0.00342   0.00233   0.00000   0.00000   0.00077   0.00271   0.00104   0.00269   0.00360   0.00252   0.00219   0.00562   0.00362   0.00374   0.00147   0.00378   0.00614   4.56192   0.60347   0.70336   1.13925   3.07422   0.02016   0.97610  
115 25.9404   7315.409761  x:  0.00318   0.00332   0.01131   0.01088   0.01176   0.01194   0.01124   0.00879   0.01611   0.00776   0.00373   0.01135   0.00218   0.00000   0.00552   0.01161   0.00872   0.00171   0.01198   0.00000   0.00507   0.00305   0.00638   0.00308   0.01159   0.02279   0.00528   0.00662   0.00166   0.00000   0.00211   0.00000   0.00183   0.00104   0.00000   0.00140   0.00999   0.00183   0.00341   0.00232   0.00000   0.00000   0.00077   0.00271   0.00104   0.00268   0.00360   0.00252   0.00219   0.00562   0.00363   0.00373   0.00147   0.00377   0.00625   4.56241   0.60103   0.70508   1.13862   3.07611   0.02018   0.97712  
116 12.5213   7315.127276  x:  0.00309   0.00336   0.01121   0.01096   0.01248   0.01223   0.01010   0.00900   0.01604   0.00775   0.00377   0.01133   0.00218   0.00000   0.00557   0.01168   0.00866   0.00167   0.01298   0.00000   0.00508   0.00307   0.00613   0.00312   0.01117   0.02277   0.00594   0.00659   0.00167   0.00000   0.00208   0.00000   0.00182   0.00104   0.00000   0.00141   0.01018   0.00184   0.00330   0.00234   0.00000   0.00000   0.00077   0.00274   0.00104   0.00268   0.00363   0.00252   0.00219   0.00567   0.00363   0.00373   0.00144   0.00381   0.00604   4.57069   0.55887   0.73514   1.12751   3.10865   0.02049   0.99491  
117 637.8495   7314.159474  x:  0.00308   0.00337   0.01090   0.01097   0.01194   0.01222   0.01101   0.00897   0.01586   0.00792   0.00381   0.01131   0.00221   0.00000   0.00565   0.01166   0.00821   0.00159   0.01198   0.00000   0.00515   0.00307   0.00626   0.00315   0.01172   0.02273   0.00564   0.00669   0.00169   0.00000   0.00204   0.00000   0.00176   0.00105   0.00000   0.00140   0.01031   0.00183   0.00332   0.00236   0.00000   0.00000   0.00076   0.00276   0.00104   0.00252   0.00366   0.00251   0.00224   0.00576   0.00365   0.00374   0.00140   0.00383   0.00620   4.59666   0.42610   0.82995   1.09246   3.21114   0.02147   1.05094  
118 6234.4729   7308.217055  x:  0.00247   0.00373   0.00792   0.01107   0.01193   0.01353   0.01190   0.01014   0.01438   0.00909   0.00437   0.01181   0.00219   0.00000   0.00657   0.01072   0.00703   0.00054   0.01178   0.00000   0.00554   0.00301   0.00672   0.00356   0.01333   0.02351   0.00531   0.00760   0.00196   0.00000   0.00157   0.00000   0.00130   0.00101   0.00000   0.00142   0.01222   0.00190   0.00176   0.00262   0.00000   0.00000   0.00066   0.00308   0.00106   0.00168   0.00405   0.00240   0.00256   0.00653   0.00352   0.00394   0.00089   0.00424   0.00647   4.10748   0.54167   0.79546   0.87972   4.01502   0.02860   1.38004  
119  4.1221   7305.573877  x:  0.00237   0.00420   0.00792   0.00980   0.01308   0.01469   0.01253   0.01156   0.01426   0.01032   0.00484   0.01358   0.00158   0.00000   0.00754   0.01079   0.00769   0.00048   0.01220   0.00000   0.00584   0.00306   0.00728   0.00380   0.01477   0.02722   0.00542   0.00823   0.00212   0.00000   0.00154   0.00000   0.00147   0.00110   0.00000   0.00126   0.01405   0.00193   0.00164   0.00285   0.00000   0.00000   0.00074   0.00337   0.00104   0.00152   0.00442   0.00232   0.00265   0.00734   0.00370   0.00409   0.00080   0.00462   0.00693   4.43124   0.56556   0.89531   1.15961   3.49095   0.02906   1.18457  
120  1.1641   7304.903373  x:  0.00246   0.00429   0.00829   0.00997   0.01346   0.01528   0.01232   0.01199   0.01402   0.01093   0.00497   0.01378   0.00165   0.00000   0.00789   0.01140   0.00730   0.00090   0.01220   0.00000   0.00594   0.00308   0.00741   0.00386   0.01526   0.02791   0.00551   0.00842   0.00215   0.00000   0.00167   0.00000   0.00160   0.00119   0.00000   0.00109   0.01471   0.00185   0.00240   0.00291   0.00000   0.00000   0.00081   0.00345   0.00102   0.00173   0.00453   0.00234   0.00265   0.00766   0.00385   0.00408   0.00094   0.00469   0.00712   4.40212   0.51978   0.78757   0.85499   3.46262   0.02914   1.19915  
121  0.9142   7304.604190  x:  0.00249   0.00437   0.00849   0.01045   0.01310   0.01555   0.01240   0.01226   0.01391   0.01142   0.00507   0.01365   0.00187   0.00000   0.00816   0.01117   0.00762   0.00106   0.01211   0.00000   0.00593   0.00306   0.00747   0.00392   0.01551   0.02771   0.00541   0.00857   0.00221   0.00000   0.00173   0.00000   0.00160   0.00114   0.00000   0.00092   0.01535   0.00183   0.00213   0.00297   0.00000   0.00000   0.00086   0.00351   0.00100   0.00214   0.00457   0.00237   0.00264   0.00782   0.00372   0.00408   0.00099   0.00476   0.00700   4.31660   0.55471   0.84158   1.02461   3.58709   0.02863   1.27741  
122  0.4042   7304.382102  x:  0.00248   0.00449   0.00874   0.01053   0.01306   0.01580   0.01227   0.01253   0.01371   0.01189   0.00517   0.01355   0.00191   0.00000   0.00848   0.01114   0.00757   0.00089   0.01216   0.00000   0.00594   0.00306   0.00746   0.00401   0.01548   0.02739   0.00542   0.00865   0.00232   0.00000   0.00162   0.00000   0.00144   0.00101   0.00000   0.00076   0.01597   0.00183   0.00179   0.00304   0.00000   0.00000   0.00087   0.00359   0.00099   0.00192   0.00463   0.00239   0.00265   0.00802   0.00371   0.00404   0.00090   0.00482   0.00699   4.28799   0.52317   0.78388   0.88326   3.58095   0.02857   1.31752  
123  0.2308   7304.222445  x:  0.00238   0.00459   0.00814   0.01027   0.01285   0.01580   0.01237   0.01255   0.01349   0.01224   0.00517   0.01344   0.00172   0.00000   0.00864   0.01073   0.00745   0.00089   0.01214   0.00000   0.00590   0.00307   0.00737   0.00404   0.01518   0.02668   0.00538   0.00858   0.00234   0.00000   0.00162   0.00000   0.00152   0.00118   0.00000   0.00075   0.01636   0.00189   0.00202   0.00306   0.00000   0.00000   0.00088   0.00362   0.00095   0.00168   0.00462   0.00238   0.00260   0.00804   0.00374   0.00403   0.00098   0.00481   0.00693   4.26442   0.52161   0.78599   0.89105   3.67602   0.03096   1.40444  
124  0.0979   7304.034090  x:  0.00246   0.00471   0.00818   0.00997   0.01279   0.01553   0.01247   0.01242   0.01371   0.01233   0.00512   0.01337   0.00166   0.00000   0.00871   0.01119   0.00759   0.00076   0.01209   0.00000   0.00589   0.00313   0.00728   0.00406   0.01493   0.02658   0.00540   0.00842   0.00236   0.00000   0.00162   0.00000   0.00155   0.00122   0.00000   0.00088   0.01661   0.00201   0.00191   0.00306   0.00000   0.00000   0.00088   0.00365   0.00089   0.00194   0.00457   0.00236   0.00254   0.00796   0.00379   0.00407   0.00097   0.00480   0.00693   4.30321   0.51962   0.79443   0.88382   3.58210   0.02962   1.46885  
125  0.0818   7303.829762  x:  0.00256   0.00467   0.00878   0.01033   0.01285   0.01528   0.01244   0.01221   0.01381   0.01224   0.00508   0.01316   0.00190   0.00000   0.00867   0.01151   0.00764   0.00080   0.01211   0.00000   0.00590   0.00315   0.00722   0.00404   0.01479   0.02659   0.00543   0.00827   0.00236   0.00000   0.00167   0.00000   0.00154   0.00108   0.00000   0.00094   0.01667   0.00207   0.00184   0.00302   0.00000   0.00000   0.00085   0.00361   0.00083   0.00201   0.00451   0.00238   0.00256   0.00784   0.00380   0.00409   0.00094   0.00477   0.00696   4.33594   0.51939   0.79530   0.86218   3.81585   0.03448   1.67381  
126  0.2732   7303.630062  x:  0.00251   0.00448   0.00874   0.01052   0.01325   0.01520   0.01240   0.01217   0.01391   0.01201   0.00506   0.01344   0.00186   0.00000   0.00853   0.01111   0.00777   0.00097   0.01224   0.00000   0.00593   0.00311   0.00728   0.00395   0.01509   0.02762   0.00544   0.00823   0.00228   0.00000   0.00171   0.00000   0.00150   0.00116   0.00000   0.00085   0.01655   0.00203   0.00199   0.00296   0.00000   0.00000   0.00081   0.00352   0.00074   0.00167   0.00449   0.00239   0.00261   0.00773   0.00377   0.00406   0.00094   0.00473   0.00702   4.34150   0.51811   0.79010   0.83406   3.92731   0.03442   1.89036  
127  0.1647   7303.552396  x:  0.00246   0.00445   0.00832   0.01032   0.01333   0.01528   0.01236   0.01222   0.01388   0.01191   0.00510   0.01359   0.00176   0.00000   0.00847   0.01096   0.00752   0.00092   0.01226   0.00000   0.00593   0.00312   0.00735   0.00396   0.01524   0.02777   0.00544   0.00830   0.00227   0.00000   0.00164   0.00000   0.00150   0.00111   0.00000   0.00079   0.01641   0.00198   0.00192   0.00298   0.00000   0.00000   0.00083   0.00352   0.00071   0.00201   0.00452   0.00238   0.00261   0.00776   0.00374   0.00404   0.00091   0.00477   0.00701   4.34628   0.51186   0.78213   0.81932   4.01433   0.03605   2.01621  
128  0.1583   7303.507207  x:  0.00249   0.00446   0.00845   0.01024   0.01314   0.01542   0.01238   0.01236   0.01384   0.01180   0.00515   0.01356   0.00178   0.00000   0.00840   0.01128   0.00759   0.00082   0.01215   0.00000   0.00593   0.00309   0.00738   0.00400   0.01539   0.02758   0.00542   0.00840   0.00227   0.00000   0.00164   0.00000   0.00154   0.00109   0.00000   0.00084   0.01614   0.00198   0.00192   0.00301   0.00000   0.00000   0.00088   0.00356   0.00069   0.00185   0.00458   0.00236   0.00259   0.00783   0.00377   0.00403   0.00092   0.00479   0.00701   4.35213   0.51059   0.78514   0.83464   4.03243   0.03672   2.10428  
129  0.0703   7303.494438  x:  0.00249   0.00445   0.00851   0.01025   0.01310   0.01550   0.01243   0.01243   0.01389   0.01182   0.00516   0.01354   0.00178   0.00000   0.00838   0.01119   0.00766   0.00085   0.01218   0.00000   0.00593   0.00309   0.00738   0.00401   0.01540   0.02749   0.00542   0.00844   0.00226   0.00000   0.00166   0.00000   0.00152   0.00116   0.00000   0.00086   0.01603   0.00197   0.00187   0.00302   0.00000   0.00000   0.00088   0.00356   0.00070   0.00186   0.00458   0.00237   0.00259   0.00786   0.00374   0.00404   0.00095   0.00479   0.00699   4.35466   0.50679   0.77971   0.80437   4.05938   0.03724   2.16099  
130  0.0635   7303.486743  x:  0.00250   0.00447   0.00852   0.01032   0.01312   0.01553   0.01246   0.01246   0.01397   0.01183   0.00518   0.01352   0.00180   0.00000   0.00839   0.01110   0.00767   0.00086   0.01223   0.00000   0.00593   0.00311   0.00737   0.00402   0.01536   0.02744   0.00544   0.00846   0.00228   0.00000   0.00166   0.00000   0.00150   0.00113   0.00000   0.00084   0.01593   0.00192   0.00200   0.00303   0.00000   0.00000   0.00086   0.00357   0.00072   0.00186   0.00458   0.00238   0.00259   0.00790   0.00376   0.00406   0.00093   0.00480   0.00699   4.35597   0.50806   0.78200   0.80637   4.07449   0.03742   2.20107  
131  0.0385   7303.480410  x:  0.00248   0.00449   0.00847   0.01032   0.01317   0.01553   0.01245   0.01246   0.01392   0.01189   0.00518   0.01352   0.00179   0.00000   0.00841   0.01113   0.00763   0.00090   0.01225   0.00000   0.00593   0.00311   0.00737   0.00402   0.01530   0.02747   0.00545   0.00845   0.00229   0.00000   0.00166   0.00000   0.00154   0.00113   0.00000   0.00085   0.01589   0.00190   0.00193   0.00304   0.00000   0.00000   0.00084   0.00358   0.00075   0.00186   0.00457   0.00238   0.00260   0.00792   0.00376   0.00406   0.00095   0.00479   0.00699   4.35572   0.50955   0.78393   0.81609   4.09591   0.03762   2.23595  
132  0.0289   7303.476254  x:  0.00248   0.00452   0.00849   0.01026   0.01319   0.01549   0.01243   0.01244   0.01385   0.01193   0.00517   0.01353   0.00178   0.00000   0.00843   0.01123   0.00766   0.00086   0.01220   0.00000   0.00594   0.00311   0.00738   0.00403   0.01528   0.02754   0.00544   0.00842   0.00230   0.00000   0.00165   0.00000   0.00151   0.00114   0.00000   0.00085   0.01594   0.00188   0.00194   0.00303   0.00000   0.00000   0.00085   0.00358   0.00079   0.00187   0.00456   0.00237   0.00261   0.00792   0.00375   0.00405   0.00095   0.00479   0.00701   4.35810   0.50817   0.78169   0.80981   4.10680   0.03778   2.25238  
133  0.0146   7303.474893  x:  0.00249   0.00452   0.00850   0.01028   0.01317   0.01546   0.01242   0.01242   0.01388   0.01191   0.00517   0.01353   0.00179   0.00000   0.00844   0.01117   0.00763   0.00086   0.01220   0.00000   0.00593   0.00310   0.00738   0.00402   0.01531   0.02756   0.00543   0.00841   0.00230   0.00000   0.00166   0.00000   0.00152   0.00113   0.00000   0.00085   0.01598   0.00188   0.00194   0.00303   0.00000   0.00000   0.00086   0.00358   0.00081   0.00187   0.00456   0.00237   0.00261   0.00790   0.00375   0.00405   0.00095   0.00479   0.00701   4.36177   0.50751   0.78155   0.80671   4.09810   0.03773   2.24964  
134  0.0092   7303.474383  x:  0.00249   0.00450   0.00850   0.01029   0.01316   0.01546   0.01243   0.01241   0.01391   0.01189   0.00517   0.01354   0.00178   0.00000   0.00843   0.01116   0.00766   0.00087   0.01222   0.00000   0.00593   0.00311   0.00737   0.00402   0.01534   0.02756   0.00544   0.00841   0.00229   0.00000   0.00165   0.00000   0.00152   0.00113   0.00000   0.00085   0.01601   0.00189   0.00194   0.00302   0.00000   0.00000   0.00086   0.00357   0.00082   0.00187   0.00456   0.00237   0.00260   0.00789   0.00375   0.00405   0.00095   0.00479   0.00700   4.36144   0.50786   0.78252   0.80889   4.10199   0.03781   2.25271  
135  0.0049   7303.474243  x:  0.00249   0.00449   0.00849   0.01029   0.01316   0.01547   0.01243   0.01242   0.01391   0.01187   0.00517   0.01353   0.00179   0.00000   0.00842   0.01117   0.00765   0.00087   0.01222   0.00000   0.00593   0.00311   0.00737   0.00402   0.01535   0.02754   0.00544   0.00842   0.00228   0.00000   0.00166   0.00000   0.00152   0.00113   0.00000   0.00085   0.01602   0.00189   0.00194   0.00302   0.00000   0.00000   0.00086   0.00357   0.00083   0.00187   0.00456   0.00237   0.00260   0.00789   0.00375   0.00405   0.00094   0.00479   0.00700   4.36022   0.50773   0.78209   0.80842   4.10332   0.03781   2.25456  
136  0.0020   7303.474206  x:  0.00249   0.00449   0.00850   0.01028   0.01316   0.01548   0.01244   0.01242   0.01391   0.01187   0.00517   0.01353   0.00179   0.00000   0.00842   0.01117   0.00764   0.00087   0.01222   0.00000   0.00593   0.00311   0.00737   0.00402   0.01534   0.02754   0.00544   0.00842   0.00228   0.00000   0.00166   0.00000   0.00152   0.00113   0.00000   0.00085   0.01602   0.00190   0.00194   0.00302   0.00000   0.00000   0.00086   0.00357   0.00083   0.00187   0.00456   0.00237   0.00260   0.00789   0.00375   0.00405   0.00095   0.00479   0.00700   4.36030   0.50769   0.78197   0.80813   4.10281   0.03780   2.25473  
137  0.0006   7303.474194  x:  0.00249   0.00449   0.00849   0.01029   0.01316   0.01548   0.01243   0.01243   0.01391   0.01188   0.00517   0.01353   0.00179   0.00000   0.00842   0.01117   0.00765   0.00087   0.01221   0.00000   0.00593   0.00311   0.00737   0.00402   0.01534   0.02754   0.00543   0.00842   0.00228   0.00000   0.00166   0.00000   0.00152   0.00113   0.00000   0.00085   0.01602   0.00190   0.00194   0.00303   0.00000   0.00000   0.00086   0.00357   0.00083   0.00187   0.00456   0.00237   0.00260   0.00789   0.00375   0.00405   0.00095   0.00479   0.00700   4.36063   0.50771   0.78200   0.80810   4.10336   0.03781   2.25524  
138  0.0006   7303.474192  x:  0.00249   0.00449   0.00850   0.01029   0.01316   0.01548   0.01243   0.01243   0.01391   0.01188   0.00517   0.01353   0.00179   0.00000   0.00842   0.01117   0.00765   0.00087   0.01222   0.00000   0.00593   0.00311   0.00737   0.00402   0.01534   0.02754   0.00544   0.00842   0.00228   0.00000   0.00166   0.00000   0.00152   0.00113   0.00000   0.00085   0.01602   0.00190   0.00194   0.00303   0.00000   0.00000   0.00086   0.00357   0.00083   0.00187   0.00456   0.00237   0.00260   0.00789   0.00375   0.00405   0.00094   0.00479   0.00700   4.36072   0.50775   0.78208   0.80834   4.10322   0.03781   2.25521  
139  0.0004   7303.474192  x:  0.00249   0.00449   0.00850   0.01029   0.01316   0.01548   0.01243   0.01242   0.01391   0.01188   0.00517   0.01353   0.00179   0.00000   0.00842   0.01117   0.00765   0.00087   0.01222   0.00000   0.00593   0.00311   0.00737   0.00402   0.01534   0.02754   0.00544   0.00842   0.00228   0.00000   0.00166   0.00000   0.00152   0.00113   0.00000   0.00085   0.01602   0.00191   0.00194   0.00303   0.00000   0.00000   0.00086   0.00357   0.00083   0.00187   0.00456   0.00237   0.00260   0.00789   0.00375   0.00405   0.00094   0.00479   0.00700   4.36070   0.50774   0.78208   0.80828   4.10323   0.03781   2.25529  
140  0.0001   7303.474192  x:  0.00249   0.00449   0.00849   0.01029   0.01316   0.01548   0.01243   0.01242   0.01391   0.01188   0.00517   0.01353   0.00179   0.00000   0.00842   0.01117   0.00765   0.00087   0.01222   0.00000   0.00593   0.00311   0.00737   0.00402   0.01534   0.02754   0.00544   0.00842   0.00228   0.00000   0.00166   0.00000   0.00152   0.00113   0.00000   0.00085   0.01602   0.00191   0.00194   0.00303   0.00000   0.00000   0.00086   0.00357   0.00083   0.00187   0.00456   0.00237   0.00260   0.00789   0.00375   0.00405   0.00094   0.00479   0.00700   4.36066   0.50774   0.78208   0.80827   4.10325   0.03781   2.25534  
141  0.0001   7303.474191  x:  0.00249   0.00449   0.00850   0.01029   0.01316   0.01547   0.01243   0.01242   0.01391   0.01188   0.00517   0.01353   0.00179   0.00000   0.00842   0.01117   0.00765   0.00087   0.01222   0.00000   0.00593   0.00311   0.00737   0.00402   0.01534   0.02754   0.00544   0.00842   0.00228   0.00000   0.00166   0.00000   0.00152   0.00113   0.00000   0.00085   0.01601   0.00191   0.00194   0.00303   0.00000   0.00000   0.00086   0.00357   0.00083   0.00187   0.00456   0.00237   0.00260   0.00789   0.00375   0.00405   0.00094   0.00479   0.00700   4.36057   0.50773   0.78204   0.80822   4.10326   0.03781   2.25526  
142  0.0000   7303.474191  x:  0.00249   0.00449   0.00850   0.01029   0.01316   0.01547   0.01243   0.01242   0.01391   0.01188   0.00517   0.01353   0.00179   0.00000   0.00842   0.01117   0.00765   0.00087   0.01222   0.00000   0.00593   0.00311   0.00737   0.00402   0.01534   0.02754   0.00544   0.00842   0.00228   0.00000   0.00166   0.00000   0.00152   0.00113   0.00000   0.00085   0.01601   0.00191   0.00194   0.00303   0.00000   0.00000   0.00086   0.00357   0.00083   0.00187   0.00456   0.00237   0.00260   0.00789   0.00375   0.00405   0.00094   0.00479   0.00700   4.36057   0.50773   0.78204   0.80822   4.10326   0.03781   2.25526  