Supplemental results for CODEML (seqf: /home/leticiamagpali/phd/evol_models/codeml/small_dataset/cml_align/CASQ2_codon_aligned.phy  treef: /home/leticiamagpali/phd/evol_models/codeml/small_dataset/cml_trees/gene_trees/M0_gene_trees/CASQ2_codon.tre)

I	J	ij	2Ns_IJ	pMut_IJ	pSub_IJ	2Ns_JI	pMut_JI	pSub_JI

TTC	TTT	CT	0.27650	0.12708	0.14546	-0.27650	0.16755	0.14546	0.14546	0.14546
TTA	TTT	AT	5.91508	0.00008	0.00050	-5.91508	0.03130	0.00050	0.00017	0.00017
TTA	TTC	AC	5.63858	0.00008	0.00047	-5.63858	0.02331	0.00047	0.00016	0.00016
TTG	TTT	GT	0.79780	0.01689	0.02452	-0.79780	0.03751	0.02452	0.00821	0.00821
TTG	TTC	GC	0.52130	0.01659	0.02128	-0.52130	0.02794	0.02128	0.00713	0.00713
TTG	TTA	GA	-5.11728	0.08758	0.00270	5.11728	0.00052	0.00270	0.00270	0.00270
TCT	TTT	CT	1.50311	0.03727	0.07205	-1.50311	0.16755	0.07205	0.02414	0.02414
TCC	TTC	CT	1.25777	0.03547	0.06234	-1.25777	0.12478	0.06234	0.02088	0.02088
TCC	TCT	CT	0.03117	0.03547	0.03603	-0.03117	0.03660	0.03603	0.03603	0.03603
TCA	TTA	CT	-4.02556	0.02470	0.00181	4.02556	0.00044	0.00181	0.00061	0.00061
TCA	TCT	AT	0.38642	0.00465	0.00560	-0.38642	0.00684	0.00560	0.00560	0.00560
TCA	TCC	AC	0.35525	0.00456	0.00542	-0.35525	0.00651	0.00542	0.00542	0.00542
TCG	TTG	CT	4.58694	0.00090	0.00416	-4.58694	0.08819	0.00416	0.00139	0.00139
TCG	TCT	GT	3.88164	0.00017	0.00067	-3.88164	0.00819	0.00067	0.00067	0.00067
TCG	TCC	GC	3.85047	0.00017	0.00065	-3.85047	0.00780	0.00065	0.00065	0.00065
TCG	TCA	GA	3.49522	0.00088	0.00316	-3.49522	0.02887	0.00316	0.00316	0.00316
TAT	TTT	AT	0.98061	0.01174	0.01842	-0.98061	0.03130	0.01842	0.00617	0.00617
TAT	TCT	AC	-0.52250	0.01153	0.00878	0.52250	0.00684	0.00878	0.00294	0.00294
TAC	TTC	AT	0.31209	0.01706	0.01986	-0.31209	0.02331	0.01986	0.00665	0.00665
TAC	TCC	AC	-0.94568	0.01675	0.01006	0.94568	0.00651	0.01006	0.00337	0.00337
TAC	TAT	CT	-0.39202	0.09071	0.07409	0.39202	0.06129	0.07409	0.07409	0.07409
TGT	TTT	GT	3.79353	0.00084	0.00328	-3.79353	0.03751	0.00328	0.00110	0.00110
TGT	TCT	GC	2.29043	0.00083	0.00211	-2.29043	0.00819	0.00211	0.00071	0.00071
TGT	TAT	GA	2.81293	0.00438	0.01310	-2.81293	0.07295	0.01310	0.00439	0.00439
TGC	TTC	GT	1.95125	0.00397	0.00903	-1.95125	0.02794	0.00903	0.00302	0.00302
TGC	TCC	GC	0.69347	0.00390	0.00540	-0.69347	0.00780	0.00540	0.00181	0.00181
TGC	TAC	GA	1.63916	0.02058	0.04187	-1.63916	0.10601	0.04187	0.01402	0.01402
TGC	TGT	CT	-1.56579	0.02110	0.00873	1.56579	0.00441	0.00873	0.00873	0.00873
TGG	TTG	GT	0.58673	0.01098	0.01451	-0.58673	0.01974	0.01451	0.00486	0.00486
TGG	TCG	GC	-4.00021	0.01078	0.00080	4.00021	0.00020	0.00080	0.00027	0.00027
TGG	TGT	GT	-2.40900	0.01098	0.00261	2.40900	0.00099	0.00261	0.00088	0.00088
TGG	TGC	GC	-0.84321	0.01078	0.00687	0.84321	0.00464	0.00687	0.00230	0.00230
CTT	TTT	CT	1.26799	0.04715	0.08320	-1.26799	0.16755	0.08320	0.02787	0.02787
CTC	TTC	CT	0.72938	0.06017	0.08476	-0.72938	0.12478	0.08476	0.02839	0.02839
CTC	CTT	CT	-0.26210	0.06017	0.05263	0.26210	0.04630	0.05263	0.05263	0.05263
CTA	TTA	CT	-4.40025	0.03592	0.00196	4.40025	0.00044	0.00196	0.00196	0.00196
CTA	CTT	AT	0.24684	0.00676	0.00763	-0.24684	0.00865	0.00763	0.00763	0.00763
CTA	CTC	AC	0.50895	0.00663	0.00847	-0.50895	0.01104	0.00847	0.00847	0.00847
CTG	TTG	CT	-0.65480	0.16974	0.12019	0.65480	0.08819	0.12019	0.12019	0.12019
CTG	CTT	GT	-1.12499	0.03193	0.01727	1.12499	0.01037	0.01727	0.01727	0.01727
CTG	CTC	GC	-0.86288	0.03135	0.01975	0.86288	0.01323	0.01975	0.01975	0.01975
CTG	CTA	GA	-1.37183	0.16553	0.07717	1.37183	0.04199	0.07717	0.07717	0.07717
CCT	TCT	CT	0.05681	0.03458	0.03557	-0.05681	0.03660	0.03557	0.01192	0.01192
CCT	CTT	CT	0.29193	0.03458	0.03987	-0.29193	0.04630	0.03987	0.01336	0.01336
CCC	TCC	CT	-0.74253	0.07319	0.04935	0.74253	0.03483	0.04935	0.01653	0.01653
CCC	CTC	CT	-0.21414	0.07319	0.06564	0.21414	0.05908	0.06564	0.02199	0.02199
CCC	CCT	CT	-0.76817	0.07319	0.04865	0.76817	0.03395	0.04865	0.04865	0.04865
CCA	TCA	CT	-1.07349	0.07095	0.03955	1.07349	0.02425	0.03955	0.01325	0.01325
CCA	CTA	CT	-0.69879	0.07095	0.04902	0.69879	0.03527	0.04902	0.01642	0.01642
CCA	CCT	AT	-0.74388	0.01335	0.00899	0.74388	0.00634	0.00899	0.00899	0.00899
CCA	CCC	AC	0.02429	0.01310	0.01326	-0.02429	0.01343	0.01326	0.01326	0.01326
CCG	TCG	CT	-2.62091	0.01212	0.00249	2.62091	0.00088	0.00249	0.00084	0.00084
CCG	CTG	CT	2.62083	0.01212	0.03427	-2.62083	0.16667	0.03427	0.01148	0.01148
CCG	CCT	GT	1.20392	0.00228	0.00392	-1.20392	0.00760	0.00392	0.00392	0.00392
CCG	CCC	GC	1.97209	0.00224	0.00513	-1.97209	0.01609	0.00513	0.00513	0.00513
CCG	CCA	GA	1.94780	0.01182	0.02686	-1.94780	0.08292	0.02686	0.02686	0.02686
CAT	TAT	CT	0.47360	0.03817	0.04792	-0.47360	0.06129	0.04792	0.01605	0.01605
CAT	CTT	AT	0.18622	0.00718	0.00787	-0.18622	0.00865	0.00787	0.00264	0.00264
CAT	CCT	AC	-0.10571	0.00705	0.00668	0.10571	0.00634	0.00668	0.00224	0.00224
CAC	TAC	CT	0.92059	0.03547	0.05427	-0.92059	0.08907	0.05427	0.01818	0.01818
CAC	CTC	AT	0.50330	0.00667	0.00849	-0.50330	0.01104	0.00849	0.00284	0.00284
CAC	CCC	AC	0.71744	0.00655	0.00918	-0.71744	0.01343	0.00918	0.00308	0.00308
CAC	CAT	CT	0.05498	0.03547	0.03646	-0.05498	0.03748	0.03646	0.03646	0.03646
CAA	CTA	AT	0.05287	0.00625	0.00642	-0.05287	0.00659	0.00642	0.00215	0.00215
CAA	CCA	AC	0.75167	0.00614	0.00873	-0.75167	0.01301	0.00873	0.00292	0.00292
CAA	CAT	AT	0.11350	0.00625	0.00661	-0.11350	0.00700	0.00661	0.00221	0.00221
CAA	CAC	AC	0.05852	0.00614	0.00632	-0.05852	0.00651	0.00632	0.00212	0.00212
CAG	CTG	AT	0.78584	0.01419	0.02049	-0.78584	0.03114	0.02049	0.00686	0.00686
CAG	CCG	AC	-1.83499	0.01393	0.00486	1.83499	0.00222	0.00486	0.00163	0.00163
CAG	CAT	GT	-0.52536	0.01419	0.01079	0.52536	0.00839	0.01079	0.00361	0.00361
CAG	CAC	GC	-0.58034	0.01393	0.01028	0.58034	0.00780	0.01028	0.00344	0.00344
CAG	CAA	GA	-0.63886	0.07357	0.05255	0.63886	0.03884	0.05255	0.05255	0.05255
CGT	TGT	CT	-0.54885	0.00763	0.00573	0.54885	0.00441	0.00573	0.00192	0.00192
CGT	CTT	GT	1.97670	0.00144	0.00329	-1.97670	0.01037	0.00329	0.00110	0.00110
CGT	CCT	GC	1.68477	0.00141	0.00292	-1.68477	0.00760	0.00292	0.00098	0.00098
CGT	CAT	GA	1.79047	0.00744	0.01600	-1.79047	0.04461	0.01600	0.00536	0.00536
CGC	TGC	CT	-0.90428	0.05119	0.03149	0.90428	0.02072	0.03149	0.01055	0.01055
CGC	CTC	GT	0.31759	0.00963	0.01124	-0.31759	0.01323	0.01124	0.00376	0.00376
CGC	CCC	GC	0.53173	0.00945	0.01219	-0.53173	0.01609	0.01219	0.00408	0.00408
CGC	CAC	GA	-0.18571	0.04992	0.04543	0.18571	0.04146	0.04543	0.01522	0.01522
CGC	CGT	CT	-1.92121	0.05119	0.01687	1.92121	0.00750	0.01687	0.01687	0.01687
CGA	CTA	GT	9.13023	0.00000	0.00000	-9.13023	0.00790	0.00001	0.00000	0.00000
CGA	CCA	GC	9.82902	0.00000	0.00000	-9.82902	0.01560	0.00001	0.00000	0.00000
CGA	CAA	GA	9.07736	0.00000	0.00000	-9.07736	0.03884	0.00004	0.00000	0.00001
CGA	CGT	AT	7.40038	0.00000	0.00000	-7.40038	0.00140	0.00001	0.00000	0.00001
CGA	CGC	AC	9.32159	0.00000	0.00000	-9.32159	0.00939	0.00001	0.00000	0.00001
CGG	TGG	CT	1.59121	0.01168	0.02333	-1.59121	0.05732	0.02333	0.00782	0.00782
CGG	CTG	GT	2.83275	0.00220	0.00661	-2.83275	0.03731	0.00661	0.00221	0.00221
CGG	CCG	GC	0.21191	0.00216	0.00239	-0.21191	0.00267	0.00239	0.00080	0.00080
CGG	CAG	GA	2.04690	0.01139	0.02676	-2.04690	0.08817	0.02676	0.00897	0.00897
CGG	CGT	GT	-0.26894	0.00220	0.00191	0.26894	0.00168	0.00191	0.00191	0.00191
CGG	CGC	GC	1.65228	0.00216	0.00441	-1.65228	0.01125	0.00441	0.00441	0.00441
CGG	CGA	GA	-7.66931	0.01139	0.00004	7.66931	0.00000	0.00000	0.00004	0.00000
ATT	TTT	AT	0.39362	0.02112	0.02554	-0.39362	0.03130	0.02554	0.00856	0.00856
ATT	CTT	AC	-0.87436	0.02073	0.01297	0.87436	0.00865	0.01297	0.00435	0.00435
ATC	TTC	AT	-0.06322	0.02483	0.02406	0.06322	0.02331	0.02406	0.00806	0.00806
ATC	CTC	AC	-0.79260	0.02438	0.01598	0.79260	0.01104	0.01598	0.00535	0.00535
ATC	ATT	CT	-0.18034	0.13202	0.12047	0.18034	0.11023	0.12047	0.12047	0.12047
ATA	TTA	AT	-3.42629	0.00253	0.00029	3.42629	0.00008	0.00029	0.00010	0.00010
ATA	CTA	AC	0.97397	0.00249	0.00389	-0.97397	0.00659	0.00389	0.00130	0.00130
ATA	ATT	AT	2.09517	0.00253	0.00605	-2.09517	0.02059	0.00605	0.00605	0.00605
ATA	ATC	AC	2.27552	0.00249	0.00631	-2.27552	0.02422	0.00631	0.00631	0.00631
ATG	TTG	AT	0.43695	0.01064	0.01314	-0.43695	0.01647	0.01314	0.00440	0.00440
ATG	CTG	AC	1.09175	0.01045	0.01717	-1.09175	0.03114	0.01717	0.00575	0.00575
ATG	ATT	GT	0.84113	0.01064	0.01574	-0.84113	0.02468	0.01574	0.00527	0.00527
ATG	ATC	GC	1.02147	0.01045	0.01668	-1.02147	0.02902	0.01668	0.00559	0.00559
ATG	ATA	GA	-1.25405	0.05518	0.02763	1.25405	0.01574	0.02763	0.00926	0.00926
ACT	TCT	AT	-0.26969	0.00895	0.00780	0.26969	0.00684	0.00780	0.00261	0.00261
ACT	CCT	AC	-0.32650	0.00879	0.00743	0.32650	0.00634	0.00743	0.00249	0.00249
ACT	ATT	CT	0.83980	0.04760	0.07035	-0.83980	0.11023	0.07035	0.02357	0.02357
ACC	TCC	AT	-0.09829	0.00718	0.00683	0.09829	0.00651	0.00683	0.00229	0.00229
ACC	CCC	AC	0.64424	0.00705	0.00956	-0.64424	0.01343	0.00956	0.00320	0.00320
ACC	ATC	CT	1.22270	0.03817	0.06614	-1.22270	0.12963	0.06614	0.02216	0.02216
ACC	ACT	CT	0.20256	0.03817	0.04216	-0.20256	0.04674	0.04216	0.04216	0.04216
ACA	TCA	AT	-0.84607	0.01056	0.00671	0.84607	0.00453	0.00671	0.00225	0.00225
ACA	CCA	AC	0.22742	0.01037	0.01159	-0.22742	0.01301	0.01159	0.00388	0.00388
ACA	ATA	CT	-1.44534	0.05613	0.02501	1.44534	0.01323	0.02501	0.00838	0.00838
ACA	ACT	AT	-0.18996	0.01056	0.00959	0.18996	0.00873	0.00959	0.00959	0.00959
ACA	ACC	AC	-0.39253	0.01037	0.00847	0.39253	0.00700	0.00847	0.00847	0.00847
ACG	TCG	AT	-2.62778	0.00228	0.00047	2.62778	0.00016	0.00047	0.00016	0.00016
ACG	CCG	AC	-0.00686	0.00224	0.00223	0.00686	0.00222	0.00223	0.00075	0.00075
ACG	ATG	CT	1.52222	0.01212	0.02361	-1.52222	0.05556	0.02361	0.00791	0.00791
ACG	ACT	GT	1.52355	0.00228	0.00444	-1.52355	0.01046	0.00444	0.00444	0.00444
ACG	ACC	GC	1.32099	0.00224	0.00403	-1.32099	0.00839	0.00403	0.00403	0.00403
ACG	ACA	GA	1.71351	0.01182	0.02471	-1.71351	0.06560	0.02471	0.02471	0.02471
AAT	TAT	AT	0.09720	0.01039	0.01090	-0.09720	0.01145	0.01090	0.00365	0.00365
AAT	CAT	AC	-0.37640	0.01020	0.00840	0.37640	0.00700	0.00840	0.00281	0.00281
AAT	ATT	AT	0.68419	0.01039	0.01434	-0.68419	0.02059	0.01434	0.00481	0.00481
AAT	ACT	AC	-0.15561	0.01020	0.00943	0.15561	0.00873	0.00943	0.00316	0.00316
AAC	TAC	AT	0.02049	0.01630	0.01647	-0.02049	0.01664	0.01647	0.00552	0.00552
AAC	CAC	AC	-0.90011	0.01601	0.00987	0.90011	0.00651	0.00987	0.00331	0.00331
AAC	ATC	AT	0.39580	0.01630	0.01974	-0.39580	0.02422	0.01974	0.00661	0.00661
AAC	ACC	AC	-0.82690	0.01601	0.01029	0.82690	0.00700	0.01029	0.00345	0.00345
AAC	AAT	CT	-0.46873	0.08666	0.06793	0.46873	0.05423	0.06793	0.06793	0.06793
AAA	CAA	AC	-1.28253	0.02198	0.01082	1.28253	0.00610	0.01082	0.00362	0.00362
AAA	ATA	AT	-2.20362	0.02238	0.00612	2.20362	0.00247	0.00612	0.00205	0.00205
AAA	ACA	AC	-0.75828	0.02198	0.01469	0.75828	0.01030	0.01469	0.00492	0.00492
AAA	AAT	AT	-0.79263	0.02238	0.01467	0.79263	0.01013	0.01467	0.00492	0.00492
AAA	AAC	AC	-0.32390	0.02198	0.01861	0.32390	0.01590	0.01861	0.00623	0.00623
AAG	CAG	AC	-0.93968	0.03541	0.02134	0.93968	0.01384	0.02134	0.00715	0.00715
AAG	ATG	AT	-1.24559	0.03607	0.01815	1.24559	0.01038	0.01815	0.00608	0.00608
AAG	ACG	AC	-2.76781	0.03541	0.00657	2.76781	0.00222	0.00657	0.00220	0.00220
AAG	AAT	GT	-1.08865	0.03607	0.01993	1.08865	0.01214	0.01993	0.00668	0.00668
AAG	AAC	GC	-0.61992	0.03541	0.02556	0.61992	0.01905	0.02556	0.00856	0.00856
AAG	AAA	GA	-0.29602	0.18699	0.16068	0.29602	0.13908	0.16068	0.16068	0.16068
AGT	TGT	AT	-2.84050	0.01411	0.00248	2.84050	0.00082	0.00248	0.00083	0.00083
AGT	CGT	AC	-2.29164	0.01385	0.00357	2.29164	0.00140	0.00357	0.00120	0.00120
AGT	ATT	GT	0.55942	0.01411	0.01842	-0.55942	0.02468	0.01842	0.00617	0.00617
AGT	ACT	GC	-0.28038	0.01385	0.01200	0.28038	0.01046	0.01200	0.00402	0.00402
AGT	AAT	GA	-0.12477	0.07313	0.06866	0.12477	0.06455	0.06866	0.02300	0.02300
AGC	TGC	AT	-0.42344	0.00591	0.00475	0.42344	0.00387	0.00475	0.00159	0.00159
AGC	CGC	AC	0.48084	0.00581	0.00731	-0.48084	0.00939	0.00731	0.00245	0.00245
AGC	ATC	GT	1.59103	0.00591	0.01181	-1.59103	0.02902	0.01181	0.00396	0.00396
AGC	ACC	GC	0.36833	0.00581	0.00694	-0.36833	0.00839	0.00694	0.00233	0.00233
AGC	AAC	GA	1.19523	0.03065	0.05254	-1.19523	0.10129	0.05254	0.01760	0.01760
AGC	AGT	CT	0.85127	0.03143	0.04669	-0.85127	0.07364	0.04669	0.04669	0.04669
AGA	CGA	AC	-8.33679	0.00348	0.00001	8.33679	0.00000	0.00000	0.00001	0.00000
AGA	ATA	GT	-0.18052	0.00355	0.00324	0.18052	0.00296	0.00324	0.00108	0.00108
AGA	ACA	GC	1.26482	0.00348	0.00614	-1.26482	0.01234	0.00614	0.00206	0.00206
AGA	AAA	GA	2.02310	0.01839	0.04288	-2.02310	0.13908	0.04288	0.01437	0.01437
AGA	AGT	AT	1.35524	0.00355	0.00648	-1.35524	0.01376	0.00648	0.00217	0.00217
AGA	AGC	AC	0.50396	0.00348	0.00443	-0.50396	0.00577	0.00443	0.00149	0.00149
AGG	TGG	AT	0.79939	0.00481	0.00699	-0.79939	0.01071	0.00699	0.00234	0.00234
AGG	CGG	AC	-0.79182	0.00473	0.00310	0.79182	0.00214	0.00310	0.00310	0.00310
AGG	ATG	GT	0.94918	0.00481	0.00746	-0.94918	0.01244	0.00746	0.00250	0.00250
AGG	ACG	GC	-0.57304	0.00473	0.00350	0.57304	0.00267	0.00350	0.00117	0.00117
AGG	AAG	GA	2.19477	0.02496	0.06165	-2.19477	0.22410	0.06165	0.02065	0.02065
AGG	AGT	GT	1.23089	0.00481	0.00837	-1.23089	0.01649	0.00837	0.00280	0.00280
AGG	AGC	GC	0.37962	0.00473	0.00568	-0.37962	0.00691	0.00568	0.00190	0.00190
AGG	AGA	GA	-0.12434	0.02496	0.02344	0.12434	0.02204	0.02344	0.02344	0.02344
GTT	TTT	GT	0.86501	0.01579	0.02360	-0.86501	0.03751	0.02360	0.00791	0.00791
GTT	CTT	GC	-0.40297	0.01551	0.01259	0.40297	0.01037	0.01259	0.00422	0.00422
GTT	ATT	GA	0.47139	0.08189	0.10270	-0.47139	0.13121	0.10270	0.03441	0.03441
GTC	TTC	GT	0.68941	0.01402	0.01940	-0.68941	0.02794	0.01940	0.00650	0.00650
GTC	CTC	GC	-0.03997	0.01377	0.01349	0.03997	0.01323	0.01349	0.00452	0.00452
GTC	ATC	GA	0.75263	0.07269	0.10345	-0.75263	0.15430	0.10345	0.03466	0.03466
GTC	GTT	CT	0.10090	0.07454	0.07836	-0.10090	0.08245	0.07836	0.07836	0.07836
GTA	TTA	GT	-2.83978	0.00169	0.00030	2.83978	0.00010	0.00030	0.00010	0.00010
GTA	CTA	GC	1.56047	0.00166	0.00328	-1.56047	0.00790	0.00328	0.00110	0.00110
GTA	ATA	GA	0.58650	0.00876	0.01158	-0.58650	0.01574	0.01158	0.00388	0.00388
GTA	GTT	AT	2.21029	0.00169	0.00419	-2.21029	0.01540	0.00419	0.00419	0.00419
GTA	GTC	AC	2.10939	0.00166	0.00398	-2.10939	0.01367	0.00398	0.00398	0.00398
GTG	TTG	GT	-0.40937	0.02973	0.02406	0.40937	0.01974	0.02406	0.00806	0.00806
GTG	CTG	GC	0.24544	0.02919	0.03292	-0.24544	0.03731	0.03292	0.01103	0.01103
GTG	ATG	GA	-0.84631	0.15415	0.09801	0.84631	0.06613	0.09801	0.03283	0.03283
GTG	GTT	GT	-0.47657	0.02973	0.02321	0.47657	0.01846	0.02321	0.02321	0.02321
GTG	GTC	GC	-0.57747	0.02919	0.02157	0.57747	0.01639	0.02157	0.02157	0.02157
GTG	GTA	GA	-2.68686	0.15415	0.03026	2.68686	0.01050	0.03026	0.03026	0.03026
GCT	TCT	GT	-0.72852	0.01698	0.01154	0.72852	0.00819	0.01154	0.00387	0.00387
GCT	CCT	GC	-0.78533	0.01667	0.01097	0.78533	0.00760	0.01097	0.00368	0.00368
GCT	ACT	GA	-0.45883	0.08802	0.06937	0.45883	0.05563	0.06937	0.02324	0.02324
GCT	GTT	CT	-0.09042	0.09026	0.08624	0.09042	0.08245	0.08624	0.02889	0.02889
GCC	TCC	GT	-0.16595	0.00921	0.00846	0.16595	0.00780	0.00846	0.00284	0.00284
GCC	CCC	GC	0.57658	0.00904	0.01190	-0.57658	0.01609	0.01190	0.00398	0.00398
GCC	ACC	GA	-0.06766	0.04773	0.04614	0.06766	0.04461	0.04614	0.01546	0.01546
GCC	GTC	CT	0.40241	0.04895	0.05945	-0.40241	0.07319	0.05945	0.01992	0.01992
GCC	GCT	CT	0.59373	0.04895	0.06491	-0.59373	0.08863	0.06491	0.06491	0.06491
GCA	TCA	GT	-0.50016	0.00895	0.00690	0.50016	0.00543	0.00690	0.00231	0.00231
GCA	CCA	GC	0.57333	0.00879	0.01155	-0.57333	0.01560	0.01155	0.00387	0.00387
GCA	ACA	GA	0.34591	0.04642	0.05491	-0.34591	0.06560	0.05491	0.01839	0.01839
GCA	GTA	CT	-1.68593	0.04760	0.01825	1.68593	0.00882	0.01825	0.00611	0.00611
GCA	GCT	AT	0.61478	0.00895	0.01199	-0.61478	0.01656	0.01199	0.01199	0.01199
GCA	GCC	AC	0.02105	0.00879	0.00888	-0.02105	0.00898	0.00888	0.00888	0.00888
GCG	TCG	GT	-3.48164	0.00642	0.00071	3.48164	0.00020	0.00071	0.00024	0.00024
GCG	CCG	GC	-0.86072	0.00630	0.00397	0.86072	0.00267	0.00397	0.00133	0.00133
GCG	ACG	GA	-0.85386	0.03328	0.02107	0.85386	0.01417	0.02107	0.00706	0.00706
GCG	GTG	CT	1.51467	0.03413	0.06626	-1.51467	0.15521	0.06626	0.02220	0.02220
GCG	GCT	GT	1.12852	0.00642	0.01071	-1.12852	0.01984	0.01071	0.01071	0.01071
GCG	GCC	GC	0.53479	0.00630	0.00814	-0.53479	0.01076	0.00814	0.00814	0.00814
GCG	GCA	GA	0.51374	0.03328	0.04256	-0.51374	0.05563	0.04256	0.04256	0.04256
GAT	TAT	GT	-1.50672	0.06191	0.02656	1.50672	0.01372	0.02656	0.00890	0.00890
GAT	CAT	GC	-1.98032	0.06079	0.01928	1.98032	0.00839	0.01928	0.00646	0.00646
GAT	AAT	GA	-1.60392	0.32099	0.12960	1.60392	0.06455	0.12960	0.04342	0.04342
GAT	GTT	AT	-1.39113	0.06191	0.02852	1.39113	0.01540	0.02852	0.00956	0.00956
GAT	GCT	AC	-1.30070	0.06079	0.02959	1.30070	0.01656	0.02959	0.00991	0.00991
GAC	TAC	GT	-1.28805	0.07230	0.03547	1.28805	0.01994	0.03547	0.01188	0.01188
GAC	CAC	GC	-2.20865	0.07099	0.01935	2.20865	0.00780	0.01935	0.00648	0.00648
GAC	AAC	GA	-1.30854	0.37486	0.18162	1.30854	0.10129	0.18162	0.06084	0.06084
GAC	GTC	AT	-1.66537	0.07230	0.02808	1.66537	0.01367	0.02808	0.00941	0.00941
GAC	GCC	AC	-2.06779	0.07099	0.02125	2.06779	0.00898	0.02125	0.00712	0.00712
GAC	GAT	CT	-0.17335	0.38438	0.35203	0.17335	0.32320	0.35203	0.35203	0.35203
GAA	CAA	GC	-1.61759	0.03682	0.01474	1.61759	0.00731	0.01474	0.00494	0.00494
GAA	AAA	GA	-0.33506	0.19443	0.16368	0.33506	0.13908	0.16368	0.05483	0.05483
GAA	GTA	AT	-3.12518	0.03750	0.00538	3.12518	0.00165	0.00538	0.00180	0.00180
GAA	GCA	AC	-1.43925	0.03682	0.01647	1.43925	0.00873	0.01647	0.00552	0.00552
GAA	GAT	AT	0.47623	0.03750	0.04714	-0.47623	0.06038	0.04714	0.01579	0.01579
GAA	GAC	AC	0.64958	0.03682	0.05007	-0.64958	0.07051	0.05007	0.01677	0.01677
GAG	CAG	GC	-1.43883	0.06992	0.03128	1.43883	0.01658	0.03128	0.01048	0.01048
GAG	AAG	GA	-0.49915	0.36916	0.28466	0.49915	0.22410	0.28466	0.09536	0.09536
GAG	GTG	AT	-0.89842	0.07120	0.04394	0.89842	0.02899	0.04394	0.01472	0.01472
GAG	GCG	AC	-2.41310	0.06992	0.01659	2.41310	0.00626	0.01659	0.00556	0.00556
GAG	GAT	GT	0.01613	0.07120	0.07178	-0.01613	0.07236	0.07178	0.02405	0.02405
GAG	GAC	GC	0.18948	0.06992	0.07675	-0.18948	0.08450	0.07675	0.02571	0.02571
GAG	GAA	GA	-0.46011	0.36916	0.29073	0.46011	0.23302	0.29073	0.29073	0.29073
GGT	TGT	GT	-1.56682	0.00473	0.00195	1.56682	0.00099	0.00195	0.00065	0.00065
GGT	CGT	GC	-1.01796	0.00464	0.00267	1.01796	0.00168	0.00267	0.00090	0.00090
GGT	AGT	GA	1.27368	0.02452	0.04337	-1.27368	0.08765	0.04337	0.01453	0.01453
GGT	GTT	GT	1.36171	0.00473	0.00866	-1.36171	0.01846	0.00866	0.00290	0.00290
GGT	GCT	GC	1.45213	0.00464	0.00881	-1.45213	0.01984	0.00881	0.00295	0.00295
GGT	GAT	GA	2.75283	0.02452	0.07210	-2.75283	0.38470	0.07210	0.02416	0.02416
GGC	TGC	GT	-0.78140	0.01014	0.00669	0.78140	0.00464	0.00669	0.00224	0.00224
GGC	CGC	GC	0.12288	0.00995	0.01058	-0.12288	0.01125	0.01058	0.00354	0.00354
GGC	AGC	GA	-0.35796	0.05255	0.04370	0.35796	0.03674	0.04370	0.01464	0.01464
GGC	GTC	GT	0.48044	0.01014	0.01276	-0.48044	0.01639	0.01276	0.00428	0.00428
GGC	GCC	GC	0.07803	0.00995	0.01035	-0.07803	0.01076	0.01035	0.00347	0.00347
GGC	GAC	GA	2.14582	0.05255	0.12770	-2.14582	0.44925	0.12770	0.04278	0.04278
GGC	GGT	CT	-0.78037	0.05388	0.03557	0.78037	0.02469	0.03557	0.03557	0.03557
GGA	CGA	GC	-8.44343	0.00464	0.00001	8.44343	0.00000	0.00000	0.00000	0.00000
GGA	AGA	GA	-0.10665	0.02452	0.02324	0.10665	0.02204	0.02324	0.00779	0.00779
GGA	GTA	GT	-0.87367	0.00473	0.00296	0.87367	0.00197	0.00296	0.00099	0.00099
GGA	GCA	GC	0.81226	0.00464	0.00678	-0.81226	0.01046	0.00678	0.00227	0.00227
GGA	GAA	GA	2.25151	0.02452	0.06171	-2.25151	0.23302	0.06171	0.02067	0.02067
GGA	GGT	AT	-0.02509	0.00473	0.00467	0.02509	0.00461	0.00467	0.00467	0.00467
GGA	GGC	AC	0.75528	0.00464	0.00662	-0.75528	0.00988	0.00662	0.00662	0.00662
GGG	TGG	GT	0.21946	0.01030	0.01148	-0.21946	0.01283	0.01148	0.00384	0.00384
GGG	CGG	GC	-1.37175	0.01012	0.00472	1.37175	0.00257	0.00472	0.00158	0.00158
GGG	AGG	GA	-0.57993	0.05343	0.03942	0.57993	0.02991	0.03942	0.01321	0.01321
GGG	GTG	GT	1.21556	0.01030	0.01781	-1.21556	0.03475	0.01781	0.00597	0.00597
GGG	GCG	GC	-0.29911	0.01012	0.00868	0.29911	0.00750	0.00868	0.00291	0.00291
GGG	GAG	GA	2.11398	0.05343	0.12845	-2.11398	0.44243	0.12845	0.04303	0.04303
GGG	GGT	GT	-0.62272	0.01030	0.00743	0.62272	0.00553	0.00743	0.00743	0.00743
GGG	GGC	GC	0.15764	0.01012	0.01094	-0.15764	0.01185	0.01094	0.01094	0.01094
GGG	GGA	GA	-0.59763	0.05343	0.03904	0.59763	0.02939	0.03904	0.03904	0.03904


Histograms
2Ns	FMut	FSub(CodonUsage)	FSubw(after w)

-9.36097	0.00379	0.00000	0.00000
-8.42488	0.00043	0.00000	0.00000
-7.48878	0.00068	0.00000	0.00001
-6.55268	0.00000	0.00000	0.00000
-5.61658	0.00289	0.00006	0.00004
-4.68049	0.01119	0.00058	0.00074
-3.74439	0.00670	0.00075	0.00082
-2.80829	0.05285	0.01279	0.01030
-1.87219	0.18851	0.08018	0.05826
-0.93610	0.27500	0.21677	0.19370
0.00000	0.30574	0.37773	0.47229
0.93610	0.11894	0.21677	0.19370
1.87219	0.02949	0.08018	0.05826
2.80829	0.00353	0.01279	0.01030
3.74439	0.00016	0.00075	0.00082
4.68049	0.00010	0.00058	0.00074
5.61658	0.00001	0.00006	0.00004
6.55268	0.00000	0.00000	0.00000
7.48878	0.00000	0.00000	0.00000
8.42488	0.00000	0.00000	0.00000
9.36097	0.00000	0.00000	0.00000

Proportion of advantageous (S > 0) mutations:
 0.28629

Proportions of good & bad mutations (|S| > 2.0000) among mutations:
0.01517  0.17561

mean |Ns| = 1.11784	mean Ns+ = 0.66599	mean Ns- = -1.29909
