

TREE # 1

  0  0.0000   4133.002514  x:  0.00665   0.00240   0.00400   0.00909   0.00219   0.00462   0.00905   0.02209   0.00474   0.00158   0.00388   0.00009   0.00094   0.00419   0.00269   0.02337   0.01283   0.00250   0.00167   0.00147   0.00503   0.00497   0.00247   0.00258   0.00219   0.00144   0.00182   0.00540   0.00127   0.00000   0.00034   0.00058   0.00134   0.91854   0.72407   1.23242   0.80696   1.09895   0.03890   0.07612   0.55539   1.65085  
  1 99.0000   4132.999753  x:  0.00665   0.00240   0.00400   0.00909   0.00219   0.00462   0.00905   0.02209   0.00474   0.00158   0.00388   0.00009   0.00094   0.00419   0.00269   0.02337   0.01283   0.00250   0.00167   0.00147   0.00503   0.00497   0.00247   0.00258   0.00220   0.00144   0.00182   0.00540   0.00127   0.00000   0.00034   0.00058   0.00134   0.91854   0.72407   1.23242   0.80696   1.09895   0.03890   0.07612   0.55539   1.65085  
  2 1690.1359   4132.821629  x:  0.00666   0.00236   0.00399   0.00909   0.00216   0.00463   0.00904   0.02209   0.00474   0.00157   0.00388   0.00000   0.00092   0.00418   0.00268   0.02337   0.01284   0.00250   0.00166   0.00147   0.00503   0.00497   0.00247   0.00258   0.00220   0.00145   0.00181   0.00540   0.00127   0.00000   0.00031   0.00050   0.00134   0.91855   0.72407   1.23242   0.80696   1.09895   0.03890   0.07611   0.55539   1.65085  
  3 7102.1195   4132.205054  x:  0.00672   0.00217   0.00397   0.00906   0.00205   0.00464   0.00898   0.02209   0.00474   0.00156   0.00386   0.00000   0.00091   0.00415   0.00267   0.02337   0.01285   0.00249   0.00164   0.00147   0.00501   0.00496   0.00246   0.00257   0.00220   0.00159   0.00177   0.00537   0.00128   0.00000   0.00011   0.00000   0.00135   0.91858   0.72407   1.23242   0.80696   1.09896   0.03889   0.07602   0.55536   1.65085  
  4 14383.2149   4132.056212  x:  0.00676   0.00202   0.00395   0.00905   0.00196   0.00465   0.00894   0.02208   0.00475   0.00156   0.00385   0.00000   0.00092   0.00413   0.00265   0.02337   0.01286   0.00249   0.00163   0.00148   0.00500   0.00495   0.00246   0.00256   0.00220   0.00169   0.00173   0.00535   0.00128   0.00000   0.00000   0.00000   0.00136   0.91860   0.72407   1.23242   0.80696   1.09897   0.03888   0.07596   0.55534   1.65085  
  5 21676.0210   4131.841110  x:  0.00722   0.00132   0.00395   0.00897   0.00218   0.00466   0.00865   0.02206   0.00475   0.00148   0.00386   0.00000   0.00091   0.00412   0.00271   0.02336   0.01294   0.00251   0.00168   0.00124   0.00499   0.00494   0.00247   0.00260   0.00227   0.00164   0.00194   0.00530   0.00105   0.00000   0.00000   0.00000   0.00104   0.91886   0.72409   1.23242   0.80696   1.09905   0.03880   0.07526   0.55512   1.65085  
  6 340.6195   4131.606376  x:  0.00813   0.00101   0.00396   0.00882   0.00250   0.00467   0.00807   0.02201   0.00475   0.00134   0.00388   0.00000   0.00092   0.00412   0.00274   0.02334   0.01309   0.00251   0.00157   0.00128   0.00497   0.00493   0.00248   0.00261   0.00236   0.00138   0.00201   0.00522   0.00145   0.00000   0.00000   0.00000   0.00150   0.91953   0.72414   1.23241   0.80696   1.09926   0.03859   0.07348   0.55456   1.65085  
  7 397.8428   4130.884526  x:  0.01071   0.00190   0.00390   0.00832   0.00261   0.00476   0.00625   0.02182   0.00477   0.00133   0.00385   0.00000   0.00093   0.00401   0.00265   0.02328   0.01362   0.00247   0.00122   0.00147   0.00490   0.00489   0.00245   0.00251   0.00241   0.00158   0.00161   0.00498   0.00118   0.00000   0.00000   0.00000   0.00129   0.92210   0.72435   1.23239   0.80697   1.10007   0.03778   0.06662   0.55239   1.65084  
  8 980.8962   4128.947677  x:  0.01295   0.00231   0.00390   0.00800   0.00116   0.00485   0.00593   0.02145   0.00480   0.00234   0.00379   0.00000   0.00090   0.00410   0.00248   0.02316   0.01439   0.00249   0.00364   0.00082   0.00501   0.00497   0.00248   0.00251   0.00161   0.00074   0.00135   0.00525   0.00170   0.00000   0.00000   0.00000   0.00104   0.92995   0.72497   1.23232   0.80700   1.10257   0.03530   0.04561   0.54575   1.65083  
  9 1203.6938   4122.699804  x:  0.01494   0.00250   0.00392   0.00804   0.00024   0.00497   0.00738   0.02087   0.00486   0.00157   0.00372   0.00000   0.00089   0.00427   0.00235   0.02300   0.01550   0.00246   0.00522   0.00194   0.00522   0.00512   0.00249   0.00244   0.00300   0.00032   0.00123   0.00587   0.00098   0.00000   0.00000   0.00000   0.00130   0.94694   0.72632   1.23216   0.80706   1.10799   0.02991   0.00000   0.53136   1.65079  
 10 7021.2568   4122.292164  x:  0.01558   0.00263   0.00383   0.00807   0.00037   0.00506   0.00805   0.02062   0.00492   0.00114   0.00363   0.00000   0.00090   0.00424   0.00217   0.02295   0.01601   0.00242   0.00572   0.00180   0.00529   0.00517   0.00248   0.00232   0.00334   0.00044   0.00072   0.00610   0.00102   0.00000   0.00000   0.00000   0.00130   0.95517   0.72697   1.23208   0.80709   1.11062   0.02730   0.00000   0.52440   1.65078  
 11 5570.8995   4121.269232  x:  0.01657   0.00304   0.00348   0.00816   0.00012   0.00529   0.00918   0.02009   0.00507   0.00078   0.00339   0.00000   0.00090   0.00390   0.00191   0.02285   0.01710   0.00230   0.00544   0.00107   0.00527   0.00518   0.00239   0.00202   0.00352   0.00064   0.00130   0.00627   0.00140   0.00000   0.00000   0.00000   0.00123   0.97630   0.72864   1.23188   0.80718   1.11737   0.02059   0.00000   0.50650   1.65074  
 12 6475.1683   4118.840180  x:  0.01842   0.00327   0.00241   0.00829   0.00042   0.00590   0.01158   0.01885   0.00548   0.00188   0.00268   0.00000   0.00091   0.00271   0.00135   0.02263   0.01972   0.00202   0.00442   0.00067   0.00507   0.00508   0.00218   0.00143   0.00329   0.00032   0.00153   0.00634   0.00161   0.00000   0.00000   0.00000   0.00112   1.03028   0.73292   1.23137   0.80739   1.13462   0.00346   0.00000   0.46078   1.65064  
 13 30630.3419   4116.000688  x:  0.01975   0.00340   0.00277   0.00842   0.00029   0.00611   0.01317   0.01786   0.00561   0.00195   0.00296   0.00000   0.00091   0.00280   0.00270   0.02246   0.02195   0.00227   0.00317   0.00046   0.00492   0.00499   0.00231   0.00258   0.00197   0.00010   0.00103   0.00623   0.00194   0.00000   0.00000   0.00000   0.00080   1.08760   0.73745   1.23082   0.80763   1.15293  -0.01474   0.00000   0.41221   1.65053  
 14 23777.3782   4115.225553  x:  0.01964   0.00340   0.00323   0.00834   0.00026   0.00590   0.01287   0.01787   0.00544   0.00210   0.00328   0.00000   0.00091   0.00342   0.00230   0.02246   0.02214   0.00234   0.00309   0.00018   0.00499   0.00501   0.00240   0.00236   0.00203   0.00009   0.00094   0.00622   0.00181   0.00000   0.00000   0.00000   0.00098   1.10167   0.73857   1.23069   0.80768   1.15742  -0.01920   0.00000   0.40029   1.65051  
 15 9286.1979   4112.768283  x:  0.01932   0.00332   0.00400   0.00816   0.00026   0.00551   0.01215   0.01795   0.00514   0.00206   0.00382   0.00000   0.00091   0.00453   0.00131   0.02246   0.02244   0.00243   0.00305   0.00022   0.00514   0.00508   0.00255   0.00177   0.00194   0.00000   0.00089   0.00622   0.00202   0.00000   0.00170   0.00000   0.00077   1.12748   0.74061   1.23044   0.80779   1.16565  -0.02738   0.00000   0.37842   1.65046  
 16 57700.1702   4112.768283  x:  0.01932   0.00332   0.00400   0.00816   0.00026   0.00551   0.01215   0.01795   0.00514   0.00206   0.00382   0.00000   0.00091   0.00453   0.00131   0.02246   0.02244   0.00243   0.00305   0.00022   0.00514   0.00508   0.00255   0.00177   0.00194   0.00000   0.00089   0.00622   0.00202   0.00000   0.00170   0.00000   0.00077   1.12748   0.74061   1.23044   0.80779   1.16565  -0.02738   0.00000   0.37842   1.65046  
 17 35753.1554   4110.359467  x:  0.01898   0.00319   0.00395   0.00820   0.00127   0.00545   0.01198   0.01806   0.00512   0.00186   0.00380   0.00000   0.00107   0.00445   0.00173   0.02249   0.02224   0.00243   0.00275   0.00245   0.00511   0.00506   0.00252   0.00194   0.00205   0.00061   0.00106   0.00612   0.00182   0.00000   0.00155   0.00000   0.00105   1.12751   0.74061   1.23044   0.80779   1.16566  -0.02739   0.00000   0.37840   1.65046  
 18 4454.7649   4106.670462  x:  0.01740   0.00215   0.00373   0.00834   0.00141   0.00518   0.01116   0.01859   0.00500   0.00100   0.00369   0.00000   0.00142   0.00405   0.00279   0.02259   0.02127   0.00241   0.00136   0.00220   0.00497   0.00495   0.00242   0.00252   0.00245   0.00109   0.00142   0.00566   0.00098   0.00000   0.00000   0.00000   0.00149   1.12761   0.74062   1.23043   0.80780   1.16570  -0.02743   0.00000   0.37828   1.65046  
 19 1381.7770   4105.040504  x:  0.01537   0.00071   0.00356   0.00848   0.00145   0.00492   0.01013   0.01923   0.00489   0.00132   0.00361   0.00000   0.00114   0.00372   0.00282   0.02273   0.01998   0.00241   0.00065   0.00218   0.00484   0.00486   0.00238   0.00254   0.00252   0.00180   0.00114   0.00519   0.00139   0.00000   0.00000   0.00000   0.00117   1.12776   0.74063   1.23042   0.80781   1.16575  -0.02748   0.00000   0.37812   1.65046  
 20 1586.9105   4102.473464  x:  0.00928   0.00048   0.00322   0.00885   0.00149   0.00433   0.00720   0.02106   0.00464   0.00131   0.00346   0.00000   0.00102   0.00301   0.00274   0.02311   0.01614   0.00242   0.00225   0.00216   0.00456   0.00465   0.00233   0.00251   0.00264   0.00228   0.00101   0.00406   0.00136   0.00000   0.00000   0.00000   0.00096   1.12821   0.74066   1.23039   0.80785   1.16590  -0.02763   0.00000   0.37761   1.65046  
 21 1762.7354   4101.811836  x:  0.00729   0.00125   0.00322   0.00893   0.00145   0.00426   0.00639   0.02165   0.00460   0.00152   0.00346   0.00000   0.00100   0.00301   0.00251   0.02323   0.01484   0.00242   0.00180   0.00219   0.00452   0.00462   0.00235   0.00239   0.00256   0.00230   0.00099   0.00392   0.00158   0.00000   0.00000   0.00000   0.00098   1.12839   0.74067   1.23038   0.80786   1.16596  -0.02769   0.00000   0.37742   1.65046  
 22 2263.8822   4101.439725  x:  0.00622   0.00101   0.00343   0.00891   0.00139   0.00448   0.00629   0.02198   0.00468   0.00152   0.00355   0.00000   0.00122   0.00342   0.00209   0.02331   0.01394   0.00241   0.00161   0.00238   0.00462   0.00469   0.00242   0.00217   0.00232   0.00164   0.00122   0.00430   0.00153   0.00000   0.00000   0.00000   0.00122   1.12856   0.74068   1.23037   0.80787   1.16602  -0.02775   0.00000   0.37722   1.65046  
 23 715.7788   4101.354776  x:  0.00605   0.00100   0.00350   0.00888   0.00139   0.00461   0.00643   0.02213   0.00473   0.00142   0.00358   0.00000   0.00104   0.00352   0.00218   0.02334   0.01353   0.00241   0.00157   0.00244   0.00468   0.00473   0.00242   0.00222   0.00232   0.00143   0.00103   0.00449   0.00143   0.00000   0.00000   0.00000   0.00101   1.12869   0.74068   1.23037   0.80788   1.16607  -0.02779   0.00000   0.37708   1.65046  
 24 316.2381   4101.259688  x:  0.00617   0.00102   0.00354   0.00876   0.00136   0.00481   0.00692   0.02246   0.00482   0.00152   0.00360   0.00000   0.00108   0.00352   0.00237   0.02343   0.01255   0.00242   0.00167   0.00236   0.00478   0.00480   0.00238   0.00233   0.00242   0.00163   0.00108   0.00474   0.00157   0.00000   0.00000   0.00000   0.00108   1.12908   0.74071   1.23034   0.80791   1.16620  -0.02793   0.00000   0.37663   1.65046  
 25 200.8456   4101.205980  x:  0.00646   0.00103   0.00346   0.00870   0.00143   0.00472   0.00708   0.02272   0.00479   0.00143   0.00357   0.00000   0.00113   0.00339   0.00213   0.02351   0.01199   0.00242   0.00161   0.00232   0.00475   0.00478   0.00241   0.00219   0.00236   0.00163   0.00108   0.00459   0.00144   0.00000   0.00000   0.00000   0.00101   1.12952   0.74073   1.23032   0.80794   1.16635  -0.02808   0.00000   0.37612   1.65046  
 26 166.6606   4101.171725  x:  0.00662   0.00103   0.00345   0.00868   0.00140   0.00462   0.00706   0.02289   0.00476   0.00146   0.00355   0.00000   0.00098   0.00340   0.00214   0.02356   0.01180   0.00241   0.00159   0.00233   0.00470   0.00475   0.00242   0.00220   0.00233   0.00149   0.00106   0.00447   0.00146   0.00000   0.00000   0.00000   0.00118   1.12997   0.74076   1.23029   0.80798   1.16651  -0.02823   0.00000   0.37562   1.65046  
 27 186.5929   4101.079853  x:  0.00691   0.00102   0.00351   0.00864   0.00125   0.00442   0.00688   0.02329   0.00468   0.00157   0.00356   0.00000   0.00117   0.00359   0.00233   0.02368   0.01162   0.00241   0.00158   0.00235   0.00461   0.00468   0.00243   0.00230   0.00228   0.00122   0.00109   0.00428   0.00162   0.00000   0.00000   0.00000   0.00105   1.13137   0.74084   1.23021   0.80808   1.16699  -0.02871   0.00000   0.37401   1.65046  
 28 384.0132   4100.450042  x:  0.00763   0.00106   0.00412   0.00854   0.00103   0.00423   0.00595   0.02558   0.00455   0.00134   0.00381   0.00000   0.00094   0.00485   0.00214   0.02442   0.01190   0.00241   0.00165   0.00162   0.00451   0.00457   0.00242   0.00228   0.00228   0.00182   0.00123   0.00467   0.00138   0.00000   0.00000   0.00000   0.00093   1.14200   0.74148   1.22959   0.80887   1.17064  -0.03234   0.00000   0.36184   1.65044  
 29 798.3928   4099.891418  x:  0.00769   0.00105   0.00403   0.00855   0.00132   0.00447   0.00583   0.02695   0.00462   0.00143   0.00377   0.00000   0.00125   0.00474   0.00211   0.02487   0.01240   0.00242   0.00166   0.00095   0.00459   0.00463   0.00238   0.00220   0.00242   0.00167   0.00066   0.00487   0.00141   0.00000   0.00000   0.00000   0.00118   1.15047   0.74199   1.22909   0.80949   1.17354  -0.03523   0.00000   0.35215   1.65043  
 30 3119.8159   4099.321116  x:  0.00756   0.00105   0.00374   0.00858   0.00126   0.00480   0.00601   0.02813   0.00474   0.00154   0.00365   0.00000   0.00106   0.00419   0.00208   0.02524   0.01297   0.00242   0.00161   0.00046   0.00472   0.00474   0.00235   0.00214   0.00253   0.00135   0.00105   0.00498   0.00148   0.00000   0.00000   0.00000   0.00104   1.15928   0.74251   1.22857   0.81015   1.17656  -0.03823   0.00000   0.34206   1.65041  
 31 7268.7543   4099.042289  x:  0.00745   0.00104   0.00360   0.00859   0.00060   0.00492   0.00617   0.02853   0.00479   0.00146   0.00361   0.00000   0.00110   0.00386   0.00197   0.02536   0.01320   0.00242   0.00158   0.00049   0.00477   0.00478   0.00234   0.00213   0.00257   0.00136   0.00096   0.00501   0.00142   0.00000   0.00000   0.00000   0.00107   1.16333   0.74276   1.22833   0.81045   1.17795  -0.03962   0.00000   0.33742   1.65041  
 32 4573.4125   4098.867370  x:  0.00720   0.00105   0.00387   0.00865   0.00055   0.00456   0.00657   0.02784   0.00469   0.00127   0.00377   0.00000   0.00113   0.00390   0.00189   0.02509   0.01305   0.00240   0.00160   0.00035   0.00465   0.00470   0.00243   0.00242   0.00219   0.00149   0.00088   0.00482   0.00151   0.00000   0.00000   0.00000   0.00109   1.16655   0.74295   1.22814   0.81069   1.17905  -0.04071   0.00000   0.33373   1.65040  
 33 568.5115   4098.627824  x:  0.00709   0.00103   0.00410   0.00872   0.00047   0.00419   0.00662   0.02655   0.00456   0.00160   0.00386   0.00000   0.00113   0.00413   0.00194   0.02459   0.01260   0.00242   0.00159   0.00027   0.00452   0.00459   0.00227   0.00210   0.00276   0.00149   0.00085   0.00472   0.00122   0.00000   0.00000   0.00000   0.00109   1.17139   0.74323   1.22785   0.81105   1.18069  -0.04234   0.00000   0.32819   1.65040  
 34 969.5913   4098.270911  x:  0.00738   0.00101   0.00391   0.00874   0.00044   0.00444   0.00580   0.02503   0.00458   0.00103   0.00371   0.00000   0.00113   0.00417   0.00177   0.02403   0.01189   0.00244   0.00156   0.00023   0.00457   0.00460   0.00219   0.00215   0.00325   0.00139   0.00083   0.00493   0.00173   0.00000   0.00000   0.00000   0.00110   1.17878   0.74367   1.22741   0.81161   1.18320  -0.04483   0.00000   0.31973   1.65038  
 35 1305.4536   4097.776297  x:  0.00778   0.00099   0.00359   0.00872   0.00039   0.00503   0.00471   0.02371   0.00471   0.00151   0.00355   0.00000   0.00114   0.00399   0.00178   0.02355   0.01122   0.00240   0.00155   0.00018   0.00473   0.00471   0.00247   0.00264   0.00268   0.00144   0.00082   0.00525   0.00126   0.00000   0.00000   0.00000   0.00109   1.18949   0.74430   1.22677   0.81242   1.18683  -0.04844   0.00000   0.30746   1.65037  
 36 2330.9275   4094.925870  x:  0.00780   0.00099   0.00398   0.00862   0.00035   0.00546   0.00423   0.02270   0.00474   0.00123   0.00413   0.00000   0.00117   0.00340   0.00292   0.02325   0.01083   0.00243   0.00153   0.00020   0.00466   0.00472   0.00145   0.00113   0.00124   0.00157   0.00082   0.00519   0.00137   0.00000   0.00000   0.00000   0.00109   1.24408   0.74753   1.22350   0.81655   1.20531  -0.06683   0.00000   0.24495   1.65029  
 37 2886.3666   4088.134342  x:  0.00731   0.00094   0.00477   0.00843   0.00055   0.00555   0.00446   0.02159   0.00462   0.00136   0.00506   0.00000   0.00112   0.00276   0.00242   0.02299   0.01059   0.00245   0.00145   0.00041   0.00431   0.00458   0.00193   0.00183   0.00200   0.00141   0.00092   0.00457   0.00128   0.00000   0.00000   0.00000   0.00107   1.37251   0.75512   1.21581   0.82627   1.24878  -0.11006   0.00000   0.09790   1.65010  
 38 38103.9035   4087.682224  x:  0.00708   0.00095   0.00369   0.00854   0.00053   0.00514   0.00486   0.02149   0.00465   0.00131   0.00397   0.00000   0.00111   0.00366   0.00255   0.02294   0.01062   0.00236   0.00149   0.00039   0.00456   0.00463   0.00203   0.00170   0.00182   0.00157   0.00089   0.00455   0.00128   0.00000   0.00000   0.00000   0.00105   1.38257   0.75571   1.21520   0.82705   1.25215  -0.11341   0.00000   0.08659   1.65008  
 39 3408.4789   4087.665030  x:  0.00708   0.00095   0.00371   0.00857   0.00054   0.00500   0.00485   0.02151   0.00464   0.00133   0.00383   0.00000   0.00111   0.00361   0.00250   0.02292   0.01062   0.00240   0.00149   0.00040   0.00457   0.00463   0.00186   0.00178   0.00180   0.00155   0.00089   0.00468   0.00127   0.00000   0.00000   0.00000   0.00105   1.38304   0.75573   1.21516   0.82709   1.25228  -0.11354   0.00000   0.08625   1.65008  
 40 202.5269   4087.366422  x:  0.00713   0.00095   0.00398   0.00880   0.00054   0.00428   0.00476   0.02159   0.00464   0.00131   0.00332   0.00000   0.00112   0.00321   0.00263   0.02280   0.01061   0.00248   0.00149   0.00040   0.00456   0.00464   0.00229   0.00161   0.00177   0.00152   0.00089   0.00544   0.00133   0.00000   0.00000   0.00000   0.00106   1.38505   0.75582   1.21499   0.82732   1.25271  -0.11396   0.00341   0.08572   1.65008  
 41 188.0404   4086.836047  x:  0.00712   0.00095   0.00353   0.00894   0.00054   0.00477   0.00485   0.02163   0.00465   0.00135   0.00398   0.00000   0.00111   0.00357   0.00247   0.02262   0.01061   0.00214   0.00149   0.00040   0.00457   0.00465   0.00175   0.00183   0.00179   0.00153   0.00089   0.00493   0.00127   0.00000   0.00000   0.00000   0.00106   1.38679   0.75585   1.21479   0.82758   1.25287  -0.11412   0.01072   0.08665   1.65008  
 42 675.1228   4086.806862  x:  0.00711   0.00095   0.00361   0.00884   0.00054   0.00492   0.00487   0.02161   0.00465   0.00135   0.00388   0.00000   0.00111   0.00362   0.00246   0.02263   0.01062   0.00250   0.00149   0.00040   0.00458   0.00464   0.00175   0.00183   0.00179   0.00154   0.00089   0.00477   0.00126   0.00000   0.00000   0.00000   0.00105   1.38698   0.75586   1.21476   0.82761   1.25287  -0.11413   0.01111   0.08676   1.65008  
 43 171.5443   4086.795022  x:  0.00709   0.00095   0.00376   0.00864   0.00054   0.00502   0.00487   0.02158   0.00464   0.00135   0.00369   0.00000   0.00111   0.00363   0.00246   0.02268   0.01063   0.00239   0.00149   0.00040   0.00457   0.00463   0.00173   0.00183   0.00180   0.00155   0.00089   0.00467   0.00125   0.00000   0.00000   0.00000   0.00105   1.38737   0.75586   1.21471   0.82768   1.25290  -0.11415   0.01120   0.08686   1.65008  
 44 64.8141   4086.746914  x:  0.00701   0.00095   0.00360   0.00787   0.00056   0.00487   0.00485   0.02144   0.00461   0.00135   0.00380   0.00000   0.00111   0.00361   0.00247   0.02297   0.01067   0.00243   0.00149   0.00040   0.00455   0.00461   0.00174   0.00184   0.00180   0.00155   0.00089   0.00477   0.00126   0.00000   0.00000   0.00000   0.00105   1.39037   0.75590   1.21434   0.82817   1.25313  -0.11438   0.01119   0.08743   1.65008  
 45 81.0088   4085.177778  x:  0.00688   0.00093   0.00364   0.00913   0.00053   0.00418   0.00498   0.01826   0.00566   0.00133   0.00368   0.00000   0.00110   0.00392   0.00242   0.03060   0.01032   0.00241   0.00148   0.00044   0.00560   0.00556   0.00179   0.00195   0.00191   0.00161   0.00091   0.00418   0.00124   0.00000   0.00000   0.00000   0.00105   1.51874   0.75771   1.19842   0.84923   1.26329  -0.12446   0.00692   0.10959   1.65001  
 46 368.8146   4083.907136  x:  0.00671   0.00095   0.00302   0.00992   0.00053   0.00502   0.00543   0.01731   0.00391   0.00140   0.00317   0.00000   0.00110   0.00408   0.00243   0.03244   0.01023   0.00238   0.00153   0.00048   0.00391   0.00395   0.00193   0.00199   0.00188   0.00163   0.00092   0.00483   0.00124   0.00000   0.00000   0.00000   0.00103   1.61110   0.75901   1.18697   0.86438   1.27063  -0.13175   0.00368   0.12534   1.64996  
 47 6319.4481   4081.556283  x:  0.00660   0.00095   0.00284   0.00971   0.00059   0.00484   0.00563   0.01769   0.00399   0.00142   0.00302   0.00000   0.00109   0.00427   0.00240   0.03020   0.01032   0.00237   0.00153   0.00052   0.00421   0.00408   0.00202   0.00205   0.00192   0.00165   0.00093   0.00469   0.00123   0.00000   0.00000   0.00000   0.00103   1.71130   0.76041   1.17455   0.88082   1.27862  -0.13967   0.00000   0.14221   1.64991  
 48 7517.3269   4081.556283  x:  0.00660   0.00095   0.00284   0.00971   0.00059   0.00484   0.00563   0.01769   0.00399   0.00142   0.00302   0.00000   0.00109   0.00427   0.00240   0.03020   0.01032   0.00237   0.00153   0.00052   0.00421   0.00408   0.00202   0.00205   0.00192   0.00165   0.00093   0.00469   0.00123   0.00000   0.00000   0.00000   0.00103   1.71130   0.76041   1.17455   0.88082   1.27862  -0.13967   0.00000   0.14221   1.64991  
 49 1229.1881   4080.767304  x:  0.00669   0.00121   0.00309   0.00961   0.00097   0.00484   0.00596   0.01792   0.00420   0.00125   0.00321   0.00000   0.00118   0.00412   0.00239   0.02997   0.01060   0.00237   0.00129   0.00186   0.00434   0.00426   0.00220   0.00221   0.00217   0.00135   0.00121   0.00472   0.00119   0.00000   0.00000   0.00000   0.00119   1.71132   0.76041   1.17454   0.88083   1.27862  -0.13967   0.00002   0.14221   1.64991  
 50 1357.0351   4080.099193  x:  0.00695   0.00129   0.00367   0.00925   0.00108   0.00483   0.00692   0.01871   0.00474   0.00100   0.00366   0.00000   0.00124   0.00369   0.00238   0.02916   0.01149   0.00237   0.00088   0.00144   0.00469   0.00471   0.00254   0.00250   0.00260   0.00078   0.00128   0.00483   0.00114   0.00000   0.00000   0.00000   0.00126   1.71138   0.76041   1.17453   0.88084   1.27862  -0.13967   0.00009   0.14221   1.64991  
 51 636.6643   4079.725711  x:  0.00718   0.00127   0.00400   0.00888   0.00110   0.00481   0.00775   0.01956   0.00514   0.00117   0.00393   0.00000   0.00122   0.00338   0.00237   0.02823   0.01237   0.00238   0.00124   0.00140   0.00494   0.00505   0.00265   0.00260   0.00275   0.00141   0.00127   0.00492   0.00117   0.00000   0.00000   0.00000   0.00123   1.71146   0.76040   1.17451   0.88086   1.27861  -0.13967   0.00017   0.14221   1.64991  
 52 862.6785   4079.415767  x:  0.00732   0.00106   0.00372   0.00847   0.00087   0.00476   0.00825   0.02068   0.00510   0.00134   0.00370   0.00000   0.00111   0.00353   0.00239   0.02676   0.01327   0.00237   0.00126   0.00159   0.00492   0.00502   0.00226   0.00224   0.00226   0.00116   0.00108   0.00492   0.00122   0.00000   0.00000   0.00000   0.00109   1.71160   0.76039   1.17448   0.88090   1.27861  -0.13967   0.00031   0.14221   1.64991  
 53 429.6358   4079.266192  x:  0.00732   0.00130   0.00342   0.00832   0.00111   0.00474   0.00829   0.02138   0.00490   0.00117   0.00347   0.00000   0.00124   0.00371   0.00239   0.02568   0.01367   0.00237   0.00118   0.00147   0.00479   0.00484   0.00218   0.00218   0.00214   0.00126   0.00129   0.00489   0.00116   0.00000   0.00000   0.00000   0.00127   1.71172   0.76039   1.17446   0.88093   1.27861  -0.13967   0.00042   0.14220   1.64991  
 54 489.8458   4079.158681  x:  0.00721   0.00120   0.00330   0.00835   0.00112   0.00473   0.00797   0.02195   0.00464   0.00116   0.00339   0.00000   0.00117   0.00381   0.00238   0.02453   0.01377   0.00237   0.00119   0.00149   0.00462   0.00462   0.00246   0.00244   0.00248   0.00125   0.00120   0.00483   0.00119   0.00000   0.00000   0.00000   0.00116   1.71187   0.76038   1.17443   0.88097   1.27861  -0.13967   0.00056   0.14220   1.64991  
 55 311.0357   4079.107148  x:  0.00711   0.00123   0.00352   0.00849   0.00099   0.00475   0.00759   0.02218   0.00463   0.00127   0.00357   0.00000   0.00126   0.00370   0.00238   0.02374   0.01359   0.00237   0.00122   0.00150   0.00463   0.00463   0.00242   0.00240   0.00246   0.00121   0.00125   0.00483   0.00116   0.00000   0.00000   0.00000   0.00129   1.71203   0.76037   1.17440   0.88102   1.27861  -0.13967   0.00069   0.14219   1.64991  
 56 191.0273   4079.086104  x:  0.00708   0.00122   0.00361   0.00857   0.00109   0.00477   0.00744   0.02224   0.00470   0.00117   0.00364   0.00000   0.00119   0.00363   0.00238   0.02337   0.01344   0.00237   0.00119   0.00149   0.00468   0.00469   0.00237   0.00235   0.00239   0.00124   0.00122   0.00484   0.00118   0.00000   0.00000   0.00000   0.00119   1.71213   0.76036   1.17438   0.88104   1.27861  -0.13966   0.00077   0.14219   1.64991  
 57 200.6495   4079.075219  x:  0.00712   0.00121   0.00350   0.00861   0.00110   0.00478   0.00749   0.02216   0.00485   0.00120   0.00354   0.00000   0.00121   0.00365   0.00238   0.02309   0.01322   0.00237   0.00120   0.00149   0.00476   0.00480   0.00239   0.00238   0.00239   0.00123   0.00122   0.00487   0.00116   0.00000   0.00000   0.00000   0.00120   1.71230   0.76035   1.17434   0.88109   1.27861  -0.13966   0.00089   0.14217   1.64991  
 58 62.7295   4079.071831  x:  0.00715   0.00124   0.00349   0.00860   0.00105   0.00478   0.00756   0.02210   0.00485   0.00118   0.00354   0.00000   0.00119   0.00366   0.00238   0.02300   0.01314   0.00237   0.00119   0.00150   0.00476   0.00480   0.00239   0.00237   0.00241   0.00124   0.00123   0.00487   0.00120   0.00000   0.00000   0.00000   0.00121   1.71242   0.76034   1.17432   0.88112   1.27861  -0.13966   0.00097   0.14216   1.64991  
 59 55.7029   4079.065148  x:  0.00720   0.00122   0.00354   0.00856   0.00108   0.00476   0.00774   0.02194   0.00477   0.00119   0.00358   0.00000   0.00120   0.00368   0.00238   0.02284   0.01300   0.00237   0.00120   0.00149   0.00471   0.00474   0.00237   0.00234   0.00243   0.00124   0.00122   0.00486   0.00116   0.00000   0.00000   0.00000   0.00120   1.71275   0.76032   1.17425   0.88120   1.27860  -0.13966   0.00118   0.14213   1.64991  
 60 77.9390   4079.061457  x:  0.00719   0.00120   0.00355   0.00853   0.00111   0.00476   0.00776   0.02185   0.00475   0.00121   0.00358   0.00000   0.00120   0.00366   0.00238   0.02279   0.01301   0.00237   0.00121   0.00149   0.00470   0.00472   0.00239   0.00238   0.00237   0.00123   0.00122   0.00485   0.00122   0.00000   0.00000   0.00000   0.00122   1.71302   0.76030   1.17419   0.88128   1.27860  -0.13966   0.00134   0.14210   1.64991  
 61 57.1057   4079.048820  x:  0.00712   0.00124   0.00355   0.00844   0.00106   0.00475   0.00774   0.02159   0.00472   0.00118   0.00355   0.00000   0.00119   0.00358   0.00239   0.02269   0.01315   0.00237   0.00119   0.00150   0.00471   0.00472   0.00244   0.00246   0.00227   0.00124   0.00123   0.00484   0.00115   0.00000   0.00000   0.00000   0.00119   1.71409   0.76022   1.17397   0.88156   1.27860  -0.13966   0.00193   0.14199   1.64991  
 62 143.8448   4079.021439  x:  0.00700   0.00122   0.00351   0.00834   0.00109   0.00476   0.00760   0.02115   0.00478   0.00119   0.00351   0.00000   0.00122   0.00357   0.00238   0.02258   0.01349   0.00237   0.00119   0.00149   0.00475   0.00477   0.00236   0.00233   0.00245   0.00124   0.00121   0.00484   0.00119   0.00000   0.00000   0.00000   0.00120   1.71660   0.76005   1.17346   0.88223   1.27860  -0.13966   0.00326   0.14170   1.64991  
 63 340.4520   4079.000287  x:  0.00710   0.00123   0.00352   0.00846   0.00111   0.00479   0.00755   0.02115   0.00484   0.00123   0.00362   0.00000   0.00109   0.00378   0.00238   0.02264   0.01359   0.00237   0.00123   0.00148   0.00473   0.00478   0.00238   0.00235   0.00242   0.00122   0.00127   0.00488   0.00115   0.00000   0.00000   0.00000   0.00123   1.71867   0.75991   1.17303   0.88277   1.27860  -0.13966   0.00421   0.14144   1.64991  
 64 236.1195   4078.974389  x:  0.00726   0.00122   0.00354   0.00864   0.00107   0.00482   0.00752   0.02129   0.00488   0.00118   0.00371   0.00000   0.00125   0.00395   0.00238   0.02277   0.01363   0.00237   0.00120   0.00149   0.00470   0.00478   0.00242   0.00239   0.00236   0.00125   0.00121   0.00492   0.00120   0.00000   0.00000   0.00000   0.00118   1.72135   0.75972   1.17248   0.88348   1.27860  -0.13967   0.00535   0.14107   1.64991  
 65 742.3560   4078.911445  x:  0.00748   0.00121   0.00353   0.00897   0.00107   0.00479   0.00760   0.02195   0.00477   0.00118   0.00350   0.00000   0.00118   0.00358   0.00239   0.02320   0.01337   0.00237   0.00117   0.00150   0.00467   0.00471   0.00235   0.00237   0.00242   0.00126   0.00116   0.00489   0.00117   0.00000   0.00000   0.00000   0.00126   1.72787   0.75927   1.17115   0.88520   1.27862  -0.13969   0.00779   0.14012   1.64992  
 66 580.2144   4078.894522  x:  0.00740   0.00122   0.00352   0.00893   0.00108   0.00477   0.00762   0.02214   0.00475   0.00121   0.00350   0.00000   0.00122   0.00355   0.00238   0.02331   0.01326   0.00237   0.00124   0.00149   0.00469   0.00472   0.00237   0.00235   0.00242   0.00121   0.00130   0.00486   0.00119   0.00000   0.00000   0.00000   0.00114   1.72969   0.75915   1.17078   0.88568   1.27863  -0.13970   0.00832   0.13982   1.64992  
 67 552.4679   4078.846907  x:  0.00693   0.00121   0.00349   0.00851   0.00108   0.00471   0.00768   0.02263   0.00474   0.00118   0.00363   0.00000   0.00120   0.00368   0.00238   0.02358   0.01287   0.00238   0.00120   0.00149   0.00481   0.00480   0.00245   0.00231   0.00240   0.00124   0.00122   0.00478   0.00118   0.00000   0.00000   0.00000   0.00121   1.73488   0.75879   1.16972   0.88705   1.27866  -0.13974   0.00946   0.13890   1.64992  
 68 624.8981   4078.798390  x:  0.00687   0.00129   0.00361   0.00821   0.00111   0.00480   0.00761   0.02277   0.00487   0.00123   0.00355   0.00000   0.00120   0.00375   0.00241   0.02366   0.01273   0.00237   0.00120   0.00149   0.00469   0.00476   0.00217   0.00256   0.00246   0.00123   0.00119   0.00491   0.00119   0.00000   0.00000   0.00000   0.00117   1.74021   0.75842   1.16863   0.88845   1.27872  -0.13979   0.00989   0.13779   1.64992  
 69 368.2210   4078.627680  x:  0.00711   0.00094   0.00381   0.00762   0.00105   0.00503   0.00738   0.02288   0.00514   0.00100   0.00337   0.00000   0.00122   0.00372   0.00240   0.02373   0.01257   0.00237   0.00125   0.00150   0.00436   0.00463   0.00228   0.00247   0.00244   0.00126   0.00138   0.00524   0.00114   0.00000   0.00000   0.00000   0.00130   1.75928   0.75712   1.16475   0.89345   1.27891  -0.14001   0.01084   0.13370   1.64993  
 70 1543.8348   4078.213136  x:  0.00772   0.00139   0.00392   0.00672   0.00117   0.00537   0.00694   0.02296   0.00545   0.00131   0.00324   0.00000   0.00119   0.00355   0.00234   0.02379   0.01237   0.00239   0.00114   0.00148   0.00398   0.00442   0.00290   0.00196   0.00236   0.00123   0.00114   0.00568   0.00121   0.00000   0.00000   0.00000   0.00114   1.80862   0.75373   1.15471   0.90640   1.27944  -0.14056   0.01301   0.12307   1.64995  
 71 8322.6662   4074.281759  x:  0.01028   0.00137   0.00209   0.00539   0.00116   0.00514   0.00579   0.02254   0.00405   0.00091   0.00520   0.00000   0.00122   0.00289   0.00237   0.02355   0.01241   0.00237   0.00162   0.00152   0.00615   0.00456   0.00214   0.00262   0.00252   0.00099   0.00102   0.00517   0.00117   0.00000   0.00000   0.00000   0.00134   2.27497   0.72174   1.05977   1.02879   1.28440  -0.14586   0.03183   0.02218   1.65017  
 72 13238.0552   4072.779993  x:  0.01012   0.00120   0.00243   0.00574   0.00115   0.00496   0.00594   0.02241   0.00394   0.00115   0.00486   0.00000   0.00121   0.00312   0.00239   0.02345   0.01254   0.00237   0.00118   0.00151   0.00631   0.00465   0.00213   0.00262   0.00251   0.00119   0.00123   0.00490   0.00117   0.00000   0.00000   0.00000   0.00124   2.37749   0.71470   1.03890   1.05570   1.28549  -0.14703   0.03592   0.00000   1.65021  
 73 60587.8717   4072.779993  x:  0.01012   0.00120   0.00243   0.00574   0.00115   0.00496   0.00594   0.02241   0.00394   0.00115   0.00486   0.00000   0.00121   0.00312   0.00239   0.02345   0.01254   0.00237   0.00118   0.00151   0.00631   0.00465   0.00213   0.00262   0.00251   0.00119   0.00123   0.00490   0.00117   0.00000   0.00000   0.00000   0.00124   2.37749   0.71470   1.03890   1.05570   1.28549  -0.14703   0.03592   0.00000   1.65021  
 74 71216.1006   4071.491291  x:  0.00907   0.00112   0.00402   0.00745   0.00099   0.00487   0.00685   0.02233   0.00470   0.00126   0.00391   0.00000   0.00114   0.00373   0.00238   0.02341   0.01270   0.00238   0.00114   0.00073   0.00540   0.00472   0.00252   0.00226   0.00232   0.00115   0.00107   0.00487   0.00121   0.00000   0.00000   0.00000   0.00106   2.37752   0.71470   1.03889   1.05570   1.28549  -0.14703   0.03591   0.00000   1.65021  
 75 782.4365   4071.215557  x:  0.00850   0.00117   0.00425   0.00809   0.00100   0.00482   0.00722   0.02227   0.00491   0.00120   0.00354   0.00000   0.00118   0.00386   0.00238   0.02339   0.01278   0.00238   0.00117   0.00143   0.00499   0.00475   0.00253   0.00223   0.00230   0.00117   0.00117   0.00486   0.00119   0.00000   0.00000   0.00000   0.00118   2.37754   0.71470   1.03889   1.05571   1.28549  -0.14703   0.03590   0.00000   1.65021  
 76 788.7393   4071.036068  x:  0.00757   0.00123   0.00360   0.00861   0.00107   0.00476   0.00760   0.02217   0.00489   0.00110   0.00340   0.00000   0.00123   0.00370   0.00239   0.02335   0.01292   0.00237   0.00119   0.00124   0.00457   0.00476   0.00224   0.00246   0.00243   0.00120   0.00126   0.00486   0.00115   0.00000   0.00000   0.00000   0.00127   2.37758   0.71469   1.03888   1.05572   1.28549  -0.14703   0.03588   0.00000   1.65021  
 77 308.2453   4071.010247  x:  0.00732   0.00117   0.00346   0.00869   0.00099   0.00475   0.00766   0.02213   0.00485   0.00122   0.00346   0.00000   0.00118   0.00366   0.00239   0.02333   0.01296   0.00237   0.00117   0.00127   0.00456   0.00476   0.00230   0.00242   0.00241   0.00117   0.00117   0.00486   0.00119   0.00000   0.00000   0.00000   0.00117   2.37760   0.71468   1.03887   1.05573   1.28549  -0.14703   0.03587   0.00000   1.65021  
 78 182.1214   4071.002083  x:  0.00716   0.00118   0.00345   0.00870   0.00100   0.00475   0.00768   0.02208   0.00480   0.00116   0.00355   0.00000   0.00119   0.00365   0.00238   0.02331   0.01301   0.00237   0.00117   0.00127   0.00464   0.00475   0.00239   0.00233   0.00236   0.00118   0.00119   0.00486   0.00117   0.00000   0.00000   0.00000   0.00119   2.37764   0.71468   1.03886   1.05574   1.28549  -0.14703   0.03585   0.00000   1.65021  
 79 78.7158   4071.000071  x:  0.00709   0.00119   0.00349   0.00868   0.00102   0.00475   0.00767   0.02203   0.00478   0.00119   0.00356   0.00000   0.00119   0.00366   0.00238   0.02329   0.01305   0.00237   0.00117   0.00127   0.00469   0.00475   0.00236   0.00235   0.00237   0.00118   0.00119   0.00486   0.00118   0.00000   0.00000   0.00000   0.00120   2.37768   0.71467   1.03885   1.05575   1.28549  -0.14703   0.03584   0.00000   1.65021  
 80 33.7067   4070.999269  x:  0.00706   0.00118   0.00351   0.00866   0.00100   0.00475   0.00767   0.02199   0.00478   0.00117   0.00356   0.00000   0.00119   0.00367   0.00238   0.02328   0.01307   0.00237   0.00117   0.00127   0.00471   0.00475   0.00234   0.00237   0.00238   0.00118   0.00118   0.00486   0.00118   0.00000   0.00000   0.00000   0.00119   2.37771   0.71466   1.03884   1.05576   1.28549  -0.14703   0.03582   0.00000   1.65021  
 81 30.6369   4070.997432  x:  0.00705   0.00119   0.00350   0.00860   0.00100   0.00476   0.00764   0.02182   0.00480   0.00118   0.00350   0.00000   0.00119   0.00367   0.00238   0.02322   0.01316   0.00237   0.00117   0.00126   0.00469   0.00475   0.00237   0.00236   0.00238   0.00118   0.00119   0.00486   0.00118   0.00000   0.00000   0.00000   0.00120   2.37789   0.71463   1.03879   1.05581   1.28549  -0.14703   0.03575   0.00001   1.65022  
 82 23.5812   4070.996572  x:  0.00707   0.00118   0.00350   0.00860   0.00103   0.00476   0.00764   0.02175   0.00481   0.00117   0.00352   0.00000   0.00119   0.00367   0.00238   0.02319   0.01318   0.00237   0.00117   0.00127   0.00467   0.00475   0.00236   0.00235   0.00237   0.00118   0.00118   0.00486   0.00117   0.00000   0.00000   0.00000   0.00118   2.37800   0.71461   1.03876   1.05585   1.28549  -0.14703   0.03570   0.00001   1.65022  
 83 34.9589   4070.994939  x:  0.00712   0.00118   0.00350   0.00864   0.00100   0.00475   0.00766   0.02163   0.00481   0.00118   0.00359   0.00000   0.00119   0.00367   0.00238   0.02314   0.01320   0.00237   0.00117   0.00127   0.00464   0.00475   0.00234   0.00235   0.00237   0.00118   0.00119   0.00486   0.00118   0.00000   0.00000   0.00000   0.00120   2.37827   0.71456   1.03869   1.05593   1.28549  -0.14703   0.03561   0.00002   1.65022  
 84 55.4592   4070.991267  x:  0.00718   0.00120   0.00348   0.00873   0.00100   0.00475   0.00770   0.02150   0.00476   0.00119   0.00355   0.00000   0.00119   0.00365   0.00238   0.02308   0.01313   0.00237   0.00117   0.00127   0.00473   0.00475   0.00239   0.00239   0.00240   0.00119   0.00118   0.00486   0.00115   0.00000   0.00000   0.00000   0.00119   2.37900   0.71443   1.03850   1.05614   1.28549  -0.14703   0.03536   0.00005   1.65022  
 85 47.4475   4070.987988  x:  0.00719   0.00116   0.00346   0.00877   0.00102   0.00475   0.00771   0.02145   0.00474   0.00116   0.00352   0.00000   0.00119   0.00365   0.00238   0.02305   0.01305   0.00237   0.00117   0.00127   0.00477   0.00474   0.00237   0.00237   0.00238   0.00117   0.00119   0.00486   0.00121   0.00000   0.00000   0.00000   0.00119   2.37969   0.71430   1.03832   1.05635   1.28549  -0.14703   0.03514   0.00008   1.65022  
 86 166.8404   4070.976160  x:  0.00715   0.00119   0.00346   0.00874   0.00100   0.00476   0.00768   0.02142   0.00474   0.00119   0.00347   0.00000   0.00119   0.00366   0.00238   0.02301   0.01283   0.00238   0.00117   0.00126   0.00477   0.00474   0.00225   0.00226   0.00232   0.00119   0.00119   0.00487   0.00116   0.00000   0.00000   0.00000   0.00120   2.38221   0.71384   1.03765   1.05710   1.28548  -0.14703   0.03438   0.00021   1.65022  
 87 267.5602   4070.949809  x:  0.00698   0.00121   0.00352   0.00858   0.00101   0.00477   0.00759   0.02150   0.00483   0.00117   0.00355   0.00000   0.00119   0.00369   0.00238   0.02299   0.01252   0.00237   0.00117   0.00127   0.00463   0.00475   0.00237   0.00237   0.00238   0.00117   0.00118   0.00486   0.00119   0.00000   0.00000   0.00000   0.00118   2.38796   0.71278   1.03612   1.05881   1.28547  -0.14703   0.03273   0.00051   1.65024  
 88 651.8964   4070.938044  x:  0.00700   0.00109   0.00353   0.00858   0.00102   0.00476   0.00761   0.02162   0.00483   0.00120   0.00356   0.00000   0.00121   0.00367   0.00239   0.02303   0.01264   0.00237   0.00117   0.00126   0.00463   0.00475   0.00239   0.00238   0.00239   0.00120   0.00121   0.00486   0.00113   0.00000   0.00000   0.00000   0.00122   2.39047   0.71232   1.03545   1.05956   1.28546  -0.14703   0.03215   0.00068   1.65024  
 89 409.9738   4070.902695  x:  0.00712   0.00119   0.00350   0.00864   0.00101   0.00471   0.00771   0.02205   0.00479   0.00118   0.00354   0.00000   0.00119   0.00361   0.00239   0.02322   0.01324   0.00237   0.00117   0.00127   0.00470   0.00475   0.00235   0.00234   0.00241   0.00118   0.00118   0.00485   0.00119   0.00000   0.00000   0.00000   0.00119   2.39841   0.71085   1.03334   1.06193   1.28544  -0.14704   0.03047   0.00124   1.65026  
 90 1280.4320   4070.884107  x:  0.00714   0.00119   0.00344   0.00869   0.00101   0.00482   0.00767   0.02208   0.00476   0.00117   0.00355   0.00000   0.00119   0.00381   0.00238   0.02329   0.01333   0.00239   0.00118   0.00127   0.00470   0.00474   0.00235   0.00245   0.00221   0.00113   0.00120   0.00488   0.00116   0.00000   0.00000   0.00000   0.00119   2.40264   0.71007   1.03221   1.06319   1.28544  -0.14705   0.03021   0.00170   1.65027  
 91 253.3555   4070.810862  x:  0.00715   0.00120   0.00332   0.00885   0.00099   0.00511   0.00745   0.02203   0.00470   0.00119   0.00359   0.00000   0.00120   0.00419   0.00238   0.02356   0.01340   0.00239   0.00114   0.00126   0.00469   0.00473   0.00235   0.00241   0.00230   0.00149   0.00114   0.00495   0.00129   0.00000   0.00000   0.00000   0.00122   2.42060   0.70676   1.02742   1.06856   1.28541  -0.14708   0.02966   0.00376   1.65031  
 92 1312.5287   4070.488407  x:  0.00713   0.00118   0.00319   0.00928   0.00098   0.00572   0.00677   0.02173   0.00458   0.00117   0.00363   0.00000   0.00116   0.00456   0.00240   0.02451   0.01348   0.00232   0.00123   0.00126   0.00464   0.00472   0.00233   0.00206   0.00299   0.00099   0.00128   0.00508   0.00111   0.00000   0.00000   0.00000   0.00112   2.49398   0.69322   1.00786   1.09049   1.28533  -0.14722   0.02779   0.01228   1.65046  
 93 7299.6872   4069.122353  x:  0.00699   0.00117   0.00361   0.00991   0.00093   0.00578   0.00563   0.02050   0.00473   0.00113   0.00351   0.00000   0.00134   0.00288   0.00237   0.02763   0.01331   0.00242   0.00094   0.00128   0.00461   0.00474   0.00235   0.00241   0.00228   0.00104   0.00084   0.00495   0.00119   0.00000   0.00000   0.00000   0.00149   2.79765   0.63718   0.92689   1.18122   1.28498  -0.14778   0.02065   0.04767   1.65111  
 94 18391.2224   4068.586772  x:  0.00699   0.00122   0.00366   0.00971   0.00092   0.00534   0.00593   0.02010   0.00484   0.00122   0.00349   0.00000   0.00105   0.00269   0.00238   0.02854   0.01317   0.00242   0.00139   0.00128   0.00466   0.00476   0.00236   0.00252   0.00206   0.00140   0.00149   0.00484   0.00120   0.00000   0.00000   0.00000   0.00093   2.92764   0.61319   0.89223   1.22006   1.28482  -0.14802   0.01767   0.06283   1.65139  
 95 46971.6718   4067.562513  x:  0.00708   0.00119   0.00342   0.00850   0.00097   0.00378   0.00795   0.01973   0.00500   0.00119   0.00355   0.00000   0.00115   0.00383   0.00239   0.02917   0.01283   0.00234   0.00126   0.00126   0.00481   0.00478   0.00235   0.00240   0.00230   0.00124   0.00119   0.00459   0.00120   0.00000   0.00000   0.00000   0.00118   3.16990   0.56850   0.82765   1.29244   1.28454  -0.14846   0.01224   0.09111   1.65191  
 96 40591.6316   4067.150793  x:  0.00714   0.00122   0.00357   0.00800   0.00100   0.00486   0.00895   0.02035   0.00478   0.00119   0.00353   0.00000   0.00132   0.00358   0.00236   0.02744   0.01284   0.00248   0.00080   0.00126   0.00465   0.00474   0.00237   0.00238   0.00233   0.00121   0.00134   0.00493   0.00116   0.00000   0.00000   0.00000   0.00103   3.26473   0.55103   0.80239   1.32076   1.28443  -0.14864   0.01024   0.10218   1.65211  
 97 9828.5861   4066.947602  x:  0.00717   0.00119   0.00364   0.00784   0.00101   0.00537   0.00929   0.02081   0.00468   0.00119   0.00352   0.00000   0.00123   0.00344   0.00236   0.02619   0.01287   0.00250   0.00132   0.00126   0.00458   0.00472   0.00237   0.00237   0.00233   0.00119   0.00110   0.00509   0.00120   0.00000   0.00000   0.00000   0.00122   3.31642   0.54151   0.78864   1.33619   1.28436  -0.14873   0.00916   0.10821   1.65222  
 98 26017.1958   4066.640711  x:  0.00714   0.00118   0.00355   0.00823   0.00102   0.00499   0.00852   0.02179   0.00480   0.00113   0.00353   0.00000   0.00085   0.00354   0.00243   0.02360   0.01304   0.00215   0.00114   0.00125   0.00466   0.00475   0.00237   0.00239   0.00229   0.00121   0.00119   0.00494   0.00120   0.00000   0.00000   0.00000   0.00131   3.38454   0.52900   0.77054   1.35652   1.28428  -0.14886   0.00779   0.11614   1.65237  
 99 8055.1103   4066.543676  x:  0.00713   0.00120   0.00351   0.00840   0.00103   0.00477   0.00818   0.02216   0.00484   0.00119   0.00354   0.00000   0.00121   0.00360   0.00243   0.02264   0.01310   0.00217   0.00120   0.00126   0.00470   0.00476   0.00236   0.00239   0.00229   0.00122   0.00119   0.00487   0.00120   0.00000   0.00000   0.00000   0.00116   3.40857   0.52460   0.76416   1.36368   1.28425  -0.14890   0.00731   0.11893   1.65242  
100 16496.6022   4066.533591  x:  0.00712   0.00120   0.00351   0.00843   0.00103   0.00472   0.00813   0.02220   0.00482   0.00118   0.00354   0.00000   0.00118   0.00362   0.00239   0.02254   0.01311   0.00239   0.00119   0.00126   0.00469   0.00475   0.00236   0.00239   0.00232   0.00122   0.00119   0.00487   0.00120   0.00000   0.00000   0.00000   0.00117   3.41102   0.52416   0.76352   1.36441   1.28425  -0.14890   0.00727   0.11920   1.65243  
101 991.2213   4066.533144  x:  0.00712   0.00120   0.00352   0.00843   0.00103   0.00470   0.00812   0.02220   0.00477   0.00118   0.00354   0.00000   0.00118   0.00362   0.00237   0.02254   0.01311   0.00239   0.00119   0.00126   0.00467   0.00474   0.00236   0.00239   0.00232   0.00122   0.00119   0.00490   0.00120   0.00000   0.00000   0.00000   0.00117   3.41114   0.52417   0.76353   1.36443   1.28425  -0.14890   0.00727   0.11919   1.65243  
102 15.3392   4066.531609  x:  0.00713   0.00120   0.00353   0.00843   0.00103   0.00469   0.00811   0.02220   0.00475   0.00118   0.00354   0.00000   0.00118   0.00362   0.00246   0.02253   0.01311   0.00240   0.00119   0.00126   0.00465   0.00474   0.00236   0.00239   0.00231   0.00122   0.00119   0.00492   0.00120   0.00000   0.00000   0.00000   0.00117   3.41167   0.52436   0.76369   1.36446   1.28425  -0.14890   0.00732   0.11901   1.65243  
103 16.3072   4065.992717  x:  0.00712   0.00120   0.00336   0.00839   0.00102   0.00436   0.00827   0.02244   0.00561   0.00118   0.00358   0.00000   0.00118   0.00356   0.00232   0.02195   0.01313   0.00238   0.00119   0.00126   0.00506   0.00501   0.00234   0.00241   0.00231   0.00122   0.00120   0.00680   0.00120   0.00000   0.00000   0.00000   0.00117   3.61109   0.59831   0.82834   1.37672   1.28391  -0.14941   0.02546   0.05006   1.65301  
104 185.0557   4065.387537  x:  0.00715   0.00120   0.00347   0.00828   0.00102   0.00454   0.00843   0.02262   0.00509   0.00118   0.00356   0.00000   0.00118   0.00361   0.00236   0.02151   0.01314   0.00239   0.00120   0.00125   0.00481   0.00477   0.00236   0.00240   0.00231   0.00122   0.00119   0.00550   0.00120   0.00000   0.00000   0.00000   0.00117   3.75583   0.65199   0.87528   1.38560   1.28366  -0.14977   0.03863   0.00000   1.65344  
105 15596.1846   4065.386379  x:  0.00715   0.00120   0.00347   0.00827   0.00102   0.00454   0.00843   0.02262   0.00506   0.00118   0.00356   0.00000   0.00118   0.00362   0.00236   0.02151   0.01314   0.00239   0.00119   0.00125   0.00480   0.00489   0.00236   0.00240   0.00231   0.00122   0.00119   0.00549   0.00120   0.00000   0.00000   0.00000   0.00117   3.75631   0.65217   0.87545   1.38563   1.28366  -0.14977   0.03867   0.00000   1.65344  
106 91.2626   4065.347535  x:  0.00715   0.00120   0.00347   0.00827   0.00102   0.00453   0.00844   0.02264   0.00506   0.00118   0.00356   0.00000   0.00118   0.00362   0.00235   0.02147   0.01314   0.00239   0.00119   0.00125   0.00480   0.00492   0.00236   0.00240   0.00231   0.00122   0.00119   0.00550   0.00120   0.00000   0.00000   0.00000   0.00117   3.76514   0.65470   0.88812   1.38367   1.28226  -0.14858   0.03532   0.00000   1.65358  
107  2.8471   4065.164190  x:  0.00715   0.00120   0.00347   0.00825   0.00102   0.00450   0.00849   0.02274   0.00504   0.00118   0.00356   0.00000   0.00118   0.00364   0.00236   0.02128   0.01314   0.00239   0.00119   0.00125   0.00481   0.00510   0.00236   0.00240   0.00231   0.00122   0.00119   0.00553   0.00120   0.00000   0.00000   0.00000   0.00117   3.86721   0.62919   1.02063   1.37252   1.26138  -0.13073   0.01718   0.08401   1.65578  
108  5.5741   4064.872046  x:  0.00715   0.00119   0.00347   0.00835   0.00101   0.00452   0.00835   0.02265   0.00499   0.00118   0.00356   0.00000   0.00119   0.00368   0.00236   0.02181   0.01316   0.00238   0.00119   0.00124   0.00479   0.00490   0.00236   0.00240   0.00233   0.00121   0.00120   0.00531   0.00120   0.00000   0.00000   0.00000   0.00117   4.03805   0.48697   1.17510   1.38716   1.21387  -0.09114   0.03254   0.02735   1.66153  
109  2.2211   4064.195648  x:  0.00715   0.00118   0.00349   0.00879   0.00097   0.00465   0.00778   0.02223   0.00466   0.00119   0.00358   0.00000   0.00120   0.00385   0.00239   0.02399   0.01319   0.00238   0.00119   0.00119   0.00467   0.00458   0.00237   0.00237   0.00242   0.00119   0.00121   0.00430   0.00118   0.00000   0.00000   0.00000   0.00119   4.55362   0.56987   1.21515   1.47850   1.01145   0.07739   0.04211   0.00000   1.68615  
110  1.2430   4063.920228  x:  0.00714   0.00117   0.00350   0.00878   0.00098   0.00473   0.00767   0.02184   0.00474   0.00119   0.00358   0.00000   0.00120   0.00381   0.00240   0.02370   0.01304   0.00237   0.00117   0.00116   0.00469   0.00470   0.00237   0.00233   0.00241   0.00116   0.00118   0.00489   0.00117   0.00000   0.00000   0.00000   0.00120   5.05149   0.59122   1.32411   1.75172   1.04046   0.03019   0.02924   0.05468   1.69848  
111  0.6041   4063.734097  x:  0.00714   0.00116   0.00351   0.00865   0.00099   0.00474   0.00772   0.02170   0.00487   0.00119   0.00357   0.00000   0.00119   0.00373   0.00241   0.02290   0.01292   0.00236   0.00115   0.00114   0.00474   0.00479   0.00236   0.00232   0.00238   0.00115   0.00116   0.00541   0.00117   0.00000   0.00000   0.00000   0.00120   5.42356   0.58389   1.41794   1.96960   1.20773  -0.14845   0.02975   0.03651   1.70586  
112  1.1749   4063.684058  x:  0.00715   0.00118   0.00350   0.00861   0.00098   0.00472   0.00772   0.02201   0.00478   0.00119   0.00357   0.00000   0.00119   0.00365   0.00238   0.02325   0.01314   0.00238   0.00115   0.00117   0.00471   0.00478   0.00237   0.00235   0.00235   0.00117   0.00116   0.00482   0.00118   0.00000   0.00000   0.00000   0.00117   5.59559   0.56444   1.47496   2.07921   1.17206  -0.14235   0.03095   0.03163   1.72639  
113  0.1767   4063.681560  x:  0.00715   0.00118   0.00350   0.00866   0.00099   0.00475   0.00771   0.02199   0.00479   0.00119   0.00357   0.00000   0.00119   0.00369   0.00239   0.02340   0.01313   0.00238   0.00117   0.00118   0.00471   0.00475   0.00237   0.00236   0.00238   0.00118   0.00118   0.00488   0.00118   0.00000   0.00000   0.00000   0.00118   5.64520   0.56638   1.48670   2.11665   1.16513  -0.15182   0.03091   0.03103   1.73745  
114  0.0551   4063.681123  x:  0.00715   0.00118   0.00349   0.00865   0.00099   0.00473   0.00773   0.02197   0.00479   0.00119   0.00357   0.00000   0.00119   0.00369   0.00239   0.02334   0.01311   0.00238   0.00117   0.00119   0.00471   0.00474   0.00237   0.00235   0.00237   0.00118   0.00117   0.00487   0.00118   0.00000   0.00000   0.00000   0.00118   5.66251   0.57105   1.49299   2.15012   1.15633  -0.15760   0.03105   0.03044   1.74679  
115  0.0256   4063.680965  x:  0.00715   0.00118   0.00349   0.00865   0.00099   0.00473   0.00772   0.02198   0.00479   0.00119   0.00357   0.00000   0.00119   0.00369   0.00239   0.02335   0.01312   0.00238   0.00117   0.00118   0.00471   0.00476   0.00237   0.00235   0.00237   0.00118   0.00117   0.00488   0.00118   0.00000   0.00000   0.00000   0.00118   5.65317   0.57239   1.49139   2.16295   1.14924  -0.15934   0.03111   0.03034   1.75143  
116  0.0083   4063.680925  x:  0.00715   0.00118   0.00349   0.00865   0.00099   0.00474   0.00773   0.02198   0.00479   0.00119   0.00357   0.00000   0.00119   0.00369   0.00239   0.02335   0.01312   0.00238   0.00116   0.00118   0.00471   0.00475   0.00237   0.00235   0.00237   0.00118   0.00117   0.00488   0.00118   0.00000   0.00000   0.00000   0.00118   5.64732   0.57358   1.49023   2.16896   1.14871  -0.16069   0.03095   0.03082   1.75132  
117  0.0057   4063.680920  x:  0.00715   0.00118   0.00349   0.00865   0.00099   0.00473   0.00772   0.02198   0.00479   0.00119   0.00357   0.00000   0.00119   0.00369   0.00239   0.02336   0.01312   0.00238   0.00116   0.00118   0.00471   0.00475   0.00237   0.00235   0.00237   0.00118   0.00117   0.00488   0.00118   0.00000   0.00000   0.00000   0.00118   5.64694   0.57407   1.48978   2.17075   1.14944  -0.16060   0.03090   0.03098   1.74927  
118  0.0016   4063.680919  x:  0.00715   0.00118   0.00349   0.00865   0.00099   0.00474   0.00772   0.02198   0.00479   0.00119   0.00357   0.00000   0.00119   0.00369   0.00239   0.02336   0.01312   0.00238   0.00116   0.00118   0.00471   0.00475   0.00237   0.00235   0.00237   0.00118   0.00117   0.00488   0.00118   0.00000   0.00000   0.00000   0.00118   5.64736   0.57401   1.48961   2.17049   1.14970  -0.16015   0.03092   0.03093   1.74739  
119  0.0011   4063.680918  x:  0.00715   0.00118   0.00349   0.00865   0.00099   0.00474   0.00772   0.02198   0.00479   0.00119   0.00357   0.00000   0.00119   0.00369   0.00239   0.02336   0.01312   0.00238   0.00116   0.00118   0.00471   0.00475   0.00237   0.00235   0.00237   0.00118   0.00117   0.00488   0.00118   0.00000   0.00000   0.00000   0.00118   5.64752   0.57403   1.48954   2.17081   1.14965  -0.16019   0.03092   0.03092   1.74574  
120  0.0013   4063.680917  x:  0.00715   0.00118   0.00349   0.00865   0.00099   0.00473   0.00772   0.02198   0.00479   0.00119   0.00357   0.00000   0.00119   0.00369   0.00239   0.02336   0.01312   0.00238   0.00117   0.00118   0.00471   0.00475   0.00237   0.00235   0.00237   0.00118   0.00117   0.00488   0.00118   0.00000   0.00000   0.00000   0.00118   5.64760   0.57410   1.48950   2.17172   1.14783  -0.16116   0.03093   0.03088   1.74073  
121  0.0018   4063.680908  x:  0.00715   0.00118   0.00349   0.00865   0.00099   0.00473   0.00772   0.02198   0.00479   0.00119   0.00357   0.00000   0.00119   0.00369   0.00239   0.02336   0.01312   0.00238   0.00117   0.00118   0.00471   0.00475   0.00237   0.00235   0.00237   0.00118   0.00117   0.00488   0.00118   0.00000   0.00000   0.00000   0.00118   5.64671   0.57418   1.48988   2.17236   1.13511  -0.16772   0.03098   0.03065   1.72545  
122  0.0026   4063.680885  x:  0.00715   0.00118   0.00349   0.00865   0.00099   0.00473   0.00772   0.02198   0.00479   0.00119   0.00357   0.00000   0.00119   0.00369   0.00239   0.02336   0.01312   0.00238   0.00116   0.00118   0.00471   0.00475   0.00237   0.00235   0.00237   0.00118   0.00117   0.00488   0.00118   0.00000   0.00000   0.00000   0.00118   5.64422   0.57445   1.49089   2.17412   1.08003  -0.19681   0.03111   0.03006   1.65798  
123  0.0677   4063.680823  x:  0.00715   0.00118   0.00349   0.00865   0.00099   0.00474   0.00772   0.02197   0.00479   0.00119   0.00357   0.00000   0.00119   0.00369   0.00239   0.02336   0.01312   0.00238   0.00116   0.00118   0.00471   0.00475   0.00237   0.00235   0.00237   0.00118   0.00117   0.00488   0.00118   0.00000   0.00000   0.00000   0.00118   5.64192   0.57469   1.49204   2.17560   0.94151  -0.27253   0.03115   0.02991   1.49853  
124  0.0521   4063.680756  x:  0.00715   0.00118   0.00349   0.00865   0.00099   0.00474   0.00772   0.02197   0.00479   0.00119   0.00357   0.00000   0.00119   0.00368   0.00239   0.02336   0.01312   0.00238   0.00116   0.00119   0.00471   0.00475   0.00237   0.00235   0.00237   0.00118   0.00117   0.00488   0.00118   0.00000   0.00000   0.00000   0.00118   5.64277   0.57454   1.49283   2.17530   0.79567  -0.35433   0.03099   0.03068   1.34890  
125  0.2400   4063.680702  x:  0.00715   0.00118   0.00349   0.00865   0.00099   0.00474   0.00772   0.02198   0.00479   0.00119   0.00357   0.00000   0.00119   0.00368   0.00239   0.02336   0.01312   0.00238   0.00116   0.00119   0.00471   0.00475   0.00237   0.00235   0.00237   0.00118   0.00117   0.00488   0.00118   0.00000   0.00000   0.00000   0.00118   5.64570   0.57416   1.49276   2.17369   0.78393  -0.36245   0.03085   0.03134   1.35525  
126  0.0300   4063.680634  x:  0.00715   0.00118   0.00349   0.00865   0.00099   0.00473   0.00772   0.02198   0.00479   0.00119   0.00357   0.00000   0.00119   0.00369   0.00239   0.02335   0.01312   0.00238   0.00117   0.00118   0.00471   0.00475   0.00237   0.00235   0.00237   0.00118   0.00117   0.00488   0.00118   0.00000   0.00000   0.00000   0.00118   5.65255   0.57346   1.49379   2.17491   0.66655  -0.42891   0.03087   0.03116   1.25299  
127  0.0997   4063.680573  x:  0.00715   0.00118   0.00350   0.00865   0.00099   0.00473   0.00773   0.02198   0.00479   0.00119   0.00357   0.00000   0.00119   0.00369   0.00239   0.02335   0.01312   0.00238   0.00117   0.00118   0.00471   0.00475   0.00237   0.00235   0.00237   0.00118   0.00117   0.00488   0.00118   0.00000   0.00000   0.00000   0.00118   5.65230   0.57350   1.49218   2.17381   0.54361  -0.49756   0.03092   0.03085   1.15881  
128  0.1261   4063.680530  x:  0.00715   0.00118   0.00350   0.00865   0.00099   0.00473   0.00773   0.02198   0.00479   0.00119   0.00357   0.00000   0.00119   0.00369   0.00239   0.02336   0.01312   0.00238   0.00116   0.00118   0.00471   0.00475   0.00237   0.00235   0.00237   0.00118   0.00117   0.00488   0.00118   0.00000   0.00000   0.00000   0.00118   5.64905   0.57386   1.48914   2.17107   0.48040  -0.53316   0.03094   0.03069   1.12998  
129  0.0928   4063.680482  x:  0.00715   0.00118   0.00350   0.00865   0.00099   0.00473   0.00773   0.02198   0.00479   0.00119   0.00357   0.00000   0.00119   0.00369   0.00239   0.02336   0.01312   0.00238   0.00116   0.00118   0.00471   0.00475   0.00237   0.00235   0.00237   0.00118   0.00117   0.00488   0.00118   0.00000   0.00000   0.00000   0.00118   5.64658   0.57411   1.48712   2.16872   0.37849  -0.59060   0.03087   0.03094   1.05725  
130  0.4604   4063.680467  x:  0.00715   0.00118   0.00350   0.00865   0.00099   0.00473   0.00773   0.02198   0.00479   0.00119   0.00357   0.00000   0.00119   0.00369   0.00239   0.02336   0.01312   0.00238   0.00116   0.00118   0.00471   0.00475   0.00237   0.00235   0.00237   0.00118   0.00117   0.00488   0.00118   0.00000   0.00000   0.00000   0.00118   5.64613   0.57414   1.48657   2.16752   0.32096  -0.62314   0.03083   0.03109   1.01986  
131  0.2011   4063.680450  x:  0.00715   0.00118   0.00349   0.00865   0.00099   0.00474   0.00772   0.02198   0.00479   0.00119   0.00357   0.00000   0.00119   0.00369   0.00239   0.02336   0.01312   0.00238   0.00116   0.00118   0.00471   0.00475   0.00237   0.00235   0.00237   0.00118   0.00117   0.00488   0.00118   0.00000   0.00000   0.00000   0.00118   5.64602   0.57411   1.48702   2.16660   0.26707  -0.65364   0.03078   0.03135   0.99207  
132  0.0764   4063.680436  x:  0.00715   0.00118   0.00349   0.00865   0.00099   0.00474   0.00772   0.02198   0.00479   0.00119   0.00357   0.00000   0.00119   0.00369   0.00239   0.02336   0.01312   0.00238   0.00117   0.00119   0.00471   0.00475   0.00237   0.00235   0.00237   0.00118   0.00118   0.00488   0.00118   0.00000   0.00000   0.00000   0.00118   5.64647   0.57404   1.48763   2.16670   0.20709  -0.68674   0.03084   0.03117   0.95780  
133  0.1460   4063.680403  x:  0.00715   0.00118   0.00349   0.00865   0.00099   0.00474   0.00772   0.02198   0.00479   0.00119   0.00357   0.00000   0.00119   0.00368   0.00239   0.02335   0.01312   0.00238   0.00117   0.00119   0.00471   0.00475   0.00237   0.00235   0.00237   0.00118   0.00118   0.00488   0.00118   0.00000   0.00000   0.00000   0.00118   5.64778   0.57390   1.49044   2.16996   0.09568  -0.74732   0.03102   0.03063   0.90678  
134  0.1233   4063.680375  x:  0.00715   0.00118   0.00349   0.00865   0.00099   0.00474   0.00772   0.02198   0.00479   0.00119   0.00357   0.00000   0.00119   0.00369   0.00239   0.02336   0.01312   0.00238   0.00117   0.00119   0.00471   0.00475   0.00237   0.00235   0.00237   0.00118   0.00117   0.00488   0.00118   0.00000   0.00000   0.00000   0.00118   5.64742   0.57401   1.49097   2.17259  -0.01406  -0.80895   0.03102   0.03071   0.85334  
135  0.1368   4063.680337  x:  0.00715   0.00118   0.00350   0.00865   0.00099   0.00473   0.00773   0.02198   0.00479   0.00119   0.00357   0.00000   0.00119   0.00369   0.00239   0.02336   0.01312   0.00238   0.00116   0.00118   0.00471   0.00475   0.00237   0.00235   0.00237   0.00118   0.00117   0.00488   0.00118   0.00000   0.00000   0.00000   0.00118   5.64711   0.57413   1.49154   2.17586  -0.07748  -0.84513   0.03098   0.03090   0.83587  
136  0.1004   4063.680313  x:  0.00715   0.00118   0.00350   0.00865   0.00099   0.00473   0.00773   0.02198   0.00479   0.00119   0.00357   0.00000   0.00119   0.00369   0.00239   0.02336   0.01312   0.00238   0.00116   0.00118   0.00471   0.00475   0.00237   0.00235   0.00237   0.00118   0.00117   0.00488   0.00118   0.00000   0.00000   0.00000   0.00118   5.64711   0.57409   1.49147   2.17484  -0.16117  -0.89179   0.03104   0.03073   0.80016  
137  0.1338   4063.680298  x:  0.00715   0.00118   0.00350   0.00865   0.00099   0.00473   0.00773   0.02198   0.00479   0.00119   0.00357   0.00000   0.00119   0.00369   0.00239   0.02336   0.01312   0.00238   0.00116   0.00118   0.00471   0.00475   0.00237   0.00235   0.00237   0.00118   0.00117   0.00488   0.00118   0.00000   0.00000   0.00000   0.00118   5.64725   0.57402   1.49090   2.17240  -0.24584  -0.93931   0.03109   0.03056   0.76816  
138  0.1508   4063.680288  x:  0.00715   0.00118   0.00349   0.00865   0.00099   0.00474   0.00772   0.02198   0.00479   0.00119   0.00357   0.00000   0.00119   0.00369   0.00239   0.02336   0.01312   0.00238   0.00116   0.00118   0.00471   0.00475   0.00237   0.00235   0.00237   0.00118   0.00117   0.00488   0.00118   0.00000   0.00000   0.00000   0.00118   5.64743   0.57395   1.48963   2.16881  -0.27374  -0.95585   0.03108   0.03055   0.76265  
139  0.0345   4063.680273  x:  0.00715   0.00118   0.00349   0.00865   0.00099   0.00474   0.00772   0.02198   0.00479   0.00119   0.00357   0.00000   0.00119   0.00369   0.00239   0.02336   0.01312   0.00238   0.00116   0.00119   0.00471   0.00475   0.00237   0.00235   0.00237   0.00118   0.00118   0.00488   0.00118   0.00000   0.00000   0.00000   0.00118   5.64754   0.57393   1.48847   2.16667  -0.38342  -1.01944   0.03101   0.03077   0.72436  
140  0.2110   4063.680246  x:  0.00715   0.00118   0.00349   0.00865   0.00099   0.00473   0.00772   0.02198   0.00479   0.00119   0.00357   0.00000   0.00119   0.00369   0.00239   0.02335   0.01312   0.00238   0.00117   0.00118   0.00471   0.00475   0.00237   0.00235   0.00237   0.00118   0.00117   0.00488   0.00118   0.00000   0.00000   0.00000   0.00118   5.64721   0.57407   1.48786   2.16962  -0.50311  -1.08994   0.03088   0.03106   0.69154  
141  0.0699   4063.680227  x:  0.00715   0.00118   0.00349   0.00865   0.00099   0.00473   0.00772   0.02198   0.00479   0.00119   0.00357   0.00000   0.00119   0.00369   0.00239   0.02336   0.01312   0.00238   0.00117   0.00118   0.00471   0.00475   0.00237   0.00235   0.00237   0.00118   0.00117   0.00488   0.00118   0.00000   0.00000   0.00000   0.00118   5.64721   0.57406   1.48875   2.17183  -0.62368  -1.15883   0.03091   0.03089   0.65848  
142  0.1132   4063.680217  x:  0.00715   0.00118   0.00350   0.00865   0.00099   0.00473   0.00773   0.02198   0.00479   0.00119   0.00357   0.00000   0.00119   0.00369   0.00239   0.02336   0.01312   0.00238   0.00117   0.00118   0.00471   0.00475   0.00237   0.00235   0.00237   0.00118   0.00117   0.00488   0.00118   0.00000   0.00000   0.00000   0.00118   5.64729   0.57402   1.48960   2.17283  -0.63969  -1.16822   0.03092   0.03084   0.65864  
143  0.0558   4063.680196  x:  0.00715   0.00118   0.00349   0.00865   0.00099   0.00473   0.00772   0.02198   0.00479   0.00119   0.00357   0.00000   0.00119   0.00369   0.00239   0.02336   0.01312   0.00238   0.00116   0.00118   0.00471   0.00475   0.00237   0.00235   0.00237   0.00118   0.00117   0.00488   0.00118   0.00000   0.00000   0.00000   0.00118   5.64757   0.57390   1.49048   2.17180  -0.77240  -1.24589   0.03083   0.03104   0.62628  
144  0.1778   4063.680190  x:  0.00715   0.00118   0.00349   0.00865   0.00099   0.00473   0.00772   0.02198   0.00479   0.00119   0.00357   0.00000   0.00119   0.00369   0.00239   0.02336   0.01312   0.00238   0.00116   0.00118   0.00471   0.00475   0.00237   0.00235   0.00237   0.00118   0.00117   0.00488   0.00118   0.00000   0.00000   0.00000   0.00118   5.64748   0.57394   1.49053   2.17128  -0.84594  -1.28905   0.03078   0.03114   0.61028  
145  0.1371   4063.680181  x:  0.00715   0.00118   0.00349   0.00865   0.00099   0.00474   0.00772   0.02198   0.00479   0.00119   0.00357   0.00000   0.00119   0.00369   0.00239   0.02336   0.01312   0.00238   0.00116   0.00118   0.00471   0.00475   0.00237   0.00235   0.00237   0.00118   0.00117   0.00488   0.00118   0.00000   0.00000   0.00000   0.00118   5.64723   0.57404   1.49008   2.16986  -0.91988  -1.33280   0.03073   0.03125   0.59829  
146  0.0933   4063.680173  x:  0.00715   0.00118   0.00349   0.00865   0.00099   0.00474   0.00772   0.02198   0.00479   0.00119   0.00357   0.00000   0.00119   0.00369   0.00239   0.02336   0.01312   0.00238   0.00116   0.00118   0.00471   0.00475   0.00237   0.00235   0.00237   0.00118   0.00117   0.00488   0.00118   0.00000   0.00000   0.00000   0.00118   5.64712   0.57408   1.48994   2.16978  -0.99721  -1.37779   0.03071   0.03125   0.58288  
147  0.2630   4063.680164  x:  0.00715   0.00118   0.00349   0.00865   0.00099   0.00474   0.00772   0.02198   0.00479   0.00119   0.00357   0.00000   0.00119   0.00369   0.00239   0.02336   0.01312   0.00238   0.00116   0.00118   0.00471   0.00475   0.00237   0.00235   0.00237   0.00118   0.00117   0.00488   0.00118   0.00000   0.00000   0.00000   0.00118   5.64707   0.57410   1.48975   2.17010  -1.08842  -1.43068   0.03072   0.03119   0.56661  
148  0.2023   4063.680151  x:  0.00715   0.00118   0.00349   0.00865   0.00099   0.00473   0.00772   0.02198   0.00479   0.00119   0.00357   0.00000   0.00119   0.00369   0.00239   0.02336   0.01312   0.00238   0.00117   0.00118   0.00471   0.00475   0.00237   0.00235   0.00237   0.00118   0.00117   0.00488   0.00118   0.00000   0.00000   0.00000   0.00118   5.64720   0.57404   1.48929   2.17144  -1.19978  -1.49499   0.03076   0.03104   0.55110  
149  0.0866   4063.680146  x:  0.00715   0.00118   0.00349   0.00865   0.00099   0.00473   0.00772   0.02198   0.00479   0.00119   0.00357   0.00000   0.00119   0.00369   0.00239   0.02336   0.01312   0.00238   0.00117   0.00118   0.00471   0.00475   0.00237   0.00235   0.00237   0.00118   0.00117   0.00488   0.00118   0.00000   0.00000   0.00000   0.00118   5.64729   0.57400   1.48924   2.17153  -1.26323  -1.53218   0.03073   0.03109   0.54068  
150  0.1804   4063.680137  x:  0.00715   0.00118   0.00349   0.00865   0.00099   0.00473   0.00773   0.02198   0.00479   0.00119   0.00357   0.00000   0.00119   0.00369   0.00239   0.02336   0.01312   0.00238   0.00117   0.00118   0.00471   0.00475   0.00237   0.00235   0.00237   0.00118   0.00117   0.00488   0.00118   0.00000   0.00000   0.00000   0.00118   5.64752   0.57393   1.48934   2.17115  -1.33661  -1.57551   0.03068   0.03124   0.53157  
151  0.0967   4063.680130  x:  0.00715   0.00118   0.00349   0.00865   0.00099   0.00473   0.00772   0.02198   0.00479   0.00119   0.00357   0.00000   0.00119   0.00369   0.00239   0.02336   0.01312   0.00238   0.00116   0.00118   0.00471   0.00475   0.00237   0.00235   0.00237   0.00118   0.00117   0.00488   0.00118   0.00000   0.00000   0.00000   0.00118   5.64755   0.57393   1.48953   2.17059  -1.42877  -1.62877   0.03070   0.03120   0.51919  
152  0.1214   4063.680119  x:  0.00715   0.00118   0.00349   0.00865   0.00099   0.00474   0.00772   0.02198   0.00479   0.00119   0.00357   0.00000   0.00119   0.00369   0.00239   0.02336   0.01312   0.00238   0.00116   0.00118   0.00471   0.00475   0.00237   0.00235   0.00237   0.00118   0.00117   0.00488   0.00118   0.00000   0.00000   0.00000   0.00118   5.64743   0.57400   1.49008   2.16963  -1.56263  -1.70523   0.03079   0.03104   0.50517  
153  0.1768   4063.680113  x:  0.00715   0.00118   0.00349   0.00865   0.00099   0.00474   0.00772   0.02198   0.00479   0.00119   0.00357   0.00000   0.00119   0.00369   0.00239   0.02336   0.01312   0.00238   0.00116   0.00118   0.00471   0.00475   0.00237   0.00235   0.00237   0.00118   0.00117   0.00488   0.00118   0.00000   0.00000   0.00000   0.00118   5.64722   0.57404   1.48999   2.17028  -1.69600  -1.78233   0.03081   0.03101   0.48995  
154  0.1588   4063.680095  x:  0.00715   0.00118   0.00350   0.00865   0.00099   0.00473   0.00772   0.02198   0.00479   0.00119   0.00357   0.00000   0.00119   0.00369   0.00239   0.02336   0.01312   0.00238   0.00117   0.00118   0.00471   0.00475   0.00237   0.00235   0.00237   0.00118   0.00117   0.00488   0.00118   0.00000   0.00000   0.00000   0.00118   5.64645   0.57419   1.48927   2.17353  -1.93990  -1.92288   0.03090   0.03098   0.47152  
155  0.1456   4063.680091  x:  0.00715   0.00118   0.00350   0.00865   0.00099   0.00473   0.00772   0.02198   0.00479   0.00119   0.00357   0.00000   0.00119   0.00369   0.00239   0.02336   0.01312   0.00238   0.00117   0.00118   0.00471   0.00475   0.00237   0.00235   0.00237   0.00118   0.00117   0.00488   0.00118   0.00000   0.00000   0.00000   0.00118   5.64659   0.57415   1.48931   2.17319  -2.01328  -1.96496   0.03094   0.03092   0.46466  
156  0.2490   4063.680086  x:  0.00715   0.00118   0.00349   0.00865   0.00099   0.00473   0.00772   0.02198   0.00479   0.00119   0.00357   0.00000   0.00119   0.00369   0.00239   0.02336   0.01312   0.00238   0.00117   0.00118   0.00471   0.00475   0.00237   0.00235   0.00237   0.00118   0.00117   0.00488   0.00118   0.00000   0.00000   0.00000   0.00118   5.64712   0.57404   1.48954   2.17159  -2.04535  -1.98287   0.03099   0.03083   0.46291  
157  0.0788   4063.680085  x:  0.00715   0.00118   0.00349   0.00865   0.00099   0.00473   0.00772   0.02198   0.00479   0.00119   0.00357   0.00000   0.00119   0.00369   0.00239   0.02336   0.01312   0.00238   0.00116   0.00118   0.00471   0.00475   0.00237   0.00235   0.00237   0.00118   0.00117   0.00488   0.00118   0.00000   0.00000   0.00000   0.00118   5.64737   0.57399   1.48961   2.17053  -2.10548  -2.01754   0.03102   0.03082   0.45835  
158  0.0961   4063.680083  x:  0.00715   0.00118   0.00349   0.00865   0.00099   0.00473   0.00772   0.02198   0.00479   0.00119   0.00357   0.00000   0.00119   0.00369   0.00239   0.02336   0.01312   0.00238   0.00116   0.00118   0.00471   0.00475   0.00237   0.00235   0.00237   0.00118   0.00117   0.00488   0.00118   0.00000   0.00000   0.00000   0.00118   5.64765   0.57394   1.48968   2.16915  -2.21018  -2.07793   0.03107   0.03080   0.45201  
159  0.0765   4063.680080  x:  0.00715   0.00118   0.00349   0.00865   0.00099   0.00473   0.00772   0.02198   0.00479   0.00119   0.00357   0.00000   0.00119   0.00369   0.00239   0.02336   0.01312   0.00238   0.00116   0.00118   0.00471   0.00475   0.00237   0.00235   0.00237   0.00118   0.00117   0.00488   0.00118   0.00000   0.00000   0.00000   0.00118   5.64756   0.57395   1.48962   2.16938  -2.31493  -2.13821   0.03112   0.03076   0.44508  
160  0.1669   4063.680071  x:  0.00715   0.00118   0.00349   0.00865   0.00099   0.00473   0.00772   0.02198   0.00479   0.00119   0.00357   0.00000   0.00119   0.00369   0.00239   0.02336   0.01312   0.00238   0.00116   0.00118   0.00471   0.00475   0.00237   0.00235   0.00237   0.00118   0.00117   0.00488   0.00118   0.00000   0.00000   0.00000   0.00118   5.64689   0.57409   1.48940   2.17172  -2.57806  -2.28996   0.03124   0.03068   0.43188  
161  0.1480   4063.680070  x:  0.00715   0.00118   0.00349   0.00865   0.00099   0.00473   0.00772   0.02198   0.00479   0.00119   0.00357   0.00000   0.00119   0.00369   0.00239   0.02336   0.01312   0.00238   0.00116   0.00118   0.00471   0.00475   0.00237   0.00235   0.00237   0.00118   0.00117   0.00488   0.00118   0.00000   0.00000   0.00000   0.00118   5.64696   0.57407   1.48943   2.17159  -2.56652  -2.28347   0.03123   0.03069   0.43331  
162  0.0277   4063.680068  x:  0.00715   0.00118   0.00349   0.00865   0.00099   0.00473   0.00772   0.02198   0.00479   0.00119   0.00357   0.00000   0.00119   0.00369   0.00239   0.02336   0.01312   0.00238   0.00116   0.00118   0.00471   0.00475   0.00237   0.00235   0.00237   0.00118   0.00117   0.00488   0.00118   0.00000   0.00000   0.00000   0.00118   5.64733   0.57400   1.48959   2.17055  -2.68764  -2.35377   0.03126   0.03069   0.42762  
163  0.1239   4063.680067  x:  0.00715   0.00118   0.00349   0.00865   0.00099   0.00473   0.00772   0.02198   0.00479   0.00119   0.00357   0.00000   0.00119   0.00369   0.00239   0.02336   0.01312   0.00238   0.00116   0.00118   0.00471   0.00475   0.00237   0.00235   0.00237   0.00118   0.00117   0.00488   0.00118   0.00000   0.00000   0.00000   0.00118   5.64748   0.57397   1.48966   2.17011  -2.80885  -2.42396   0.03131   0.03066   0.42236  
164  0.2226   4063.680064  x:  0.00715   0.00118   0.00349   0.00865   0.00099   0.00474   0.00772   0.02198   0.00479   0.00119   0.00357   0.00000   0.00119   0.00369   0.00239   0.02336   0.01312   0.00238   0.00116   0.00118   0.00471   0.00475   0.00237   0.00235   0.00237   0.00118   0.00117   0.00488   0.00118   0.00000   0.00000   0.00000   0.00118   5.64755   0.57396   1.48969   2.16969  -3.03114  -2.55333   0.03138   0.03064   0.41487  
165  0.1047   4063.680058  x:  0.00715   0.00118   0.00349   0.00865   0.00099   0.00473   0.00772   0.02198   0.00479   0.00119   0.00357   0.00000   0.00119   0.00369   0.00239   0.02336   0.01312   0.00238   0.00116   0.00118   0.00471   0.00475   0.00237   0.00235   0.00237   0.00118   0.00117   0.00488   0.00118   0.00000   0.00000   0.00000   0.00118   5.64720   0.57403   1.48948   2.17052  -3.25279  -2.68345   0.03139   0.03068   0.40873  
166  0.1525   4063.680057  x:  0.00715   0.00118   0.00349   0.00865   0.00099   0.00473   0.00772   0.02198   0.00479   0.00119   0.00357   0.00000   0.00119   0.00369   0.00239   0.02336   0.01312   0.00238   0.00116   0.00118   0.00471   0.00475   0.00237   0.00235   0.00237   0.00118   0.00117   0.00488   0.00118   0.00000   0.00000   0.00000   0.00118   5.64716   0.57404   1.48947   2.17072  -3.37294  -2.75366   0.03141   0.03068   0.40510  
167  0.3656   4063.680053  x:  0.00715   0.00118   0.00349   0.00865   0.00099   0.00473   0.00772   0.02198   0.00479   0.00119   0.00357   0.00000   0.00119   0.00369   0.00239   0.02336   0.01312   0.00238   0.00116   0.00118   0.00471   0.00475   0.00237   0.00235   0.00237   0.00118   0.00117   0.00488   0.00118   0.00000   0.00000   0.00000   0.00118   5.64709   0.57404   1.48949   2.17123  -3.63084  -2.90483   0.03145   0.03066   0.39928  
168  0.7268   4063.680050  x:  0.00715   0.00118   0.00349   0.00865   0.00099   0.00473   0.00772   0.02198   0.00479   0.00119   0.00357   0.00000   0.00119   0.00369   0.00239   0.02336   0.01312   0.00238   0.00116   0.00118   0.00471   0.00475   0.00237   0.00235   0.00237   0.00118   0.00117   0.00488   0.00118   0.00000   0.00000   0.00000   0.00118   5.64726   0.57400   1.48959   2.17090  -3.74404  -2.97220   0.03143   0.03068   0.39855  
169  0.0823   4063.680047  x:  0.00715   0.00118   0.00349   0.00865   0.00099   0.00473   0.00772   0.02198   0.00479   0.00119   0.00357   0.00000   0.00119   0.00369   0.00239   0.02336   0.01312   0.00238   0.00116   0.00118   0.00471   0.00475   0.00237   0.00235   0.00237   0.00118   0.00117   0.00488   0.00118   0.00000   0.00000   0.00000   0.00118   5.64740   0.57398   1.48966   2.17053  -4.02789  -3.13954   0.03143   0.03073   0.39289  
170  0.7575   4063.680046  x:  0.00715   0.00118   0.00349   0.00865   0.00099   0.00473   0.00772   0.02198   0.00479   0.00119   0.00357   0.00000   0.00119   0.00369   0.00239   0.02336   0.01312   0.00238   0.00116   0.00118   0.00471   0.00475   0.00237   0.00235   0.00237   0.00118   0.00117   0.00488   0.00118   0.00000   0.00000   0.00000   0.00118   5.64740   0.57398   1.48966   2.17050  -4.14709  -3.20985   0.03143   0.03074   0.39080  
171  0.4033   4063.680043  x:  0.00715   0.00118   0.00349   0.00865   0.00099   0.00473   0.00772   0.02198   0.00479   0.00119   0.00357   0.00000   0.00119   0.00369   0.00239   0.02336   0.01312   0.00238   0.00116   0.00118   0.00471   0.00475   0.00237   0.00235   0.00237   0.00118   0.00117   0.00488   0.00118   0.00000   0.00000   0.00000   0.00118   5.64715   0.57406   1.48952   2.17057  -4.47721  -3.40529   0.03140   0.03076   0.38654  
172  0.1559   4063.680038  x:  0.00715   0.00118   0.00349   0.00865   0.00099   0.00473   0.00772   0.02198   0.00479   0.00119   0.00357   0.00000   0.00119   0.00369   0.00239   0.02336   0.01312   0.00238   0.00116   0.00118   0.00471   0.00475   0.00237   0.00235   0.00237   0.00118   0.00117   0.00488   0.00118   0.00000   0.00000   0.00000   0.00118   5.64694   0.57410   1.48938   2.17068  -4.71072  -3.54482   0.03133   0.03079   0.38566  
173  0.1700   4063.680036  x:  0.00715   0.00118   0.00349   0.00865   0.00099   0.00473   0.00772   0.02198   0.00479   0.00119   0.00357   0.00000   0.00119   0.00369   0.00239   0.02336   0.01312   0.00238   0.00116   0.00118   0.00471   0.00475   0.00237   0.00235   0.00237   0.00118   0.00117   0.00488   0.00118   0.00000   0.00000   0.00000   0.00118   5.64699   0.57408   1.48939   2.17065  -4.94767  -3.68561   0.03129   0.03082   0.38323  
174  0.7139   4063.680035  x:  0.00715   0.00118   0.00349   0.00865   0.00099   0.00473   0.00772   0.02198   0.00479   0.00119   0.00357   0.00000   0.00119   0.00369   0.00239   0.02336   0.01312   0.00238   0.00116   0.00118   0.00471   0.00475   0.00237   0.00235   0.00237   0.00118   0.00117   0.00488   0.00118   0.00000   0.00000   0.00000   0.00118   5.64712   0.57404   1.48947   2.17066  -5.18462  -3.82642   0.03125   0.03084   0.38106  
175  0.6741   4063.680032  x:  0.00715   0.00118   0.00349   0.00865   0.00099   0.00474   0.00772   0.02198   0.00479   0.00119   0.00357   0.00000   0.00119   0.00369   0.00239   0.02336   0.01312   0.00238   0.00117   0.00118   0.00471   0.00475   0.00237   0.00235   0.00237   0.00118   0.00117   0.00488   0.00118   0.00000   0.00000   0.00000   0.00118   5.64824   0.57374   1.49021   2.17055  -5.68994  -4.12782   0.03114   0.03087   0.37847  
176  0.1249   4063.680031  x:  0.00715   0.00118   0.00349   0.00865   0.00099   0.00474   0.00772   0.02198   0.00479   0.00119   0.00357   0.00000   0.00119   0.00369   0.00239   0.02336   0.01312   0.00238   0.00117   0.00118   0.00471   0.00475   0.00237   0.00235   0.00237   0.00118   0.00117   0.00488   0.00118   0.00000   0.00000   0.00000   0.00118   5.64767   0.57392   1.48990   2.17072  -5.82348  -4.20804   0.03108   0.03090   0.37846  
177  0.1198   4063.680030  x:  0.00715   0.00118   0.00349   0.00865   0.00099   0.00473   0.00772   0.02198   0.00479   0.00119   0.00357   0.00000   0.00119   0.00369   0.00239   0.02336   0.01312   0.00238   0.00116   0.00118   0.00471   0.00475   0.00237   0.00235   0.00237   0.00118   0.00117   0.00488   0.00118   0.00000   0.00000   0.00000   0.00118   5.64710   0.57407   1.48958   2.17088  -6.07243  -4.35651   0.03102   0.03091   0.37724  
178  0.2782   4063.680030  x:  0.00715   0.00118   0.00349   0.00865   0.00099   0.00473   0.00772   0.02198   0.00479   0.00119   0.00357   0.00000   0.00119   0.00369   0.00239   0.02336   0.01312   0.00238   0.00116   0.00118   0.00471   0.00475   0.00237   0.00235   0.00237   0.00118   0.00117   0.00488   0.00118   0.00000   0.00000   0.00000   0.00118   5.64691   0.57412   1.48945   2.17088  -6.14430  -4.39951   0.03100   0.03090   0.37721  
179  0.2010   4063.680029  x:  0.00715   0.00118   0.00349   0.00865   0.00099   0.00473   0.00772   0.02198   0.00479   0.00119   0.00357   0.00000   0.00119   0.00369   0.00239   0.02336   0.01312   0.00238   0.00116   0.00118   0.00471   0.00475   0.00237   0.00235   0.00237   0.00118   0.00117   0.00488   0.00118   0.00000   0.00000   0.00000   0.00118   5.64698   0.57408   1.48943   2.17071  -6.44646  -4.58003   0.03092   0.03092   0.37614  
180  0.4367   4063.680029  x:  0.00715   0.00118   0.00349   0.00865   0.00099   0.00473   0.00772   0.02198   0.00479   0.00119   0.00357   0.00000   0.00119   0.00369   0.00239   0.02336   0.01312   0.00238   0.00116   0.00118   0.00471   0.00475   0.00237   0.00235   0.00237   0.00118   0.00117   0.00488   0.00118   0.00000   0.00000   0.00000   0.00118   5.64725   0.57401   1.48955   2.17057  -6.74854  -4.76069   0.03084   0.03093   0.37538  
181  0.3888   4063.680029  x:  0.00715   0.00118   0.00349   0.00865   0.00099   0.00474   0.00772   0.02198   0.00479   0.00119   0.00357   0.00000   0.00119   0.00369   0.00239   0.02336   0.01312   0.00238   0.00117   0.00118   0.00471   0.00475   0.00237   0.00235   0.00237   0.00118   0.00117   0.00488   0.00118   0.00000   0.00000   0.00000   0.00118   5.64756   0.57393   1.48973   2.17054  -6.90920  -4.85697   0.03079   0.03094   0.37540  
182  0.1171   4063.680028  x:  0.00715   0.00118   0.00349   0.00865   0.00099   0.00473   0.00772   0.02198   0.00479   0.00119   0.00357   0.00000   0.00119   0.00369   0.00239   0.02336   0.01312   0.00238   0.00117   0.00118   0.00471   0.00475   0.00237   0.00235   0.00237   0.00118   0.00117   0.00488   0.00118   0.00000   0.00000   0.00000   0.00118   5.64742   0.57397   1.48969   2.17066  -7.13420  -4.99145   0.03072   0.03094   0.37483  
183  0.2562   4063.680028  x:  0.00715   0.00118   0.00349   0.00865   0.00099   0.00473   0.00772   0.02198   0.00479   0.00119   0.00357   0.00000   0.00119   0.00369   0.00239   0.02336   0.01312   0.00238   0.00116   0.00118   0.00471   0.00475   0.00237   0.00235   0.00237   0.00118   0.00117   0.00488   0.00118   0.00000   0.00000   0.00000   0.00118   5.64720   0.57403   1.48959   2.17075  -7.31026  -5.09673   0.03067   0.03095   0.37453  
184  0.1408   4063.680028  x:  0.00715   0.00118   0.00349   0.00865   0.00099   0.00473   0.00772   0.02198   0.00479   0.00119   0.00357   0.00000   0.00119   0.00369   0.00239   0.02336   0.01312   0.00238   0.00116   0.00118   0.00471   0.00475   0.00237   0.00235   0.00237   0.00118   0.00117   0.00488   0.00118   0.00000   0.00000   0.00000   0.00118   5.64726   0.57401   1.48960   2.17068  -7.46382  -5.18864   0.03063   0.03095   0.37444  
185  0.0683   4063.680028  x:  0.00715   0.00118   0.00349   0.00865   0.00099   0.00473   0.00772   0.02198   0.00479   0.00119   0.00357   0.00000   0.00119   0.00369   0.00239   0.02336   0.01312   0.00238   0.00116   0.00118   0.00471   0.00475   0.00237   0.00235   0.00237   0.00118   0.00117   0.00488   0.00118   0.00000   0.00000   0.00000   0.00118   5.64728   0.57401   1.48961   2.17067  -7.52616  -5.22592   0.03061   0.03095   0.37432  
186  0.1321   4063.680028  x:  0.00715   0.00118   0.00349   0.00865   0.00099   0.00473   0.00772   0.02198   0.00479   0.00119   0.00357   0.00000   0.00119   0.00369   0.00239   0.02336   0.01312   0.00238   0.00116   0.00118   0.00471   0.00475   0.00237   0.00235   0.00237   0.00118   0.00117   0.00488   0.00118   0.00000   0.00000   0.00000   0.00118   5.64728   0.57401   1.48961   2.17068  -7.53543  -5.23146   0.03061   0.03095   0.37431  
187  0.0488   4063.680028  x:  0.00715   0.00118   0.00349   0.00865   0.00099   0.00473   0.00772   0.02198   0.00479   0.00119   0.00357   0.00000   0.00119   0.00369   0.00239   0.02336   0.01312   0.00238   0.00116   0.00118   0.00471   0.00475   0.00237   0.00235   0.00237   0.00118   0.00117   0.00488   0.00118   0.00000   0.00000   0.00000   0.00118   5.64728   0.57401   1.48962   2.17069  -7.56822  -5.25103   0.03060   0.03095   0.37425  
188  0.0487   4063.680028  x:  0.00715   0.00118   0.00349   0.00865   0.00099   0.00473   0.00772   0.02198   0.00479   0.00119   0.00357   0.00000   0.00119   0.00369   0.00239   0.02336   0.01312   0.00238   0.00116   0.00118   0.00471   0.00475   0.00237   0.00235   0.00237   0.00118   0.00117   0.00488   0.00118   0.00000   0.00000   0.00000   0.00118   5.64729   0.57401   1.48962   2.17071  -7.66535  -5.30902   0.03058   0.03095   0.37412  
189  0.1778   4063.680028  x:  0.00715   0.00118   0.00349   0.00865   0.00099   0.00473   0.00772   0.02198   0.00479   0.00119   0.00357   0.00000   0.00119   0.00369   0.00239   0.02336   0.01312   0.00238   0.00116   0.00118   0.00471   0.00475   0.00237   0.00235   0.00237   0.00118   0.00117   0.00488   0.00118   0.00000   0.00000   0.00000   0.00118   5.64730   0.57402   1.48963   2.17075  -7.90904  -5.45433   0.03052   0.03095   0.37381  
190  0.0902   4063.680028  x:  0.00715   0.00118   0.00349   0.00865   0.00099   0.00473   0.00772   0.02198   0.00479   0.00119   0.00357   0.00000   0.00119   0.00369   0.00239   0.02336   0.01312   0.00238   0.00116   0.00118   0.00471   0.00475   0.00237   0.00235   0.00237   0.00118   0.00117   0.00488   0.00118   0.00000   0.00000   0.00000   0.00118   5.64728   0.57402   1.48962   2.17073  -8.24861  -5.65586   0.03049   0.03095   0.37368  
191  0.0494   4063.680028  x:  0.00715   0.00118   0.00349   0.00865   0.00099   0.00473   0.00772   0.02198   0.00479   0.00119   0.00357   0.00000   0.00119   0.00369   0.00239   0.02336   0.01312   0.00238   0.00116   0.00118   0.00471   0.00475   0.00237   0.00235   0.00237   0.00118   0.00117   0.00488   0.00118   0.00000   0.00000   0.00000   0.00118   5.64725   0.57402   1.48960   2.17070  -8.96058  -6.07939   0.03038   0.03095   0.37307  
192  1.3456   4063.680028  x:  0.00715   0.00118   0.00349   0.00865   0.00099   0.00473   0.00772   0.02198   0.00479   0.00119   0.00357   0.00000   0.00119   0.00369   0.00239   0.02336   0.01312   0.00238   0.00116   0.00118   0.00471   0.00475   0.00237   0.00235   0.00237   0.00118   0.00117   0.00488   0.00118   0.00000   0.00000   0.00000   0.00118   5.64722   0.57402   1.48959   2.17068  -9.67255  -6.50290   0.03027   0.03095   0.37247  
193 45.9350   4063.680027  x:  0.00715   0.00118   0.00349   0.00865   0.00099   0.00473   0.00772   0.02198   0.00479   0.00119   0.00357   0.00000   0.00119   0.00369   0.00239   0.02336   0.01312   0.00238   0.00116   0.00118   0.00471   0.00475   0.00237   0.00235   0.00237   0.00118   0.00117   0.00488   0.00118   0.00000   0.00000   0.00000   0.00118   5.64718   0.57400   1.48955   2.17054  -11.13974  -7.37268   0.03015   0.03094   0.37171  
194  0.9481   4063.680025  x:  0.00715   0.00118   0.00349   0.00865   0.00099   0.00473   0.00772   0.02198   0.00479   0.00119   0.00357   0.00000   0.00119   0.00369   0.00239   0.02336   0.01312   0.00238   0.00116   0.00118   0.00471   0.00475   0.00237   0.00235   0.00237   0.00118   0.00117   0.00488   0.00118   0.00000   0.00000   0.00000   0.00118   5.64718   0.57399   1.48955   2.17046  -10.34253  -6.89546   0.03039   0.03093   0.37282  
195  1.3442   4063.680024  x:  0.00715   0.00118   0.00349   0.00865   0.00099   0.00473   0.00772   0.02198   0.00479   0.00119   0.00357   0.00000   0.00119   0.00369   0.00239   0.02336   0.01312   0.00238   0.00116   0.00118   0.00471   0.00475   0.00237   0.00235   0.00237   0.00118   0.00117   0.00488   0.00118   0.00000   0.00000   0.00000   0.00118   5.64723   0.57399   1.48957   2.17052  -10.44187  -6.95061   0.03053   0.03093   0.37337  
196  0.1661   4063.680024  x:  0.00715   0.00118   0.00349   0.00865   0.00099   0.00473   0.00772   0.02198   0.00479   0.00119   0.00357   0.00000   0.00119   0.00369   0.00239   0.02336   0.01312   0.00238   0.00116   0.00118   0.00471   0.00475   0.00237   0.00235   0.00237   0.00118   0.00117   0.00488   0.00118   0.00000   0.00000   0.00000   0.00118   5.64728   0.57401   1.48961   2.17068  -10.77310  -7.14917   0.03042   0.03093   0.37284  
197  0.3569   4063.680024  x:  0.00715   0.00118   0.00349   0.00865   0.00099   0.00473   0.00772   0.02198   0.00479   0.00119   0.00357   0.00000   0.00119   0.00369   0.00239   0.02336   0.01312   0.00238   0.00116   0.00118   0.00471   0.00475   0.00237   0.00235   0.00237   0.00118   0.00117   0.00488   0.00118   0.00000   0.00000   0.00000   0.00118   5.64728   0.57401   1.48961   2.17068  -10.91608  -7.23436   0.03039   0.03093   0.37270  
198  0.3655   4063.680024  x:  0.00715   0.00118   0.00349   0.00865   0.00099   0.00473   0.00772   0.02198   0.00479   0.00119   0.00357   0.00000   0.00119   0.00369   0.00239   0.02336   0.01312   0.00238   0.00116   0.00118   0.00471   0.00475   0.00237   0.00235   0.00237   0.00118   0.00117   0.00488   0.00118   0.00000   0.00000   0.00000   0.00118   5.64727   0.57401   1.48961   2.17068  -11.13048  -7.36169   0.03036   0.03093   0.37254  
199  0.2948   4063.680024  x:  0.00715   0.00118   0.00349   0.00865   0.00099   0.00473   0.00772   0.02198   0.00479   0.00119   0.00357   0.00000   0.00119   0.00369   0.00239   0.02336   0.01312   0.00238   0.00116   0.00118   0.00471   0.00475   0.00237   0.00235   0.00237   0.00118   0.00117   0.00488   0.00118   0.00000   0.00000   0.00000   0.00118   5.64726   0.57401   1.48961   2.17068  -11.98892  -7.86964   0.03033   0.03093   0.37217  
200  0.2213   4063.680023  x:  0.00715   0.00118   0.00349   0.00865   0.00099   0.00473   0.00772   0.02198   0.00479   0.00119   0.00357   0.00000   0.00119   0.00369   0.00239   0.02336   0.01312   0.00238   0.00116   0.00118   0.00471   0.00475   0.00237   0.00235   0.00237   0.00118   0.00117   0.00488   0.00118   0.00000   0.00000   0.00000   0.00118   5.64727   0.57401   1.48961   2.17068  -11.53923  -7.60283   0.03038   0.03093   0.37247  
201  0.3627   4063.680023  x:  0.00715   0.00118   0.00349   0.00865   0.00099   0.00473   0.00772   0.02198   0.00479   0.00119   0.00357   0.00000   0.00119   0.00369   0.00239   0.02336   0.01312   0.00238   0.00116   0.00118   0.00471   0.00475   0.00237   0.00235   0.00237   0.00118   0.00117   0.00488   0.00118   0.00000   0.00000   0.00000   0.00118   5.64727   0.57401   1.48961   2.17066  -13.33010  -8.65765   0.03050   0.03092   0.37222  
202  0.2598   4063.680023  x:  0.00715   0.00118   0.00349   0.00865   0.00099   0.00473   0.00772   0.02198   0.00479   0.00119   0.00357   0.00000   0.00119   0.00369   0.00239   0.02336   0.01312   0.00238   0.00116   0.00118   0.00471   0.00475   0.00237   0.00235   0.00237   0.00118   0.00117   0.00488   0.00118   0.00000   0.00000   0.00000   0.00118   5.64727   0.57401   1.48961   2.17067  -13.09153  -8.51712   0.03048   0.03092   0.37228  
203  0.6922   4063.680022  x:  0.00715   0.00118   0.00349   0.00865   0.00099   0.00473   0.00772   0.02198   0.00479   0.00119   0.00357   0.00000   0.00119   0.00369   0.00239   0.02336   0.01312   0.00238   0.00116   0.00118   0.00471   0.00475   0.00237   0.00235   0.00237   0.00118   0.00117   0.00488   0.00118   0.00000   0.00000   0.00000   0.00118   5.64728   0.57401   1.48961   2.17068  -13.16815  -8.56199   0.03049   0.03092   0.37238  
204  0.0713   4063.680022  x:  0.00715   0.00118   0.00349   0.00865   0.00099   0.00473   0.00772   0.02198   0.00479   0.00119   0.00357   0.00000   0.00119   0.00369   0.00239   0.02336   0.01312   0.00238   0.00116   0.00118   0.00471   0.00475   0.00237   0.00235   0.00237   0.00118   0.00117   0.00488   0.00118   0.00000   0.00000   0.00000   0.00118   5.64726   0.57400   1.48961   2.17066  -14.46298  -9.32317   0.03064   0.03092   0.37235  
205  0.1877   4063.680022  x:  0.00715   0.00118   0.00349   0.00865   0.00099   0.00473   0.00772   0.02198   0.00479   0.00119   0.00357   0.00000   0.00119   0.00369   0.00239   0.02336   0.01312   0.00238   0.00116   0.00118   0.00471   0.00475   0.00237   0.00235   0.00237   0.00118   0.00117   0.00488   0.00118   0.00000   0.00000   0.00000   0.00118   5.64726   0.57400   1.48961   2.17066  -14.46298  -9.32317   0.03064   0.03092   0.37235  
206  0.6585   4063.680022  x:  0.00715   0.00118   0.00349   0.00865   0.00099   0.00473   0.00772   0.02198   0.00479   0.00119   0.00357   0.00000   0.00119   0.00369   0.00239   0.02336   0.01312   0.00238   0.00116   0.00118   0.00471   0.00475   0.00237   0.00235   0.00237   0.00118   0.00117   0.00488   0.00118   0.00000   0.00000   0.00000   0.00118   5.64727   0.57401   1.48961   2.17067  -14.46197  -9.32307   0.03062   0.03092   0.37233  