

TREE # 1

  0  0.0000  28153.652114  x:  0.01327   0.01933   0.00336   0.00783   0.01693   0.00830   0.00843   0.00577   0.01191   0.00284   0.00754   0.00337   0.00308   0.00410   0.00292   0.00544   0.00392   0.00444   0.00519   0.00809   0.00489   0.00922   0.00164   0.00564   0.00818   0.00258   0.00770   0.01148   0.00704   0.00566   0.00238   0.00244   0.00425   0.00551   0.00689   0.00164   0.00823   0.01955   0.01692   0.01425   0.00274   0.00960   0.00363   0.00641   0.00493   0.00898   0.01626   0.02042   0.01075   0.00918   0.01717   0.00000   0.00847   0.01963   0.01035   1.22492   0.89723   0.83482   1.00658   0.31106   0.25000   0.82805  
  1 99.0000  28153.600284  x:  0.01327   0.01933   0.00336   0.00783   0.01693   0.00830   0.00843   0.00577   0.01191   0.00284   0.00754   0.00337   0.00308   0.00410   0.00292   0.00544   0.00392   0.00443   0.00519   0.00809   0.00489   0.00922   0.00164   0.00564   0.00818   0.00258   0.00770   0.01148   0.00704   0.00566   0.00238   0.00244   0.00425   0.00551   0.00689   0.00164   0.00823   0.01955   0.01692   0.01425   0.00273   0.00960   0.00363   0.00641   0.00493   0.00898   0.01626   0.02042   0.01075   0.00918   0.01717   0.00000   0.00847   0.01963   0.01035   1.22492   0.89723   0.83482   1.00658   0.31106   0.25000   0.82805  
  2 14363.5791  28094.084755  x:  0.01276   0.01927   0.00404   0.00736   0.01662   0.00702   0.00790   0.00596   0.01145   0.00292   0.00779   0.00427   0.00104   0.00442   0.00285   0.00352   0.00400   0.00357   0.00457   0.00691   0.00488   0.00826   0.00142   0.00560   0.00695   0.00401   0.00782   0.01074   0.00501   0.00274   0.00470   0.00000   0.00431   0.00332   0.00478   0.00457   0.00736   0.01966   0.01687   0.01404   0.00323   0.00809   0.00374   0.00522   0.00523   0.00896   0.01579   0.02022   0.01033   0.00824   0.01672   0.00000   0.00583   0.01926   0.01003   1.22532   0.89724   0.83486   1.00656   0.31123   0.24924   0.82756  
  3 13474.3810  28075.838943  x:  0.01251   0.01925   0.00433   0.00714   0.01648   0.00642   0.00765   0.00604   0.01123   0.00292   0.00789   0.00465   0.00010   0.00454   0.00278   0.00262   0.00401   0.00315   0.00426   0.00635   0.00488   0.00780   0.00133   0.00557   0.00637   0.00461   0.00786   0.01039   0.00407   0.00138   0.00570   0.00018   0.00432   0.00230   0.00379   0.00583   0.00695   0.01971   0.01685   0.01394   0.00342   0.00738   0.00379   0.00466   0.00535   0.00895   0.01556   0.02013   0.01013   0.00780   0.01650   0.00000   0.00460   0.01909   0.00988   1.22551   0.89724   0.83489   1.00655   0.31132   0.24889   0.82732  
  4 75159.5406  28064.308592  x:  0.01231   0.01923   0.00452   0.00694   0.01636   0.00590   0.00742   0.00610   0.01103   0.00288   0.00797   0.00489   0.00064   0.00461   0.00268   0.00188   0.00398   0.00279   0.00398   0.00587   0.00488   0.00741   0.00133   0.00554   0.00587   0.00503   0.00790   0.01010   0.00328   0.00028   0.00643   0.00029   0.00429   0.00147   0.00296   0.00679   0.00660   0.01976   0.01683   0.01384   0.00353   0.00677   0.00381   0.00418   0.00541   0.00895   0.01537   0.02005   0.00995   0.00742   0.01629   0.00000   0.00352   0.01895   0.00974   1.22567   0.89724   0.83491   1.00654   0.31139   0.24857   0.82712  
  5 41745.1716  28055.749966  x:  0.01200   0.01920   0.00461   0.00668   0.01617   0.00517   0.00712   0.00614   0.01074   0.00279   0.00803   0.00501   0.00105   0.00463   0.00250   0.00118   0.00389   0.00237   0.00363   0.00521   0.00491   0.00687   0.00160   0.00548   0.00518   0.00548   0.00793   0.00970   0.00230   0.00162   0.00727   0.00040   0.00420   0.00069   0.00193   0.00805   0.00610   0.01983   0.01681   0.01369   0.00360   0.00591   0.00381   0.00359   0.00543   0.00894   0.01509   0.01992   0.00971   0.00689   0.01598   0.00000   0.00166   0.01873   0.00954   1.22597   0.89725   0.83494   1.00652   0.31152   0.24802   0.82676  
  6 12070.8695  28050.526964  x:  0.01180   0.01917   0.00452   0.00654   0.01605   0.00477   0.00695   0.00614   0.01053   0.00267   0.00803   0.00488   0.00113   0.00455   0.00234   0.00145   0.00379   0.00225   0.00346   0.00486   0.00495   0.00657   0.00172   0.00544   0.00481   0.00559   0.00792   0.00948   0.00209   0.00176   0.00759   0.00043   0.00410   0.00155   0.00182   0.00873   0.00580   0.01988   0.01681   0.01358   0.00353   0.00543   0.00378   0.00336   0.00536   0.00893   0.01490   0.01983   0.00957   0.00660   0.01574   0.00000   0.00026   0.01858   0.00940   1.22620   0.89726   0.83497   1.00650   0.31163   0.24758   0.82645  
  7 7221.9411  28046.819320  x:  0.01129   0.01910   0.00398   0.00631   0.01575   0.00404   0.00662   0.00608   0.01000   0.00235   0.00795   0.00410   0.00122   0.00423   0.00200   0.00239   0.00351   0.00249   0.00335   0.00431   0.00510   0.00599   0.00167   0.00534   0.00419   0.00561   0.00788   0.00901   0.00292   0.00189   0.00803   0.00046   0.00379   0.00138   0.00248   0.01055   0.00513   0.02002   0.01687   0.01330   0.00319   0.00455   0.00368   0.00335   0.00505   0.00889   0.01443   0.01957   0.00926   0.00602   0.01507   0.00000   0.00068   0.01814   0.00907   1.22705   0.89727   0.83507   1.00645   0.31200   0.24602   0.82537  
  8 2601.1561  28043.847509  x:  0.01097   0.01905   0.00348   0.00636   0.01557   0.00422   0.00658   0.00601   0.00968   0.00214   0.00789   0.00335   0.00120   0.00390   0.00197   0.00203   0.00330   0.00282   0.00366   0.00455   0.00516   0.00590   0.00165   0.00529   0.00445   0.00516   0.00782   0.00888   0.00329   0.00184   0.00777   0.00046   0.00358   0.00104   0.00283   0.01203   0.00495   0.02014   0.01699   0.01312   0.00275   0.00480   0.00371   0.00383   0.00477   0.00887   0.01413   0.01934   0.00916   0.00598   0.01450   0.00000   0.00017   0.01776   0.00892   1.22812   0.89730   0.83520   1.00639   0.31247   0.24407   0.82400  
  9 2597.3349  28040.621365  x:  0.01055   0.01899   0.00302   0.00642   0.01532   0.00451   0.00652   0.00594   0.00927   0.00187   0.00785   0.00265   0.00122   0.00350   0.00192   0.00119   0.00304   0.00297   0.00398   0.00484   0.00518   0.00575   0.00179   0.00522   0.00477   0.00442   0.00776   0.00870   0.00301   0.00187   0.00731   0.00047   0.00333   0.00158   0.00270   0.01432   0.00475   0.02033   0.01717   0.01288   0.00218   0.00517   0.00377   0.00422   0.00447   0.00885   0.01372   0.01903   0.00902   0.00597   0.01366   0.00000   0.00056   0.01722   0.00874   1.22984   0.89733   0.83541   1.00628   0.31324   0.24091   0.82179  
 10 8651.7707  28032.878540  x:  0.01003   0.01892   0.00311   0.00659   0.01493   0.00528   0.00656   0.00580   0.00881   0.00151   0.00782   0.00319   0.00124   0.00307   0.00173   0.00259   0.00285   0.00263   0.00426   0.00537   0.00504   0.00571   0.00156   0.00503   0.00538   0.00198   0.00768   0.00864   0.00211   0.00189   0.00503   0.00049   0.00302   0.00136   0.00187   0.01897   0.00487   0.02072   0.01758   0.01256   0.00145   0.00601   0.00378   0.00431   0.00418   0.00892   0.01309   0.01847   0.00894   0.00627   0.01206   0.00000   0.00068   0.01621   0.00862   1.23442   0.89743   0.83596   1.00600   0.31528   0.23251   0.81589  
 11 6807.7235  28025.028331  x:  0.01005   0.01895   0.00353   0.00658   0.01477   0.00541   0.00656   0.00573   0.00894   0.00161   0.00780   0.00367   0.00126   0.00330   0.00146   0.00207   0.00284   0.00211   0.00383   0.00525   0.00491   0.00577   0.00186   0.00491   0.00529   0.00079   0.00767   0.00876   0.00283   0.00193   0.00220   0.00049   0.00303   0.00142   0.00244   0.02215   0.00512   0.02099   0.01781   0.01253   0.00219   0.00600   0.00365   0.00367   0.00433   0.00907   0.01296   0.01828   0.00902   0.00642   0.01135   0.00000   0.00061   0.01577   0.00870   1.23904   0.89752   0.83651   1.00572   0.31735   0.22397   0.80994  
 12 8645.2375  28021.601043  x:  0.01013   0.01898   0.00353   0.00656   0.01475   0.00550   0.00658   0.00567   0.00904   0.00152   0.00774   0.00367   0.00127   0.00327   0.00134   0.00206   0.00276   0.00200   0.00361   0.00524   0.00488   0.00585   0.00175   0.00484   0.00530   0.00138   0.00766   0.00883   0.00286   0.00195   0.00099   0.00050   0.00294   0.00143   0.00249   0.02310   0.00526   0.02110   0.01790   0.01251   0.00211   0.00606   0.00362   0.00348   0.00431   0.00914   0.01297   0.01825   0.00908   0.00651   0.01115   0.00000   0.00061   0.01566   0.00874   1.24127   0.89757   0.83678   1.00558   0.31835   0.21984   0.80706  
 13 15531.5376  27981.084683  x:  0.01210   0.01955   0.00301   0.00613   0.01513   0.00630   0.00685   0.00499   0.01096   0.00064   0.00690   0.00292   0.00139   0.00282   0.00067   0.00192   0.00192   0.00150   0.00070   0.00498   0.00478   0.00743   0.00074   0.00426   0.00511   0.00125   0.00754   0.00999   0.00311   0.00215   0.00147   0.00054   0.00207   0.00148   0.00323   0.02668   0.00721   0.02198   0.01842   0.01281   0.00053   0.00662   0.00341   0.00182   0.00407   0.00999   0.01433   0.01883   0.01001   0.00759   0.01117   0.00000   0.00056   0.01605   0.00956   1.26582   0.89808   0.83971   1.00408   0.32940   0.17405   0.77538  
 14 13748.6417  27908.459089  x:  0.01526   0.02060   0.00146   0.00494   0.01573   0.00678   0.00682   0.00381   0.01380   0.00145   0.00532   0.00111   0.00132   0.00143   0.00071   0.00276   0.00049   0.00089   0.00138   0.00398   0.00484   0.00959   0.00285   0.00324   0.00406   0.00110   0.00729   0.01145   0.00248   0.00195   0.00145   0.00054   0.00047   0.00109   0.00332   0.03097   0.00989   0.02363   0.01918   0.01316   0.00014   0.00668   0.00318   0.00052   0.00309   0.01152   0.01657   0.01996   0.01126   0.00871   0.01107   0.00000   0.00061   0.01685   0.01064   1.31371   0.89906   0.84544   1.00114   0.35099   0.08453   0.71358  
 15 145650.6496  27869.044350  x:  0.01682   0.02117   0.00057   0.00424   0.01600   0.00693   0.00671   0.00319   0.01512   0.00126   0.00450   0.00024   0.00131   0.00066   0.00045   0.00314   0.00048   0.00073   0.00121   0.00343   0.00491   0.01058   0.00342   0.00271   0.00347   0.00094   0.00714   0.01209   0.00198   0.00189   0.00134   0.00055   0.00057   0.00096   0.00320   0.03299   0.01116   0.02455   0.01959   0.01324   0.00070   0.00664   0.00309   0.00109   0.00244   0.01233   0.01767   0.02052   0.01183   0.00917   0.01085   0.00000   0.00065   0.01722   0.01111   1.34008   0.89960   0.84858   0.99952   0.36288   0.03520   0.67956  
 16 792487.6487  27843.832476  x:  0.01777   0.02154   0.00000   0.00377   0.01614   0.00697   0.00658   0.00279   0.01588   0.00103   0.00395   0.00056   0.00131   0.00029   0.00033   0.00316   0.00053   0.00086   0.00127   0.00309   0.00502   0.01115   0.00385   0.00238   0.00309   0.00087   0.00702   0.01242   0.00186   0.00188   0.00128   0.00056   0.00060   0.00094   0.00331   0.03417   0.01187   0.02519   0.01986   0.01323   0.00051   0.00658   0.00306   0.00153   0.00189   0.01286   0.01832   0.02087   0.01214   0.00937   0.01060   0.00000   0.00066   0.01742   0.01134   1.35805   0.89997   0.85073   0.99842   0.37098   0.00158   0.65637  
 17 1242960.2037  27841.769951  x:  0.01781   0.02155   0.00001   0.00374   0.01614   0.00697   0.00657   0.00277   0.01591   0.00102   0.00392   0.00057   0.00131   0.00028   0.00033   0.00316   0.00053   0.00087   0.00127   0.00307   0.00502   0.01117   0.00387   0.00237   0.00307   0.00087   0.00701   0.01244   0.00185   0.00188   0.00128   0.00056   0.00060   0.00094   0.00331   0.03423   0.01191   0.02522   0.01987   0.01323   0.00050   0.00657   0.00306   0.00156   0.00187   0.01289   0.01835   0.02089   0.01215   0.00938   0.01059   0.00000   0.00066   0.01742   0.01135   1.35889   0.89998   0.85083   0.99837   0.37136   0.00000   0.65529  
 18 3192391.6586  27841.250985  x:  0.01806   0.02165   0.00001   0.00362   0.01617   0.00698   0.00653   0.00267   0.01609   0.00093   0.00378   0.00056   0.00132   0.00035   0.00032   0.00317   0.00054   0.00092   0.00130   0.00299   0.00506   0.01132   0.00397   0.00228   0.00298   0.00085   0.00698   0.01252   0.00182   0.00188   0.00125   0.00056   0.00060   0.00093   0.00334   0.03452   0.01208   0.02540   0.01995   0.01322   0.00041   0.00656   0.00305   0.00168   0.00171   0.01303   0.01852   0.02098   0.01223   0.00942   0.01051   0.00000   0.00067   0.01747   0.01140   1.36388   0.90009   0.85143   0.99806   0.37361   0.00000   0.64886  
 19 473451.0317  27841.080752  x:  0.01809   0.02167   0.00000   0.00360   0.01618   0.00698   0.00652   0.00266   0.01611   0.00092   0.00377   0.00056   0.00132   0.00034   0.00034   0.00317   0.00054   0.00092   0.00130   0.00298   0.00507   0.01134   0.00398   0.00228   0.00298   0.00084   0.00697   0.01252   0.00182   0.00188   0.00125   0.00056   0.00061   0.00093   0.00334   0.03456   0.01211   0.02543   0.01996   0.01321   0.00040   0.00656   0.00305   0.00169   0.00171   0.01305   0.01854   0.02099   0.01224   0.00943   0.01048   0.00000   0.00067   0.01747   0.01141   1.36472   0.90010   0.85153   0.99801   0.37399   0.00000   0.64777  
 20 63241.1719  27841.080752  x:  0.01809   0.02167   0.00000   0.00360   0.01618   0.00698   0.00652   0.00266   0.01611   0.00092   0.00377   0.00056   0.00132   0.00034   0.00034   0.00317   0.00054   0.00092   0.00130   0.00298   0.00507   0.01134   0.00398   0.00228   0.00298   0.00084   0.00697   0.01252   0.00182   0.00188   0.00125   0.00056   0.00061   0.00093   0.00334   0.03456   0.01211   0.02543   0.01996   0.01321   0.00040   0.00656   0.00305   0.00169   0.00171   0.01305   0.01854   0.02099   0.01224   0.00943   0.01048   0.00000   0.00067   0.01747   0.01141   1.36472   0.90010   0.85153   0.99801   0.37399   0.00000   0.64777  
 21 172143.1873  27777.788337  x:  0.01799   0.02168   0.00788   0.00377   0.01617   0.00683   0.00650   0.00301   0.01595   0.00108   0.00415   0.00209   0.00107   0.00275   0.00106   0.00296   0.00160   0.00117   0.00150   0.00311   0.00509   0.01115   0.00376   0.00265   0.00310   0.00104   0.00703   0.01239   0.00189   0.00166   0.00135   0.00036   0.00164   0.00100   0.00319   0.03421   0.01191   0.02540   0.01990   0.01320   0.00096   0.00643   0.00315   0.00192   0.00219   0.01298   0.01845   0.02098   0.01213   0.00927   0.01055   0.00000   0.00056   0.01749   0.01135   1.36475   0.90010   0.85153   0.99801   0.37402   0.00000   0.64773  
 22 90927.5843  27749.360871  x:  0.01751   0.02159   0.00752   0.00417   0.01611   0.00633   0.00642   0.00395   0.01540   0.00135   0.00515   0.00268   0.00037   0.00287   0.00098   0.00228   0.00207   0.00159   0.00194   0.00348   0.00515   0.01052   0.00305   0.00358   0.00344   0.00136   0.00722   0.01194   0.00207   0.00098   0.00158   0.00000   0.00220   0.00116   0.00271   0.03303   0.01127   0.02527   0.01971   0.01316   0.00127   0.00602   0.00345   0.00247   0.00322   0.01273   0.01814   0.02095   0.01178   0.00874   0.01076   0.00000   0.00029   0.01756   0.01105   1.36484   0.90010   0.85153   0.99800   0.37410   0.00000   0.64758  
 23 11230.8761  27740.828120  x:  0.01729   0.02154   0.00737   0.00435   0.01609   0.00611   0.00638   0.00438   0.01515   0.00148   0.00560   0.00294   0.00006   0.00292   0.00094   0.00197   0.00228   0.00177   0.00214   0.00364   0.00519   0.01023   0.00273   0.00400   0.00360   0.00150   0.00730   0.01173   0.00216   0.00067   0.00169   0.00010   0.00245   0.00123   0.00250   0.03249   0.01097   0.02521   0.01963   0.01314   0.00141   0.00583   0.00358   0.00272   0.00368   0.01262   0.01800   0.02094   0.01162   0.00850   0.01086   0.00000   0.00017   0.01759   0.01092   1.36488   0.90010   0.85154   0.99800   0.37413   0.00000   0.64751  
 24 436709.5852  27728.241951  x:  0.01684   0.02145   0.00708   0.00471   0.01603   0.00565   0.00631   0.00518   0.01463   0.00167   0.00648   0.00343   0.00066   0.00303   0.00090   0.00137   0.00266   0.00209   0.00249   0.00395   0.00525   0.00963   0.00209   0.00479   0.00389   0.00174   0.00747   0.01131   0.00231   0.00015   0.00187   0.00022   0.00290   0.00135   0.00207   0.03136   0.01036   0.02509   0.01945   0.01310   0.00165   0.00545   0.00384   0.00316   0.00452   0.01239   0.01772   0.02092   0.01128   0.00800   0.01106   0.00000   0.00010   0.01765   0.01064   1.36496   0.90010   0.85154   0.99800   0.37421   0.00000   0.64737  
 25 69467.2527  27716.195676  x:  0.01613   0.02132   0.00673   0.00520   0.01595   0.00495   0.00618   0.00622   0.01381   0.00182   0.00764   0.00403   0.00111   0.00320   0.00089   0.00063   0.00309   0.00239   0.00288   0.00434   0.00533   0.00870   0.00121   0.00576   0.00426   0.00193   0.00771   0.01066   0.00247   0.00127   0.00207   0.00034   0.00341   0.00147   0.00149   0.02956   0.00940   0.02491   0.01917   0.01303   0.00189   0.00489   0.00416   0.00367   0.00554   0.01203   0.01727   0.02088   0.01078   0.00725   0.01136   0.00000   0.00079   0.01775   0.01021   1.36509   0.90010   0.85155   0.99799   0.37433   0.00000   0.64714  
 26 40141.8564  27676.956031  x:  0.01317   0.02080   0.00647   0.00631   0.01567   0.00249   0.00561   0.00795   0.01043   0.00055   0.00990   0.00438   0.00129   0.00381   0.00158   0.00441   0.00309   0.00140   0.00257   0.00471   0.00554   0.00490   0.00129   0.00691   0.00457   0.00069   0.00834   0.00814   0.00216   0.00169   0.00144   0.00039   0.00327   0.00123   0.00131   0.02137   0.00539   0.02412   0.01809   0.01276   0.00126   0.00316   0.00445   0.00349   0.00631   0.01058   0.01546   0.02072   0.00882   0.00443   0.01244   0.00000   0.00079   0.01812   0.00854   1.36570   0.90010   0.85159   0.99796   0.37488   0.00000   0.64611  
 27 11718.1152  27650.142863  x:  0.01064   0.02038   0.00679   0.00664   0.01548   0.00216   0.00524   0.00818   0.00780   0.00177   0.01067   0.00377   0.00128   0.00397   0.00083   0.00393   0.00232   0.00127   0.00231   0.00438   0.00554   0.00254   0.00214   0.00654   0.00424   0.00271   0.00857   0.00647   0.00194   0.00172   0.00141   0.00038   0.00244   0.00134   0.00243   0.01299   0.00232   0.02340   0.01729   0.01261   0.00099   0.00323   0.00420   0.00263   0.00554   0.00946   0.01402   0.02054   0.00751   0.00324   0.01317   0.00000   0.00063   0.01836   0.00733   1.36633   0.90010   0.85163   0.99794   0.37544   0.00000   0.64503  
 28 13219.2273  27615.268035  x:  0.00791   0.01989   0.00706   0.00679   0.01527   0.00289   0.00500   0.00806   0.00528   0.00071   0.01115   0.00298   0.00108   0.00387   0.00136   0.00228   0.00178   0.00188   0.00247   0.00389   0.00552   0.00278   0.00167   0.00580   0.00371   0.00168   0.00864   0.00531   0.00205   0.00140   0.00150   0.00033   0.00190   0.00099   0.00210   0.00160   0.00102   0.02251   0.01655   0.01247   0.00146   0.00367   0.00389   0.00216   0.00440   0.00836   0.01245   0.02030   0.00648   0.00352   0.01385   0.00000   0.00050   0.01859   0.00627   1.36719   0.90010   0.85168   0.99790   0.37620   0.00000   0.64355  
 29 14871.6258  27612.716634  x:  0.00773   0.01985   0.00707   0.00680   0.01524   0.00285   0.00499   0.00806   0.00520   0.00078   0.01119   0.00296   0.00107   0.00386   0.00129   0.00224   0.00181   0.00181   0.00247   0.00387   0.00552   0.00274   0.00169   0.00576   0.00370   0.00162   0.00865   0.00528   0.00204   0.00138   0.00148   0.00033   0.00193   0.00104   0.00209   0.00059   0.00132   0.02243   0.01650   0.01245   0.00141   0.00366   0.00388   0.00219   0.00435   0.00828   0.01233   0.02028   0.00643   0.00350   0.01391   0.00000   0.00051   0.01861   0.00621   1.36727   0.90010   0.85169   0.99789   0.37628   0.00000   0.64340  
 30 15020.3648  27612.211215  x:  0.00748   0.01974   0.00709   0.00679   0.01518   0.00275   0.00500   0.00798   0.00534   0.00083   0.01123   0.00297   0.00106   0.00381   0.00108   0.00215   0.00195   0.00160   0.00247   0.00385   0.00550   0.00287   0.00172   0.00561   0.00371   0.00149   0.00864   0.00542   0.00202   0.00135   0.00145   0.00032   0.00207   0.00112   0.00204   0.00052   0.00114   0.02221   0.01636   0.01241   0.00126   0.00361   0.00388   0.00233   0.00424   0.00816   0.01207   0.02022   0.00644   0.00357   0.01400   0.00000   0.00053   0.01865   0.00617   1.36753   0.90010   0.85171   0.99788   0.37651   0.00000   0.64294  
 31 1106.6956  27611.340025  x:  0.00681   0.01947   0.00712   0.00679   0.01502   0.00263   0.00499   0.00785   0.00538   0.00072   0.01139   0.00298   0.00103   0.00371   0.00109   0.00194   0.00199   0.00149   0.00246   0.00382   0.00548   0.00285   0.00172   0.00533   0.00373   0.00151   0.00864   0.00553   0.00201   0.00132   0.00147   0.00031   0.00211   0.00104   0.00198   0.00073   0.00140   0.02160   0.01601   0.01231   0.00121   0.00353   0.00388   0.00238   0.00405   0.00784   0.01138   0.02006   0.00638   0.00358   0.01426   0.00000   0.00050   0.01876   0.00602   1.36826   0.90009   0.85176   0.99785   0.37716   0.00000   0.64165  
 32 2288.2782  27610.115610  x:  0.00670   0.01906   0.00711   0.00676   0.01479   0.00270   0.00504   0.00764   0.00582   0.00109   0.01155   0.00309   0.00105   0.00359   0.00142   0.00221   0.00192   0.00183   0.00247   0.00387   0.00546   0.00291   0.00164   0.00508   0.00382   0.00151   0.00862   0.00578   0.00204   0.00133   0.00148   0.00032   0.00203   0.00118   0.00198   0.00070   0.00137   0.02057   0.01552   0.01220   0.00147   0.00347   0.00394   0.00230   0.00411   0.00764   0.01064   0.01978   0.00653   0.00358   0.01458   0.00000   0.00056   0.01892   0.00609   1.36970   0.90009   0.85185   0.99778   0.37844   0.00000   0.63910  
 33 2589.8924  27607.814811  x:  0.00727   0.01849   0.00713   0.00670   0.01447   0.00294   0.00513   0.00738   0.00615   0.00052   0.01172   0.00322   0.00107   0.00355   0.00109   0.00233   0.00186   0.00192   0.00246   0.00400   0.00543   0.00282   0.00166   0.00504   0.00392   0.00182   0.00858   0.00590   0.00207   0.00139   0.00151   0.00032   0.00199   0.00103   0.00205   0.00056   0.00133   0.01897   0.01489   0.01205   0.00152   0.00356   0.00403   0.00223   0.00444   0.00763   0.01000   0.01938   0.00682   0.00355   0.01498   0.00000   0.00049   0.01914   0.00633   1.37237   0.90009   0.85203   0.99765   0.38080   0.00000   0.63440  
 34 5318.6697  27603.775707  x:  0.00830   0.01764   0.00717   0.00659   0.01405   0.00325   0.00519   0.00711   0.00546   0.00102   0.01189   0.00300   0.00105   0.00366   0.00105   0.00209   0.00180   0.00146   0.00251   0.00400   0.00542   0.00276   0.00166   0.00527   0.00376   0.00130   0.00856   0.00539   0.00202   0.00138   0.00145   0.00032   0.00194   0.00065   0.00196   0.00068   0.00143   0.01631   0.01407   0.01187   0.00119   0.00383   0.00396   0.00219   0.00472   0.00787   0.00975   0.01873   0.00694   0.00358   0.01551   0.00000   0.00040   0.01949   0.00656   1.37785   0.90008   0.85240   0.99740   0.38567   0.00000   0.62469  
 35 9430.4140  27601.029267  x:  0.00878   0.01713   0.00716   0.00648   0.01383   0.00319   0.00518   0.00697   0.00489   0.00089   0.01192   0.00278   0.00103   0.00375   0.00123   0.00192   0.00186   0.00131   0.00248   0.00391   0.00542   0.00283   0.00173   0.00546   0.00361   0.00120   0.00853   0.00506   0.00197   0.00129   0.00143   0.00031   0.00197   0.00163   0.00204   0.00079   0.00151   0.01460   0.01367   0.01179   0.00109   0.00389   0.00384   0.00224   0.00469   0.00809   0.00995   0.01833   0.00687   0.00360   0.01579   0.00000   0.00057   0.01971   0.00659   1.38247   0.90007   0.85271   0.99718   0.38977   0.00000   0.61650  
 36 20496.6094  27588.557056  x:  0.00872   0.01627   0.00700   0.00608   0.01362   0.00166   0.00493   0.00691   0.00467   0.00084   0.01151   0.00248   0.00104   0.00394   0.00142   0.00216   0.00243   0.00206   0.00222   0.00339   0.00544   0.00339   0.00189   0.00588   0.00332   0.00205   0.00840   0.00518   0.00192   0.00129   0.00130   0.00032   0.00245   0.00108   0.00166   0.00067   0.00147   0.01115   0.01358   0.01181   0.00160   0.00321   0.00338   0.00276   0.00358   0.00882   0.01210   0.01749   0.00619   0.00364   0.01603   0.00000   0.00062   0.02015   0.00617   1.39995   0.90004   0.85388   0.99636   0.40526   0.00000   0.58549  
 37 17484.8454  27554.041543  x:  0.00610   0.01513   0.00691   0.00591   0.01372   0.00386   0.00458   0.00764   0.00607   0.00080   0.01085   0.00369   0.00105   0.00414   0.00100   0.00237   0.00199   0.00161   0.00244   0.00337   0.00552   0.00206   0.00084   0.00656   0.00369   0.00142   0.00816   0.00606   0.00229   0.00145   0.00226   0.00031   0.00205   0.00113   0.00222   0.00060   0.00133   0.00737   0.01428   0.01197   0.00145   0.00245   0.00371   0.00234   0.00260   0.00937   0.01633   0.01608   0.00486   0.00316   0.01618   0.00000   0.00019   0.02088   0.00489   1.44945   0.89995   0.85720   0.99404   0.44911   0.00000   0.49766  
 38 44410.1172  27509.021407  x:  0.00328   0.01381   0.00689   0.00621   0.01357   0.00468   0.00444   0.00868   0.00664   0.00052   0.01076   0.00464   0.00086   0.00404   0.00131   0.00220   0.00121   0.00150   0.00297   0.00399   0.00550   0.00236   0.00372   0.00696   0.00425   0.00112   0.00803   0.00619   0.00214   0.00034   0.00178   0.00031   0.00149   0.00042   0.00218   0.00051   0.00125   0.00635   0.01457   0.01191   0.00106   0.00353   0.00452   0.00169   0.00416   0.00893   0.01916   0.01449   0.00484   0.00292   0.01662   0.00000   0.00302   0.02183   0.00424   1.52311   0.89981   0.86213   0.99060   0.51436   0.00000   0.36692  
 39 140397.9781  27426.345894  x:  0.00329   0.01251   0.00699   0.00677   0.01303   0.00435   0.00440   0.00929   0.00556   0.00066   0.01107   0.00443   0.00114   0.00338   0.00124   0.00252   0.00183   0.00170   0.00270   0.00411   0.00527   0.00238   0.00387   0.00579   0.00425   0.00131   0.00787   0.00548   0.00174   0.00150   0.00095   0.00034   0.00158   0.00095   0.00163   0.00050   0.00114   0.00907   0.01401   0.01152   0.00138   0.00411   0.00477   0.00182   0.00449   0.00677   0.01920   0.01294   0.00542   0.00342   0.01759   0.00000   0.00066   0.02298   0.00419   1.62895   0.89960   0.86920   0.98565   0.60807   0.00000   0.17907  
 40 219392.7343  27417.594498  x:  0.00404   0.01301   0.00709   0.00677   0.01306   0.00365   0.00441   0.00919   0.00564   0.00059   0.01115   0.00413   0.00097   0.00344   0.00142   0.00226   0.00118   0.00145   0.00256   0.00394   0.00525   0.00230   0.00310   0.00552   0.00410   0.00117   0.00790   0.00554   0.00206   0.00095   0.00223   0.00031   0.00168   0.00067   0.00219   0.00043   0.00107   0.00941   0.01401   0.01146   0.00107   0.00348   0.00450   0.00189   0.00410   0.00675   0.01838   0.01339   0.00526   0.00293   0.01752   0.00000   0.00155   0.02288   0.00439   1.64277   0.89957   0.87012   0.98501   0.62026   0.00000   0.15477  
 41 54816.3193  27414.654963  x:  0.00404   0.01369   0.00709   0.00668   0.01319   0.00363   0.00445   0.00903   0.00566   0.00056   0.01114   0.00389   0.00087   0.00364   0.00116   0.00222   0.00157   0.00145   0.00258   0.00386   0.00528   0.00215   0.00234   0.00562   0.00398   0.00120   0.00797   0.00548   0.00201   0.00061   0.00155   0.00030   0.00134   0.00058   0.00231   0.00046   0.00108   0.00924   0.01414   0.01149   0.00112   0.00326   0.00430   0.00157   0.00398   0.00722   0.01764   0.01404   0.00514   0.00282   0.01725   0.00000   0.00216   0.02257   0.00454   1.64711   0.89955   0.87039   0.98482   0.62403   0.00000   0.14745  
 42 13837.3767  27413.528940  x:  0.00387   0.01418   0.00708   0.00660   0.01333   0.00375   0.00445   0.00891   0.00562   0.00057   0.01112   0.00378   0.00088   0.00378   0.00110   0.00237   0.00120   0.00147   0.00263   0.00385   0.00531   0.00218   0.00218   0.00581   0.00393   0.00132   0.00803   0.00539   0.00195   0.00061   0.00127   0.00030   0.00165   0.00060   0.00228   0.00047   0.00110   0.00900   0.01427   0.01154   0.00110   0.00334   0.00422   0.00180   0.00403   0.00760   0.01712   0.01454   0.00507   0.00288   0.01697   0.00000   0.00218   0.02227   0.00454   1.64893   0.89954   0.87050   0.98474   0.62558   0.00000   0.14465  
 43 7221.7611  27412.744139  x:  0.00372   0.01466   0.00702   0.00650   0.01349   0.00381   0.00444   0.00880   0.00558   0.00059   0.01110   0.00373   0.00092   0.00389   0.00117   0.00249   0.00143   0.00147   0.00267   0.00387   0.00534   0.00226   0.00242   0.00608   0.00392   0.00138   0.00810   0.00535   0.00193   0.00074   0.00160   0.00031   0.00160   0.00063   0.00218   0.00046   0.00109   0.00869   0.01445   0.01161   0.00107   0.00349   0.00419   0.00184   0.00412   0.00797   0.01656   0.01506   0.00504   0.00296   0.01660   0.00000   0.00200   0.02187   0.00445   1.65040   0.89953   0.87058   0.98468   0.62677   0.00000   0.14270  
 44 4537.1187  27412.476625  x:  0.00381   0.01475   0.00702   0.00645   0.01357   0.00370   0.00439   0.00878   0.00560   0.00059   0.01108   0.00384   0.00093   0.00388   0.00118   0.00232   0.00132   0.00147   0.00262   0.00387   0.00534   0.00219   0.00264   0.00622   0.00396   0.00125   0.00810   0.00546   0.00199   0.00079   0.00152   0.00031   0.00154   0.00068   0.00208   0.00046   0.00108   0.00856   0.01456   0.01165   0.00115   0.00343   0.00423   0.00173   0.00408   0.00798   0.01635   0.01521   0.00503   0.00292   0.01632   0.00000   0.00185   0.02158   0.00435   1.65105   0.89952   0.87061   0.98467   0.62726   0.00000   0.14220  
 45 1424.9320  27412.246164  x:  0.00388   0.01461   0.00700   0.00643   0.01364   0.00374   0.00436   0.00877   0.00555   0.00057   0.01104   0.00398   0.00093   0.00380   0.00133   0.00226   0.00140   0.00151   0.00258   0.00387   0.00533   0.00222   0.00268   0.00633   0.00401   0.00127   0.00806   0.00546   0.00195   0.00081   0.00141   0.00031   0.00156   0.00063   0.00224   0.00044   0.00106   0.00847   0.01465   0.01169   0.00101   0.00337   0.00432   0.00181   0.00399   0.00783   0.01620   0.01520   0.00504   0.00286   0.01592   0.00000   0.00183   0.02112   0.00437   1.65191   0.89949   0.87063   0.98465   0.62783   0.00000   0.14201  
 46 916.3752  27411.877716  x:  0.00384   0.01426   0.00701   0.00642   0.01373   0.00373   0.00434   0.00877   0.00539   0.00060   0.01097   0.00408   0.00093   0.00372   0.00116   0.00239   0.00138   0.00147   0.00257   0.00386   0.00531   0.00229   0.00260   0.00648   0.00402   0.00127   0.00798   0.00533   0.00190   0.00078   0.00149   0.00031   0.00159   0.00063   0.00229   0.00046   0.00108   0.00838   0.01473   0.01176   0.00121   0.00334   0.00439   0.00176   0.00392   0.00758   0.01602   0.01506   0.00506   0.00294   0.01525   0.00000   0.00193   0.02030   0.00449   1.65355   0.89945   0.87066   0.98463   0.62888   0.00000   0.14193  
 47 1810.1359  27411.560104  x:  0.00381   0.01399   0.00704   0.00643   0.01373   0.00366   0.00439   0.00875   0.00545   0.00060   0.01092   0.00397   0.00092   0.00375   0.00117   0.00244   0.00134   0.00150   0.00262   0.00384   0.00531   0.00214   0.00248   0.00648   0.00394   0.00134   0.00792   0.00533   0.00202   0.00074   0.00152   0.00031   0.00150   0.00066   0.00203   0.00045   0.00106   0.00839   0.01469   0.01177   0.00103   0.00345   0.00431   0.00180   0.00397   0.00754   0.01596   0.01489   0.00506   0.00299   0.01483   0.00000   0.00198   0.01968   0.00449   1.65518   0.89940   0.87069   0.98461   0.62990   0.00000   0.14207  
 48 1778.0875  27411.049319  x:  0.00380   0.01380   0.00701   0.00649   0.01365   0.00367   0.00444   0.00875   0.00561   0.00058   0.01094   0.00365   0.00092   0.00389   0.00125   0.00238   0.00141   0.00141   0.00271   0.00384   0.00533   0.00217   0.00245   0.00635   0.00384   0.00132   0.00793   0.00538   0.00197   0.00076   0.00151   0.00031   0.00169   0.00065   0.00209   0.00044   0.00106   0.00849   0.01448   0.01173   0.00111   0.00352   0.00412   0.00168   0.00417   0.00773   0.01594   0.01465   0.00497   0.00270   0.01452   0.00000   0.00192   0.01897   0.00429   1.65817   0.89930   0.87074   0.98457   0.63173   0.00000   0.14259  
 49 2186.3824  27410.133122  x:  0.00376   0.01380   0.00702   0.00668   0.01348   0.00363   0.00442   0.00887   0.00569   0.00057   0.01115   0.00343   0.00093   0.00414   0.00115   0.00230   0.00132   0.00151   0.00267   0.00389   0.00538   0.00224   0.00252   0.00616   0.00387   0.00118   0.00806   0.00544   0.00185   0.00081   0.00150   0.00031   0.00137   0.00063   0.00240   0.00045   0.00108   0.00861   0.01409   0.01162   0.00118   0.00329   0.00396   0.00197   0.00438   0.00808   0.01597   0.01443   0.00486   0.00285   0.01440   0.00000   0.00182   0.01810   0.00415   1.66386   0.89912   0.87082   0.98451   0.63519   0.00000   0.14376  
 50 4686.6955  27407.795857  x:  0.00370   0.01429   0.00689   0.00704   0.01316   0.00368   0.00426   0.00915   0.00557   0.00056   0.01163   0.00349   0.00093   0.00440   0.00127   0.00225   0.00135   0.00160   0.00241   0.00393   0.00543   0.00215   0.00265   0.00571   0.00413   0.00121   0.00836   0.00551   0.00209   0.00082   0.00151   0.00031   0.00173   0.00060   0.00255   0.00044   0.00108   0.00875   0.01342   0.01137   0.00096   0.00294   0.00402   0.00149   0.00423   0.00865   0.01614   0.01429   0.00492   0.00351   0.01457   0.00000   0.00180   0.01662   0.00444   1.67880   0.89864   0.87104   0.98436   0.64425   0.00000   0.14707  
 51 10236.9595  27402.074660  x:  0.00391   0.01562   0.00678   0.00746   0.01274   0.00392   0.00407   0.00948   0.00532   0.00057   0.01237   0.00411   0.00089   0.00439   0.00138   0.00232   0.00138   0.00114   0.00231   0.00379   0.00541   0.00227   0.00270   0.00485   0.00441   0.00145   0.00883   0.00557   0.00225   0.00073   0.00150   0.00030   0.00152   0.00063   0.00196   0.00043   0.00108   0.00888   0.01261   0.01104   0.00134   0.00350   0.00450   0.00196   0.00318   0.00912   0.01646   0.01454   0.00524   0.00281   0.01526   0.00000   0.00194   0.01427   0.00499   1.71520   0.89746   0.87156   0.98399   0.66629   0.00000   0.15533  
 52 24565.4590  27393.881330  x:  0.00417   0.01680   0.00698   0.00734   0.01274   0.00361   0.00435   0.00938   0.00527   0.00060   0.01270   0.00439   0.00090   0.00388   0.00068   0.00247   0.00126   0.00225   0.00284   0.00352   0.00527   0.00245   0.00249   0.00470   0.00396   0.00104   0.00894   0.00535   0.00151   0.00073   0.00173   0.00030   0.00158   0.00074   0.00193   0.00054   0.00119   0.00892   0.01275   0.01098   0.00064   0.00397   0.00466   0.00161   0.00298   0.00860   0.01644   0.01534   0.00529   0.00230   0.01598   0.00000   0.00196   0.01289   0.00470   1.76647   0.89579   0.87228   0.98348   0.69729   0.00000   0.16715  
 53 36925.5057  27371.037288  x:  0.00489   0.01916   0.00734   0.00633   0.01333   0.00271   0.00535   0.00834   0.00589   0.00045   0.01261   0.00411   0.00090   0.00228   0.00126   0.00247   0.00148   0.00144   0.00368   0.00318   0.00491   0.00152   0.00183   0.00536   0.00242   0.00108   0.00861   0.00497   0.00139   0.00065   0.00170   0.00031   0.00180   0.00055   0.00295   0.00048   0.00110   0.00918   0.01432   0.01129   0.00125   0.00428   0.00439   0.00188   0.00418   0.00666   0.01579   0.01776   0.00528   0.00364   0.01719   0.00000   0.00217   0.01110   0.00385   1.91540   0.89093   0.87436   0.98200   0.78731   0.00000   0.20164  
 54 114911.8259  27350.306009  x:  0.00489   0.02015   0.00753   0.00555   0.01427   0.00244   0.00570   0.00729   0.00577   0.00062   0.01211   0.00307   0.00094   0.00261   0.00123   0.00264   0.00108   0.00068   0.00340   0.00358   0.00491   0.00333   0.00116   0.00672   0.00305   0.00175   0.00800   0.00473   0.00324   0.00084   0.00147   0.00031   0.00120   0.00064   0.00307   0.00046   0.00109   0.00988   0.01613   0.01182   0.00082   0.00320   0.00362   0.00143   0.00540   0.00549   0.01428   0.01970   0.00486   0.00303   0.01716   0.00000   0.00172   0.01129   0.00430   2.06177   0.88615   0.87640   0.98056   0.87576   0.00000   0.23561  
 55 169815.4459  27329.008628  x:  0.00489   0.02004   0.00731   0.00513   0.01535   0.00316   0.00548   0.00604   0.00527   0.00071   0.01095   0.00167   0.00089   0.00375   0.00081   0.00236   0.00160   0.00164   0.00214   0.00389   0.00515   0.00229   0.00165   0.00761   0.00386   0.00108   0.00726   0.00490   0.00391   0.00064   0.00181   0.00030   0.00181   0.00065   0.00275   0.00055   0.00106   0.01110   0.01783   0.01244   0.00123   0.00233   0.00283   0.00231   0.00543   0.00577   0.01200   0.02114   0.00475   0.00224   0.01587   0.00000   0.00211   0.01295   0.00562   2.20229   0.88156   0.87834   0.97918   0.96066   0.00000   0.26826  
 56 201094.6046  27310.690372  x:  0.00521   0.01887   0.00666   0.00559   0.01624   0.00237   0.00469   0.00587   0.00502   0.00070   0.00989   0.00289   0.00081   0.00538   0.00131   0.00207   0.00127   0.00116   0.00199   0.00396   0.00557   0.00214   0.00087   0.00818   0.00409   0.00135   0.00695   0.00539   0.00202   0.00046   0.00219   0.00028   0.00166   0.00065   0.00253   0.00044   0.00091   0.01258   0.01881   0.01288   0.00106   0.00275   0.00286   0.00200   0.00473   0.00821   0.00925   0.02186   0.00464   0.00266   0.01321   0.00000   0.00220   0.01595   0.00575   2.32036   0.87768   0.87996   0.97803   1.03196   0.00000   0.29572  
 57 120609.5918  27307.227775  x:  0.00551   0.01858   0.00664   0.00595   0.01639   0.00264   0.00465   0.00668   0.00524   0.00067   0.01000   0.00275   0.00082   0.00552   0.00122   0.00224   0.00134   0.00117   0.00297   0.00364   0.00554   0.00226   0.00119   0.00814   0.00342   0.00144   0.00732   0.00503   0.00255   0.00047   0.00210   0.00029   0.00170   0.00064   0.00264   0.00048   0.00096   0.01283   0.01868   0.01285   0.00108   0.00238   0.00335   0.00204   0.00403   0.00870   0.00856   0.02215   0.00468   0.00278   0.01198   0.00000   0.00229   0.01704   0.00543   2.34384   0.87689   0.88027   0.97781   1.04612   0.00000   0.30118  
 58 31080.7830  27306.128004  x:  0.00549   0.01862   0.00677   0.00606   0.01641   0.00256   0.00469   0.00735   0.00537   0.00068   0.01032   0.00246   0.00083   0.00526   0.00116   0.00227   0.00135   0.00122   0.00248   0.00357   0.00544   0.00232   0.00105   0.00804   0.00335   0.00136   0.00774   0.00501   0.00275   0.00048   0.00208   0.00029   0.00170   0.00062   0.00286   0.00049   0.00098   0.01271   0.01839   0.01274   0.00107   0.00279   0.00340   0.00203   0.00397   0.00867   0.00859   0.02251   0.00493   0.00279   0.01103   0.00000   0.00228   0.01763   0.00527   2.35103   0.87664   0.88034   0.97776   1.05042   0.00000   0.30284  
 59 7879.5014  27305.731974  x:  0.00551   0.01870   0.00686   0.00599   0.01636   0.00270   0.00478   0.00754   0.00535   0.00067   0.01049   0.00244   0.00082   0.00496   0.00121   0.00226   0.00131   0.00116   0.00243   0.00359   0.00538   0.00234   0.00109   0.00781   0.00336   0.00143   0.00792   0.00505   0.00251   0.00048   0.00210   0.00029   0.00167   0.00064   0.00266   0.00048   0.00097   0.01264   0.01809   0.01263   0.00105   0.00258   0.00313   0.00200   0.00408   0.00857   0.00873   0.02281   0.00491   0.00277   0.01046   0.00000   0.00228   0.01792   0.00537   2.35357   0.87653   0.88035   0.97776   1.05191   0.00000   0.30343  
 60 3076.3375  27305.643749  x:  0.00551   0.01870   0.00688   0.00590   0.01632   0.00265   0.00474   0.00745   0.00529   0.00067   0.01049   0.00249   0.00083   0.00488   0.00119   0.00227   0.00133   0.00118   0.00254   0.00364   0.00541   0.00231   0.00109   0.00765   0.00344   0.00140   0.00789   0.00507   0.00258   0.00049   0.00209   0.00029   0.00168   0.00063   0.00271   0.00049   0.00098   0.01264   0.01790   0.01259   0.00106   0.00263   0.00316   0.00202   0.00415   0.00856   0.00882   0.02298   0.00476   0.00276   0.01025   0.00000   0.00227   0.01801   0.00542   2.35417   0.87649   0.88033   0.97778   1.05223   0.00000   0.30355  
 61 760.6751  27305.624525  x:  0.00549   0.01867   0.00687   0.00588   0.01630   0.00265   0.00471   0.00739   0.00529   0.00067   0.01047   0.00250   0.00083   0.00489   0.00119   0.00226   0.00133   0.00118   0.00251   0.00364   0.00543   0.00231   0.00107   0.00764   0.00343   0.00141   0.00783   0.00503   0.00258   0.00048   0.00210   0.00029   0.00168   0.00063   0.00270   0.00048   0.00098   0.01265   0.01780   0.01258   0.00106   0.00259   0.00323   0.00202   0.00418   0.00857   0.00887   0.02310   0.00482   0.00275   0.01022   0.00000   0.00227   0.01802   0.00537   2.35432   0.87646   0.88031   0.97780   1.05227   0.00000   0.30358  
 62 228.5966  27305.610116  x:  0.00550   0.01857   0.00686   0.00591   0.01627   0.00267   0.00472   0.00738   0.00531   0.00067   0.01049   0.00252   0.00083   0.00493   0.00119   0.00226   0.00133   0.00118   0.00251   0.00363   0.00544   0.00232   0.00109   0.00771   0.00343   0.00140   0.00776   0.00503   0.00259   0.00048   0.00210   0.00029   0.00168   0.00063   0.00270   0.00049   0.00098   0.01268   0.01767   0.01259   0.00106   0.00261   0.00319   0.00202   0.00414   0.00854   0.00890   0.02328   0.00481   0.00276   0.01023   0.00000   0.00228   0.01802   0.00536   2.35446   0.87639   0.88025   0.97785   1.05225   0.00000   0.30358  
 63 136.2243  27305.605446  x:  0.00549   0.01853   0.00686   0.00592   0.01626   0.00266   0.00473   0.00739   0.00531   0.00067   0.01047   0.00249   0.00083   0.00493   0.00120   0.00226   0.00132   0.00118   0.00252   0.00363   0.00543   0.00231   0.00108   0.00773   0.00343   0.00141   0.00777   0.00507   0.00257   0.00048   0.00210   0.00029   0.00168   0.00063   0.00271   0.00048   0.00098   0.01269   0.01764   0.01260   0.00106   0.00261   0.00322   0.00201   0.00413   0.00854   0.00892   0.02334   0.00481   0.00276   0.01025   0.00000   0.00227   0.01801   0.00539   2.35453   0.87635   0.88020   0.97789   1.05221   0.00000   0.30358  
 64 108.1745  27305.592903  x:  0.00548   0.01841   0.00687   0.00591   0.01625   0.00266   0.00473   0.00743   0.00530   0.00067   0.01038   0.00252   0.00083   0.00489   0.00119   0.00225   0.00133   0.00118   0.00250   0.00364   0.00538   0.00232   0.00108   0.00771   0.00341   0.00140   0.00786   0.00506   0.00259   0.00048   0.00210   0.00029   0.00168   0.00063   0.00271   0.00048   0.00098   0.01270   0.01764   0.01262   0.00106   0.00260   0.00321   0.00202   0.00415   0.00859   0.00891   0.02346   0.00480   0.00275   0.01031   0.00000   0.00227   0.01798   0.00539   2.35477   0.87615   0.87999   0.97806   1.05200   0.00000   0.30355  
 65 104.2237  27305.569650  x:  0.00551   0.01833   0.00688   0.00590   0.01623   0.00267   0.00468   0.00749   0.00532   0.00067   0.01034   0.00248   0.00082   0.00487   0.00119   0.00226   0.00133   0.00118   0.00253   0.00364   0.00544   0.00231   0.00108   0.00765   0.00353   0.00141   0.00791   0.00501   0.00257   0.00048   0.00210   0.00029   0.00169   0.00063   0.00269   0.00049   0.00098   0.01268   0.01770   0.01262   0.00106   0.00260   0.00320   0.00202   0.00415   0.00859   0.00891   0.02354   0.00481   0.00277   0.01035   0.00000   0.00228   0.01796   0.00534   2.35529   0.87571   0.87952   0.97845   1.05151   0.00000   0.30347  
 66 239.0672  27305.346392  x:  0.00553   0.01811   0.00684   0.00601   0.01612   0.00267   0.00458   0.00772   0.00528   0.00067   0.01043   0.00249   0.00083   0.00499   0.00119   0.00225   0.00133   0.00117   0.00250   0.00361   0.00593   0.00233   0.00110   0.00727   0.00334   0.00141   0.00782   0.00510   0.00258   0.00050   0.00209   0.00029   0.00168   0.00064   0.00270   0.00049   0.00097   0.01256   0.01809   0.01251   0.00106   0.00262   0.00318   0.00202   0.00429   0.00853   0.00895   0.02379   0.00482   0.00276   0.01043   0.00000   0.00224   0.01792   0.00546   2.36044   0.87126   0.87483   0.98234   1.04658   0.00000   0.30271  
 67 900.0090  27304.067909  x:  0.00556   0.01770   0.00667   0.00606   0.01561   0.00265   0.00534   0.00772   0.00527   0.00066   0.01114   0.00257   0.00083   0.00552   0.00122   0.00222   0.00134   0.00117   0.00246   0.00372   0.00518   0.00231   0.00117   0.00649   0.00360   0.00141   0.00739   0.00488   0.00252   0.00052   0.00205   0.00028   0.00169   0.00064   0.00270   0.00048   0.00094   0.01236   0.01904   0.01210   0.00110   0.00265   0.00335   0.00201   0.00426   0.00860   0.00918   0.02399   0.00480   0.00283   0.01042   0.00000   0.00219   0.01800   0.00536   2.38984   0.84579   0.84794   1.00461   1.01831   0.00000   0.29830  
 68 5547.4850  27301.530268  x:  0.00546   0.01760   0.00676   0.00588   0.01508   0.00281   0.00415   0.00713   0.00507   0.00066   0.01170   0.00257   0.00084   0.00525   0.00116   0.00236   0.00134   0.00118   0.00267   0.00374   0.00466   0.00230   0.00117   0.00698   0.00342   0.00144   0.00792   0.00533   0.00258   0.00051   0.00203   0.00029   0.00167   0.00062   0.00272   0.00049   0.00096   0.01248   0.01907   0.01193   0.00107   0.00271   0.00310   0.00200   0.00421   0.00856   0.00950   0.02333   0.00518   0.00282   0.01051   0.00000   0.00225   0.01827   0.00512   2.44672   0.79651   0.79592   1.04768   0.96358   0.00000   0.28977  
 69 23385.8472  27299.783042  x:  0.00534   0.01783   0.00693   0.00583   0.01512   0.00280   0.00451   0.00700   0.00548   0.00065   0.01137   0.00254   0.00083   0.00467   0.00122   0.00225   0.00131   0.00116   0.00239   0.00362   0.00540   0.00234   0.00127   0.00760   0.00344   0.00141   0.00829   0.00495   0.00243   0.00052   0.00203   0.00029   0.00165   0.00064   0.00260   0.00048   0.00096   0.01261   0.01838   0.01221   0.00105   0.00275   0.00347   0.00197   0.00406   0.00863   0.00960   0.02254   0.00466   0.00280   0.01065   0.00000   0.00219   0.01847   0.00536   2.48693   0.76169   0.75917   1.07811   0.92489   0.00000   0.28373  
 70 41841.1585  27299.308693  x:  0.00526   0.01808   0.00694   0.00592   0.01545   0.00272   0.00488   0.00730   0.00523   0.00066   0.01084   0.00265   0.00084   0.00458   0.00120   0.00227   0.00132   0.00119   0.00253   0.00366   0.00561   0.00231   0.00125   0.00759   0.00357   0.00139   0.00809   0.00510   0.00253   0.00054   0.00202   0.00029   0.00165   0.00064   0.00268   0.00048   0.00096   0.01255   0.01795   0.01243   0.00106   0.00272   0.00330   0.00198   0.00407   0.00862   0.00961   0.02228   0.00502   0.00276   0.01070   0.00000   0.00218   0.01853   0.00524   2.49793   0.75219   0.74914   1.08642   0.91430   0.00000   0.28208  
 71 14944.1081  27299.142019  x:  0.00533   0.01826   0.00691   0.00602   0.01579   0.00276   0.00470   0.00760   0.00524   0.00067   0.01049   0.00263   0.00084   0.00467   0.00119   0.00229   0.00134   0.00119   0.00246   0.00370   0.00541   0.00232   0.00125   0.00746   0.00353   0.00141   0.00783   0.00513   0.00249   0.00053   0.00202   0.00029   0.00166   0.00064   0.00261   0.00048   0.00097   0.01247   0.01770   0.01253   0.00105   0.00272   0.00337   0.00199   0.00418   0.00847   0.00958   0.02219   0.00487   0.00279   0.01075   0.00000   0.00220   0.01853   0.00520   2.50177   0.74890   0.74568   1.08930   0.91059   0.00000   0.28151  
 72 4541.2202  27299.130068  x:  0.00531   0.01827   0.00690   0.00601   0.01585   0.00273   0.00466   0.00763   0.00528   0.00067   0.01047   0.00263   0.00084   0.00471   0.00120   0.00226   0.00133   0.00119   0.00249   0.00369   0.00538   0.00232   0.00125   0.00744   0.00353   0.00140   0.00782   0.00507   0.00248   0.00053   0.00202   0.00029   0.00166   0.00064   0.00263   0.00048   0.00097   0.01246   0.01768   0.01253   0.00105   0.00273   0.00335   0.00199   0.00418   0.00846   0.00959   0.02219   0.00491   0.00278   0.01076   0.00000   0.00218   0.01853   0.00526   2.50205   0.74867   0.74544   1.08949   0.91031   0.00000   0.28147  
 73 590.8896  27299.124437  x:  0.00532   0.01825   0.00688   0.00594   0.01598   0.00273   0.00468   0.00762   0.00528   0.00067   0.01050   0.00264   0.00084   0.00476   0.00120   0.00227   0.00133   0.00119   0.00249   0.00368   0.00539   0.00232   0.00125   0.00743   0.00353   0.00140   0.00788   0.00508   0.00248   0.00053   0.00202   0.00029   0.00166   0.00064   0.00263   0.00048   0.00097   0.01246   0.01765   0.01248   0.00106   0.00273   0.00336   0.00199   0.00418   0.00844   0.00960   0.02219   0.00491   0.00279   0.01077   0.00000   0.00218   0.01852   0.00525   2.50221   0.74860   0.74538   1.08955   0.91015   0.00000   0.28144  
 74 92.4449  27299.119341  x:  0.00532   0.01822   0.00690   0.00599   0.01609   0.00273   0.00468   0.00759   0.00528   0.00067   0.01054   0.00263   0.00084   0.00472   0.00120   0.00227   0.00133   0.00119   0.00249   0.00373   0.00540   0.00232   0.00125   0.00742   0.00352   0.00140   0.00787   0.00507   0.00248   0.00053   0.00202   0.00029   0.00166   0.00064   0.00262   0.00048   0.00097   0.01246   0.01765   0.01245   0.00105   0.00273   0.00335   0.00199   0.00417   0.00847   0.00961   0.02219   0.00491   0.00279   0.01078   0.00000   0.00218   0.01852   0.00525   2.50239   0.74861   0.74541   1.08955   0.90992   0.00000   0.28142  
 75 52.2170  27299.110191  x:  0.00532   0.01820   0.00691   0.00603   0.01616   0.00273   0.00467   0.00757   0.00527   0.00067   0.01058   0.00263   0.00084   0.00467   0.00120   0.00227   0.00133   0.00119   0.00248   0.00363   0.00538   0.00232   0.00125   0.00741   0.00355   0.00140   0.00784   0.00508   0.00249   0.00053   0.00202   0.00029   0.00166   0.00064   0.00263   0.00048   0.00097   0.01246   0.01765   0.01245   0.00105   0.00273   0.00335   0.00199   0.00420   0.00851   0.00961   0.02219   0.00490   0.00278   0.01080   0.00000   0.00218   0.01852   0.00526   2.50276   0.74866   0.74553   1.08950   0.90947   0.00000   0.28136  
 76 136.8569  27298.493881  x:  0.00528   0.01797   0.00702   0.00522   0.01629   0.00278   0.00455   0.00797   0.00527   0.00066   0.01119   0.00259   0.00085   0.00435   0.00119   0.00231   0.00132   0.00117   0.00244   0.00373   0.00540   0.00234   0.00131   0.00725   0.00354   0.00139   0.00741   0.00510   0.00248   0.00055   0.00200   0.00029   0.00164   0.00064   0.00263   0.00048   0.00098   0.01252   0.01754   0.01333   0.00101   0.00277   0.00335   0.00196   0.00410   0.00886   0.00964   0.02193   0.00493   0.00279   0.01103   0.00000   0.00217   0.01857   0.00527   2.52757   0.75350   0.75478   1.08541   0.87823   0.00000   0.27770  
 77 425.9269  27293.973580  x:  0.00515   0.01792   0.00683   0.00658   0.01614   0.00277   0.00461   0.00723   0.00528   0.00064   0.01123   0.00285   0.00085   0.00479   0.00120   0.00225   0.00136   0.00119   0.00250   0.00376   0.00539   0.00232   0.00150   0.00641   0.00363   0.00139   0.00876   0.00508   0.00230   0.00061   0.00188   0.00029   0.00165   0.00066   0.00247   0.00048   0.00100   0.01195   0.01711   0.01532   0.00098   0.00292   0.00363   0.00195   0.00437   0.00798   0.01081   0.02039   0.00508   0.00288   0.01148   0.00000   0.00200   0.01945   0.00508   2.71999   0.79116   0.82674   1.05357   0.63600   0.00000   0.24929  
 78 17394.0916  27291.091913  x:  0.00489   0.01792   0.00701   0.00619   0.01550   0.00287   0.00454   0.00799   0.00523   0.00066   0.01015   0.00293   0.00087   0.00414   0.00121   0.00226   0.00135   0.00122   0.00241   0.00378   0.00545   0.00233   0.00163   0.00713   0.00374   0.00138   0.00811   0.00512   0.00224   0.00066   0.00183   0.00029   0.00162   0.00067   0.00242   0.00047   0.00098   0.01198   0.01689   0.01214   0.00105   0.00301   0.00369   0.00192   0.00423   0.00808   0.01107   0.01930   0.00511   0.00284   0.01197   0.00000   0.00194   0.01987   0.00496   2.83394   0.81348   0.86937   1.03469   0.49256   0.00000   0.23248  
 79 36912.6723  27242.322507  x:  0.00783   0.01833   0.00709   0.00491   0.01478   0.00299   0.00541   0.00518   0.00787   0.00089   0.00597   0.00300   0.00082   0.00309   0.00102   0.00107   0.00200   0.00126   0.00250   0.00403   0.00504   0.00366   0.00186   0.00565   0.00380   0.00130   0.00759   0.00675   0.00201   0.00080   0.00152   0.00026   0.00213   0.00104   0.00141   0.00096   0.00194   0.01397   0.01868   0.01217   0.00109   0.00358   0.00366   0.00234   0.00557   0.01092   0.01310   0.01879   0.00705   0.00412   0.01064   0.00000   0.00089   0.01852   0.00689   2.90293   0.47880   0.98043   0.83593   0.84233   0.00000   0.26704  
 80  1.5682  27233.211353  x:  0.00851   0.01844   0.00711   0.00461   0.01468   0.00303   0.00561   0.00455   0.00849   0.00094   0.00504   0.00303   0.00080   0.00283   0.00097   0.00079   0.00215   0.00127   0.00252   0.00409   0.00496   0.00397   0.00192   0.00528   0.00382   0.00129   0.00749   0.00714   0.00195   0.00083   0.00144   0.00025   0.00224   0.00113   0.00117   0.00107   0.00217   0.01442   0.01904   0.01233   0.00110   0.00372   0.00368   0.00243   0.00587   0.01158   0.01367   0.01853   0.00750   0.00442   0.01037   0.00000   0.00065   0.01827   0.00734   2.93208   0.72474   0.77283   0.84508   0.92756   0.00000   0.27326  
 81 44.2819  27222.816389  x:  0.00929   0.01980   0.00699   0.00457   0.01542   0.00307   0.00586   0.00493   0.00894   0.00103   0.00603   0.00295   0.00079   0.00260   0.00096   0.00125   0.00229   0.00153   0.00252   0.00379   0.00527   0.00437   0.00144   0.00488   0.00360   0.00122   0.00722   0.00743   0.00200   0.00091   0.00142   0.00024   0.00237   0.00130   0.00152   0.00094   0.00264   0.01655   0.01766   0.01226   0.00117   0.00365   0.00346   0.00257   0.00503   0.01128   0.01321   0.01926   0.00771   0.00476   0.01049   0.00000   0.00032   0.01805   0.00793   3.01673   1.02162   1.29092   1.93877   1.18441   0.00000   0.30383  
 82  2.9881  27212.622748  x:  0.00976   0.01954   0.00668   0.00465   0.01469   0.00325   0.00576   0.00529   0.00907   0.00105   0.00896   0.00290   0.00076   0.00306   0.00099   0.00164   0.00237   0.00174   0.00254   0.00355   0.00499   0.00465   0.00114   0.00331   0.00342   0.00118   0.00707   0.00766   0.00199   0.00097   0.00137   0.00023   0.00244   0.00141   0.00187   0.00076   0.00300   0.01809   0.01816   0.01210   0.00128   0.00367   0.00336   0.00263   0.00412   0.01079   0.01325   0.02042   0.00792   0.00506   0.01104   0.00000   0.00008   0.01809   0.00818   3.17545   0.87408   0.94725   1.32215   1.27834   0.00000   0.31695  
 83  4.2654  27210.609529  x:  0.00996   0.01945   0.00654   0.00472   0.01452   0.00339   0.00571   0.00550   0.00914   0.00106   0.00966   0.00292   0.00072   0.00320   0.00095   0.00185   0.00241   0.00178   0.00253   0.00347   0.00491   0.00470   0.00105   0.00321   0.00337   0.00115   0.00703   0.00781   0.00202   0.00080   0.00140   0.00023   0.00247   0.00148   0.00203   0.00071   0.00315   0.01875   0.01829   0.01205   0.00131   0.00368   0.00337   0.00268   0.00371   0.01060   0.01331   0.02071   0.00800   0.00516   0.01118   0.00000   0.00060   0.01800   0.00832   3.24568   0.83409   0.84949   1.14486   1.31343   0.00000   0.32426  
 84  2.1798  27201.985486  x:  0.01035   0.01923   0.00607   0.00517   0.01479   0.00336   0.00519   0.00543   0.00873   0.00106   0.00829   0.00290   0.00061   0.00359   0.00093   0.00133   0.00228   0.00170   0.00184   0.00340   0.00491   0.00484   0.00167   0.00551   0.00362   0.00114   0.00725   0.00799   0.00191   0.00072   0.00163   0.00021   0.00245   0.00141   0.00209   0.00053   0.00359   0.02142   0.01729   0.01187   0.00131   0.00396   0.00360   0.00267   0.00254   0.00955   0.01244   0.02111   0.00831   0.00525   0.01102   0.00000   0.00052   0.01690   0.00820   3.54302   0.77393   0.86085   1.03846   1.40284   0.00000   0.35267  
 85  0.4543  27196.011406  x:  0.01080   0.01946   0.00585   0.00507   0.01465   0.00345   0.00517   0.00512   0.00830   0.00100   0.00602   0.00263   0.00051   0.00297   0.00093   0.00116   0.00214   0.00160   0.00209   0.00340   0.00507   0.00500   0.00177   0.00443   0.00341   0.00130   0.00752   0.00774   0.00203   0.00062   0.00168   0.00018   0.00238   0.00124   0.00161   0.00063   0.00385   0.02257   0.01576   0.01157   0.00126   0.00415   0.00347   0.00264   0.00373   0.00913   0.01207   0.02010   0.00835   0.00519   0.01163   0.00000   0.00049   0.01722   0.00803   3.83290   0.74036   0.93615   1.04969   1.40612   0.00000   0.37205  
 86  0.3281  27192.967008  x:  0.01134   0.01967   0.00533   0.00489   0.01490   0.00339   0.00537   0.00517   0.00849   0.00102   0.00688   0.00279   0.00051   0.00279   0.00084   0.00159   0.00208   0.00129   0.00219   0.00373   0.00499   0.00498   0.00176   0.00449   0.00362   0.00134   0.00749   0.00772   0.00203   0.00072   0.00156   0.00019   0.00231   0.00112   0.00169   0.00095   0.00408   0.02359   0.01720   0.01222   0.00111   0.00409   0.00354   0.00263   0.00412   0.00968   0.01282   0.01867   0.00847   0.00505   0.01129   0.00000   0.00045   0.01702   0.00815   3.96838   0.71382   0.87722   0.92474   1.57077   0.00000   0.41594  
 87  0.2125  27190.508647  x:  0.01127   0.01949   0.00471   0.00478   0.01498   0.00335   0.00561   0.00536   0.00835   0.00097   0.00746   0.00279   0.00042   0.00278   0.00102   0.00107   0.00198   0.00132   0.00245   0.00369   0.00496   0.00502   0.00148   0.00382   0.00353   0.00113   0.00733   0.00750   0.00204   0.00064   0.00144   0.00017   0.00219   0.00104   0.00164   0.00094   0.00430   0.02405   0.01762   0.01231   0.00109   0.00393   0.00348   0.00252   0.00363   0.00951   0.01316   0.01816   0.00823   0.00490   0.01124   0.00000   0.00041   0.01712   0.00804   4.13970   0.75512   0.98100   1.13316   1.65073   0.00000   0.45254  
 88  0.3697  27187.578364  x:  0.01105   0.01839   0.00365   0.00487   0.01426   0.00337   0.00574   0.00518   0.00820   0.00098   0.00757   0.00279   0.00046   0.00297   0.00092   0.00162   0.00188   0.00150   0.00246   0.00363   0.00492   0.00492   0.00130   0.00418   0.00354   0.00125   0.00716   0.00720   0.00195   0.00080   0.00130   0.00019   0.00200   0.00103   0.00194   0.00077   0.00457   0.02345   0.01648   0.01169   0.00116   0.00383   0.00351   0.00233   0.00364   0.00917   0.01316   0.01937   0.00803   0.00468   0.01159   0.00000   0.00032   0.01732   0.00782   4.37008   0.76704   0.98809   1.15572   1.67960   0.00000   0.50038  
 89  0.1874  27185.828850  x:  0.01078   0.01868   0.00312   0.00500   0.01465   0.00327   0.00543   0.00524   0.00814   0.00097   0.00733   0.00273   0.00045   0.00247   0.00086   0.00144   0.00185   0.00150   0.00206   0.00358   0.00496   0.00477   0.00156   0.00398   0.00366   0.00122   0.00737   0.00728   0.00202   0.00080   0.00154   0.00020   0.00200   0.00110   0.00208   0.00066   0.00466   0.02279   0.01639   0.01184   0.00118   0.00385   0.00360   0.00234   0.00372   0.00914   0.01298   0.02049   0.00802   0.00458   0.01144   0.00000   0.00028   0.01714   0.00776   4.38826   0.75442   0.95696   1.10690   1.84941   0.00000   0.55263  
 90  0.1988  27185.755021  x:  0.01074   0.01871   0.00305   0.00502   0.01470   0.00325   0.00539   0.00524   0.00813   0.00096   0.00730   0.00272   0.00045   0.00241   0.00086   0.00142   0.00185   0.00150   0.00201   0.00357   0.00497   0.00476   0.00159   0.00396   0.00367   0.00122   0.00740   0.00729   0.00203   0.00080   0.00157   0.00020   0.00200   0.00110   0.00210   0.00065   0.00467   0.02271   0.01638   0.01185   0.00118   0.00385   0.00361   0.00234   0.00373   0.00914   0.01296   0.02063   0.00802   0.00456   0.01142   0.00000   0.00028   0.01712   0.00775   4.39049   0.75286   0.95313   1.10089   1.87031   0.00234   0.55907  
 91 631.3018  27184.121899  x:  0.01022   0.01931   0.00240   0.00504   0.01502   0.00336   0.00526   0.00542   0.00828   0.00092   0.00714   0.00254   0.00046   0.00274   0.00092   0.00129   0.00193   0.00148   0.00214   0.00344   0.00498   0.00463   0.00162   0.00446   0.00343   0.00108   0.00744   0.00740   0.00201   0.00076   0.00164   0.00021   0.00209   0.00118   0.00167   0.00068   0.00449   0.02107   0.01662   0.01201   0.00116   0.00388   0.00357   0.00244   0.00359   0.00933   0.01324   0.01928   0.00795   0.00460   0.01150   0.00000   0.00028   0.01667   0.00786   4.33858   0.74790   0.93248   1.04813   1.90235   0.00174   0.58808  
 92  0.0730  27183.686124  x:  0.01005   0.01933   0.00256   0.00500   0.01491   0.00339   0.00529   0.00531   0.00838   0.00094   0.00723   0.00253   0.00047   0.00237   0.00090   0.00128   0.00197   0.00149   0.00223   0.00350   0.00498   0.00461   0.00162   0.00441   0.00345   0.00116   0.00742   0.00747   0.00197   0.00075   0.00157   0.00022   0.00212   0.00121   0.00166   0.00072   0.00436   0.02048   0.01663   0.01196   0.00115   0.00391   0.00355   0.00247   0.00352   0.00941   0.01324   0.01889   0.00796   0.00467   0.01154   0.00000   0.00032   0.01679   0.00792   4.28810   0.75188   0.93568   1.05052   1.86708   0.00000   0.58403  
 93  0.1134  27183.460939  x:  0.00992   0.01921   0.00252   0.00496   0.01483   0.00339   0.00535   0.00523   0.00847   0.00096   0.00709   0.00258   0.00048   0.00256   0.00087   0.00129   0.00198   0.00147   0.00224   0.00359   0.00499   0.00458   0.00166   0.00418   0.00353   0.00124   0.00738   0.00756   0.00197   0.00074   0.00150   0.00022   0.00213   0.00121   0.00177   0.00076   0.00422   0.01997   0.01669   0.01192   0.00113   0.00397   0.00355   0.00250   0.00357   0.00943   0.01318   0.01896   0.00801   0.00475   0.01148   0.00000   0.00036   0.01682   0.00794   4.23039   0.76073   0.94805   1.07240   1.85342   0.00000   0.58604  
 94  0.0999  27183.324250  x:  0.00987   0.01912   0.00246   0.00495   0.01474   0.00341   0.00540   0.00518   0.00846   0.00096   0.00701   0.00257   0.00048   0.00246   0.00088   0.00133   0.00197   0.00150   0.00226   0.00358   0.00498   0.00463   0.00162   0.00412   0.00354   0.00123   0.00737   0.00757   0.00197   0.00073   0.00148   0.00023   0.00212   0.00118   0.00172   0.00075   0.00414   0.01983   0.01666   0.01193   0.00113   0.00401   0.00353   0.00251   0.00358   0.00939   0.01310   0.01936   0.00805   0.00483   0.01148   0.00000   0.00038   0.01692   0.00797   4.18915   0.76012   0.94449   1.06856   1.90667   0.00000   0.60280  
 95  0.0862  27183.291778  x:  0.00985   0.01909   0.00243   0.00494   0.01470   0.00341   0.00543   0.00515   0.00846   0.00097   0.00698   0.00257   0.00048   0.00242   0.00089   0.00135   0.00196   0.00151   0.00226   0.00358   0.00498   0.00465   0.00160   0.00410   0.00355   0.00122   0.00737   0.00758   0.00197   0.00072   0.00147   0.00023   0.00212   0.00117   0.00171   0.00074   0.00410   0.01977   0.01664   0.01194   0.00113   0.00403   0.00352   0.00251   0.00359   0.00938   0.01307   0.01952   0.00806   0.00487   0.01148   0.00000   0.00038   0.01696   0.00798   4.17242   0.75987   0.94305   1.06700   1.92827   0.00169   0.60960  
 96 652.0808  27183.053903  x:  0.00987   0.01887   0.00248   0.00498   0.01470   0.00338   0.00545   0.00540   0.00838   0.00096   0.00713   0.00259   0.00047   0.00230   0.00085   0.00132   0.00189   0.00146   0.00221   0.00352   0.00496   0.00480   0.00152   0.00425   0.00353   0.00114   0.00737   0.00756   0.00199   0.00070   0.00147   0.00023   0.00207   0.00109   0.00178   0.00073   0.00399   0.02037   0.01665   0.01186   0.00111   0.00406   0.00353   0.00250   0.00361   0.00923   0.01315   0.01907   0.00813   0.00503   0.01159   0.00000   0.00038   0.01702   0.00796   4.14269   0.75320   0.93549   1.04784   1.95757   0.00209   0.62855  
 97  0.0250  27182.894952  x:  0.00995   0.01892   0.00240   0.00500   0.01484   0.00336   0.00539   0.00519   0.00834   0.00098   0.00720   0.00258   0.00046   0.00250   0.00091   0.00132   0.00186   0.00145   0.00219   0.00355   0.00497   0.00487   0.00156   0.00425   0.00353   0.00126   0.00739   0.00755   0.00195   0.00069   0.00153   0.00023   0.00205   0.00108   0.00175   0.00073   0.00391   0.02087   0.01665   0.01191   0.00112   0.00408   0.00357   0.00248   0.00362   0.00920   0.01311   0.01890   0.00820   0.00507   0.01155   0.00000   0.00038   0.01688   0.00793   4.11235   0.75376   0.93601   1.05520   2.02341   0.00390   0.65432  
 98  0.0566  27182.726148  x:  0.01001   0.01906   0.00239   0.00500   0.01483   0.00337   0.00531   0.00538   0.00841   0.00098   0.00695   0.00258   0.00047   0.00250   0.00087   0.00137   0.00194   0.00139   0.00223   0.00361   0.00499   0.00484   0.00161   0.00413   0.00353   0.00120   0.00737   0.00755   0.00202   0.00071   0.00150   0.00024   0.00208   0.00118   0.00174   0.00073   0.00386   0.02130   0.01674   0.01193   0.00115   0.00402   0.00359   0.00250   0.00349   0.00930   0.01316   0.01907   0.00821   0.00502   0.01147   0.00000   0.00035   0.01678   0.00796   4.09264   0.75668   0.93716   1.05791   2.09998   0.00600   0.69031  
 99  0.0417  27182.580906  x:  0.01008   0.01916   0.00243   0.00495   0.01468   0.00337   0.00537   0.00517   0.00844   0.00098   0.00724   0.00254   0.00047   0.00242   0.00089   0.00129   0.00199   0.00144   0.00223   0.00358   0.00497   0.00481   0.00164   0.00421   0.00353   0.00116   0.00737   0.00752   0.00200   0.00073   0.00148   0.00025   0.00210   0.00124   0.00172   0.00072   0.00385   0.02141   0.01657   0.01190   0.00114   0.00396   0.00355   0.00249   0.00359   0.00935   0.01308   0.01926   0.00818   0.00491   0.01156   0.00000   0.00033   0.01688   0.00801   4.08813   0.75489   0.92865   1.03954   2.16198   0.00753   0.72548  
100  0.0495  27182.440696  x:  0.01017   0.01913   0.00247   0.00501   0.01482   0.00337   0.00545   0.00535   0.00846   0.00097   0.00710   0.00257   0.00048   0.00237   0.00089   0.00135   0.00195   0.00156   0.00220   0.00351   0.00496   0.00477   0.00159   0.00420   0.00353   0.00125   0.00742   0.00750   0.00191   0.00075   0.00151   0.00026   0.00209   0.00121   0.00169   0.00073   0.00387   0.02143   0.01675   0.01195   0.00112   0.00393   0.00352   0.00247   0.00362   0.00931   0.01310   0.01913   0.00811   0.00478   0.01156   0.00000   0.00033   0.01691   0.00805   4.09814   0.76151   0.93346   1.05814   2.25091   0.00987   0.77366  
101  0.0520  27182.236561  x:  0.01029   0.01909   0.00246   0.00500   0.01489   0.00333   0.00550   0.00514   0.00845   0.00096   0.00694   0.00256   0.00045   0.00251   0.00083   0.00131   0.00192   0.00153   0.00219   0.00353   0.00501   0.00469   0.00154   0.00415   0.00349   0.00121   0.00740   0.00753   0.00205   0.00074   0.00152   0.00028   0.00213   0.00113   0.00184   0.00073   0.00393   0.02119   0.01675   0.01193   0.00110   0.00399   0.00350   0.00252   0.00364   0.00926   0.01305   0.01918   0.00807   0.00471   0.01157   0.00000   0.00037   0.01698   0.00808   4.09773   0.76116   0.93122   1.05506   2.46527   0.01655   0.86949  
102  0.1066  27182.040936  x:  0.01038   0.01902   0.00253   0.00494   0.01481   0.00336   0.00539   0.00526   0.00840   0.00095   0.00712   0.00260   0.00044   0.00254   0.00094   0.00133   0.00191   0.00145   0.00220   0.00363   0.00501   0.00465   0.00159   0.00414   0.00355   0.00112   0.00734   0.00759   0.00198   0.00072   0.00150   0.00029   0.00215   0.00109   0.00172   0.00074   0.00402   0.02098   0.01664   0.01188   0.00112   0.00405   0.00358   0.00254   0.00360   0.00921   0.01303   0.01919   0.00808   0.00468   0.01153   0.00000   0.00040   0.01682   0.00807   4.11779   0.75662   0.92679   1.03589   2.67964   0.02228   0.97543  
103  0.1514  27181.922034  x:  0.01035   0.01906   0.00258   0.00495   0.01470   0.00337   0.00536   0.00529   0.00839   0.00096   0.00716   0.00259   0.00043   0.00248   0.00088   0.00131   0.00194   0.00145   0.00225   0.00356   0.00495   0.00466   0.00159   0.00425   0.00352   0.00122   0.00738   0.00758   0.00195   0.00072   0.00148   0.00030   0.00212   0.00113   0.00173   0.00072   0.00406   0.02080   0.01655   0.01196   0.00115   0.00406   0.00357   0.00250   0.00355   0.00929   0.01313   0.01913   0.00810   0.00476   0.01156   0.00000   0.00039   0.01681   0.00801   4.13134   0.75783   0.92954   1.04703   2.84964   0.02667   1.05594  
104  0.1392  27181.881138  x:  0.01023   0.01905   0.00264   0.00499   0.01474   0.00338   0.00537   0.00527   0.00840   0.00096   0.00716   0.00260   0.00044   0.00245   0.00089   0.00133   0.00195   0.00147   0.00225   0.00354   0.00496   0.00470   0.00160   0.00424   0.00352   0.00121   0.00740   0.00757   0.00198   0.00073   0.00149   0.00030   0.00211   0.00116   0.00174   0.00072   0.00406   0.02076   0.01661   0.01193   0.00114   0.00403   0.00356   0.00249   0.00354   0.00931   0.01321   0.01899   0.00812   0.00484   0.01157   0.00000   0.00038   0.01682   0.00794   4.14772   0.75618   0.93267   1.04876   2.82960   0.02536   1.05367  
105  0.0271  27181.853771  x:  0.01013   0.01905   0.00267   0.00500   0.01479   0.00336   0.00540   0.00526   0.00840   0.00096   0.00712   0.00262   0.00045   0.00248   0.00089   0.00133   0.00196   0.00148   0.00222   0.00355   0.00498   0.00474   0.00159   0.00419   0.00353   0.00119   0.00739   0.00756   0.00198   0.00073   0.00150   0.00031   0.00210   0.00117   0.00174   0.00073   0.00406   0.02074   0.01666   0.01190   0.00112   0.00401   0.00355   0.00248   0.00358   0.00929   0.01320   0.01907   0.00814   0.00492   0.01157   0.00000   0.00036   0.01687   0.00790   4.15524   0.75384   0.93412   1.04838   2.88728   0.02728   1.08026  
106  0.0600  27181.844483  x:  0.01004   0.01904   0.00267   0.00498   0.01476   0.00337   0.00540   0.00528   0.00841   0.00097   0.00713   0.00261   0.00045   0.00251   0.00088   0.00132   0.00196   0.00147   0.00222   0.00357   0.00498   0.00475   0.00160   0.00419   0.00353   0.00120   0.00738   0.00754   0.00197   0.00073   0.00150   0.00030   0.00210   0.00116   0.00172   0.00074   0.00405   0.02073   0.01661   0.01193   0.00113   0.00401   0.00355   0.00248   0.00360   0.00927   0.01316   0.01911   0.00814   0.00493   0.01157   0.00000   0.00036   0.01688   0.00790   4.16363   0.75275   0.93587   1.04808   2.86580   0.02668   1.07243  
107  0.0175  27181.839935  x:  0.00999   0.01905   0.00266   0.00498   0.01475   0.00338   0.00540   0.00526   0.00842   0.00097   0.00711   0.00261   0.00045   0.00251   0.00090   0.00132   0.00196   0.00147   0.00223   0.00357   0.00497   0.00476   0.00160   0.00421   0.00353   0.00120   0.00739   0.00754   0.00198   0.00072   0.00149   0.00030   0.00211   0.00116   0.00174   0.00074   0.00405   0.02075   0.01662   0.01194   0.00114   0.00402   0.00356   0.00249   0.00359   0.00928   0.01315   0.01910   0.00813   0.00491   0.01157   0.00000   0.00035   0.01687   0.00792   4.16885   0.75287   0.93582   1.04785   2.87694   0.02706   1.07880  
108  0.0093  27181.835189  x:  0.00996   0.01906   0.00267   0.00499   0.01477   0.00337   0.00539   0.00525   0.00843   0.00097   0.00714   0.00261   0.00045   0.00249   0.00089   0.00134   0.00196   0.00147   0.00222   0.00355   0.00497   0.00476   0.00160   0.00420   0.00353   0.00120   0.00739   0.00754   0.00198   0.00072   0.00150   0.00029   0.00212   0.00115   0.00172   0.00073   0.00403   0.02079   0.01664   0.01191   0.00114   0.00402   0.00356   0.00250   0.00359   0.00929   0.01315   0.01908   0.00812   0.00489   0.01157   0.00000   0.00036   0.01688   0.00795   4.17077   0.75439   0.93661   1.05073   2.89004   0.02738   1.08666  
109  0.0080  27181.829628  x:  0.00994   0.01906   0.00267   0.00498   0.01476   0.00336   0.00539   0.00530   0.00843   0.00097   0.00713   0.00261   0.00046   0.00250   0.00089   0.00132   0.00196   0.00148   0.00222   0.00356   0.00498   0.00477   0.00160   0.00420   0.00353   0.00121   0.00739   0.00755   0.00196   0.00071   0.00150   0.00029   0.00212   0.00115   0.00175   0.00074   0.00400   0.02082   0.01664   0.01191   0.00113   0.00402   0.00355   0.00250   0.00359   0.00931   0.01317   0.01910   0.00813   0.00487   0.01158   0.00000   0.00036   0.01690   0.00796   4.16870   0.75442   0.93398   1.04698   2.89455   0.02736   1.09018  
110  0.0034  27181.817871  x:  0.00998   0.01903   0.00266   0.00498   0.01475   0.00337   0.00541   0.00525   0.00840   0.00096   0.00710   0.00261   0.00047   0.00251   0.00089   0.00133   0.00196   0.00147   0.00222   0.00358   0.00498   0.00478   0.00159   0.00421   0.00353   0.00119   0.00738   0.00755   0.00198   0.00071   0.00149   0.00026   0.00211   0.00116   0.00172   0.00073   0.00398   0.02083   0.01661   0.01199   0.00112   0.00402   0.00354   0.00249   0.00359   0.00929   0.01318   0.01908   0.00813   0.00487   0.01157   0.00000   0.00036   0.01687   0.00792   4.17087   0.75559   0.93438   1.05233   2.90768   0.02763   1.09843  
111  0.0045  27181.810938  x:  0.01000   0.01904   0.00266   0.00498   0.01477   0.00337   0.00539   0.00527   0.00840   0.00097   0.00713   0.00261   0.00047   0.00250   0.00089   0.00132   0.00196   0.00147   0.00222   0.00355   0.00497   0.00477   0.00160   0.00419   0.00353   0.00121   0.00738   0.00755   0.00198   0.00072   0.00150   0.00025   0.00211   0.00116   0.00173   0.00073   0.00399   0.02077   0.01664   0.01189   0.00113   0.00402   0.00356   0.00249   0.00359   0.00928   0.01317   0.01909   0.00813   0.00487   0.01157   0.00000   0.00036   0.01687   0.00792   4.17139   0.75406   0.93396   1.04646   2.91469   0.02787   1.10239  
112  0.0053  27181.808786  x:  0.01002   0.01905   0.00267   0.00499   0.01476   0.00337   0.00540   0.00527   0.00842   0.00097   0.00712   0.00261   0.00047   0.00250   0.00089   0.00133   0.00196   0.00147   0.00222   0.00356   0.00497   0.00476   0.00160   0.00421   0.00353   0.00120   0.00739   0.00755   0.00197   0.00072   0.00150   0.00025   0.00211   0.00116   0.00174   0.00073   0.00399   0.02076   0.01664   0.01194   0.00113   0.00401   0.00356   0.00249   0.00360   0.00928   0.01316   0.01909   0.00813   0.00489   0.01157   0.00000   0.00036   0.01687   0.00793   4.16936   0.75501   0.93626   1.05168   2.90859   0.02773   1.09961  
113  0.0050  27181.807800  x:  0.01002   0.01905   0.00267   0.00498   0.01476   0.00337   0.00540   0.00527   0.00842   0.00097   0.00712   0.00261   0.00047   0.00250   0.00089   0.00133   0.00196   0.00147   0.00223   0.00356   0.00498   0.00476   0.00160   0.00420   0.00353   0.00120   0.00739   0.00754   0.00198   0.00072   0.00150   0.00025   0.00211   0.00116   0.00173   0.00073   0.00401   0.02076   0.01663   0.01193   0.00113   0.00402   0.00355   0.00249   0.00358   0.00928   0.01316   0.01909   0.00813   0.00490   0.01157   0.00000   0.00036   0.01687   0.00793   4.17081   0.75319   0.93483   1.04633   2.91236   0.02781   1.10159  
114  0.0040  27181.807529  x:  0.01002   0.01905   0.00266   0.00498   0.01476   0.00337   0.00540   0.00527   0.00842   0.00097   0.00713   0.00261   0.00047   0.00250   0.00089   0.00133   0.00196   0.00147   0.00222   0.00356   0.00497   0.00476   0.00160   0.00420   0.00353   0.00120   0.00739   0.00755   0.00198   0.00072   0.00150   0.00025   0.00211   0.00116   0.00174   0.00073   0.00401   0.02077   0.01663   0.01192   0.00113   0.00402   0.00356   0.00249   0.00359   0.00929   0.01316   0.01909   0.00813   0.00490   0.01157   0.00000   0.00036   0.01687   0.00793   4.16959   0.75392   0.93553   1.04906   2.91271   0.02781   1.10175  
115  0.0023  27181.806874  x:  0.01001   0.01905   0.00267   0.00499   0.01476   0.00337   0.00540   0.00527   0.00842   0.00097   0.00712   0.00261   0.00047   0.00250   0.00089   0.00133   0.00196   0.00147   0.00222   0.00356   0.00498   0.00475   0.00160   0.00420   0.00353   0.00120   0.00739   0.00754   0.00197   0.00072   0.00150   0.00024   0.00211   0.00116   0.00174   0.00073   0.00403   0.02078   0.01663   0.01194   0.00113   0.00402   0.00356   0.00249   0.00359   0.00929   0.01316   0.01909   0.00813   0.00490   0.01157   0.00000   0.00036   0.01688   0.00793   4.16432   0.75345   0.93482   1.04805   2.91419   0.02782   1.10320  
116  0.0012  27181.806874  x:  0.01001   0.01905   0.00267   0.00499   0.01476   0.00337   0.00540   0.00527   0.00842   0.00097   0.00712   0.00261   0.00047   0.00250   0.00089   0.00133   0.00196   0.00147   0.00222   0.00356   0.00498   0.00475   0.00160   0.00420   0.00353   0.00120   0.00739   0.00754   0.00197   0.00072   0.00150   0.00024   0.00211   0.00116   0.00174   0.00073   0.00403   0.02078   0.01663   0.01194   0.00113   0.00402   0.00356   0.00249   0.00359   0.00929   0.01316   0.01909   0.00813   0.00490   0.01157   0.00000   0.00036   0.01688   0.00793   4.16439   0.75346   0.93482   1.04806   2.91420   0.02782   1.10320  
117  0.0027  27181.806874  x:  0.01001   0.01905   0.00267   0.00499   0.01476   0.00337   0.00540   0.00527   0.00842   0.00097   0.00712   0.00261   0.00047   0.00250   0.00089   0.00133   0.00196   0.00147   0.00222   0.00356   0.00498   0.00475   0.00160   0.00420   0.00353   0.00120   0.00739   0.00754   0.00197   0.00072   0.00150   0.00024   0.00211   0.00116   0.00174   0.00073   0.00403   0.02078   0.01663   0.01194   0.00113   0.00402   0.00356   0.00249   0.00359   0.00929   0.01316   0.01909   0.00813   0.00490   0.01157   0.00000   0.00036   0.01688   0.00793   4.16439   0.75346   0.93482   1.04806   2.91420   0.02782   1.10320  
118  0.0027  27181.806874  x:  0.01001   0.01905   0.00267   0.00499   0.01476   0.00337   0.00540   0.00527   0.00842   0.00097   0.00712   0.00261   0.00047   0.00250   0.00089   0.00133   0.00196   0.00147   0.00222   0.00356   0.00498   0.00475   0.00160   0.00420   0.00353   0.00120   0.00739   0.00754   0.00197   0.00072   0.00150   0.00024   0.00211   0.00116   0.00174   0.00073   0.00403   0.02078   0.01663   0.01194   0.00113   0.00402   0.00356   0.00249   0.00359   0.00929   0.01316   0.01909   0.00813   0.00490   0.01157   0.00000   0.00036   0.01688   0.00793   4.16439   0.75346   0.93482   1.04806   2.91420   0.02782   1.10320  
check convergence!
