

TREE # 1

  0  0.0000   1707.632107  x:  0.00625   0.00939   0.01712   0.00334   0.01631   0.01800   0.00000   0.01456   0.02938   0.00971   0.02437   0.01242   0.01486   0.01794   0.01832   0.01399   0.00847   0.01869   0.00550   0.03377   0.03191   0.02464   0.01924   0.03648   0.01664   0.01138   0.02280   0.01554   0.02481   0.02741   0.04201   0.02121   0.01835   0.01276   0.00597   0.00823   0.04890   0.03084   0.03153   0.02212   0.02751   0.01399   0.02305   0.00885   0.02318   0.01141   0.01708   0.03433   0.01712   0.01157   0.01529   0.01332   0.02303   1.06481   0.94718   1.09616   1.13471   1.59278   1.40108   0.38859   0.51991   0.51534  
  1 99.0000   1707.628616  x:  0.00625   0.00938   0.01712   0.00334   0.01631   0.01800   0.00000   0.01456   0.02938   0.00971   0.02437   0.01242   0.01486   0.01794   0.01832   0.01399   0.00847   0.01869   0.00550   0.03377   0.03191   0.02464   0.01924   0.03648   0.01664   0.01138   0.02280   0.01554   0.02481   0.02741   0.04201   0.02121   0.01835   0.01276   0.00597   0.00822   0.04891   0.03084   0.03153   0.02212   0.02751   0.01399   0.02304   0.00885   0.02318   0.01141   0.01708   0.03433   0.01712   0.01157   0.01529   0.01332   0.02303   1.06481   0.94718   1.09616   1.13471   1.59278   1.40108   0.38859   0.51991   0.51534  
  2 956.2075   1692.346079  x:  0.00423   0.00525   0.01299   0.00000   0.01216   0.01650   0.00000   0.01134   0.02754   0.00902   0.02187   0.00827   0.01069   0.01377   0.01418   0.01428   0.00850   0.01713   0.00563   0.03269   0.03135   0.02421   0.01661   0.03713   0.01714   0.01043   0.02140   0.01595   0.02376   0.02522   0.04213   0.01850   0.01805   0.01108   0.00258   0.00444   0.04954   0.02960   0.03119   0.02173   0.02606   0.01239   0.02206   0.00532   0.02056   0.00775   0.01501   0.03378   0.01292   0.00982   0.01181   0.01128   0.02175   1.06507   0.94722   1.09616   1.13470   1.59286   1.40100   0.38799   0.51984   0.51532  
  3 11165.8203   1681.877520  x:  0.00449   0.00210   0.00985   0.00000   0.00898   0.01578   0.00000   0.00888   0.02641   0.00917   0.02027   0.00511   0.00751   0.01059   0.01102   0.01350   0.00876   0.01625   0.00601   0.03205   0.03099   0.02404   0.01484   0.03737   0.01673   0.01016   0.02062   0.01548   0.02320   0.02379   0.04216   0.01660   0.01801   0.01031   0.00000   0.00157   0.04982   0.02882   0.03092   0.02164   0.02522   0.01154   0.02150   0.00263   0.01878   0.00496   0.01377   0.03342   0.00972   0.00916   0.00916   0.01030   0.02097   1.06527   0.94724   1.09615   1.13466   1.59292   1.40094   0.38772   0.51980   0.51531  
  4 16651.2715   1676.686354  x:  0.00450   0.00038   0.00813   0.00000   0.00725   0.01555   0.00000   0.00755   0.02594   0.00928   0.01955   0.00339   0.00579   0.00887   0.00931   0.01352   0.00882   0.01584   0.00587   0.03177   0.03082   0.02400   0.01401   0.03744   0.01666   0.01013   0.02033   0.01542   0.02298   0.02316   0.04216   0.01567   0.01803   0.01010   0.00000   0.00000   0.04989   0.02849   0.03076   0.02167   0.02489   0.01126   0.02130   0.00118   0.01796   0.00345   0.01328   0.03325   0.00797   0.00905   0.00772   0.01004   0.02065   1.06537   0.94725   1.09614   1.13463   1.59295   1.40090   0.38766   0.51979   0.51530  
  5 39518.1514   1676.686354  x:  0.00450   0.00038   0.00813   0.00000   0.00725   0.01555   0.00000   0.00755   0.02594   0.00928   0.01955   0.00339   0.00579   0.00887   0.00931   0.01352   0.00882   0.01584   0.00587   0.03177   0.03082   0.02400   0.01401   0.03744   0.01666   0.01013   0.02033   0.01542   0.02298   0.02316   0.04216   0.01567   0.01803   0.01010   0.00000   0.00000   0.04989   0.02849   0.03076   0.02167   0.02489   0.01126   0.02130   0.00118   0.01796   0.00345   0.01328   0.03325   0.00797   0.00905   0.00772   0.01004   0.02065   1.06537   0.94725   1.09614   1.13463   1.59295   1.40090   0.38766   0.51979   0.51530  
  6 1033148616.9342   1675.309473  x:  0.00490   0.00000   0.00776   0.00000   0.00687   0.01540   0.00000   0.00726   0.02576   0.00916   0.01932   0.00301   0.00541   0.00849   0.00893   0.01373   0.00879   0.01568   0.00578   0.03167   0.03076   0.02395   0.01377   0.03751   0.01681   0.01002   0.02019   0.01557   0.02288   0.02296   0.04218   0.01542   0.01799   0.00993   0.00000   0.00000   0.04996   0.02837   0.03073   0.02163   0.02475   0.01110   0.02121   0.00086   0.01772   0.00312   0.01309   0.03320   0.00759   0.00886   0.00740   0.00984   0.02053   1.06539   0.94725   1.09614   1.13464   1.59296   1.40089   0.38760   0.51978   0.51530  
  7 886.9564   1672.259171  x:  0.00463   0.00000   0.00676   0.00000   0.00587   0.01504   0.00000   0.00648   0.02533   0.00892   0.01873   0.00201   0.00439   0.00748   0.00793   0.01410   0.00873   0.01528   0.00563   0.03142   0.03063   0.02384   0.01316   0.03768   0.01712   0.00977   0.01987   0.01587   0.02263   0.02246   0.04221   0.01478   0.01790   0.00955   0.00000   0.00000   0.05011   0.02807   0.03064   0.02153   0.02441   0.01074   0.02099   0.00000   0.01712   0.00223   0.01263   0.03306   0.00657   0.00846   0.00656   0.00939   0.02023   1.06545   0.94727   1.09615   1.13465   1.59298   1.40087   0.38745   0.51976   0.51529  
  8 7027.4352   1667.434701  x:  0.00467   0.00000   0.00477   0.00000   0.00387   0.01476   0.00000   0.00494   0.02475   0.00911   0.01790   0.00000   0.00238   0.00548   0.00594   0.01357   0.00892   0.01481   0.00598   0.03106   0.03042   0.02379   0.01220   0.03785   0.01692   0.00971   0.01948   0.01562   0.02234   0.02172   0.04226   0.01370   0.01791   0.00936   0.00000   0.00000   0.05029   0.02764   0.03046   0.02153   0.02398   0.01043   0.02072   0.00000   0.01620   0.00047   0.01211   0.03286   0.00455   0.00843   0.00488   0.00919   0.01982   1.06557   0.94730   1.09616   1.13467   1.59302   1.40083   0.38723   0.51974   0.51528  
  9 5361.8634   1666.342196  x:  0.00467   0.00000   0.00424   0.00000   0.00334   0.01474   0.00000   0.00453   0.02464   0.00916   0.01775   0.00000   0.00185   0.00494   0.00541   0.01358   0.00894   0.01471   0.00591   0.03100   0.03038   0.02379   0.01200   0.03787   0.01689   0.00972   0.01942   0.01559   0.02230   0.02158   0.04226   0.01345   0.01792   0.00936   0.00000   0.00000   0.05031   0.02756   0.03041   0.02156   0.02391   0.01040   0.02070   0.00000   0.01602   0.00000   0.01204   0.03281   0.00402   0.00845   0.00444   0.00920   0.01975   1.06560   0.94730   1.09617   1.13468   1.59303   1.40082   0.38719   0.51973   0.51528  
 10 18463.5091   1662.917987  x:  0.00468   0.00000   0.00241   0.00000   0.00150   0.01467   0.00000   0.00312   0.02434   0.00927   0.01725   0.00000   0.00000   0.00311   0.00358   0.01360   0.00900   0.01436   0.00588   0.03081   0.03024   0.02381   0.01139   0.03792   0.01685   0.00974   0.01925   0.01557   0.02219   0.02118   0.04229   0.01267   0.01797   0.00935   0.00000   0.00000   0.05035   0.02730   0.03023   0.02166   0.02371   0.01033   0.02064   0.00000   0.01549   0.00000   0.01186   0.03268   0.00217   0.00847   0.00291   0.00920   0.01955   1.06571   0.94733   1.09618   1.13470   1.59306   1.40078   0.38709   0.51971   0.51528  
 11 213609.2917   1660.470241  x:  0.00469   0.00000   0.00091   0.00000   0.00000   0.01458   0.00000   0.00197   0.02411   0.00935   0.01689   0.00000   0.00000   0.00161   0.00209   0.01354   0.00906   0.01410   0.00575   0.03067   0.03015   0.02382   0.01093   0.03796   0.01681   0.00972   0.01911   0.01551   0.02209   0.02088   0.04232   0.01208   0.01800   0.00929   0.00000   0.00000   0.05039   0.02710   0.03010   0.02173   0.02355   0.01024   0.02059   0.00000   0.01512   0.00000   0.01171   0.03258   0.00066   0.00846   0.00167   0.00914   0.01940   1.06579   0.94735   1.09619   1.13471   1.59309   1.40075   0.38701   0.51969   0.51527  
 12 233452.0526   1659.587506  x:  0.00469   0.00000   0.00025   0.00000   0.00000   0.01450   0.00000   0.00148   0.02400   0.00945   0.01678   0.00000   0.00000   0.00097   0.00146   0.01369   0.00911   0.01403   0.00580   0.03061   0.03011   0.02379   0.01080   0.03802   0.01672   0.00974   0.01903   0.01544   0.02201   0.02077   0.04234   0.01194   0.01800   0.00926   0.00000   0.00000   0.05044   0.02702   0.03008   0.02170   0.02346   0.01015   0.02052   0.00000   0.01503   0.00000   0.01157   0.03255   0.00000   0.00853   0.00114   0.00913   0.01932   1.06582   0.94736   1.09620   1.13472   1.59311   1.40074   0.38698   0.51969   0.51527  
 13 9175.9622   1659.318093  x:  0.00469   0.00000   0.00000   0.00000   0.00000   0.01451   0.00000   0.00130   0.02395   0.00946   0.01672   0.00000   0.00000   0.00074   0.00122   0.01367   0.00910   0.01398   0.00580   0.03058   0.03010   0.02378   0.01076   0.03805   0.01674   0.00977   0.01901   0.01548   0.02199   0.02072   0.04235   0.01191   0.01801   0.00929   0.00000   0.00000   0.05047   0.02700   0.03008   0.02169   0.02342   0.01014   0.02048   0.00000   0.01499   0.00000   0.01152   0.03254   0.00000   0.00856   0.00094   0.00917   0.01928   1.06584   0.94736   1.09620   1.13472   1.59311   1.40073   0.38696   0.51968   0.51527  
 14 3826.6023   1658.654509  x:  0.00470   0.00000   0.00000   0.00000   0.00000   0.01458   0.00000   0.00073   0.02384   0.00942   0.01654   0.00000   0.00000   0.00000   0.00049   0.01370   0.00915   0.01388   0.00580   0.03051   0.03005   0.02380   0.01061   0.03805   0.01673   0.00977   0.01895   0.01540   0.02198   0.02055   0.04233   0.01175   0.01803   0.00932   0.00000   0.00000   0.05052   0.02696   0.03007   0.02174   0.02336   0.01023   0.02047   0.00000   0.01479   0.00000   0.01155   0.03249   0.00000   0.00847   0.00032   0.00918   0.01921   1.06588   0.94737   1.09621   1.13473   1.59312   1.40072   0.38686   0.51967   0.51527  
 15 3064.5598   1658.396769  x:  0.00470   0.00000   0.00000   0.00000   0.00000   0.01456   0.00000   0.00044   0.02382   0.00949   0.01648   0.00000   0.00000   0.00000   0.00010   0.01370   0.00915   0.01382   0.00580   0.03050   0.03003   0.02383   0.01052   0.03802   0.01672   0.00975   0.01894   0.01544   0.02199   0.02050   0.04233   0.01163   0.01803   0.00928   0.00000   0.00000   0.05051   0.02693   0.03003   0.02178   0.02336   0.01022   0.02051   0.00000   0.01469   0.00000   0.01158   0.03247   0.00000   0.00850   0.00000   0.00914   0.01920   1.06590   0.94737   1.09621   1.13473   1.59313   1.40071   0.38680   0.51966   0.51526  
 16 2910.3981   1658.348173  x:  0.00470   0.00000   0.00000   0.00000   0.00000   0.01455   0.00000   0.00036   0.02383   0.00948   0.01646   0.00000   0.00000   0.00000   0.00000   0.01370   0.00915   0.01381   0.00580   0.03050   0.03003   0.02383   0.01049   0.03803   0.01673   0.00975   0.01894   0.01543   0.02199   0.02050   0.04233   0.01159   0.01804   0.00929   0.00000   0.00000   0.05050   0.02692   0.03001   0.02179   0.02337   0.01021   0.02052   0.00000   0.01468   0.00000   0.01157   0.03247   0.00000   0.00850   0.00000   0.00915   0.01920   1.06590   0.94737   1.09621   1.13473   1.59313   1.40071   0.38678   0.51966   0.51526  
 17 1629.4761   1658.250412  x:  0.00470   0.00000   0.00000   0.00000   0.00000   0.01458   0.00000   0.00000   0.02383   0.00950   0.01644   0.00000   0.00000   0.00000   0.00000   0.01370   0.00920   0.01377   0.00579   0.03049   0.03003   0.02383   0.01042   0.03806   0.01668   0.00973   0.01893   0.01547   0.02195   0.02052   0.04238   0.01146   0.01806   0.00930   0.00000   0.00000   0.05049   0.02687   0.02997   0.02181   0.02335   0.01022   0.02052   0.00000   0.01473   0.00000   0.01151   0.03248   0.00000   0.00846   0.00000   0.00914   0.01920   1.06593   0.94738   1.09621   1.13474   1.59314   1.40070   0.38670   0.51965   0.51526  
 18 600.7980   1656.629623  x:  0.00470   0.00000   0.00000   0.00000   0.00000   0.01705   0.00000   0.00000   0.02104   0.01152   0.01477   0.00000   0.00000   0.00000   0.00000   0.01336   0.00566   0.00891   0.00529   0.02862   0.03049   0.02382   0.00760   0.04191   0.02045   0.00865   0.01591   0.01099   0.01975   0.02162   0.04734   0.00183   0.01863   0.00608   0.00000   0.00000   0.05283   0.02405   0.02871   0.02337   0.02056   0.01444   0.01679   0.00000   0.02119   0.00000   0.01161   0.03278   0.00000   0.01149   0.00000   0.00583   0.01673   1.07002   0.94827   1.09683   1.13558   1.59476   1.39905   0.37720   0.51849   0.51491  
 19 154.1937   1655.891053  x:  0.00469   0.00000   0.00000   0.00000   0.00000   0.01573   0.00000   0.00000   0.01969   0.01130   0.01389   0.00000   0.00000   0.00000   0.00000   0.01316   0.00806   0.00947   0.00484   0.02777   0.03040   0.02391   0.00741   0.04233   0.02178   0.00881   0.01522   0.01094   0.02002   0.02073   0.04837   0.00000   0.01861   0.00533   0.00000   0.00000   0.05432   0.02381   0.02931   0.02367   0.01977   0.01428   0.01589   0.00000   0.02219   0.00000   0.01271   0.03261   0.00000   0.01245   0.00000   0.00599   0.01578   1.07201   0.94871   1.09715   1.13601   1.59556   1.39822   0.37309   0.51797   0.51475  
 20 136.8599   1652.667606  x:  0.00471   0.00000   0.00000   0.00000   0.00000   0.00674   0.00000   0.00000   0.01367   0.01059   0.00767   0.00000   0.00000   0.00000   0.00000   0.01236   0.00573   0.00697   0.00276   0.02369   0.02875   0.02479   0.00267   0.04225   0.01593   0.00646   0.01267   0.01138   0.02134   0.01240   0.05282   0.00000   0.02031   0.00966   0.00000   0.00000   0.06203   0.02162   0.03134   0.02544   0.01687   0.00946   0.01509   0.00000   0.02190   0.00000   0.01598   0.03067   0.00000   0.01144   0.00000   0.00420   0.01213   1.08604   0.95182   1.09938   1.13903   1.60120   1.39239   0.34500   0.51435   0.51362  
 21 206.3765   1650.961188  x:  0.00471   0.00000   0.00000   0.00000   0.00000   0.00893   0.00000   0.00000   0.01359   0.01171   0.00659   0.00000   0.00000   0.00000   0.00000   0.01215   0.00556   0.00577   0.00210   0.02309   0.02794   0.02467   0.00000   0.04243   0.01527   0.00687   0.01238   0.01106   0.02091   0.01030   0.05317   0.00000   0.01998   0.00757   0.00000   0.00000   0.06378   0.02047   0.03107   0.02550   0.01637   0.00682   0.01562   0.00000   0.01877   0.00000   0.01426   0.02988   0.00000   0.01021   0.00000   0.00479   0.01201   1.09090   0.95290   1.10015   1.14009   1.60317   1.39035   0.33524   0.51311   0.51322  
 22 327.7294   1648.896313  x:  0.00471   0.00000   0.00000   0.00000   0.00000   0.00725   0.00000   0.00000   0.01444   0.01470   0.00633   0.00000   0.00000   0.00000   0.00000   0.01180   0.00718   0.00260   0.00098   0.02298   0.02620   0.02479   0.00000   0.04409   0.01657   0.00820   0.01194   0.00978   0.01830   0.01154   0.05216   0.00000   0.01935   0.00709   0.00000   0.00000   0.06539   0.01801   0.02807   0.02660   0.01605   0.01000   0.01615   0.00000   0.00687   0.00000   0.00690   0.02845   0.00000   0.00889   0.00000   0.00238   0.01226   1.10001   0.95497   1.10160   1.14208   1.60692   1.38648   0.31643   0.51074   0.51246  
 23 379.8514   1648.690114  x:  0.00471   0.00000   0.00000   0.00000   0.00000   0.00649   0.00000   0.00000   0.01430   0.01512   0.00610   0.00000   0.00000   0.00000   0.00000   0.01178   0.00706   0.00202   0.00091   0.02306   0.02601   0.02471   0.00000   0.04439   0.01656   0.00683   0.01160   0.00969   0.01777   0.01205   0.05177   0.00000   0.01904   0.00633   0.00000   0.00000   0.06518   0.01765   0.02723   0.02689   0.01600   0.01073   0.01602   0.00000   0.00538   0.00000   0.00628   0.02833   0.00000   0.00867   0.00000   0.00395   0.01219   1.10133   0.95528   1.10180   1.14237   1.60748   1.38591   0.31355   0.51039   0.51235  
 24 226.3538   1648.183046  x:  0.00470   0.00000   0.00000   0.00000   0.00000   0.00740   0.00000   0.00000   0.01292   0.01472   0.00335   0.00000   0.00000   0.00000   0.00000   0.01185   0.00769   0.00109   0.00106   0.02365   0.02538   0.02378   0.00000   0.04541   0.01716   0.00474   0.01174   0.00961   0.01642   0.01231   0.04881   0.00000   0.01858   0.00741   0.00000   0.00000   0.06208   0.01640   0.02282   0.02794   0.01578   0.01005   0.01609   0.00000   0.00481   0.00000   0.00648   0.02811   0.00000   0.01032   0.00000   0.00355   0.01167   1.10506   0.95621   1.10237   1.14322   1.60914   1.38425   0.30441   0.50936   0.51199  
 25 91.9040   1647.784801  x:  0.00470   0.00000   0.00000   0.00000   0.00000   0.00734   0.00000   0.00000   0.01187   0.01438   0.00450   0.00000   0.00000   0.00000   0.00000   0.01192   0.00806   0.00000   0.00118   0.02348   0.02487   0.02342   0.00000   0.04595   0.01701   0.00494   0.01162   0.00972   0.01585   0.01135   0.04706   0.00000   0.01843   0.00734   0.00000   0.00000   0.06033   0.01557   0.02058   0.02874   0.01534   0.00992   0.01593   0.00000   0.00467   0.00000   0.00697   0.02781   0.00000   0.01044   0.00000   0.00349   0.01104   1.10776   0.95688   1.10278   1.14383   1.61034   1.38304   0.29770   0.50860   0.51173  
 26 278.5110   1647.784801  x:  0.00470   0.00000   0.00000   0.00000   0.00000   0.00734   0.00000   0.00000   0.01187   0.01438   0.00450   0.00000   0.00000   0.00000   0.00000   0.01192   0.00806   0.00000   0.00118   0.02348   0.02487   0.02342   0.00000   0.04595   0.01701   0.00494   0.01162   0.00972   0.01585   0.01135   0.04706   0.00000   0.01843   0.00734   0.00000   0.00000   0.06033   0.01557   0.02058   0.02874   0.01534   0.00992   0.01593   0.00000   0.00467   0.00000   0.00697   0.02781   0.00000   0.01044   0.00000   0.00349   0.01104   1.10776   0.95688   1.10278   1.14383   1.61034   1.38304   0.29770   0.50860   0.51173  
 27 280.4234   1645.224740  x:  0.00888   0.00000   0.00000   0.00000   0.00000   0.00844   0.00000   0.00000   0.01259   0.01276   0.00457   0.00000   0.00000   0.00000   0.00000   0.01498   0.01133   0.00121   0.01250   0.02336   0.02484   0.02340   0.00000   0.04606   0.01872   0.00623   0.01197   0.01454   0.01584   0.01080   0.04699   0.00000   0.01831   0.00609   0.00000   0.00000   0.06031   0.01554   0.02114   0.02821   0.01528   0.00835   0.01642   0.00000   0.00508   0.00000   0.00611   0.02774   0.00000   0.00801   0.00000   0.00494   0.01130   1.10798   0.95694   1.10280   1.14388   1.61045   1.38294   0.29705   0.50853   0.51170  
 28 725.4850   1643.639832  x:  0.01017   0.00000   0.00000   0.00000   0.00000   0.00949   0.00000   0.00000   0.01364   0.00978   0.00487   0.00000   0.00000   0.00000   0.00000   0.01908   0.01321   0.00000   0.00980   0.02315   0.02481   0.02330   0.00000   0.04625   0.02143   0.00723   0.01218   0.01971   0.01595   0.00993   0.04692   0.00000   0.01812   0.00446   0.00000   0.00000   0.06030   0.01557   0.02219   0.02722   0.01522   0.00559   0.01723   0.00000   0.00533   0.00000   0.00504   0.02764   0.00000   0.00377   0.00000   0.00482   0.01175   1.10846   0.95706   1.10287   1.14400   1.61068   1.38271   0.29556   0.50838   0.51165  
 29 264.3849   1643.388281  x:  0.01046   0.00000   0.00000   0.00000   0.00000   0.00939   0.00000   0.00000   0.01394   0.00892   0.00417   0.00000   0.00000   0.00000   0.00000   0.02096   0.01462   0.00000   0.00881   0.02301   0.02478   0.02324   0.00000   0.04640   0.02287   0.00704   0.01192   0.02202   0.01612   0.00969   0.04684   0.00000   0.01802   0.00577   0.00000   0.00000   0.06029   0.01566   0.02298   0.02635   0.01528   0.00522   0.01784   0.00000   0.00515   0.00000   0.00565   0.02756   0.00000   0.00628   0.00000   0.00509   0.01192   1.10903   0.95721   1.10295   1.14414   1.61097   1.38243   0.29377   0.50820   0.51158  
 30 122.9371   1643.225648  x:  0.00983   0.00000   0.00000   0.00000   0.00000   0.00855   0.00000   0.00000   0.01363   0.01040   0.00542   0.00000   0.00000   0.00000   0.00000   0.02197   0.01547   0.00000   0.00844   0.02288   0.02475   0.02322   0.00000   0.04666   0.02397   0.00623   0.01124   0.02327   0.01646   0.01005   0.04670   0.00000   0.01799   0.00572   0.00000   0.00000   0.06030   0.01602   0.02409   0.02488   0.01550   0.00723   0.01857   0.00000   0.00512   0.00000   0.00609   0.02745   0.00000   0.00619   0.00000   0.00486   0.01191   1.11048   0.95759   1.10314   1.14449   1.61170   1.38172   0.28922   0.50774   0.51141  
 31 63.5076   1642.901898  x:  0.00893   0.00000   0.00000   0.00000   0.00000   0.00851   0.00000   0.00000   0.01303   0.01178   0.00290   0.00000   0.00000   0.00000   0.00000   0.02208   0.01540   0.00000   0.00801   0.02280   0.02473   0.02325   0.00000   0.04718   0.02467   0.00644   0.01080   0.02345   0.01700   0.01047   0.04647   0.00000   0.01806   0.00537   0.00000   0.00000   0.06034   0.01689   0.02567   0.02243   0.01567   0.00794   0.01939   0.00000   0.00523   0.00000   0.00573   0.02731   0.00000   0.00560   0.00000   0.00508   0.01176   1.11402   0.95852   1.10363   1.14536   1.61350   1.37997   0.27794   0.50660   0.51100  
 32 115.6569   1641.271025  x:  0.00750   0.00000   0.00000   0.00000   0.00000   0.01089   0.00000   0.00000   0.01146   0.01313   0.00502   0.00000   0.00000   0.00000   0.00000   0.02022   0.01288   0.00000   0.00557   0.02272   0.02473   0.02343   0.00000   0.04984   0.02579   0.00955   0.01051   0.02140   0.01899   0.01108   0.04545   0.00000   0.01850   0.00595   0.00000   0.00000   0.06067   0.02155   0.03221   0.01180   0.01600   0.00491   0.02218   0.00000   0.00534   0.00000   0.00392   0.02683   0.00000   0.00653   0.00000   0.00610   0.01115   1.13477   0.96394   1.10647   1.15046   1.62408   1.36971   0.21173   0.49995   0.50856  
 33 481.7122   1638.265793  x:  0.00984   0.00000   0.00000   0.00000   0.00000   0.01062   0.00000   0.00000   0.01310   0.01090   0.00474   0.00000   0.00000   0.00000   0.00000   0.01823   0.01122   0.00000   0.00105   0.02295   0.02486   0.02352   0.00000   0.05306   0.02582   0.00924   0.01048   0.01861   0.01981   0.01039   0.04471   0.00000   0.01884   0.00558   0.00000   0.00000   0.06128   0.02811   0.03900   0.00894   0.01626   0.00486   0.02419   0.00000   0.00495   0.00000   0.00911   0.02662   0.00000   0.00556   0.00000   0.00349   0.01137   1.16792   0.97262   1.11102   1.15866   1.64116   1.35317   0.10517   0.48929   0.50464  
 34 1189.6067   1636.657557  x:  0.00454   0.00000   0.00000   0.00000   0.00000   0.00979   0.00000   0.00000   0.01387   0.00854   0.00500   0.00000   0.00000   0.00000   0.00000   0.01896   0.00993   0.00000   0.00034   0.02306   0.02499   0.02358   0.00000   0.05452   0.02670   0.00767   0.01042   0.01770   0.01990   0.00994   0.04473   0.00000   0.01885   0.00616   0.00000   0.00000   0.06171   0.03068   0.04225   0.01118   0.01632   0.00435   0.02505   0.00000   0.00485   0.00000   0.00800   0.02669   0.00000   0.00532   0.00000   0.00375   0.01183   1.18684   0.97757   1.11361   1.16337   1.65100   1.34365   0.04395   0.48319   0.50240  
 35 1740.0398   1636.436822  x:  0.00369   0.00000   0.00000   0.00000   0.00000   0.00956   0.00000   0.00000   0.01406   0.00793   0.00496   0.00000   0.00000   0.00000   0.00000   0.01928   0.00919   0.00000   0.00063   0.02305   0.02502   0.02362   0.00000   0.05475   0.02715   0.00720   0.01035   0.01732   0.01995   0.00980   0.04475   0.00000   0.01883   0.00632   0.00000   0.00000   0.06179   0.03097   0.04289   0.01099   0.01634   0.00404   0.02527   0.00000   0.00469   0.00000   0.00811   0.02670   0.00000   0.00525   0.00000   0.00265   0.01195   1.19010   0.97842   1.11406   1.16418   1.65270   1.34200   0.03339   0.48214   0.50201  
 36 1347.0167   1635.513824  x:  0.00510   0.00000   0.00000   0.00000   0.00000   0.00868   0.00000   0.00000   0.01398   0.00750   0.00483   0.00000   0.00000   0.00000   0.00000   0.02072   0.00697   0.00000   0.00061   0.02301   0.02515   0.02378   0.00000   0.05505   0.02893   0.00529   0.01022   0.01563   0.01994   0.00976   0.04520   0.00000   0.01865   0.00682   0.00000   0.00000   0.06210   0.03058   0.04437   0.01070   0.01634   0.00400   0.02572   0.00000   0.00444   0.00000   0.00646   0.02686   0.00000   0.00529   0.00000   0.00237   0.01230   1.20029   0.98108   1.11546   1.16676   1.65813   1.33677   0.00000   0.47885   0.50079  
 37 949.1935   1635.473974  x:  0.00512   0.00000   0.00000   0.00000   0.00000   0.00861   0.00000   0.00000   0.01410   0.00740   0.00485   0.00000   0.00000   0.00000   0.00000   0.02114   0.00741   0.00000   0.00062   0.02301   0.02524   0.02385   0.00000   0.05512   0.02984   0.00514   0.01055   0.01431   0.01984   0.00965   0.04554   0.00000   0.01855   0.00675   0.00000   0.00000   0.06232   0.03008   0.04510   0.01032   0.01630   0.00386   0.02585   0.00000   0.00444   0.00000   0.00676   0.02698   0.00000   0.00515   0.00000   0.00268   0.01244   1.20735   0.98293   1.11644   1.16857   1.66192   1.33313   0.00000   0.47657   0.49994  
 38 59.5111   1635.222369  x:  0.00523   0.00000   0.00000   0.00000   0.00000   0.00896   0.00000   0.00000   0.01395   0.00780   0.00484   0.00000   0.00000   0.00000   0.00000   0.02089   0.00733   0.00419   0.00055   0.02302   0.02524   0.02383   0.00000   0.05508   0.02970   0.00578   0.01065   0.01499   0.01977   0.00976   0.04557   0.00000   0.01858   0.00671   0.00000   0.00000   0.06234   0.02997   0.04504   0.01069   0.01630   0.00412   0.02577   0.00000   0.00460   0.00000   0.00637   0.02698   0.00000   0.00544   0.00000   0.00198   0.01234   1.20862   0.98326   1.11661   1.16890   1.66261   1.33247   0.00000   0.47616   0.49978  
 39 127.4005   1635.007542  x:  0.00497   0.00000   0.00000   0.00000   0.00000   0.00918   0.00000   0.00000   0.01402   0.00774   0.00489   0.00000   0.00000   0.00000   0.00000   0.02053   0.00541   0.00682   0.00067   0.02302   0.02519   0.02386   0.00167   0.05500   0.02932   0.00631   0.01050   0.01664   0.01974   0.00982   0.04543   0.00000   0.01866   0.00651   0.00000   0.00000   0.06228   0.03011   0.04483   0.01079   0.01635   0.00454   0.02563   0.00000   0.00457   0.00000   0.00741   0.02690   0.00000   0.00551   0.00000   0.00288   0.01218   1.20781   0.98305   1.11650   1.16871   1.66218   1.33288   0.00000   0.47642   0.49988  
 40 180.8511   1634.876451  x:  0.00504   0.00000   0.00000   0.00000   0.00000   0.00942   0.00000   0.00000   0.01382   0.00821   0.00490   0.00000   0.00000   0.00000   0.00000   0.02075   0.00547   0.00588   0.00056   0.02314   0.02541   0.02327   0.00357   0.05447   0.03022   0.00690   0.01141   0.01629   0.01910   0.01018   0.04623   0.00000   0.01855   0.00585   0.00000   0.00000   0.06290   0.02795   0.04610   0.00995   0.01629   0.00460   0.02468   0.00000   0.00543   0.00000   0.00778   0.02726   0.00000   0.00595   0.00000   0.00250   0.01218   1.22905   0.98858   1.11942   1.17421   1.67365   1.32187   0.00000   0.46957   0.49731  
 41 240.9001   1634.688192  x:  0.00512   0.00000   0.00000   0.00000   0.00000   0.00953   0.00000   0.00000   0.01345   0.00836   0.00483   0.00000   0.00000   0.00000   0.00000   0.01954   0.00555   0.00601   0.00050   0.02326   0.02551   0.02150   0.00375   0.05326   0.02956   0.00679   0.01099   0.01770   0.01851   0.01048   0.04650   0.00000   0.01867   0.00618   0.00000   0.00000   0.06350   0.02600   0.04753   0.00841   0.01641   0.00446   0.02303   0.00000   0.00386   0.00000   0.00815   0.02744   0.00000   0.00564   0.00000   0.00262   0.01179   1.25696   0.99584   1.12326   1.18151   1.68875   1.30737   0.00000   0.46057   0.49391  
 42 412.3614   1634.573705  x:  0.00527   0.00000   0.00000   0.00000   0.00000   0.00947   0.00000   0.00000   0.01332   0.00812   0.00485   0.00000   0.00000   0.00000   0.00000   0.01869   0.00546   0.00636   0.00050   0.02314   0.02539   0.02044   0.00322   0.05248   0.02870   0.00669   0.00994   0.01859   0.01885   0.01026   0.04600   0.00000   0.01878   0.00658   0.00000   0.00000   0.06364   0.02621   0.04888   0.00773   0.01660   0.00444   0.02252   0.00000   0.00545   0.00000   0.00846   0.02720   0.00000   0.00547   0.00000   0.00284   0.01152   1.27629   1.00087   1.12591   1.18661   1.69919   1.29735   0.00000   0.45433   0.49155  
 43 452.4016   1634.301900  x:  0.00611   0.00000   0.00000   0.00000   0.00000   0.00969   0.00000   0.00000   0.01317   0.00841   0.00502   0.00000   0.00000   0.00000   0.00000   0.01859   0.00639   0.00504   0.00049   0.02240   0.02473   0.02000   0.00433   0.05139   0.02741   0.00822   0.00864   0.01813   0.02146   0.00947   0.04377   0.00000   0.01873   0.00594   0.00000   0.00000   0.06342   0.03012   0.05366   0.00808   0.01691   0.00457   0.02358   0.00000   0.00480   0.00000   0.00830   0.02598   0.00000   0.00584   0.00000   0.00291   0.01143   1.32863   1.01450   1.13312   1.20047   1.72740   1.27027   0.00000   0.43741   0.48515  
 44 468.1242   1634.210012  x:  0.00621   0.00000   0.00000   0.00000   0.00000   0.00983   0.00000   0.00000   0.01365   0.00875   0.00501   0.00000   0.00000   0.00000   0.00000   0.01882   0.00639   0.00504   0.00048   0.02258   0.02454   0.02112   0.00388   0.05150   0.02623   0.00777   0.01077   0.01867   0.02141   0.01049   0.04294   0.00000   0.01863   0.00620   0.00000   0.00000   0.06277   0.03193   0.05431   0.00766   0.01633   0.00466   0.02437   0.00000   0.00486   0.00000   0.00833   0.02586   0.00000   0.00581   0.00000   0.00301   0.01166   1.34525   1.01885   1.13543   1.20502   1.73632   1.26171   0.00000   0.43201   0.48308  
 45 223.9813   1634.143475  x:  0.00622   0.00000   0.00000   0.00000   0.00000   0.00998   0.00000   0.00000   0.01321   0.00884   0.00498   0.00000   0.00000   0.00000   0.00000   0.01884   0.00691   0.00471   0.00045   0.02307   0.02463   0.02227   0.00444   0.05238   0.02543   0.00685   0.01001   0.01896   0.01990   0.01044   0.04287   0.00000   0.01865   0.00584   0.00000   0.00000   0.06165   0.03310   0.05311   0.00723   0.01581   0.00421   0.02520   0.00000   0.00491   0.00000   0.00814   0.02633   0.00000   0.00592   0.00000   0.00298   0.01155   1.35272   1.02083   1.13650   1.20736   1.74025   1.25796   0.00000   0.42953   0.48208  
 46 67.2760   1634.053718  x:  0.00621   0.00000   0.00000   0.00000   0.00000   0.01010   0.00000   0.00000   0.01295   0.00843   0.00497   0.00000   0.00000   0.00000   0.00000   0.01929   0.00679   0.00465   0.00045   0.02343   0.02490   0.02276   0.00380   0.05390   0.02596   0.00803   0.00966   0.01859   0.01807   0.00986   0.04338   0.00000   0.01861   0.00623   0.00000   0.00000   0.06012   0.03370   0.05122   0.00684   0.01566   0.00526   0.02630   0.00000   0.00482   0.00000   0.00799   0.02703   0.00000   0.00583   0.00000   0.00300   0.01146   1.36582   1.02433   1.13841   1.21148   1.74709   1.25142   0.00000   0.42518   0.48032  
 47 147.4036   1633.889673  x:  0.00618   0.00000   0.00000   0.00000   0.00000   0.00920   0.00000   0.00000   0.01297   0.01006   0.00501   0.00000   0.00000   0.00000   0.00000   0.01941   0.00641   0.00473   0.00047   0.02317   0.02519   0.02184   0.00283   0.05630   0.02761   0.00879   0.00949   0.01868   0.01756   0.01020   0.04416   0.00000   0.01862   0.00641   0.00000   0.00000   0.05778   0.03400   0.04764   0.00757   0.01638   0.00392   0.02770   0.00000   0.00482   0.00000   0.00855   0.02747   0.00000   0.00575   0.00000   0.00306   0.01128   1.38345   1.02909   1.14104   1.21757   1.75608   1.24283   0.00000   0.41922   0.47781  
 48 169.6609   1633.510322  x:  0.00589   0.00000   0.00000   0.00000   0.00000   0.01026   0.00000   0.00000   0.01355   0.00867   0.00489   0.00000   0.00000   0.00000   0.00000   0.01800   0.00713   0.00415   0.00051   0.02189   0.02515   0.01947   0.00327   0.06010   0.02933   0.00684   0.01003   0.01897   0.02068   0.01104   0.04500   0.00000   0.01878   0.00580   0.00000   0.00000   0.05402   0.03345   0.03937   0.00746   0.01755   0.00473   0.02917   0.00000   0.00479   0.00000   0.00761   0.02681   0.00000   0.00595   0.00000   0.00299   0.01128   1.41269   1.03713   1.14560   1.22898   1.77052   1.22910   0.00000   0.40912   0.47333  
 49 223.0328   1632.704598  x:  0.00515   0.00000   0.00000   0.00000   0.00000   0.00806   0.00000   0.00000   0.01188   0.00906   0.00469   0.00000   0.00000   0.00000   0.00000   0.01996   0.00756   0.00378   0.00055   0.02226   0.02380   0.02249   0.00313   0.06043   0.02728   0.00652   0.01009   0.01952   0.02446   0.00742   0.04401   0.00000   0.01807   0.00803   0.00000   0.00000   0.05441   0.02842   0.03047   0.00846   0.01425   0.00449   0.02695   0.00000   0.00484   0.00000   0.00711   0.02405   0.00000   0.00479   0.00000   0.00273   0.01216   1.46442   1.05160   1.15399   1.25098   1.79531   1.20558   0.00000   0.39091   0.46496  
 50 195.5272   1631.682004  x:  0.00434   0.00000   0.00000   0.00000   0.00000   0.00919   0.00000   0.00000   0.01243   0.00829   0.00471   0.00000   0.00000   0.00000   0.00000   0.02238   0.00689   0.00479   0.00066   0.02295   0.02302   0.02539   0.00000   0.05884   0.02615   0.00652   0.00792   0.01939   0.02419   0.00979   0.04300   0.00000   0.01754   0.00557   0.00000   0.00000   0.05651   0.02376   0.02651   0.01075   0.01345   0.00477   0.02445   0.00000   0.00466   0.00000   0.00710   0.02329   0.00000   0.00591   0.00000   0.00283   0.01201   1.51831   1.06667   1.16273   1.27379   1.82112   1.18108   0.00000   0.37193   0.45625  
 51 721.5568   1630.503109  x:  0.00376   0.00000   0.00000   0.00000   0.00000   0.00868   0.00000   0.00000   0.01296   0.00677   0.00459   0.00000   0.00000   0.00000   0.00000   0.02029   0.00827   0.00354   0.00090   0.02233   0.02392   0.02704   0.00000   0.05454   0.02608   0.00421   0.01031   0.01952   0.01788   0.00859   0.04353   0.00000   0.01836   0.00740   0.00000   0.00000   0.06004   0.02088   0.02804   0.01472   0.01968   0.00498   0.02186   0.00000   0.00486   0.00000   0.00494   0.02697   0.00000   0.00493   0.00000   0.00267   0.01018   1.59713   1.08888   1.17577   1.30815   1.85847   1.14566   0.00000   0.34395   0.44325  
 52 636.3776   1630.281659  x:  0.00366   0.00000   0.00000   0.00000   0.00000   0.00778   0.00000   0.00000   0.01290   0.00633   0.00459   0.00000   0.00000   0.00000   0.00000   0.01919   0.00843   0.00331   0.00099   0.02218   0.02463   0.02407   0.00000   0.05283   0.02604   0.00402   0.01080   0.01973   0.01598   0.00861   0.04503   0.00000   0.01806   0.00692   0.00000   0.00000   0.05974   0.02178   0.02946   0.01537   0.01650   0.00510   0.02177   0.00000   0.00487   0.00000   0.00429   0.02787   0.00000   0.00514   0.00000   0.00273   0.01281   1.60953   1.09249   1.17800   1.31426   1.86413   1.14032   0.00000   0.33938   0.44102  
 53 163.1863   1630.253946  x:  0.00365   0.00000   0.00000   0.00000   0.00000   0.00861   0.00000   0.00000   0.01281   0.00660   0.00459   0.00000   0.00000   0.00000   0.00000   0.01951   0.00840   0.00321   0.00100   0.02227   0.02479   0.02343   0.00000   0.05232   0.02606   0.00375   0.01085   0.01955   0.01589   0.00855   0.04568   0.00000   0.01796   0.00736   0.00000   0.00000   0.05936   0.02195   0.02983   0.01567   0.01571   0.00513   0.02181   0.00000   0.00489   0.00000   0.00445   0.02802   0.00000   0.00494   0.00000   0.00271   0.01237   1.61156   1.09311   1.17841   1.31532   1.86506   1.13945   0.00000   0.33859   0.44063  
 54 62.4185   1630.241382  x:  0.00366   0.00000   0.00000   0.00000   0.00000   0.00825   0.00000   0.00000   0.01281   0.00640   0.00459   0.00000   0.00000   0.00000   0.00000   0.01974   0.00845   0.00319   0.00101   0.02245   0.02488   0.02321   0.00000   0.05177   0.02573   0.00385   0.01086   0.01952   0.01607   0.00881   0.04631   0.00000   0.01795   0.00740   0.00000   0.00000   0.05874   0.02210   0.02995   0.01566   0.01541   0.00513   0.02182   0.00000   0.00489   0.00000   0.00440   0.02809   0.00000   0.00491   0.00000   0.00271   0.01158   1.61146   1.09318   1.17854   1.31577   1.86491   1.13962   0.00000   0.33849   0.44050  
 55 21.3268   1630.234388  x:  0.00361   0.00000   0.00000   0.00000   0.00000   0.00827   0.00000   0.00000   0.01299   0.00650   0.00459   0.00000   0.00000   0.00000   0.00000   0.01993   0.00837   0.00328   0.00101   0.02253   0.02489   0.02331   0.00000   0.05111   0.02543   0.00382   0.01089   0.01956   0.01620   0.00850   0.04693   0.00000   0.01794   0.00716   0.00000   0.00000   0.05796   0.02207   0.03000   0.01558   0.01567   0.00513   0.02175   0.00000   0.00488   0.00000   0.00437   0.02805   0.00000   0.00504   0.00000   0.00272   0.01168   1.61169   1.09339   1.17882   1.31654   1.86491   1.13967   0.00000   0.33820   0.44027  
 56 12.9880   1630.229951  x:  0.00363   0.00000   0.00000   0.00000   0.00000   0.00832   0.00000   0.00000   0.01278   0.00643   0.00459   0.00000   0.00000   0.00000   0.00000   0.01992   0.00840   0.00326   0.00100   0.02247   0.02483   0.02355   0.00000   0.05067   0.02542   0.00387   0.01078   0.01954   0.01627   0.00873   0.04721   0.00000   0.01794   0.00735   0.00000   0.00000   0.05739   0.02200   0.03007   0.01563   0.01585   0.00512   0.02173   0.00000   0.00488   0.00000   0.00443   0.02795   0.00000   0.00493   0.00000   0.00271   0.01200   1.61182   1.09359   1.17911   1.31735   1.86486   1.13978   0.00000   0.33792   0.44002  
 57 13.2449   1630.214821  x:  0.00364   0.00000   0.00000   0.00000   0.00000   0.00832   0.00000   0.00000   0.01304   0.00645   0.00459   0.00000   0.00000   0.00000   0.00000   0.01930   0.00842   0.00323   0.00100   0.02204   0.02448   0.02406   0.00000   0.04989   0.02628   0.00386   0.01080   0.01953   0.01593   0.00862   0.04667   0.00000   0.01795   0.00729   0.00000   0.00000   0.05623   0.02160   0.03025   0.01572   0.01541   0.00512   0.02162   0.00000   0.00488   0.00000   0.00437   0.02750   0.00000   0.00495   0.00000   0.00271   0.01169   1.61292   1.09488   1.18091   1.32215   1.86475   1.14021   0.00000   0.33612   0.43853  
 58 10.8806   1630.150499  x:  0.00365   0.00000   0.00000   0.00000   0.00000   0.00830   0.00000   0.00000   0.01162   0.00623   0.00459   0.00000   0.00000   0.00000   0.00000   0.01974   0.00833   0.00335   0.00102   0.02281   0.02428   0.02310   0.00000   0.04879   0.02645   0.00370   0.01142   0.01945   0.01544   0.00839   0.04419   0.00000   0.01792   0.00678   0.00000   0.00000   0.05453   0.02132   0.02991   0.01586   0.01573   0.00512   0.02128   0.00000   0.00487   0.00000   0.00459   0.02753   0.00000   0.00513   0.00000   0.00274   0.01149   1.61313   1.09960   1.18857   1.34315   1.86169   1.14462   0.00000   0.32933   0.43222  
 59 39.5198   1629.988234  x:  0.00374   0.00000   0.00000   0.00000   0.00000   0.00819   0.00000   0.00000   0.01365   0.00679   0.00454   0.00000   0.00000   0.00000   0.00000   0.02075   0.00868   0.00285   0.00103   0.02401   0.02461   0.02166   0.00000   0.04755   0.02566   0.00403   0.01081   0.01897   0.01499   0.00887   0.04077   0.00000   0.01788   0.00786   0.00000   0.00000   0.05261   0.02096   0.02894   0.01555   0.01616   0.00515   0.02064   0.00000   0.00493   0.00000   0.00408   0.02849   0.00000   0.00470   0.00000   0.00270   0.01210   1.61324   1.11190   1.20869   1.39807   1.85355   1.15635   0.00000   0.31158   0.41570  
 60 280.3976   1627.572706  x:  0.00590   0.00000   0.00000   0.00000   0.00000   0.00898   0.00000   0.00000   0.01197   0.00793   0.00475   0.00000   0.00000   0.00000   0.00000   0.02097   0.01056   0.00121   0.00121   0.01666   0.03298   0.02597   0.00000   0.04766   0.02270   0.00561   0.01085   0.02112   0.01929   0.00823   0.04290   0.00000   0.01843   0.00553   0.00000   0.00000   0.05528   0.01484   0.02536   0.01817   0.01287   0.00538   0.02068   0.00000   0.00495   0.00000   0.00486   0.04114   0.00000   0.00546   0.00000   0.00338   0.01217   1.69952   1.33076   1.54184   2.29888   1.76881   1.30008   0.00000   0.00000   0.14108  
 61 600.1545   1626.285510  x:  0.00696   0.00000   0.00000   0.00000   0.00000   0.00941   0.00000   0.00000   0.01222   0.00850   0.00483   0.00000   0.00000   0.00000   0.00000   0.01923   0.01176   0.00000   0.00131   0.02378   0.02992   0.02636   0.00000   0.04889   0.02480   0.00596   0.01140   0.02179   0.01817   0.00840   0.04846   0.00000   0.01717   0.00518   0.00000   0.00000   0.05897   0.01544   0.02423   0.01917   0.01362   0.00555   0.01966   0.00000   0.00502   0.00000   0.00453   0.03592   0.00000   0.00558   0.00000   0.00368   0.01213   1.73653   1.42109   1.67885   2.66885   1.73513   1.35795   0.00000   0.00000   0.02816  
 62 2644.1583   1626.285510  x:  0.00696   0.00000   0.00000   0.00000   0.00000   0.00941   0.00000   0.00000   0.01222   0.00850   0.00483   0.00000   0.00000   0.00000   0.00000   0.01923   0.01176   0.00000   0.00131   0.02378   0.02992   0.02636   0.00000   0.04889   0.02480   0.00596   0.01140   0.02179   0.01817   0.00840   0.04846   0.00000   0.01717   0.00518   0.00000   0.00000   0.05897   0.01544   0.02423   0.01917   0.01362   0.00555   0.01966   0.00000   0.00502   0.00000   0.00453   0.03592   0.00000   0.00558   0.00000   0.00368   0.01213   1.73653   1.42109   1.67885   2.66885   1.73513   1.35795   0.00000   0.00000   0.02816  
 63 1047.5717   1625.722422  x:  0.00780   0.00000   0.00000   0.00000   0.00000   0.00936   0.00000   0.00000   0.01259   0.00870   0.00472   0.00000   0.00000   0.00000   0.00000   0.01956   0.01246   0.00006   0.00555   0.02369   0.02957   0.02614   0.00000   0.04881   0.02471   0.00618   0.01144   0.02188   0.01796   0.00879   0.04837   0.00000   0.01725   0.00507   0.00000   0.00000   0.05906   0.01573   0.02432   0.01975   0.01395   0.00556   0.01963   0.00000   0.00507   0.00000   0.00499   0.03539   0.00000   0.00513   0.00000   0.00440   0.01210   1.73651   1.42110   1.67886   2.66886   1.73516   1.35792   0.00000   0.00000   0.02815  
 64 380.3322   1625.689913  x:  0.00791   0.00000   0.00000   0.00000   0.00000   0.00935   0.00000   0.00000   0.01265   0.00873   0.00471   0.00000   0.00000   0.00000   0.00000   0.01962   0.01254   0.00000   0.00552   0.02366   0.02950   0.02608   0.00000   0.04880   0.02470   0.00622   0.01144   0.02190   0.01792   0.00885   0.04836   0.00000   0.01726   0.00506   0.00000   0.00000   0.05908   0.01578   0.02434   0.01986   0.01401   0.00556   0.01962   0.00000   0.00507   0.00000   0.00504   0.03528   0.00000   0.00507   0.00000   0.00445   0.01209   1.73651   1.42110   1.67886   2.66886   1.73516   1.35792   0.00000   0.00000   0.02815  
 65 122.1154   1625.545196  x:  0.00727   0.00000   0.00000   0.00000   0.00000   0.00936   0.00000   0.00000   0.01314   0.00893   0.00458   0.00000   0.00000   0.00000   0.00000   0.02063   0.01382   0.00000   0.00561   0.02334   0.02799   0.02506   0.00000   0.04847   0.02437   0.00622   0.01145   0.02220   0.01728   0.00903   0.04802   0.00000   0.01749   0.00523   0.00000   0.00000   0.05953   0.01625   0.02470   0.02148   0.01459   0.00551   0.01963   0.00000   0.00501   0.00000   0.00438   0.03292   0.00000   0.00576   0.00000   0.00327   0.01205   1.73640   1.42113   1.67891   2.66891   1.73529   1.35777   0.00000   0.00000   0.02811  
 66 97.0197   1625.496182  x:  0.00660   0.00000   0.00000   0.00000   0.00000   0.00940   0.00000   0.00000   0.01300   0.00880   0.00468   0.00000   0.00000   0.00000   0.00000   0.02099   0.01399   0.00000   0.00558   0.02321   0.02707   0.02458   0.00000   0.04826   0.02421   0.00603   0.01142   0.02232   0.01705   0.00872   0.04780   0.00000   0.01754   0.00529   0.00000   0.00000   0.05984   0.01616   0.02488   0.02199   0.01456   0.00546   0.01967   0.00000   0.00497   0.00000   0.00426   0.03144   0.00000   0.00615   0.00000   0.00412   0.01205   1.73631   1.42115   1.67894   2.66894   1.73539   1.35765   0.00000   0.00000   0.02807  
 67 80.4686   1625.455007  x:  0.00686   0.00000   0.00000   0.00000   0.00000   0.00945   0.00000   0.00000   0.01241   0.00850   0.00478   0.00000   0.00000   0.00000   0.00000   0.02108   0.01344   0.00000   0.00563   0.02315   0.02590   0.02419   0.00000   0.04797   0.02408   0.00583   0.01142   0.02237   0.01701   0.00819   0.04752   0.00000   0.01748   0.00519   0.00000   0.00000   0.06029   0.01555   0.02505   0.02202   0.01408   0.00545   0.01974   0.00000   0.00500   0.00000   0.00481   0.02946   0.00000   0.00605   0.00000   0.00385   0.01207   1.73616   1.42120   1.67900   2.66901   1.73557   1.35744   0.00000   0.00000   0.02801  
 68 50.7394   1625.444627  x:  0.00699   0.00000   0.00000   0.00000   0.00000   0.00942   0.00000   0.00000   0.01236   0.00858   0.00465   0.00000   0.00000   0.00000   0.00000   0.02094   0.01317   0.00000   0.00564   0.02316   0.02555   0.02417   0.00000   0.04785   0.02409   0.00596   0.01144   0.02234   0.01710   0.00838   0.04740   0.00000   0.01742   0.00519   0.00000   0.00000   0.06049   0.01528   0.02507   0.02185   0.01394   0.00547   0.01975   0.00000   0.00499   0.00000   0.00437   0.02880   0.00000   0.00585   0.00000   0.00388   0.01207   1.73606   1.42123   1.67904   2.66905   1.73569   1.35730   0.00000   0.00000   0.02798  
 69 29.9208   1625.441248  x:  0.00682   0.00000   0.00000   0.00000   0.00000   0.00938   0.00000   0.00000   0.01253   0.00871   0.00469   0.00000   0.00000   0.00000   0.00000   0.02075   0.01314   0.00000   0.00563   0.02319   0.02542   0.02428   0.00000   0.04776   0.02412   0.00604   0.01143   0.02227   0.01719   0.00861   0.04731   0.00000   0.01737   0.00522   0.00000   0.00000   0.06064   0.01521   0.02503   0.02167   0.01399   0.00548   0.01974   0.00000   0.00498   0.00000   0.00451   0.02852   0.00000   0.00584   0.00000   0.00386   0.01205   1.73594   1.42126   1.67908   2.66910   1.73584   1.35713   0.00000   0.00000   0.02793  
 70 12.9383   1625.438213  x:  0.00696   0.00000   0.00000   0.00000   0.00000   0.00938   0.00000   0.00000   0.01270   0.00866   0.00470   0.00000   0.00000   0.00000   0.00000   0.02048   0.01330   0.00000   0.00559   0.02324   0.02537   0.02447   0.00000   0.04760   0.02416   0.00593   0.01137   0.02217   0.01729   0.00851   0.04717   0.00000   0.01734   0.00520   0.00000   0.00000   0.06089   0.01531   0.02494   0.02145   0.01414   0.00546   0.01971   0.00000   0.00500   0.00000   0.00448   0.02831   0.00000   0.00599   0.00000   0.00388   0.01203   1.73568   1.42134   1.67919   2.66921   1.73617   1.35674   0.00000   0.00000   0.02782  
 71  9.1578   1625.433574  x:  0.00682   0.00000   0.00000   0.00000   0.00000   0.00942   0.00000   0.00000   0.01254   0.00856   0.00459   0.00000   0.00000   0.00000   0.00000   0.02034   0.01344   0.00000   0.00552   0.02326   0.02540   0.02467   0.00000   0.04735   0.02420   0.00604   0.01140   0.02211   0.01730   0.00835   0.04696   0.00000   0.01738   0.00521   0.00000   0.00000   0.06135   0.01565   0.02480   0.02134   0.01422   0.00548   0.01966   0.00000   0.00495   0.00000   0.00448   0.02822   0.00000   0.00571   0.00000   0.00386   0.01203   1.73503   1.42153   1.67945   2.66948   1.73698   1.35580   0.00000   0.00000   0.02757  
 72 11.0816   1625.421762  x:  0.00690   0.00000   0.00000   0.00000   0.00000   0.00941   0.00000   0.00000   0.01214   0.00869   0.00500   0.00000   0.00000   0.00000   0.00000   0.02047   0.01331   0.00000   0.00536   0.02322   0.02557   0.02480   0.00000   0.04685   0.02425   0.00604   0.01148   0.02210   0.01711   0.00858   0.04656   0.00000   0.01747   0.00524   0.00000   0.00000   0.06237   0.01613   0.02460   0.02129   0.01402   0.00547   0.01959   0.00000   0.00504   0.00000   0.00441   0.02830   0.00000   0.00585   0.00000   0.00385   0.01205   1.73310   1.42210   1.68021   2.67027   1.73939   1.35298   0.00000   0.00000   0.02680  
 73 28.5288   1625.404638  x:  0.00692   0.00000   0.00000   0.00000   0.00000   0.00935   0.00000   0.00000   0.01223   0.00876   0.00441   0.00000   0.00000   0.00000   0.00000   0.02079   0.01301   0.00000   0.00512   0.02315   0.02576   0.02471   0.00000   0.04640   0.02426   0.00588   0.01152   0.02215   0.01690   0.00872   0.04622   0.00000   0.01750   0.00518   0.00000   0.00000   0.06347   0.01619   0.02449   0.02125   0.01375   0.00546   0.01957   0.00000   0.00496   0.00000   0.00455   0.02855   0.00000   0.00615   0.00000   0.00387   0.01207   1.73025   1.42294   1.68134   2.67146   1.74296   1.34882   0.00000   0.00000   0.02567  
 74 78.2731   1625.370280  x:  0.00678   0.00000   0.00000   0.00000   0.00000   0.00930   0.00000   0.00000   0.01314   0.00850   0.00479   0.00000   0.00000   0.00000   0.00000   0.02127   0.01281   0.00000   0.00462   0.02304   0.02593   0.02419   0.00000   0.04606   0.02419   0.00590   0.01151   0.02228   0.01683   0.00829   0.04602   0.00000   0.01732   0.00514   0.00000   0.00000   0.06486   0.01534   0.02461   0.02126   0.01374   0.00549   0.01965   0.00000   0.00487   0.00000   0.00439   0.02905   0.00000   0.00578   0.00000   0.00379   0.01205   1.72424   1.42471   1.68374   2.67395   1.75046   1.34006   0.00000   0.00000   0.02328  
 75 112.7383   1625.327461  x:  0.00682   0.00000   0.00000   0.00000   0.00000   0.00949   0.00000   0.00000   0.01237   0.00860   0.00462   0.00000   0.00000   0.00000   0.00000   0.02087   0.01339   0.00000   0.00394   0.02307   0.02576   0.02380   0.00000   0.04654   0.02410   0.00614   0.01134   0.02224   0.01729   0.00838   0.04648   0.00000   0.01710   0.00542   0.00000   0.00000   0.06496   0.01436   0.02499   0.02150   0.01429   0.00540   0.01979   0.00000   0.00537   0.00000   0.00445   0.02924   0.00000   0.00592   0.00000   0.00380   0.01196   1.71659   1.42696   1.68677   2.67713   1.75995   1.32897   0.00000   0.00000   0.02024  
 76 117.7553   1625.301502  x:  0.00681   0.00000   0.00000   0.00000   0.00000   0.00939   0.00000   0.00000   0.01212   0.00864   0.00471   0.00000   0.00000   0.00000   0.00000   0.02045   0.01336   0.00000   0.00356   0.02311   0.02553   0.02387   0.00000   0.04704   0.02403   0.00591   0.01121   0.02216   0.01746   0.00853   0.04689   0.00000   0.01714   0.00501   0.00000   0.00000   0.06431   0.01449   0.02516   0.02175   0.01431   0.00543   0.01981   0.00000   0.00460   0.00000   0.00442   0.02906   0.00000   0.00593   0.00000   0.00378   0.01195   1.71195   1.42833   1.68861   2.67905   1.76567   1.32230   0.00000   0.00000   0.01841  
 77 156.3967   1625.276705  x:  0.00670   0.00000   0.00000   0.00000   0.00000   0.00920   0.00000   0.00000   0.01248   0.00854   0.00467   0.00000   0.00000   0.00000   0.00000   0.02014   0.01288   0.00000   0.00324   0.02312   0.02526   0.02422   0.00000   0.04759   0.02394   0.00576   0.01123   0.02209   0.01735   0.00843   0.04725   0.00000   0.01731   0.00513   0.00000   0.00000   0.06300   0.01527   0.02515   0.02190   0.01390   0.00545   0.01973   0.00000   0.00507   0.00000   0.00438   0.02861   0.00000   0.00585   0.00000   0.00374   0.01198   1.70725   1.42970   1.69048   2.68101   1.77141   1.31560   0.00000   0.00000   0.01655  
 78 135.7036   1625.269029  x:  0.00679   0.00000   0.00000   0.00000   0.00000   0.00941   0.00000   0.00000   0.01255   0.00856   0.00468   0.00000   0.00000   0.00000   0.00000   0.02037   0.01291   0.00000   0.00315   0.02306   0.02525   0.02433   0.00000   0.04756   0.02394   0.00610   0.01138   0.02209   0.01711   0.00831   0.04715   0.00000   0.01729   0.00536   0.00000   0.00000   0.06229   0.01538   0.02496   0.02154   0.01380   0.00538   0.01964   0.00000   0.00488   0.00000   0.00440   0.02840   0.00000   0.00601   0.00000   0.00375   0.01198   1.70567   1.43017   1.69110   2.68167   1.77328   1.31342   0.00000   0.00000   0.01593  
 79 45.9084   1625.261124  x:  0.00672   0.00000   0.00000   0.00000   0.00000   0.00947   0.00000   0.00000   0.01246   0.00858   0.00467   0.00000   0.00000   0.00000   0.00000   0.02079   0.01309   0.00000   0.00308   0.02296   0.02531   0.02434   0.00000   0.04730   0.02397   0.00596   0.01139   0.02208   0.01681   0.00839   0.04681   0.00000   0.01721   0.00504   0.00000   0.00000   0.06142   0.01533   0.02466   0.02101   0.01390   0.00543   0.01953   0.00000   0.00501   0.00000   0.00439   0.02819   0.00000   0.00592   0.00000   0.00374   0.01196   1.70393   1.43067   1.69179   2.68240   1.77529   1.31108   0.00000   0.00000   0.01525  
 80 45.0185   1625.255865  x:  0.00674   0.00000   0.00000   0.00000   0.00000   0.00920   0.00000   0.00000   0.01238   0.00852   0.00467   0.00000   0.00000   0.00000   0.00000   0.02086   0.01307   0.00000   0.00307   0.02292   0.02537   0.02420   0.00000   0.04694   0.02399   0.00572   0.01131   0.02205   0.01684   0.00844   0.04646   0.00000   0.01718   0.00535   0.00000   0.00000   0.06092   0.01530   0.02452   0.02094   0.01404   0.00544   0.01951   0.00000   0.00491   0.00000   0.00438   0.02815   0.00000   0.00582   0.00000   0.00373   0.01193   1.70262   1.43105   1.69231   2.68296   1.77674   1.30938   0.00000   0.00000   0.01474  
 81 29.8362   1625.241487  x:  0.00672   0.00000   0.00000   0.00000   0.00000   0.00895   0.00000   0.00000   0.01235   0.00847   0.00466   0.00000   0.00000   0.00000   0.00000   0.02057   0.01279   0.00000   0.00314   0.02289   0.02545   0.02375   0.00000   0.04591   0.02402   0.00609   0.01125   0.02192   0.01726   0.00832   0.04553   0.00000   0.01717   0.00510   0.00000   0.00000   0.05990   0.01527   0.02440   0.02136   0.01416   0.00533   0.01953   0.00000   0.00496   0.00000   0.00438   0.02824   0.00000   0.00598   0.00000   0.00373   0.01188   1.69880   1.43215   1.69381   2.68459   1.78088   1.30456   0.00000   0.00000   0.01326  
 82 47.1640   1625.224496  x:  0.00673   0.00000   0.00000   0.00000   0.00000   0.00978   0.00000   0.00000   0.01247   0.00864   0.00466   0.00000   0.00000   0.00000   0.00000   0.02015   0.01287   0.00000   0.00322   0.02291   0.02539   0.02364   0.00000   0.04517   0.02396   0.00580   0.01119   0.02189   0.01738   0.00838   0.04497   0.00000   0.01721   0.00520   0.00000   0.00000   0.05929   0.01514   0.02451   0.02178   0.01378   0.00549   0.01958   0.00000   0.00494   0.00000   0.00438   0.02836   0.00000   0.00582   0.00000   0.00373   0.01189   1.69402   1.43352   1.69570   2.68664   1.78597   1.29861   0.00000   0.00000   0.01141  
 83 73.4008   1625.155697  x:  0.00679   0.00000   0.00000   0.00000   0.00000   0.00901   0.00000   0.00000   0.01247   0.00818   0.00464   0.00000   0.00000   0.00000   0.00000   0.01966   0.01376   0.00000   0.00362   0.02296   0.02477   0.02466   0.00000   0.04473   0.02358   0.00587   0.01160   0.02213   0.01633   0.00861   0.04509   0.00000   0.01724   0.00510   0.00000   0.00000   0.05895   0.01451   0.02523   0.02198   0.01290   0.00502   0.01962   0.00000   0.00492   0.00000   0.00441   0.02846   0.00000   0.00572   0.00000   0.00377   0.01202   1.67451   1.43911   1.70339   2.69501   1.80653   1.27465   0.00000   0.00000   0.00387  
 84 108.5946   1625.105988  x:  0.00681   0.00000   0.00000   0.00000   0.00000   0.00896   0.00000   0.00000   0.01240   0.00852   0.00463   0.00000   0.00000   0.00000   0.00000   0.01990   0.01338   0.00000   0.00389   0.02289   0.02455   0.02486   0.00000   0.04503   0.02352   0.00592   0.01154   0.02209   0.01615   0.00836   0.04547   0.00000   0.01716   0.00511   0.00000   0.00000   0.05907   0.01462   0.02533   0.02185   0.01345   0.00555   0.01956   0.00000   0.00491   0.00000   0.00442   0.02831   0.00000   0.00576   0.00000   0.00378   0.01194   1.66448   1.44199   1.70734   2.69932   1.81702   1.26242   0.00000   0.00000   0.00000  
 85 327.9555   1625.079045  x:  0.00678   0.00000   0.00000   0.00000   0.00000   0.00934   0.00000   0.00000   0.01241   0.00830   0.00462   0.00000   0.00000   0.00000   0.00000   0.02029   0.01301   0.00000   0.00412   0.02275   0.02459   0.02445   0.00000   0.04564   0.02362   0.00581   0.01126   0.02190   0.01653   0.00855   0.04587   0.00000   0.01707   0.00508   0.00000   0.00000   0.05931   0.01503   0.02505   0.02155   0.01381   0.00474   0.01946   0.00000   0.00490   0.00000   0.00440   0.02803   0.00000   0.00565   0.00000   0.00377   0.01181   1.65661   1.44424   1.71044   2.70271   1.82515   1.25294   0.00000   0.00000   0.00000  
 86 245.7058   1625.070002  x:  0.00681   0.00000   0.00000   0.00000   0.00000   0.00927   0.00000   0.00000   0.01245   0.00808   0.00462   0.00000   0.00000   0.00000   0.00000   0.02037   0.01328   0.00000   0.00418   0.02268   0.02480   0.02386   0.00000   0.04608   0.02370   0.00588   0.01118   0.02177   0.01694   0.00866   0.04599   0.00000   0.01707   0.00508   0.00000   0.00000   0.05945   0.01525   0.02466   0.02132   0.01342   0.00504   0.01940   0.00000   0.00490   0.00000   0.00441   0.02782   0.00000   0.00569   0.00000   0.00378   0.01180   1.65383   1.44503   1.71154   2.70392   1.82788   1.24975   0.00000   0.00000   0.00000  
 87 73.5755   1625.068667  x:  0.00681   0.00000   0.00000   0.00000   0.00000   0.00920   0.00000   0.00000   0.01245   0.00830   0.00462   0.00000   0.00000   0.00000   0.00000   0.02030   0.01335   0.00000   0.00419   0.02268   0.02488   0.02371   0.00000   0.04620   0.02369   0.00585   0.01120   0.02177   0.01695   0.00856   0.04597   0.00000   0.01709   0.00508   0.00000   0.00000   0.05948   0.01526   0.02453   0.02129   0.01334   0.00497   0.01940   0.00000   0.00490   0.00000   0.00441   0.02777   0.00000   0.00565   0.00000   0.00379   0.01183   1.65336   1.44517   1.71172   2.70413   1.82825   1.24932   0.00000   0.00000   0.00000  
 88 17.5123   1625.067697  x:  0.00681   0.00000   0.00000   0.00000   0.00000   0.00923   0.00000   0.00000   0.01245   0.00824   0.00462   0.00000   0.00000   0.00000   0.00000   0.02012   0.01330   0.00000   0.00420   0.02270   0.02501   0.02360   0.00000   0.04639   0.02360   0.00585   0.01128   0.02184   0.01676   0.00859   0.04584   0.00000   0.01712   0.00508   0.00000   0.00000   0.05951   0.01521   0.02436   0.02133   0.01342   0.00497   0.01941   0.00000   0.00490   0.00000   0.00441   0.02771   0.00000   0.00566   0.00000   0.00379   0.01187   1.65284   1.44531   1.71193   2.70439   1.82838   1.24916   0.00000   0.00000   0.00000  
 89  5.0165   1625.064304  x:  0.00681   0.00000   0.00000   0.00000   0.00000   0.00922   0.00000   0.00000   0.01245   0.00825   0.00462   0.00000   0.00000   0.00000   0.00000   0.02023   0.01332   0.00000   0.00419   0.02269   0.02514   0.02391   0.00000   0.04688   0.02351   0.00591   0.01098   0.02180   0.01677   0.00857   0.04529   0.00000   0.01697   0.00507   0.00000   0.00000   0.05955   0.01508   0.02423   0.02158   0.01333   0.00497   0.01944   0.00000   0.00490   0.00000   0.00442   0.02765   0.00000   0.00565   0.00000   0.00379   0.01165   1.65013   1.44602   1.71301   2.70583   1.82823   1.24934   0.00000   0.00000   0.00000  
 90  4.3769   1625.050957  x:  0.00683   0.00000   0.00000   0.00000   0.00000   0.00923   0.00000   0.00000   0.01248   0.00826   0.00462   0.00000   0.00000   0.00000   0.00000   0.02060   0.01335   0.00000   0.00418   0.02264   0.02500   0.02429   0.00000   0.04762   0.02352   0.00573   0.01165   0.02180   0.01737   0.00858   0.04435   0.00000   0.01727   0.00507   0.00000   0.00000   0.05960   0.01499   0.02447   0.02167   0.01347   0.00498   0.01941   0.00000   0.00491   0.00000   0.00443   0.02772   0.00000   0.00565   0.00000   0.00380   0.01221   1.63857   1.44907   1.71762   2.71200   1.82721   1.25050   0.00000   0.00000   0.00000  
 91 27.0559   1624.943363  x:  0.00700   0.00000   0.00000   0.00000   0.00000   0.00922   0.00000   0.00000   0.01261   0.00834   0.00462   0.00000   0.00000   0.00000   0.00000   0.02018   0.01343   0.00000   0.00418   0.02286   0.02376   0.02298   0.00000   0.04813   0.02434   0.00604   0.01084   0.02214   0.01653   0.00869   0.04356   0.00000   0.01781   0.00507   0.00000   0.00000   0.05983   0.01587   0.02628   0.02058   0.01360   0.00502   0.01933   0.00000   0.00493   0.00000   0.00450   0.02856   0.00000   0.00552   0.00000   0.00386   0.01192   1.54784   1.47303   1.75388   2.76058   1.81854   1.26041   0.00000   0.00000   0.00000  
 92 118.6130   1624.875311  x:  0.00708   0.00000   0.00000   0.00000   0.00000   0.00923   0.00000   0.00000   0.01266   0.00838   0.00463   0.00000   0.00000   0.00000   0.00000   0.02041   0.01345   0.00000   0.00417   0.02273   0.02467   0.02340   0.00000   0.04695   0.02367   0.00587   0.01173   0.02198   0.01682   0.00877   0.04530   0.00000   0.01655   0.00505   0.00000   0.00000   0.05992   0.01574   0.02526   0.02154   0.01364   0.00503   0.01948   0.00000   0.00494   0.00000   0.00455   0.02796   0.00000   0.00545   0.00000   0.00390   0.01160   1.49009   1.48835   1.77704   2.79162   1.81296   1.26679   0.00000   0.00000   0.00000  
 93 342.6713   1624.866456  x:  0.00709   0.00000   0.00000   0.00000   0.00000   0.00924   0.00000   0.00000   0.01269   0.00838   0.00463   0.00000   0.00000   0.00000   0.00000   0.02054   0.01345   0.00000   0.00416   0.02273   0.02493   0.02367   0.00000   0.04666   0.02365   0.00599   0.01129   0.02194   0.01688   0.00877   0.04573   0.00000   0.01728   0.00505   0.00000   0.00000   0.05992   0.01543   0.02482   0.02177   0.01368   0.00503   0.01949   0.00000   0.00494   0.00000   0.00455   0.02776   0.00000   0.00545   0.00000   0.00391   0.01197   1.48255   1.49040   1.78013   2.79576   1.81223   1.26763   0.00000   0.00000   0.00000  
 94 102.5530   1624.866103  x:  0.00709   0.00000   0.00000   0.00000   0.00000   0.00924   0.00000   0.00000   0.01269   0.00838   0.00463   0.00000   0.00000   0.00000   0.00000   0.02054   0.01346   0.00000   0.00416   0.02278   0.02491   0.02370   0.00000   0.04666   0.02382   0.00597   0.01134   0.02208   0.01691   0.00876   0.04575   0.00000   0.01733   0.00505   0.00000   0.00000   0.05992   0.01540   0.02474   0.02181   0.01368   0.00503   0.01947   0.00000   0.00494   0.00000   0.00455   0.02776   0.00000   0.00545   0.00000   0.00391   0.01187   1.48242   1.49055   1.78031   2.79603   1.81221   1.26765   0.00000   0.00000   0.00000  
 95  2.3459   1624.864817  x:  0.00710   0.00000   0.00000   0.00000   0.00000   0.00924   0.00000   0.00000   0.01269   0.00838   0.00463   0.00000   0.00000   0.00000   0.00000   0.02053   0.01346   0.00000   0.00416   0.02281   0.02480   0.02372   0.00000   0.04666   0.02406   0.00599   0.01125   0.02218   0.01687   0.00876   0.04576   0.00000   0.01712   0.00505   0.00000   0.00000   0.05992   0.01540   0.02461   0.02190   0.01368   0.00503   0.01943   0.00000   0.00494   0.00000   0.00456   0.02780   0.00000   0.00544   0.00000   0.00391   0.01214   1.48262   1.49135   1.78124   2.79738   1.81217   1.26770   0.00000   0.00000   0.00000  
 96  2.4883   1624.787897  x:  0.00733   0.00000   0.00000   0.00000   0.00000   0.00921   0.00000   0.00000   0.01285   0.00845   0.00461   0.00000   0.00000   0.00000   0.00000   0.02056   0.01352   0.00000   0.00417   0.02168   0.02241   0.02356   0.00000   0.04680   0.02436   0.00598   0.01174   0.02022   0.01625   0.00888   0.04589   0.00000   0.01741   0.00500   0.00000   0.00000   0.06012   0.01512   0.02274   0.02265   0.01387   0.00507   0.01944   0.00000   0.00495   0.00000   0.00467   0.02889   0.00000   0.00521   0.00000   0.00400   0.01170   1.49915   1.53985   1.83683   2.87887   1.80989   1.27016   0.00000   0.00000   0.00000  
 97 19.7764   1624.340070  x:  0.00884   0.00000   0.00000   0.00000   0.00000   0.00905   0.00000   0.00000   0.01391   0.00898   0.00458   0.00000   0.00000   0.00000   0.00000   0.02236   0.01410   0.00000   0.00417   0.02426   0.02332   0.02278   0.00000   0.04623   0.02230   0.00664   0.01125   0.02275   0.01650   0.00985   0.04617   0.00000   0.01746   0.00476   0.00000   0.00000   0.06084   0.01642   0.02447   0.02427   0.01520   0.00540   0.01927   0.00000   0.00506   0.00000   0.00539   0.02687   0.00000   0.00386   0.00000   0.00460   0.01178   1.60125   1.83754   2.17800   3.37912   1.79607   1.28515   0.00000   0.00000   0.00000  
 98 721.0060   1624.313369  x:  0.00892   0.00000   0.00000   0.00000   0.00000   0.00904   0.00000   0.00000   0.01396   0.00902   0.00457   0.00000   0.00000   0.00000   0.00000   0.02210   0.01412   0.00000   0.00417   0.02247   0.02426   0.02286   0.00000   0.04625   0.02327   0.00665   0.01132   0.02278   0.01629   0.00987   0.04621   0.00000   0.01749   0.00474   0.00000   0.00000   0.06088   0.01636   0.02526   0.02449   0.01527   0.00542   0.01928   0.00000   0.00506   0.00000   0.00543   0.02629   0.00000   0.00378   0.00000   0.00464   0.01174   1.60707   1.85448   2.19743   3.40770   1.79528   1.28600   0.00000   0.00000   0.00000  
 99 308.1756   1624.313073  x:  0.00892   0.00000   0.00000   0.00000   0.00000   0.00904   0.00000   0.00000   0.01396   0.00902   0.00457   0.00000   0.00000   0.00000   0.00000   0.02213   0.01412   0.00000   0.00417   0.02259   0.02434   0.02284   0.00000   0.04626   0.02339   0.00664   0.01136   0.02261   0.01622   0.00987   0.04621   0.00000   0.01750   0.00474   0.00000   0.00000   0.06088   0.01634   0.02532   0.02453   0.01527   0.00542   0.01927   0.00000   0.00506   0.00000   0.00543   0.02625   0.00000   0.00378   0.00000   0.00464   0.01174   1.60713   1.85463   2.19763   3.40810   1.79528   1.28600   0.00000   0.00000   0.00000  
100  3.7237   1624.195612  x:  0.00929   0.00000   0.00000   0.00000   0.00000   0.00904   0.00000   0.00000   0.01410   0.00914   0.00456   0.00000   0.00000   0.00000   0.00000   0.02207   0.01419   0.00000   0.00414   0.02231   0.02417   0.02283   0.00000   0.04643   0.02299   0.00677   0.01131   0.02250   0.01620   0.01003   0.04633   0.00000   0.01747   0.00475   0.00000   0.00000   0.06099   0.01617   0.02552   0.02508   0.01549   0.00548   0.01603   0.00000   0.00507   0.00000   0.00558   0.02651   0.00000   0.00428   0.00000   0.00477   0.01171   1.62784   1.78441   2.21642   3.80083   1.80181   1.27803   0.00000   0.00000   0.00000  
101  0.8736   1624.101824  x:  0.00965   0.00000   0.00000   0.00000   0.00000   0.00905   0.00000   0.00000   0.01428   0.00928   0.00455   0.00000   0.00000   0.00000   0.00000   0.02240   0.01436   0.00000   0.00410   0.02241   0.02399   0.02297   0.00000   0.04658   0.02349   0.00688   0.01139   0.02254   0.01609   0.01020   0.04635   0.00000   0.01753   0.00477   0.00000   0.00000   0.06100   0.01660   0.02536   0.02513   0.01576   0.00554   0.01952   0.00000   0.00509   0.00000   0.00574   0.02658   0.00000   0.00467   0.00000   0.00491   0.01173   1.64535   1.72502   2.23230   4.13309   1.80734   1.27128   0.00000   0.00000   0.00000  
102 1651.6108   1623.993306  x:  0.00961   0.00000   0.00000   0.00000   0.00000   0.00917   0.00000   0.00000   0.01392   0.00914   0.00457   0.00000   0.00000   0.00000   0.00000   0.02186   0.01404   0.00000   0.00423   0.02255   0.02426   0.02341   0.00000   0.04713   0.02372   0.00671   0.01137   0.02230   0.01648   0.00988   0.04627   0.00000   0.01744   0.00493   0.00000   0.00000   0.06028   0.01632   0.02522   0.02420   0.01537   0.00550   0.01986   0.00000   0.00503   0.00000   0.00560   0.02716   0.00000   0.00501   0.00000   0.00482   0.01180   1.65709   2.05945   2.32456   4.78473   1.79895   1.28027   0.00000   0.00000   0.00000  
103  0.5643   1623.945749  x:  0.00931   0.00000   0.00000   0.00000   0.00000   0.00915   0.00000   0.00000   0.01368   0.00897   0.00458   0.00000   0.00000   0.00000   0.00000   0.02161   0.01393   0.00000   0.00421   0.02260   0.02416   0.02332   0.00000   0.04689   0.02358   0.00655   0.01137   0.02220   0.01650   0.00965   0.04617   0.00000   0.01740   0.00490   0.00000   0.00000   0.06038   0.01604   0.02497   0.02375   0.01503   0.00542   0.01942   0.00000   0.00501   0.00000   0.00541   0.02715   0.00000   0.00430   0.00000   0.00467   0.01180   1.68497   2.04603   2.53615   5.21891   1.79887   1.28038   0.00000   0.00000   0.00000  
104  0.4456   1623.935326  x:  0.00907   0.00000   0.00000   0.00000   0.00000   0.00910   0.00000   0.00000   0.01379   0.00901   0.00457   0.00000   0.00000   0.00000   0.00000   0.02186   0.01412   0.00000   0.00413   0.02250   0.02411   0.02308   0.00000   0.04657   0.02349   0.00659   0.01137   0.02240   0.01629   0.00972   0.04609   0.00000   0.01745   0.00481   0.00000   0.00000   0.06078   0.01620   0.02517   0.02403   0.01509   0.00542   0.01928   0.00000   0.00504   0.00000   0.00537   0.02672   0.00000   0.00463   0.00000   0.00462   0.01177   1.69860   2.05479   2.55152   5.45232   1.80130   1.27785   0.00000   0.00000   0.00000  
105  0.1650   1623.933866  x:  0.00903   0.00000   0.00000   0.00000   0.00000   0.00911   0.00000   0.00000   0.01381   0.00903   0.00457   0.00000   0.00000   0.00000   0.00000   0.02185   0.01411   0.00000   0.00413   0.02253   0.02416   0.02318   0.00000   0.04672   0.02353   0.00661   0.01138   0.02236   0.01634   0.00975   0.04614   0.00000   0.01745   0.00484   0.00000   0.00000   0.06062   0.01623   0.02516   0.02405   0.01513   0.00544   0.01927   0.00000   0.00504   0.00000   0.00538   0.02692   0.00000   0.00452   0.00000   0.00463   0.01177   1.70088   2.05757   2.53687   5.53525   1.80134   1.27771   0.00000   0.00000   0.00000  
106  0.0822   1623.933755  x:  0.00903   0.00000   0.00000   0.00000   0.00000   0.00912   0.00000   0.00000   0.01381   0.00903   0.00457   0.00000   0.00000   0.00000   0.00000   0.02183   0.01408   0.00000   0.00414   0.02254   0.02418   0.02321   0.00000   0.04675   0.02354   0.00661   0.01137   0.02235   0.01637   0.00975   0.04616   0.00000   0.01744   0.00485   0.00000   0.00000   0.06058   0.01622   0.02515   0.02403   0.01513   0.00544   0.01929   0.00000   0.00504   0.00000   0.00539   0.02693   0.00000   0.00456   0.00000   0.00463   0.01178   1.70207   2.06021   2.54445   5.55797   1.80067   1.27842   0.00000   0.00000   0.00000  
107  0.0255   1623.933746  x:  0.00904   0.00000   0.00000   0.00000   0.00000   0.00912   0.00000   0.00000   0.01380   0.00903   0.00457   0.00000   0.00000   0.00000   0.00000   0.02182   0.01408   0.00000   0.00414   0.02254   0.02417   0.02320   0.00000   0.04674   0.02354   0.00661   0.01137   0.02235   0.01637   0.00975   0.04615   0.00000   0.01744   0.00485   0.00000   0.00000   0.06060   0.01621   0.02514   0.02402   0.01513   0.00544   0.01929   0.00000   0.00503   0.00000   0.00540   0.02692   0.00000   0.00455   0.00000   0.00464   0.01178   1.70206   2.06148   2.54540   5.56579   1.80078   1.27830   0.00000   0.00000   0.00000  
108  0.0070   1623.933745  x:  0.00904   0.00000   0.00000   0.00000   0.00000   0.00912   0.00000   0.00000   0.01380   0.00903   0.00457   0.00000   0.00000   0.00000   0.00000   0.02182   0.01408   0.00000   0.00414   0.02254   0.02417   0.02320   0.00000   0.04674   0.02354   0.00661   0.01137   0.02235   0.01637   0.00975   0.04615   0.00000   0.01744   0.00485   0.00000   0.00000   0.06060   0.01621   0.02514   0.02402   0.01513   0.00544   0.01929   0.00000   0.00504   0.00000   0.00540   0.02692   0.00000   0.00455   0.00000   0.00464   0.01178   1.70208   2.06145   2.54549   5.56604   1.80077   1.27831   0.00000   0.00000   0.00000  
109  0.0003   1623.933745  x:  0.00904   0.00000   0.00000   0.00000   0.00000   0.00912   0.00000   0.00000   0.01380   0.00903   0.00457   0.00000   0.00000   0.00000   0.00000   0.02182   0.01408   0.00000   0.00414   0.02254   0.02417   0.02320   0.00000   0.04674   0.02354   0.00661   0.01137   0.02235   0.01637   0.00975   0.04615   0.00000   0.01744   0.00485   0.00000   0.00000   0.06060   0.01621   0.02514   0.02402   0.01513   0.00544   0.01929   0.00000   0.00504   0.00000   0.00540   0.02692   0.00000   0.00455   0.00000   0.00464   0.01178   1.70208   2.06144   2.54549   5.56605   1.80077   1.27831   0.00000   0.00000   0.00000  
110  0.0000   1623.933745  x:  0.00904   0.00000   0.00000   0.00000   0.00000   0.00912   0.00000   0.00000   0.01380   0.00903   0.00457   0.00000   0.00000   0.00000   0.00000   0.02182   0.01408   0.00000   0.00414   0.02254   0.02417   0.02320   0.00000   0.04674   0.02354   0.00661   0.01137   0.02235   0.01637   0.00975   0.04615   0.00000   0.01744   0.00485   0.00000   0.00000   0.06060   0.01621   0.02514   0.02402   0.01513   0.00544   0.01929   0.00000   0.00504   0.00000   0.00540   0.02692   0.00000   0.00455   0.00000   0.00464   0.01178   1.70208   2.06143   2.54548   5.56604   1.80077   1.27831   0.00000   0.00000   0.00000  
111  0.0000   1623.933745  x:  0.00904   0.00000   0.00000   0.00000   0.00000   0.00912   0.00000   0.00000   0.01380   0.00903   0.00457   0.00000   0.00000   0.00000   0.00000   0.02182   0.01408   0.00000   0.00414   0.02254   0.02417   0.02320   0.00000   0.04674   0.02354   0.00661   0.01137   0.02235   0.01637   0.00975   0.04615   0.00000   0.01744   0.00485   0.00000   0.00000   0.06060   0.01621   0.02514   0.02402   0.01513   0.00544   0.01929   0.00000   0.00504   0.00000   0.00540   0.02692   0.00000   0.00455   0.00000   0.00464   0.01178   1.70208   2.06143   2.54548   5.56604   1.80077   1.27831   0.00000   0.00000   0.00000  
112  0.0000   1623.933745  x:  0.00904   0.00000   0.00000   0.00000   0.00000   0.00912   0.00000   0.00000   0.01380   0.00903   0.00457   0.00000   0.00000   0.00000   0.00000   0.02182   0.01408   0.00000   0.00414   0.02254   0.02417   0.02320   0.00000   0.04674   0.02354   0.00661   0.01137   0.02235   0.01637   0.00975   0.04615   0.00000   0.01744   0.00485   0.00000   0.00000   0.06060   0.01621   0.02514   0.02402   0.01513   0.00544   0.01929   0.00000   0.00504   0.00000   0.00540   0.02692   0.00000   0.00455   0.00000   0.00464   0.01178   1.70208   2.06143   2.54548   5.56604   1.80077   1.27831   0.00000   0.00000   0.00000  
113  0.0000   1623.933745  x:  0.00904   0.00000   0.00000   0.00000   0.00000   0.00912   0.00000   0.00000   0.01380   0.00903   0.00457   0.00000   0.00000   0.00000   0.00000   0.02182   0.01408   0.00000   0.00414   0.02254   0.02417   0.02320   0.00000   0.04674   0.02354   0.00661   0.01137   0.02235   0.01637   0.00975   0.04615   0.00000   0.01744   0.00485   0.00000   0.00000   0.06060   0.01621   0.02514   0.02402   0.01513   0.00544   0.01929   0.00000   0.00504   0.00000   0.00540   0.02692   0.00000   0.00455   0.00000   0.00464   0.01178   1.70208   2.06143   2.54548   5.56604   1.80077   1.27831   0.00000   0.00000   0.00000  
114  0.0000   1623.933745  x:  0.00904   0.00000   0.00000   0.00000   0.00000   0.00912   0.00000   0.00000   0.01380   0.00903   0.00457   0.00000   0.00000   0.00000   0.00000   0.02182   0.01408   0.00000   0.00414   0.02254   0.02417   0.02320   0.00000   0.04674   0.02354   0.00661   0.01137   0.02235   0.01637   0.00975   0.04615   0.00000   0.01744   0.00485   0.00000   0.00000   0.06060   0.01621   0.02514   0.02402   0.01513   0.00544   0.01929   0.00000   0.00504   0.00000   0.00540   0.02692   0.00000   0.00455   0.00000   0.00464   0.01178   1.70208   2.06143   2.54548   5.56604   1.80077   1.27831   0.00000   0.00000   0.00000  
115  0.0030   1623.933745  x:  0.00904   0.00000   0.00000   0.00000   0.00000   0.00912   0.00000   0.00000   0.01380   0.00903   0.00457   0.00000   0.00000   0.00000   0.00000   0.02182   0.01408   0.00000   0.00414   0.02254   0.02417   0.02320   0.00000   0.04674   0.02354   0.00661   0.01137   0.02235   0.01637   0.00975   0.04615   0.00000   0.01744   0.00485   0.00000   0.00000   0.06060   0.01621   0.02514   0.02402   0.01513   0.00544   0.01929   0.00000   0.00504   0.00000   0.00540   0.02692   0.00000   0.00455   0.00000   0.00464   0.01178   1.70208   2.06143   2.54548   5.56604   1.80077   1.27831   0.00000   0.00000   0.00000  