Supplemental results for CODEML (seqf: /home/leticiamagpali/phd/evol_models/codeml/big_dataset/cml_align/MYO7A_codon_aligned.phy  treef: /home/leticiamagpali/phd/evol_models/codeml/big_dataset/cml_trees/gene_trees/H1b_gene_trees/MYO7A_tree_H1b.tre)

I	J	ij	2Ns_IJ	pMut_IJ	pSub_IJ	2Ns_JI	pMut_JI	pSub_JI

TTC	TTT	CT	-1.48222	0.15497	0.06750	1.48222	0.03520	0.06750	0.06750	0.06750
TTA	TTT	AT	4.29543	0.00018	0.00080	-4.29543	0.01354	0.00080	0.00040	0.00040
TTA	TTC	AC	5.77765	0.00013	0.00075	-5.77765	0.04205	0.00075	0.00038	0.00038
TTG	TTT	GT	0.27294	0.00880	0.01005	-0.27294	0.01156	0.01005	0.00503	0.00503
TTG	TTC	GC	1.75516	0.00621	0.01317	-1.75516	0.03590	0.01317	0.00658	0.00658
TTG	TTA	GA	-4.02249	0.05838	0.00428	4.02249	0.00105	0.00428	0.00428	0.00428
TCT	TTT	CT	0.55238	0.02026	0.02637	-0.55238	0.03520	0.02637	0.01318	0.01318
TCC	TTC	CT	0.27718	0.08287	0.09488	-0.27718	0.10934	0.09488	0.04744	0.04744
TCC	TCT	CT	-1.75742	0.08287	0.03036	1.75742	0.01429	0.03036	0.03036	0.03036
TCA	TTA	CT	-3.43375	0.01996	0.00228	3.43375	0.00064	0.00228	0.00114	0.00114
TCA	TCT	AT	0.30931	0.00404	0.00469	-0.30931	0.00550	0.00469	0.00469	0.00469
TCA	TCC	AC	2.06672	0.00285	0.00674	-2.06672	0.02249	0.00674	0.00674	0.00674
TCG	TTG	CT	-0.21426	0.03803	0.03410	0.21426	0.03069	0.03410	0.01705	0.01705
TCG	TCT	GT	-0.49369	0.00769	0.00595	0.49369	0.00469	0.00595	0.00595	0.00595
TCG	TCC	GC	1.26373	0.00543	0.00956	-1.26373	0.01920	0.00956	0.00956	0.00956
TCG	TCA	GA	-0.80300	0.05103	0.03326	0.80300	0.02286	0.03326	0.03326	0.03326
TAT	TTT	AT	0.41318	0.00896	0.01093	-0.41318	0.01354	0.01093	0.00547	0.00547
TAT	TCT	AC	-0.13920	0.00632	0.00589	0.13920	0.00550	0.00589	0.00294	0.00294
TAC	TTC	AT	0.45298	0.02673	0.03325	-0.45298	0.04205	0.03325	0.01662	0.01662
TAC	TCC	AC	0.17581	0.01886	0.02057	-0.17581	0.02249	0.02057	0.01028	0.01028
TAC	TAT	CT	-1.44241	0.13221	0.05902	1.44241	0.03125	0.05902	0.05902	0.05902
TGT	TTT	GT	0.80500	0.00517	0.00752	-0.80500	0.01156	0.00752	0.00376	0.00376
TGT	TCT	GC	0.25263	0.00365	0.00413	-0.25263	0.00469	0.00413	0.00206	0.00206
TGT	TAT	GA	0.39182	0.03429	0.04145	-0.39182	0.05074	0.04145	0.02072	0.02072
TGC	TTC	GT	1.44775	0.00844	0.01597	-1.44775	0.03590	0.01597	0.00799	0.00799
TGC	TCC	GC	1.17057	0.00595	0.01010	-1.17057	0.01920	0.01010	0.00505	0.00505
TGC	TAC	GA	0.99476	0.05601	0.08842	-0.99476	0.15146	0.08842	0.04421	0.04421
TGC	TGT	CT	-0.83947	0.04174	0.02664	0.83947	0.01803	0.02664	0.02664	0.02664
TGG	TTG	GT	0.20096	0.00824	0.00910	-0.20096	0.01008	0.00910	0.00455	0.00455
TGG	TCG	GC	0.41521	0.00582	0.00711	-0.41521	0.00881	0.00711	0.00355	0.00355
TGG	TGT	GT	-0.33111	0.00824	0.00695	0.33111	0.00592	0.00695	0.00348	0.00348
TGG	TGC	GC	0.50837	0.00582	0.00742	-0.50837	0.00967	0.00742	0.00371	0.00371
CTT	TTT	CT	1.99116	0.00481	0.01108	-1.99116	0.03520	0.01108	0.00554	0.00554
CTC	TTC	CT	-0.01810	0.11133	0.11033	0.01810	0.10934	0.11033	0.05516	0.05516
CTC	CTT	CT	-3.49147	0.11133	0.01221	3.49147	0.00339	0.01221	0.01221	0.01221
CTA	TTA	CT	-2.14046	0.00548	0.00156	2.14046	0.00064	0.00156	0.00156	0.00156
CTA	CTT	AT	0.16381	0.00111	0.00120	-0.16381	0.00130	0.00120	0.00120	0.00120
CTA	CTC	AC	3.65529	0.00078	0.00293	-3.65529	0.03021	0.00293	0.00293	0.00293
CTG	TTG	CT	-2.13696	0.26007	0.07436	2.13696	0.03069	0.07436	0.07436	0.07436
CTG	CTT	GT	-3.85517	0.05259	0.00438	3.85517	0.00111	0.00438	0.00438	0.00438
CTG	CTC	GC	-0.36370	0.03710	0.03077	0.36370	0.02579	0.03077	0.03077	0.03077
CTG	CTA	GA	-4.01899	0.34902	0.02567	4.01899	0.00627	0.02567	0.02567	0.02567
CCT	TCT	CT	-0.66305	0.02774	0.01955	0.66305	0.01429	0.01955	0.00978	0.00978
CCT	CTT	CT	-2.10183	0.02774	0.00812	2.10183	0.00339	0.00812	0.00406	0.00406
CCC	TCC	CT	-0.49780	0.09618	0.07422	0.49780	0.05847	0.07422	0.03711	0.03711
CCC	CTC	CT	-0.20253	0.09618	0.08677	0.20253	0.07855	0.08677	0.04339	0.04339
CCC	CCT	CT	-1.59217	0.09618	0.03912	1.59217	0.01957	0.03912	0.03912	0.03912
CCA	TCA	CT	-0.31143	0.01922	0.01639	0.31143	0.01408	0.01639	0.00819	0.00819
CCA	CTA	CT	-1.60472	0.01922	0.00776	1.60472	0.00386	0.00776	0.00388	0.00388
CCA	CCT	AT	0.66093	0.00389	0.00531	-0.66093	0.00753	0.00531	0.00531	0.00531
CCA	CCC	AC	2.25310	0.00274	0.00690	-2.25310	0.02610	0.00690	0.00690	0.00690
CCG	TCG	CT	0.53998	0.01563	0.02023	-0.53998	0.02683	0.02023	0.01012	0.01012
CCG	CTG	CT	2.46268	0.01563	0.04209	-2.46268	0.18349	0.04209	0.02104	0.02104
CCG	CCT	GT	0.70933	0.00316	0.00441	-0.70933	0.00643	0.00441	0.00441	0.00441
CCG	CCC	GC	2.30150	0.00223	0.00570	-2.30150	0.02228	0.00570	0.00570	0.00570
CCG	CCA	GA	0.04841	0.02098	0.02149	-0.04841	0.02202	0.02149	0.02149	0.02149
CAT	TAT	CT	0.38082	0.02135	0.02568	-0.38082	0.03125	0.02568	0.01284	0.01284
CAT	CTT	AT	-1.19716	0.00432	0.00224	1.19716	0.00130	0.00224	0.00112	0.00112
CAT	CCT	AC	0.90467	0.00305	0.00463	-0.90467	0.00753	0.00463	0.00231	0.00231
CAC	TAC	CT	-0.16426	0.10993	0.10115	0.16426	0.09328	0.10115	0.05058	0.05058
CAC	CTC	AT	0.30682	0.02223	0.02581	-0.30682	0.03021	0.02581	0.01291	0.01291
CAC	CCC	AC	0.50935	0.01568	0.02002	-0.50935	0.02610	0.02002	0.01001	0.01001
CAC	CAT	CT	-1.98749	0.10993	0.03470	1.98749	0.01507	0.03470	0.03470	0.03470
CAA	CTA	AT	0.05779	0.00140	0.00144	-0.05779	0.00149	0.00144	0.00072	0.00072
CAA	CCA	AC	1.66251	0.00099	0.00203	-1.66251	0.00522	0.00203	0.00101	0.00101
CAA	CAT	AT	1.41876	0.00140	0.00262	-1.41876	0.00579	0.00262	0.00131	0.00131
CAA	CAC	AC	3.40625	0.00099	0.00349	-3.40625	0.02983	0.00349	0.00174	0.00174
CAG	CTG	AT	0.53532	0.04132	0.05336	-0.53532	0.07058	0.05336	0.02668	0.02668
CAG	CCG	AC	-1.92736	0.02915	0.00957	1.92736	0.00424	0.00957	0.00479	0.00479
CAG	CAT	GT	-2.12270	0.04132	0.01193	2.12270	0.00495	0.01193	0.00596	0.00596
CAG	CAC	GC	-0.13521	0.02915	0.02723	0.13521	0.02547	0.02723	0.01361	0.01361
CAG	CAA	GA	-3.54146	0.27424	0.02898	3.54146	0.00794	0.02898	0.02898	0.02898
CGT	TGT	CT	-0.11959	0.02032	0.01913	0.11959	0.01803	0.01913	0.00956	0.00956
CGT	CTT	GT	-1.30574	0.00411	0.00199	1.30574	0.00111	0.00199	0.00100	0.00100
CGT	CCT	GC	0.79609	0.00290	0.00420	-0.79609	0.00643	0.00420	0.00210	0.00210
CGT	CAT	GA	-0.10858	0.02727	0.02581	0.10858	0.02446	0.02581	0.01291	0.01291
CGC	TGC	CT	-1.46799	0.12782	0.05617	1.46799	0.02945	0.05617	0.02809	0.02809
CGC	CTC	GT	-0.00215	0.02585	0.02582	0.00215	0.02579	0.02582	0.01291	0.01291
CGC	CCC	GC	0.20038	0.01824	0.02012	-0.20038	0.02228	0.02012	0.01006	0.01006
CGC	CAC	GA	-0.30897	0.17154	0.14640	0.30897	0.12594	0.14640	0.07320	0.07320
CGC	CGT	CT	-2.18788	0.12782	0.03533	2.18788	0.01434	0.03533	0.03533	0.03533
CGA	CTA	GT	-1.25034	0.00443	0.00222	1.25034	0.00127	0.00222	0.00111	0.00111
CGA	CCA	GC	0.35438	0.00312	0.00371	-0.35438	0.00445	0.00371	0.00186	0.00186
CGA	CAA	GA	-1.30813	0.02939	0.01424	1.30813	0.00794	0.01424	0.00712	0.00712
CGA	CGT	AT	0.21921	0.00443	0.00493	-0.21921	0.00551	0.00493	0.00493	0.00493
CGA	CGC	AC	2.40709	0.00312	0.00827	-2.40709	0.03469	0.00827	0.00827	0.00827
CGG	TGG	CT	-1.09842	0.08626	0.04739	1.09842	0.02876	0.04739	0.02370	0.02370
CGG	CTG	GT	1.23949	0.01744	0.03043	-1.23949	0.06025	0.03043	0.01522	0.01522
CGG	CCG	GC	-1.22319	0.01231	0.00628	1.22319	0.00362	0.00628	0.00314	0.00314
CGG	CAG	GA	0.70417	0.11577	0.16127	-0.70417	0.23411	0.16127	0.08064	0.08064
CGG	CGT	GT	-1.30994	0.01744	0.00844	1.30994	0.00471	0.00844	0.00844	0.00844
CGG	CGC	GC	0.87793	0.01231	0.01849	-0.87793	0.02961	0.01849	0.01849	0.01849
CGG	CGA	GA	-1.52916	0.11577	0.04898	1.52916	0.02509	0.04898	0.04898	0.04898
ATT	TTT	AT	0.31521	0.00988	0.01152	-0.31521	0.01354	0.01152	0.00576	0.00576
ATT	CTT	AC	-1.67594	0.00697	0.00269	1.67594	0.00130	0.00269	0.00134	0.00134
ATC	TTC	AT	0.09972	0.03806	0.03999	-0.09972	0.04205	0.03999	0.02000	0.02000
ATC	CTC	AC	0.11781	0.02685	0.02847	-0.11781	0.03021	0.02847	0.01423	0.01423
ATC	ATT	CT	-1.69772	0.18823	0.07163	1.69772	0.03447	0.07163	0.07163	0.07163
ATA	TTA	AT	-1.10856	0.00075	0.00041	1.10856	0.00025	0.00041	0.00020	0.00020
ATA	CTA	AC	1.03190	0.00053	0.00085	-1.03190	0.00149	0.00085	0.00042	0.00042
ATA	ATT	AT	2.87166	0.00075	0.00228	-2.87166	0.01326	0.00228	0.00228	0.00228
ATA	ATC	AC	4.56937	0.00053	0.00244	-4.56937	0.05108	0.00244	0.00244	0.00244
ATG	TTG	AT	-0.71568	0.02415	0.01653	0.71568	0.01181	0.01653	0.00826	0.00826
ATG	CTG	AC	1.42127	0.01704	0.03192	-1.42127	0.07058	0.03192	0.01596	0.01596
ATG	ATT	GT	-0.75796	0.02415	0.01614	0.75796	0.01132	0.01614	0.00807	0.00807
ATG	ATC	GC	0.93976	0.01704	0.02628	-0.93976	0.04361	0.02628	0.01314	0.01314
ATG	ATA	GA	-3.62962	0.16026	0.01585	3.62962	0.00425	0.01585	0.00793	0.00793
ACT	TCT	AT	0.08869	0.00503	0.00526	-0.08869	0.00550	0.00526	0.00263	0.00263
ACT	CCT	AC	0.75174	0.00355	0.00505	-0.75174	0.00753	0.00505	0.00252	0.00252
ACT	ATT	CT	0.32585	0.02488	0.02915	-0.32585	0.03447	0.02915	0.01458	0.01458
ACC	TCC	AT	0.20646	0.01829	0.02025	-0.20646	0.02249	0.02025	0.01012	0.01012
ACC	CCC	AC	0.70426	0.01291	0.01798	-0.70426	0.02610	0.01798	0.00899	0.00899
ACC	ATC	CT	0.38392	0.09047	0.10894	-0.38392	0.13280	0.10894	0.05447	0.05447
ACC	ACT	CT	-1.63965	0.09047	0.03571	1.63965	0.01755	0.03571	0.03571	0.03571
ACA	TCA	AT	-0.12733	0.00615	0.00577	0.12733	0.00542	0.00577	0.00288	0.00288
ACA	CCA	AC	0.18410	0.00434	0.00475	-0.18410	0.00522	0.00475	0.00238	0.00238
ACA	ATA	CT	-2.45252	0.03042	0.00703	2.45252	0.00262	0.00703	0.00351	0.00351
ACA	ACT	AT	0.09328	0.00615	0.00644	-0.09328	0.00675	0.00644	0.00644	0.00644
ACA	ACC	AC	1.73293	0.00434	0.00913	-1.73293	0.02455	0.00913	0.00913	0.00913
ACG	TCG	AT	0.09345	0.00940	0.00984	-0.09345	0.01032	0.00984	0.00492	0.00492
ACG	CCG	AC	-0.44653	0.00663	0.00526	0.44653	0.00424	0.00526	0.00263	0.00263
ACG	ATG	CT	0.59487	0.04648	0.06167	-0.59487	0.08426	0.06167	0.03083	0.03083
ACG	ACT	GT	-0.48894	0.00940	0.00729	0.48894	0.00576	0.00729	0.00729	0.00729
ACG	ACC	GC	1.15072	0.00663	0.01116	-1.15072	0.02096	0.01116	0.01116	0.01116
ACG	ACA	GA	-0.58222	0.06237	0.04597	0.58222	0.03485	0.04597	0.04597	0.04597
AAT	TAT	AT	0.62307	0.00645	0.00866	-0.62307	0.01202	0.00866	0.00433	0.00433
AAT	CAT	AC	0.24226	0.00455	0.00512	-0.24226	0.00579	0.00512	0.00256	0.00256
AAT	ATT	AT	0.72104	0.00645	0.00905	-0.72104	0.01326	0.00905	0.00452	0.00452
AAT	ACT	AC	0.39519	0.00455	0.00551	-0.39519	0.00675	0.00551	0.00275	0.00275
AAC	TAC	AT	0.21002	0.02908	0.03224	-0.21002	0.03588	0.03224	0.01612	0.01612
AAC	CAC	AC	0.37428	0.02052	0.02460	-0.37428	0.02983	0.02460	0.01230	0.01230
AAC	ATC	AT	0.56329	0.02908	0.03804	-0.56329	0.05108	0.03804	0.01902	0.01902
AAC	ACC	AC	0.17937	0.02052	0.02241	-0.17937	0.02455	0.02241	0.01121	0.01121
AAC	AAT	CT	-1.85547	0.14382	0.04947	1.85547	0.02249	0.04947	0.04947	0.04947
AAA	CAA	AC	-0.71215	0.00384	0.00263	0.71215	0.00188	0.00263	0.00132	0.00132
AAA	ATA	AT	-1.68626	0.00544	0.00208	1.68626	0.00101	0.00208	0.00104	0.00104
AAA	ACA	AC	0.76626	0.00384	0.00549	-0.76626	0.00825	0.00549	0.00275	0.00275
AAA	AAT	AT	0.46436	0.00544	0.00680	-0.46436	0.00865	0.00680	0.00340	0.00340
AAA	AAC	AC	2.31983	0.00384	0.00987	-2.31983	0.03903	0.00987	0.00493	0.00493
AAG	CAG	AC	0.36937	0.03833	0.04584	-0.36937	0.05545	0.04584	0.02292	0.02292
AAG	ATG	AT	-0.51658	0.05432	0.04150	0.51658	0.03241	0.04150	0.02075	0.02075
AAG	ACG	AC	-1.11146	0.03833	0.02089	1.11146	0.01261	0.02089	0.01045	0.01045
AAG	AAT	GT	-1.99558	0.05432	0.01705	1.99558	0.00738	0.01705	0.00853	0.00853
AAG	AAC	GC	-0.14011	0.03833	0.03571	0.14011	0.03332	0.03571	0.01785	0.01785
AAG	AAA	GA	-2.45994	0.36053	0.08286	2.45994	0.03080	0.08286	0.08286	0.08286
AGT	TGT	AT	0.61749	0.00374	0.00501	-0.61749	0.00693	0.00501	0.00251	0.00251
AGT	CGT	AC	0.73708	0.00264	0.00373	-0.73708	0.00551	0.00373	0.00186	0.00186
AGT	ATT	GT	1.10728	0.00374	0.00618	-1.10728	0.01132	0.00618	0.00309	0.00309
AGT	ACT	GC	0.78143	0.00264	0.00380	-0.78143	0.00576	0.00380	0.00190	0.00190
AGT	AAT	GA	0.38624	0.02482	0.02992	-0.38624	0.03652	0.02992	0.01496	0.01496
AGC	TGC	AT	0.05206	0.01075	0.01103	-0.05206	0.01133	0.01103	0.00552	0.00552
AGC	CGC	AC	1.52005	0.00759	0.01476	-1.52005	0.03469	0.01476	0.00738	0.00738
AGC	ATC	GT	1.40009	0.01075	0.01998	-1.40009	0.04361	0.01998	0.00999	0.00999
AGC	ACC	GC	1.01617	0.00759	0.01208	-1.01617	0.02096	0.01208	0.00604	0.00604
AGC	AAC	GA	0.83681	0.07136	0.10533	-0.83681	0.16476	0.10533	0.05267	0.05267
AGC	AGT	CT	-1.40490	0.05317	0.02429	1.40490	0.01305	0.02429	0.02429	0.02429
AGA	CGA	AC	1.27679	0.00166	0.00294	-1.27679	0.00594	0.00294	0.00294	0.00294
AGA	ATA	GT	-1.00545	0.00235	0.00136	1.00545	0.00086	0.00136	0.00068	0.00068
AGA	ACA	GC	1.44707	0.00166	0.00314	-1.44707	0.00705	0.00314	0.00157	0.00157
AGA	AAA	GA	0.68081	0.01559	0.02150	-0.68081	0.03080	0.02150	0.01075	0.01075
AGA	AGT	AT	0.75893	0.00235	0.00335	-0.75893	0.00502	0.00335	0.00168	0.00168
AGA	AGC	AC	2.16383	0.00166	0.00405	-2.16383	0.01443	0.00405	0.00203	0.00203
AGG	TGG	AT	-0.16070	0.01299	0.01197	0.16070	0.01106	0.01197	0.00599	0.00599
AGG	CGG	AC	0.93772	0.00917	0.01412	-0.93772	0.02341	0.01412	0.01412	0.01412
AGG	ATG	GT	0.75594	0.01299	0.01851	-0.75594	0.02766	0.01851	0.00926	0.00926
AGG	ACG	GC	0.16106	0.00917	0.00992	-0.16106	0.01077	0.00992	0.00496	0.00496
AGG	AAG	GA	1.27252	0.08621	0.15240	-1.27252	0.30777	0.15240	0.07620	0.07620
AGG	AGT	GT	-1.10930	0.01299	0.00709	1.10930	0.00428	0.00709	0.00355	0.00355
AGG	AGC	GC	0.29560	0.00917	0.01059	-0.29560	0.01232	0.01059	0.00529	0.00529
AGG	AGA	GA	-1.86823	0.08621	0.02941	1.86823	0.01331	0.02941	0.02941	0.02941
GTT	TTT	GT	1.94007	0.00166	0.00376	-1.94007	0.01156	0.00376	0.00188	0.00188
GTT	CTT	GC	-0.05109	0.00117	0.00114	0.05109	0.00111	0.00114	0.00057	0.00057
GTT	ATT	GA	1.62486	0.01102	0.02230	-1.62486	0.05596	0.02230	0.01115	0.01115
GTC	TTC	GT	1.24531	0.01033	0.01807	-1.24531	0.03590	0.01807	0.00904	0.00904
GTC	CTC	GC	1.26341	0.00729	0.01284	-1.26341	0.02579	0.01284	0.00642	0.00642
GTC	ATC	GA	1.14559	0.06858	0.11521	-1.14559	0.21564	0.11521	0.05760	0.05760
GTC	GTT	CT	-2.17698	0.05110	0.01423	2.17698	0.00579	0.01423	0.01423	0.01423
GTA	TTA	GT	0.64687	0.00011	0.00015	-0.64687	0.00021	0.00015	0.00008	0.00008
GTA	CTA	GC	2.78732	0.00008	0.00023	-2.78732	0.00127	0.00023	0.00012	0.00012
GTA	ATA	GA	1.75542	0.00073	0.00156	-1.75542	0.00425	0.00156	0.00078	0.00078
GTA	GTT	AT	3.00223	0.00011	0.00035	-3.00223	0.00223	0.00035	0.00035	0.00035
GTA	GTC	AC	5.17920	0.00008	0.00041	-5.17920	0.01387	0.00041	0.00041	0.00041
GTG	TTG	GT	-0.99333	0.02721	0.01590	0.99333	0.01008	0.01590	0.00795	0.00795
GTG	CTG	GC	1.14363	0.01920	0.03223	-1.14363	0.06025	0.03223	0.01611	0.01611
GTG	ATG	GA	-0.27765	0.18059	0.15668	0.27765	0.13681	0.15668	0.07834	0.07834
GTG	GTT	GT	-2.66046	0.02721	0.00544	2.66046	0.00190	0.00544	0.00544	0.00544
GTG	GTC	GC	-0.48348	0.01920	0.01493	0.48348	0.01184	0.01493	0.01493	0.01493
GTG	GTA	GA	-5.66269	0.18059	0.00356	5.66269	0.00063	0.00356	0.00356	0.00356
GCT	TCT	GT	-0.63784	0.00888	0.00635	0.63784	0.00469	0.00635	0.00317	0.00317
GCT	CCT	GC	0.02521	0.00627	0.00635	-0.02521	0.00643	0.00635	0.00317	0.00317
GCT	ACT	GA	-0.72653	0.05894	0.04010	0.72653	0.02850	0.04010	0.02005	0.02005
GCT	GTT	CT	-2.02554	0.04392	0.01352	2.02554	0.00579	0.01352	0.00676	0.00676
GCC	TCC	GT	-0.83149	0.04409	0.02827	0.83149	0.01920	0.02827	0.01414	0.01414
GCC	CCC	GC	-0.33368	0.03111	0.02621	0.33368	0.02228	0.02621	0.01310	0.01310
GCC	ACC	GA	-1.03794	0.29262	0.16657	1.03794	0.10364	0.16657	0.08328	0.08328
GCC	GTC	CT	-1.79962	0.21804	0.07774	1.79962	0.03606	0.07774	0.03887	0.03887
GCC	GCT	CT	-1.95106	0.21804	0.07048	1.95106	0.03099	0.07048	0.07048	0.07048
GCA	TCA	GT	-0.03453	0.00479	0.00470	0.03453	0.00462	0.00470	0.00235	0.00235
GCA	CCA	GC	0.27690	0.00338	0.00387	-0.27690	0.00445	0.00387	0.00193	0.00193
GCA	ACA	GA	0.09280	0.03176	0.03325	-0.09280	0.03485	0.03325	0.01663	0.01663
GCA	GTA	CT	-4.11514	0.02366	0.00162	4.11514	0.00039	0.00162	0.00081	0.00081
GCA	GCT	AT	0.91262	0.00479	0.00730	-0.91262	0.01192	0.00730	0.00730	0.00730
GCA	GCC	AC	2.86368	0.00338	0.01025	-2.86368	0.05917	0.01025	0.01025	0.01025
GCG	TCG	GT	0.54551	0.00511	0.00662	-0.54551	0.00881	0.00662	0.00331	0.00331
GCG	CCG	GC	0.00554	0.00360	0.00361	-0.00554	0.00362	0.00361	0.00181	0.00181
GCG	ACG	GA	0.45206	0.03388	0.04212	-0.45206	0.05325	0.04212	0.02106	0.02106
GCG	GTG	CT	1.32459	0.02525	0.04556	-1.32459	0.09494	0.04556	0.02278	0.02278
GCG	GCT	GT	0.68966	0.00511	0.00707	-0.68966	0.01017	0.00707	0.00707	0.00707
GCG	GCC	GC	2.64072	0.00360	0.01024	-2.64072	0.05051	0.01024	0.01024	0.01024
GCG	GCA	GA	-0.22296	0.03388	0.03024	0.22296	0.02711	0.03024	0.03024	0.03024
GAT	TAT	GT	-0.01890	0.01046	0.01036	0.01890	0.01026	0.01036	0.00518	0.00518
GAT	CAT	GC	-0.39971	0.00738	0.00600	0.39971	0.00495	0.00600	0.00300	0.00300
GAT	AAT	GA	-0.64197	0.06939	0.04949	0.64197	0.03652	0.04949	0.02474	0.02474
GAT	GTT	AT	-1.54578	0.01046	0.00438	1.54578	0.00223	0.00438	0.00219	0.00219
GAT	GCT	AC	0.47975	0.00738	0.00929	-0.47975	0.01192	0.00929	0.00464	0.00464
GAC	TAC	GT	-0.15325	0.03570	0.03303	0.15325	0.03063	0.03303	0.01652	0.01652
GAC	CAC	GC	0.01101	0.02519	0.02533	-0.01101	0.02547	0.02533	0.01266	0.01266
GAC	AAC	GA	-0.36327	0.23693	0.19650	0.36327	0.16476	0.19650	0.09825	0.09825
GAC	GTC	AT	-0.94558	0.03570	0.02144	0.94558	0.01387	0.02144	0.01072	0.01072
GAC	GCC	AC	0.85404	0.02519	0.03746	-0.85404	0.05917	0.03746	0.01873	0.01873
GAC	GAT	CT	-1.57677	0.17655	0.07251	1.57677	0.03648	0.07251	0.07251	0.07251
GAA	CAA	GC	-1.50649	0.00725	0.00311	1.50649	0.00161	0.00311	0.00155	0.00155
GAA	AAA	GA	-0.79435	0.06817	0.04464	0.79435	0.03080	0.04464	0.02232	0.02232
GAA	GTA	AT	-4.23603	0.01027	0.00064	4.23603	0.00015	0.00064	0.00032	0.00032
GAA	GCA	AC	-0.12089	0.00725	0.00682	0.12089	0.00642	0.00682	0.00341	0.00341
GAA	GAT	AT	0.31198	0.01027	0.01196	-0.31198	0.01403	0.01196	0.00598	0.00598
GAA	GAC	AC	1.88875	0.00725	0.01613	-1.88875	0.04791	0.01613	0.00806	0.00806
GAG	CAG	GC	0.06773	0.04424	0.04575	-0.06773	0.04734	0.04575	0.02288	0.02288
GAG	AAG	GA	-0.30164	0.41613	0.35652	0.30164	0.30777	0.35652	0.17826	0.17826
GAG	GTG	AT	-0.54058	0.06270	0.04727	0.54058	0.03652	0.04727	0.02364	0.02364
GAG	GCG	AC	-1.86517	0.04424	0.01512	1.86517	0.00685	0.01512	0.00756	0.00756
GAG	GAT	GT	-1.65525	0.06270	0.02451	1.65525	0.01198	0.02451	0.01226	0.01226
GAG	GAC	GC	-0.07848	0.04424	0.04253	0.07848	0.04090	0.04253	0.02126	0.02126
GAG	GAA	GA	-1.96724	0.41613	0.13309	1.96724	0.05819	0.13309	0.13309	0.13309
GGT	TGT	GT	0.98334	0.00221	0.00348	-0.98334	0.00592	0.00348	0.00174	0.00174
GGT	CGT	GC	1.10292	0.00156	0.00258	-1.10292	0.00471	0.00258	0.00129	0.00129
GGT	AGT	GA	0.36585	0.01470	0.01755	-0.36585	0.02119	0.01755	0.00877	0.00877
GGT	GTT	GT	-0.15173	0.00221	0.00205	0.15173	0.00190	0.00205	0.00103	0.00103
GGT	GCT	GC	1.87381	0.00156	0.00346	-1.87381	0.01017	0.00346	0.00173	0.00173
GGT	GAT	GA	1.39405	0.01470	0.02724	-1.39405	0.05924	0.02724	0.01362	0.01362
GGC	TGC	GT	-0.99790	0.02623	0.01528	0.99790	0.00967	0.01528	0.00764	0.00764
GGC	CGC	GC	0.47009	0.01850	0.02319	-0.47009	0.02961	0.02319	0.01160	0.01160
GGC	AGC	GA	-1.04996	0.17407	0.09839	1.04996	0.06092	0.09839	0.04920	0.04920
GGC	GTC	GT	-0.79546	0.02623	0.01716	0.79546	0.01184	0.01716	0.00858	0.00858
GGC	GCC	GC	1.00416	0.01850	0.02933	-1.00416	0.05051	0.02933	0.01466	0.01466
GGC	GAC	GA	0.15012	0.17407	0.18746	-0.15012	0.20226	0.18746	0.09373	0.09373
GGC	GGT	CT	-2.82071	0.12971	0.02317	2.82071	0.00773	0.02317	0.02317	0.02317
GGA	CGA	GC	2.04011	0.00066	0.00155	-2.04011	0.00507	0.00155	0.00077	0.00077
GGA	AGA	GA	0.76332	0.00620	0.00887	-0.76332	0.01331	0.00887	0.00444	0.00444
GGA	GTA	GT	-1.99756	0.00093	0.00029	1.99756	0.00013	0.00029	0.00015	0.00015
GGA	GCA	GC	2.11758	0.00066	0.00159	-2.11758	0.00548	0.00159	0.00079	0.00079
GGA	GAA	GA	2.23847	0.00620	0.01555	-2.23847	0.05819	0.01555	0.00777	0.00777
GGA	GGT	AT	1.15640	0.00093	0.00158	-1.15640	0.00297	0.00158	0.00158	0.00158
GGA	GGC	AC	3.97711	0.00066	0.00267	-3.97711	0.03520	0.00267	0.00267	0.00267
GGG	TGG	GT	-0.42571	0.01445	0.01160	0.42571	0.00944	0.01160	0.00580	0.00580
GGG	CGG	GC	0.67272	0.01020	0.01401	-0.67272	0.01998	0.01401	0.00701	0.00701
GGG	AGG	GA	-0.26500	0.09593	0.08378	0.26500	0.07360	0.08378	0.04189	0.04189
GGG	GTG	GT	0.76858	0.01445	0.02071	-0.76858	0.03117	0.02071	0.01036	0.01036
GGG	GCG	GC	-0.55601	0.01020	0.00762	0.55601	0.00585	0.00762	0.00381	0.00381
GGG	GAG	GA	1.30916	0.09593	0.17205	-1.30916	0.35523	0.17205	0.08602	0.08602
GGG	GGT	GT	-1.74015	0.01445	0.00535	1.74015	0.00254	0.00535	0.00535	0.00535
GGG	GGC	GC	1.08056	0.01020	0.01668	-1.08056	0.03005	0.01668	0.01668	0.01668
GGG	GGA	GA	-2.89655	0.09593	0.01624	2.89655	0.00530	0.01624	0.01624	0.01624


Histograms
2Ns	FMut	FSub(CodonUsage)	FSubw(after w)

-5.50252	0.01183	0.00030	0.00046
-4.95227	0.00074	0.00003	0.00005
-4.40202	0.00398	0.00027	0.00037
-3.85177	0.03770	0.00402	0.00563
-3.30151	0.02314	0.00329	0.00509
-2.75126	0.02016	0.00478	0.00787
-2.20101	0.11879	0.04422	0.06389
-1.65076	0.12107	0.06377	0.08397
-1.10050	0.14323	0.10314	0.09186
-0.55025	0.17948	0.18547	0.16225
0.00000	0.13820	0.18141	0.15712
0.55025	0.11331	0.18547	0.16225
1.10050	0.04763	0.10314	0.09186
1.65076	0.02409	0.06377	0.08397
2.20101	0.01388	0.04422	0.06389
2.75126	0.00121	0.00478	0.00787
3.30151	0.00069	0.00329	0.00509
3.85177	0.00077	0.00402	0.00563
4.40202	0.00005	0.00027	0.00037
4.95227	0.00000	0.00003	0.00005
5.50252	0.00004	0.00030	0.00046

Proportion of advantageous (S > 0) mutations:
 0.26602

Proportions of good & bad mutations (|S| > 2.0000) among mutations:
0.01013  0.16982

mean |Ns| = 1.27190	mean Ns+ = 0.70886	mean Ns- = -1.47596

