

TREE # 1

  0  0.0000   1853.562627  x:  0.05226   0.01308   0.04695   0.02166   0.02903   0.02720   0.02136   0.01705   0.02502   0.01163   0.00000   0.02383   0.03765   0.01671   0.02368   0.01298   0.01746   0.00821   0.04431   0.02392   0.01337   0.10798   0.07172   0.01158   0.10252   0.10552   0.07394   0.01024   0.02187   0.02326   0.04945   1.10537   0.45318   0.83954   0.54602   1.17450   0.19455   0.29626   2.49421  
  1 99.0000   1853.561236  x:  0.05226   0.01308   0.04695   0.02166   0.02903   0.02720   0.02136   0.01705   0.02502   0.01163   0.00000   0.02383   0.03765   0.01671   0.02368   0.01298   0.01746   0.00821   0.04431   0.02392   0.01337   0.10798   0.07172   0.01158   0.10252   0.10552   0.07395   0.01024   0.02187   0.02326   0.04945   1.10537   0.45318   0.83954   0.54602   1.17450   0.19455   0.29626   2.49421  
  2 614.6343   1841.375293  x:  0.05123   0.01356   0.04622   0.02155   0.02867   0.02531   0.00726   0.01189   0.02447   0.00126   0.00000   0.00718   0.03690   0.01346   0.02053   0.02048   0.01909   0.00000   0.04366   0.02588   0.01244   0.11015   0.06788   0.00430   0.10342   0.10500   0.07418   0.01004   0.02229   0.02285   0.04658   1.10853   0.45380   0.83939   0.54698   1.17505   0.19419   0.29496   2.49413  
  3 937.2388   1840.117018  x:  0.05112   0.01359   0.04611   0.02155   0.02865   0.02516   0.00550   0.01168   0.02444   0.00000   0.00000   0.00522   0.03682   0.01323   0.02040   0.02091   0.01920   0.00000   0.04367   0.02612   0.01224   0.11037   0.06749   0.00350   0.10350   0.10497   0.07418   0.01003   0.02230   0.02282   0.04632   1.10889   0.45387   0.83937   0.54709   1.17511   0.19415   0.29484   2.49412  
  4 8547.0228   1837.799746  x:  0.05078   0.01383   0.04561   0.02172   0.02868   0.02490   0.00267   0.01072   0.02459   0.00000   0.00000   0.00000   0.03658   0.01267   0.02014   0.02143   0.01977   0.00000   0.04423   0.02776   0.01056   0.11114   0.06634   0.00116   0.10368   0.10479   0.07407   0.01006   0.02233   0.02277   0.04555   1.10987   0.45406   0.83933   0.54738   1.17529   0.19403   0.29455   2.49409  
  5 2730.8591   1837.579128  x:  0.05070   0.01374   0.04545   0.02169   0.02876   0.02486   0.00249   0.01071   0.02456   0.00000   0.00000   0.00000   0.03646   0.01270   0.01988   0.02125   0.01965   0.00000   0.04438   0.02808   0.01106   0.11146   0.06586   0.00000   0.10375   0.10488   0.07406   0.01004   0.02228   0.02277   0.04536   1.11042   0.45417   0.83931   0.54754   1.17540   0.19396   0.29443   2.49407  
  6 194.9442   1835.360514  x:  0.05042   0.01122   0.04276   0.02048   0.04004   0.02885   0.00476   0.01661   0.02277   0.00000   0.00000   0.00000   0.03006   0.01657   0.01665   0.02528   0.01303   0.00000   0.04209   0.02251   0.00831   0.12632   0.04301   0.00000   0.10683   0.12610   0.07809   0.01134   0.02470   0.02268   0.04319   1.15553   0.46324   0.83765   0.56047   1.18450   0.18803   0.28673   2.49257  
  7 95.3453   1830.898139  x:  0.05321   0.02083   0.05721   0.01761   0.03551   0.02891   0.00832   0.00775   0.02292   0.00000   0.00000   0.00000   0.02355   0.00875   0.02843   0.01323   0.02893   0.00000   0.03817   0.01728   0.01569   0.14640   0.03840   0.00000   0.11100   0.16110   0.08051   0.00756   0.01731   0.02347   0.04762   1.28172   0.48864   0.83323   0.59662   1.21041   0.17125   0.26376   2.48826  
  8 161.3411   1822.662742  x:  0.05735   0.00787   0.06197   0.01457   0.01383   0.01498   0.01703   0.01101   0.01874   0.00000   0.00000   0.00000   0.02868   0.00949   0.01979   0.00958   0.02260   0.00000   0.03952   0.02706   0.01448   0.16383   0.07211   0.00000   0.11594   0.19474   0.08027   0.01879   0.03002   0.02263   0.05039   1.51939   0.53636   0.82513   0.66495   1.25987   0.13952   0.21581   2.47999  
  9 440.5639   1816.984774  x:  0.05657   0.00495   0.06085   0.01973   0.03477   0.01735   0.02131   0.00576   0.01947   0.00000   0.00000   0.00000   0.03837   0.00655   0.00996   0.00527   0.00900   0.00000   0.04510   0.02426   0.01153   0.16176   0.09930   0.00000   0.11832   0.19233   0.07936   0.01133   0.01849   0.02244   0.04889   1.68984   0.57046   0.81969   0.71417   1.29599   0.11669   0.17879   2.47394  
 10 623.4609   1813.912036  x:  0.05395   0.01237   0.05747   0.01152   0.03324   0.01530   0.02744   0.01222   0.01325   0.00000   0.00000   0.00000   0.04285   0.00775   0.01089   0.00855   0.00678   0.00000   0.04878   0.01588   0.00814   0.15751   0.10091   0.00000   0.12010   0.17213   0.08207   0.00489   0.01242   0.02388   0.04031   1.78453   0.58914   0.81687   0.74193   1.31627   0.10427   0.15687   2.47053  
 11 478.9099   1811.726341  x:  0.05266   0.01097   0.05507   0.00922   0.03437   0.01715   0.03077   0.01278   0.01375   0.00000   0.00000   0.00000   0.04565   0.00793   0.01243   0.00650   0.01173   0.00000   0.04778   0.00726   0.00728   0.15127   0.09729   0.00000   0.12101   0.15256   0.08529   0.00948   0.01625   0.02407   0.03568   1.84969   0.60190   0.81509   0.76117   1.33039   0.09578   0.14264   2.46815  
 12 758.9725   1808.528292  x:  0.05464   0.00491   0.06110   0.00997   0.03226   0.02027   0.03611   0.01293   0.01457   0.00000   0.00000   0.00000   0.04786   0.00468   0.02114   0.00732   0.00704   0.00000   0.03223   0.01110   0.00577   0.13453   0.08315   0.00000   0.12174   0.12053   0.09520   0.00884   0.01954   0.02286   0.03832   1.94701   0.62077   0.81281   0.79017   1.35177   0.08334   0.12512   2.46452  
 13 562.0714   1807.665568  x:  0.05637   0.00691   0.06409   0.01191   0.03006   0.01932   0.03631   0.01104   0.01459   0.00000   0.00000   0.00000   0.04813   0.01176   0.01670   0.00626   0.00761   0.00000   0.02803   0.01147   0.00391   0.12634   0.07695   0.00000   0.12141   0.11139   0.09799   0.00899   0.01855   0.02172   0.04267   1.97879   0.62682   0.81232   0.79977   1.35885   0.07948   0.12334   2.46326  
 14 344.7647   1806.503769  x:  0.05890   0.00632   0.06541   0.01197   0.02732   0.01826   0.03648   0.01210   0.01566   0.00000   0.00000   0.00000   0.04783   0.00781   0.01003   0.00841   0.00965   0.00000   0.03362   0.01095   0.00229   0.11298   0.06865   0.00000   0.11960   0.10533   0.09878   0.00974   0.01670   0.02138   0.05032   2.01515   0.63356   0.81228   0.81097   1.36723   0.07540   0.12912   2.46164  
 15 208.7579   1805.796309  x:  0.05943   0.00927   0.06323   0.01125   0.02723   0.01595   0.03575   0.00690   0.01404   0.00000   0.00000   0.00000   0.04828   0.00760   0.01162   0.00932   0.00653   0.00000   0.03729   0.01038   0.00283   0.10363   0.06483   0.00000   0.11836   0.10409   0.09834   0.01104   0.01998   0.02128   0.05174   2.03859   0.63775   0.81259   0.81835   1.37281   0.07297   0.13596   2.46047  
 16 204.8157   1805.508226  x:  0.05926   0.00954   0.06147   0.01059   0.02756   0.01468   0.03539   0.00444   0.01288   0.00430   0.00000   0.00000   0.04876   0.00781   0.01223   0.00988   0.00635   0.00000   0.03779   0.01047   0.00294   0.09882   0.06342   0.00000   0.11779   0.10398   0.09804   0.01072   0.02125   0.02115   0.05106   2.05153   0.64001   0.81287   0.82248   1.37596   0.07169   0.14030   2.45978  
 17 365.9499   1804.707977  x:  0.05765   0.00692   0.05611   0.00802   0.02789   0.01444   0.03452   0.00000   0.01137   0.00479   0.00000   0.00000   0.05021   0.00920   0.01223   0.01122   0.00911   0.00000   0.03462   0.01137   0.00264   0.09078   0.06274   0.00000   0.11663   0.10531   0.09733   0.00717   0.02242   0.02132   0.04580   2.07738   0.64438   0.81378   0.83085   1.38254   0.06921   0.15025   2.45830  
 18 284.1915   1804.123268  x:  0.05521   0.01079   0.05359   0.01052   0.02800   0.01338   0.03395   0.00000   0.01337   0.00544   0.00000   0.00000   0.05166   0.00664   0.00970   0.01189   0.00957   0.00000   0.02889   0.01191   0.00261   0.08650   0.06335   0.00000   0.11635   0.10622   0.09675   0.00759   0.02376   0.02079   0.03802   2.09943   0.64794   0.81487   0.83817   1.38834   0.06724   0.15926   2.45693  
 19 210.8133   1803.889875  x:  0.05364   0.01030   0.05681   0.01229   0.02926   0.01417   0.03322   0.00000   0.01049   0.00545   0.00000   0.00000   0.05246   0.00712   0.00978   0.01383   0.01007   0.00000   0.02872   0.01227   0.00267   0.08911   0.06479   0.00000   0.11734   0.10478   0.09611   0.00978   0.02331   0.02085   0.03590   2.11040   0.64940   0.81595   0.84211   1.39155   0.06649   0.16379   2.45609  
 20 65.7924   1803.619900  x:  0.05166   0.00875   0.06039   0.01142   0.03040   0.01383   0.03172   0.00000   0.01349   0.00619   0.00000   0.00000   0.05375   0.00914   0.01017   0.01682   0.00963   0.00000   0.02900   0.01162   0.00261   0.09362   0.06669   0.00000   0.11909   0.10233   0.09506   0.00943   0.02410   0.02127   0.03409   2.12852   0.65174   0.81784   0.84867   1.39693   0.06526   0.17061   2.45467  
 21 149.8793   1803.418122  x:  0.05255   0.01049   0.05957   0.01096   0.03248   0.01408   0.03025   0.00000   0.01293   0.00637   0.00000   0.00000   0.05503   0.00839   0.00915   0.01758   0.01047   0.00000   0.02810   0.01168   0.00280   0.09959   0.06882   0.00000   0.12121   0.09998   0.09489   0.00765   0.02762   0.02074   0.03821   2.13795   0.65237   0.81995   0.85258   1.40051   0.06492   0.17206   2.45362  
 22 52.5379   1803.186081  x:  0.05546   0.01069   0.05310   0.01101   0.03243   0.01423   0.02820   0.00000   0.01379   0.00660   0.00000   0.00000   0.05672   0.00860   0.01053   0.01950   0.01096   0.00000   0.02670   0.01189   0.00313   0.10207   0.07010   0.00000   0.12338   0.09971   0.09547   0.01024   0.02426   0.02052   0.04052   2.15395   0.65318   0.82409   0.85938   1.40703   0.06437   0.17204   2.45172  
 23 44.2805   1802.845741  x:  0.05711   0.01046   0.04960   0.01678   0.03006   0.01708   0.02484   0.00000   0.01443   0.00665   0.00000   0.00000   0.05810   0.00928   0.01174   0.02061   0.01155   0.00000   0.02978   0.01122   0.00331   0.10216   0.07034   0.00000   0.12510   0.10125   0.09586   0.00774   0.02519   0.02139   0.03940   2.17314   0.65279   0.83193   0.86862   1.41691   0.06431   0.16722   2.44870  
 24 55.1394   1802.018830  x:  0.05550   0.01476   0.05280   0.01501   0.03502   0.01793   0.01764   0.00000   0.01681   0.00447   0.00000   0.00000   0.05941   0.00942   0.01271   0.02075   0.01383   0.00000   0.03529   0.01594   0.00323   0.10153   0.07113   0.00000   0.12633   0.10528   0.09241   0.01105   0.02751   0.02206   0.03908   2.20097   0.64790   0.85212   0.88550   1.43752   0.06627   0.14878   2.44194  
 25 96.3024   1801.674183  x:  0.04942   0.01452   0.05068   0.01693   0.03429   0.01733   0.01566   0.00000   0.01686   0.00349   0.00000   0.00000   0.05675   0.00886   0.01434   0.02033   0.01341   0.00000   0.03429   0.01518   0.00237   0.10335   0.07026   0.00000   0.12102   0.10365   0.08348   0.01099   0.02674   0.01944   0.04125   2.21283   0.64574   0.86169   0.89264   1.44704   0.06726   0.14905   2.43874  
 26 49.6104   1801.553207  x:  0.04708   0.01446   0.04981   0.01763   0.03398   0.01725   0.01481   0.00201   0.01687   0.00312   0.00000   0.00000   0.05558   0.00863   0.01494   0.02015   0.01321   0.00000   0.03383   0.01489   0.00202   0.10407   0.06994   0.00000   0.11867   0.10293   0.07989   0.01098   0.02644   0.01870   0.04209   2.21788   0.64483   0.86574   0.89566   1.45109   0.06767   0.14937   2.43738  
 27 600.9995   1801.142454  x:  0.04768   0.01412   0.04934   0.02047   0.03526   0.01401   0.01241   0.00389   0.01695   0.00128   0.00000   0.00000   0.05057   0.00799   0.01611   0.01904   0.01314   0.00000   0.03248   0.01428   0.00144   0.10696   0.06998   0.00000   0.10935   0.09906   0.07476   0.01098   0.02579   0.02538   0.04310   2.22982   0.64118   0.87934   0.90392   1.46360   0.06955   0.15552   2.43299  
 28 67.4572   1800.616442  x:  0.04864   0.01392   0.04977   0.02138   0.03581   0.01355   0.01063   0.00531   0.01728   0.00000   0.00000   0.00000   0.04725   0.00772   0.01667   0.01832   0.01298   0.00000   0.03245   0.01391   0.00143   0.10803   0.07053   0.00000   0.10337   0.09670   0.07395   0.01088   0.02526   0.02385   0.04313   2.23845   0.63864   0.88908   0.90981   1.47263   0.07087   0.16104   2.42982  
 29 169.3242   1800.182769  x:  0.04543   0.01496   0.04889   0.01885   0.03358   0.02179   0.00682   0.00567   0.01763   0.00000   0.00000   0.00000   0.04273   0.00748   0.01529   0.01712   0.01118   0.00000   0.03062   0.01409   0.00143   0.10629   0.07179   0.00000   0.09618   0.09385   0.07295   0.01156   0.02477   0.02644   0.04380   2.25878   0.63550   0.90588   0.92131   1.48983   0.07219   0.17333   2.42408  
 30 176.3422   1799.948853  x:  0.03985   0.01423   0.04933   0.02104   0.03361   0.01991   0.00509   0.00739   0.01802   0.00000   0.00000   0.00000   0.04176   0.00715   0.01581   0.01632   0.01127   0.00000   0.03004   0.01335   0.00183   0.10477   0.07154   0.00000   0.10020   0.09261   0.07237   0.01166   0.02366   0.02777   0.04693   2.26501   0.63167   0.91921   0.92658   1.50222   0.07319   0.17865   2.41998  
 31 45.3244   1799.664788  x:  0.04320   0.01406   0.05053   0.02130   0.03290   0.02091   0.00345   0.00852   0.01811   0.00000   0.00000   0.00000   0.04252   0.00668   0.01612   0.01508   0.01057   0.00000   0.02914   0.01290   0.00148   0.10419   0.07004   0.00000   0.10924   0.09026   0.06496   0.01155   0.02317   0.02740   0.04623   2.26785   0.62650   0.93642   0.93068   1.51833   0.07359   0.18524   2.41491  
 32 47.0413   1798.775457  x:  0.04120   0.01449   0.04907   0.02116   0.03155   0.02040   0.00000   0.00945   0.01793   0.00000   0.00000   0.00000   0.04757   0.00596   0.01681   0.01370   0.01033   0.00000   0.02986   0.01315   0.00070   0.10808   0.06837   0.00000   0.10937   0.08751   0.06936   0.01151   0.02243   0.02677   0.04527   2.26814   0.61477   0.97721   0.93599   1.55837   0.07162   0.19283   2.40319  
 33 39.5502   1798.080454  x:  0.04132   0.01310   0.04956   0.02100   0.02789   0.01825   0.00000   0.01097   0.01713   0.00000   0.00000   0.00000   0.06357   0.00536   0.01492   0.01414   0.01002   0.00000   0.02736   0.01199   0.00095   0.11153   0.06004   0.00000   0.09473   0.08615   0.06464   0.01087   0.02108   0.02615   0.04344   2.27855   0.57497   1.11859   0.95908   1.69930   0.06421   0.19655   2.36242  
 34 96.6474   1797.499249  x:  0.04143   0.01209   0.04721   0.02061   0.02742   0.01618   0.00000   0.01144   0.01627   0.00000   0.00000   0.00000   0.03594   0.00547   0.01293   0.01519   0.00942   0.00000   0.02640   0.01130   0.00083   0.11089   0.06372   0.00000   0.09423   0.08271   0.06446   0.01050   0.02115   0.02509   0.04108   2.28412   0.54715   1.21749   0.97808   1.79639   0.06223   0.19470   2.33392  
 35 78.4074   1791.505092  x:  0.04412   0.01173   0.04683   0.01370   0.01879   0.01521   0.00000   0.00434   0.01435   0.00000   0.00000   0.00000   0.03496   0.00313   0.00824   0.00788   0.01031   0.00000   0.03452   0.01519   0.00220   0.11647   0.05009   0.00000   0.12412   0.07008   0.08361   0.01013   0.01921   0.02396   0.03091   2.28515   0.53388   1.72107   1.53267   2.10129   0.52529   0.20304   2.16718  
 36  5.3074   1790.135457  x:  0.04494   0.01005   0.04785   0.01230   0.01608   0.01310   0.00000   0.00431   0.01375   0.00000   0.00000   0.00000   0.03000   0.00298   0.00656   0.00761   0.01009   0.00000   0.03475   0.01526   0.00232   0.11996   0.04509   0.00000   0.12586   0.07121   0.08512   0.01012   0.01852   0.02295   0.02925   2.28981   0.86824   1.94570   1.58184   2.25203   0.75552   0.19704   2.09829  
 37  7.1610   1786.716052  x:  0.05027   0.00513   0.05813   0.01226   0.01661   0.01114   0.00000   0.00327   0.01377   0.00000   0.00000   0.00000   0.03143   0.00592   0.00605   0.01089   0.00922   0.00000   0.03305   0.01434   0.00238   0.12434   0.04164   0.00000   0.13409   0.10295   0.09256   0.01031   0.01914   0.02158   0.03417   2.53702   0.80359   2.26946   1.71024   2.41046   1.58978   0.15319   1.99433  
 38  4.0874   1784.071996  x:  0.05193   0.00424   0.06265   0.00985   0.01969   0.01000   0.00000   0.00248   0.01372   0.00000   0.00000   0.00000   0.03151   0.00540   0.01147   0.01021   0.01067   0.00000   0.03493   0.01515   0.00266   0.13164   0.03734   0.00000   0.13843   0.11518   0.09513   0.00983   0.01718   0.01922   0.03349   2.83919   0.73598   2.00191   1.55316   3.21846   1.70501   0.17600   2.05834  
 39  2.3210   1782.801275  x:  0.05290   0.00507   0.06184   0.01088   0.01885   0.00849   0.00000   0.00726   0.01366   0.00000   0.00000   0.00000   0.02665   0.00344   0.01261   0.00861   0.01101   0.00000   0.03554   0.01512   0.00270   0.14648   0.03669   0.00000   0.12888   0.11655   0.09147   0.00931   0.01575   0.01895   0.03149   3.01244   0.68942   1.69772   1.61454   3.42947   2.06251   0.15096   2.19605  
 40  2.1764   1781.189543  x:  0.05321   0.00763   0.05998   0.00801   0.02309   0.01407   0.00000   0.00673   0.01335   0.00000   0.00000   0.00000   0.03881   0.00450   0.01038   0.00848   0.01063   0.00000   0.03611   0.01564   0.00322   0.15366   0.04516   0.00000   0.13321   0.10716   0.09332   0.00958   0.01885   0.02073   0.02945   3.51721   0.63454   1.79587   1.43623   3.54784   2.49605   0.12949   2.64749  
 41  1.4247   1780.021842  x:  0.05298   0.00473   0.06162   0.00998   0.02198   0.01445   0.00000   0.00618   0.01273   0.00000   0.00000   0.00000   0.03820   0.00554   0.00611   0.01024   0.00929   0.00000   0.03357   0.01344   0.00350   0.15451   0.04503   0.00000   0.13287   0.10430   0.09396   0.00953   0.01925   0.02213   0.03459   3.72019   0.67413   1.88537   2.00837   3.79050   2.52167   0.13016   3.26268  
 42  1.1366   1778.952676  x:  0.05222   0.00447   0.06315   0.01207   0.01983   0.01308   0.00000   0.00378   0.01319   0.00000   0.00000   0.00000   0.02904   0.00482   0.00982   0.01022   0.01054   0.00000   0.03429   0.01290   0.00403   0.15544   0.04118   0.00000   0.13838   0.09690   0.09622   0.00971   0.01688   0.02244   0.03707   4.08254   0.72654   2.27959   2.35634   3.65053   2.62193   0.12392   4.14066  
 43  1.6751   1778.174001  x:  0.05023   0.00670   0.06124   0.01089   0.01922   0.01000   0.00000   0.00285   0.01306   0.00000   0.00000   0.00000   0.03115   0.00456   0.00850   0.00683   0.00992   0.00000   0.03371   0.01312   0.00437   0.15772   0.04141   0.00000   0.14037   0.10507   0.09440   0.00992   0.01735   0.02120   0.03370   4.35393   0.74540   2.55449   2.75741   3.63941   2.39568   0.14955   5.24093  
 44  1.5546   1777.639806  x:  0.04970   0.00652   0.06147   0.00940   0.01903   0.01056   0.00000   0.00426   0.01351   0.00000   0.00000   0.00000   0.03428   0.00382   0.00938   0.01014   0.00987   0.00000   0.03227   0.01287   0.00459   0.16237   0.04173   0.00000   0.13896   0.10844   0.09120   0.01027   0.01781   0.01974   0.02994   4.60519   0.76933   2.82267   3.23570   3.53825   2.14398   0.15205   6.48254  
 45  1.5216   1777.261645  x:  0.05043   0.00460   0.06189   0.00956   0.01951   0.01103   0.00000   0.00519   0.01331   0.00000   0.00000   0.00000   0.03080   0.00530   0.00904   0.00819   0.00992   0.00000   0.03313   0.01346   0.00491   0.16593   0.04065   0.00000   0.13665   0.10522   0.08968   0.01004   0.01789   0.02047   0.03118   4.92711   0.71330   2.98219   3.52619   3.42147   2.05566   0.14436   7.85571  
 46  1.3187   1777.060939  x:  0.05166   0.00543   0.06297   0.01007   0.02043   0.01142   0.00000   0.00468   0.01318   0.00000   0.00000   0.00000   0.03012   0.00384   0.00871   0.00846   0.01042   0.00000   0.03348   0.01332   0.00516   0.16992   0.04497   0.00000   0.13678   0.10594   0.09122   0.00998   0.01766   0.02145   0.03379   5.12609   0.68180   3.10554   3.73383   3.44855   2.15175   0.13523   8.85578  
 47  1.4415   1776.908296  x:  0.05224   0.00597   0.06202   0.01109   0.01926   0.01062   0.00000   0.00443   0.01304   0.00000   0.00000   0.00000   0.03634   0.00475   0.00867   0.00909   0.01052   0.00000   0.03435   0.01357   0.00537   0.17813   0.04561   0.00000   0.13752   0.10465   0.09296   0.00986   0.01711   0.02134   0.03333   5.29588   0.67179   3.24458   3.97150   3.57430   2.31178   0.13740  10.09239  
 48  1.0741   1776.675682  x:  0.05206   0.00588   0.06281   0.01002   0.01905   0.01268   0.00000   0.00384   0.01309   0.00000   0.00000   0.00000   0.03156   0.00452   0.00874   0.00864   0.00958   0.00000   0.03350   0.01355   0.00555   0.18977   0.04507   0.00000   0.13947   0.10821   0.09441   0.00956   0.01828   0.02073   0.03174   5.42176   0.71773   3.56029   4.49975   3.65838   2.36563   0.14467  12.57419  
 49  1.3323   1776.444433  x:  0.05129   0.00521   0.06291   0.00963   0.02186   0.01002   0.00000   0.00431   0.01325   0.00000   0.00000   0.00000   0.03423   0.00410   0.00884   0.00852   0.00996   0.00000   0.03361   0.01359   0.00543   0.19573   0.04419   0.00000   0.13964   0.10633   0.09445   0.00989   0.01840   0.02095   0.03267   5.33638   0.74555   3.73924   4.77828   3.55572   2.30212   0.14058  14.79937  
 50  1.3140   1776.145807  x:  0.05036   0.00567   0.06262   0.00947   0.01924   0.01083   0.00000   0.00482   0.01342   0.00000   0.00000   0.00000   0.03033   0.00463   0.00921   0.00836   0.01037   0.00000   0.03401   0.01373   0.00497   0.20609   0.04596   0.00000   0.13803   0.10549   0.09279   0.01011   0.01629   0.02160   0.03347   5.03111   0.72738   3.63515   4.92416   3.72593   2.48077   0.13203  17.70934  
 51  2.0038   1776.014632  x:  0.05103   0.00522   0.06244   0.01125   0.01864   0.01158   0.00000   0.00481   0.01342   0.00000   0.00000   0.00000   0.03172   0.00407   0.00832   0.00874   0.01023   0.00000   0.03396   0.01342   0.00467   0.20847   0.04648   0.00000   0.13872   0.10381   0.09290   0.00994   0.01744   0.02093   0.03311   4.84334   0.71466   3.49974   4.79543   3.73095   2.46575   0.14229  19.15227  
 52  1.3521   1775.912787  x:  0.05178   0.00601   0.06172   0.01123   0.02051   0.01137   0.00000   0.00427   0.01320   0.00000   0.00000   0.00000   0.03289   0.00459   0.00862   0.00904   0.01023   0.00000   0.03379   0.01344   0.00440   0.20964   0.04887   0.00000   0.13843   0.10319   0.09238   0.00982   0.01860   0.02086   0.03223   4.68627   0.76409   3.34288   4.70524   3.78261   2.46930   0.14209  20.59802  
 53  0.9909   1775.746998  x:  0.05214   0.00549   0.06146   0.00877   0.01953   0.01147   0.00000   0.00356   0.01278   0.00000   0.00000   0.00000   0.03556   0.00398   0.00805   0.00873   0.00967   0.00000   0.03311   0.01332   0.00421   0.21099   0.04877   0.00000   0.13866   0.10296   0.09220   0.01004   0.01757   0.02117   0.03199   4.72253   0.75675   3.00230   4.30417   3.83697   2.52820   0.14144  22.89103  
 54  1.3073   1775.602053  x:  0.05237   0.00563   0.06183   0.00967   0.01976   0.01147   0.00000   0.00460   0.01319   0.00000   0.00000   0.00000   0.03291   0.00439   0.00854   0.00803   0.00964   0.00000   0.03320   0.01348   0.00409   0.21242   0.05027   0.00000   0.13970   0.10466   0.09355   0.01016   0.01744   0.02113   0.03373   4.81146   0.74882   2.73386   3.89020   3.90332   2.61916   0.14526  25.41453  
 55  2.1378   1775.541022  x:  0.05150   0.00585   0.06216   0.01047   0.01920   0.01125   0.00000   0.00441   0.01329   0.00000   0.00000   0.00000   0.03065   0.00449   0.00870   0.00884   0.01031   0.00000   0.03364   0.01383   0.00405   0.21448   0.04904   0.00000   0.13986   0.10491   0.09356   0.00997   0.01807   0.02107   0.03264   4.86348   0.73763   2.72627   3.75665   3.86839   2.64379   0.13828  27.13117  
 56  1.7063   1775.487850  x:  0.05113   0.00517   0.06304   0.01071   0.01979   0.01133   0.00000   0.00448   0.01328   0.00000   0.00000   0.00000   0.03297   0.00433   0.00908   0.00900   0.01051   0.00000   0.03390   0.01363   0.00403   0.21928   0.04971   0.00000   0.14040   0.10621   0.09436   0.00971   0.01776   0.02091   0.03239   4.90079   0.74584   2.86596   3.71687   3.95004   2.78065   0.13472  29.74913  
 57  2.0446   1775.429616  x:  0.05105   0.00569   0.06293   0.00982   0.01985   0.01166   0.00000   0.00456   0.01328   0.00000   0.00000   0.00000   0.03320   0.00449   0.00883   0.00908   0.01031   0.00000   0.03397   0.01341   0.00394   0.22194   0.05014   0.00000   0.14001   0.10673   0.09421   0.00994   0.01712   0.02098   0.03319   4.89804   0.72685   2.98236   3.49215   3.93424   2.75589   0.13919  33.13441  
 58  2.1969   1775.397012  x:  0.05131   0.00569   0.06226   0.00982   0.01991   0.01124   0.00000   0.00445   0.01312   0.00000   0.00000   0.00000   0.03194   0.00445   0.00848   0.00886   0.01017   0.00000   0.03409   0.01353   0.00396   0.22533   0.05104   0.00000   0.13925   0.10592   0.09357   0.00987   0.01790   0.02109   0.03269   4.94533   0.68502   3.02671   3.30885   4.00549   2.83534   0.13928  35.52816  
 59  2.2201   1775.388068  x:  0.05148   0.00557   0.06209   0.01029   0.01953   0.01138   0.00000   0.00440   0.01315   0.00000   0.00000   0.00000   0.03270   0.00439   0.00874   0.00860   0.01009   0.00000   0.03376   0.01348   0.00403   0.22572   0.05156   0.00000   0.13856   0.10556   0.09312   0.00976   0.01784   0.02111   0.03256   4.97001   0.67235   3.07014   3.28973   3.98880   2.81813   0.13810  35.99884  
 60  0.5823   1775.385082  x:  0.05151   0.00559   0.06204   0.01034   0.01971   0.01136   0.00000   0.00436   0.01326   0.00000   0.00000   0.00000   0.03233   0.00439   0.00881   0.00874   0.01014   0.00000   0.03374   0.01355   0.00413   0.22623   0.05204   0.00000   0.13803   0.10513   0.09286   0.00990   0.01759   0.02097   0.03275   4.99480   0.67019   3.11585   3.30092   3.98420   2.81947   0.13847  36.14142  
 61  0.1191   1775.382967  x:  0.05135   0.00568   0.06212   0.01024   0.01966   0.01143   0.00000   0.00440   0.01327   0.00000   0.00000   0.00000   0.03275   0.00437   0.00885   0.00875   0.01015   0.00000   0.03352   0.01358   0.00424   0.22672   0.05192   0.00000   0.13766   0.10516   0.09253   0.00995   0.01780   0.02112   0.03288   4.98746   0.67303   3.11624   3.27284   3.98275   2.82211   0.13823  36.09414  
 62  0.0241   1775.380423  x:  0.05130   0.00555   0.06220   0.01021   0.01970   0.01133   0.00000   0.00442   0.01320   0.00000   0.00000   0.00000   0.03239   0.00440   0.00876   0.00873   0.01012   0.00000   0.03345   0.01350   0.00442   0.22707   0.05209   0.00000   0.13752   0.10534   0.09242   0.00991   0.01773   0.02107   0.03253   4.96438   0.67221   3.09582   3.25302   3.96550   2.80072   0.13851  35.62420  
 63  0.2321   1775.379237  x:  0.05141   0.00562   0.06219   0.01029   0.01966   0.01140   0.00000   0.00439   0.01322   0.00000   0.00000   0.00000   0.03254   0.00440   0.00876   0.00873   0.01015   0.00000   0.03364   0.01350   0.00452   0.22773   0.05183   0.00000   0.13779   0.10539   0.09266   0.00990   0.01772   0.02100   0.03273   4.96069   0.67098   3.08021   3.25999   3.96614   2.80032   0.13834  35.46673  
 64  0.1159   1775.378977  x:  0.05145   0.00559   0.06213   0.01029   0.01967   0.01139   0.00000   0.00438   0.01324   0.00000   0.00000   0.00000   0.03251   0.00440   0.00880   0.00873   0.01014   0.00000   0.03370   0.01351   0.00455   0.22826   0.05198   0.00000   0.13800   0.10540   0.09279   0.00989   0.01769   0.02106   0.03276   4.95932   0.67227   3.07273   3.24586   3.96561   2.80065   0.13835  35.71397  
 65  0.1680   1775.378774  x:  0.05145   0.00561   0.06216   0.01024   0.01969   0.01139   0.00000   0.00439   0.01325   0.00000   0.00000   0.00000   0.03251   0.00440   0.00880   0.00872   0.01013   0.00000   0.03369   0.01353   0.00457   0.22920   0.05216   0.00000   0.13808   0.10535   0.09279   0.00988   0.01771   0.02105   0.03272   4.96006   0.67273   3.07720   3.26189   3.96466   2.80064   0.13824  36.08047  
 66  0.1569   1775.378710  x:  0.05144   0.00561   0.06218   0.01027   0.01967   0.01139   0.00000   0.00439   0.01323   0.00000   0.00000   0.00000   0.03253   0.00439   0.00878   0.00873   0.01014   0.00000   0.03366   0.01352   0.00456   0.22947   0.05227   0.00000   0.13803   0.10535   0.09276   0.00989   0.01771   0.02103   0.03273   4.95873   0.67350   3.07120   3.26344   3.96825   2.80249   0.13834  36.24362  
 67  0.1045   1775.378701  x:  0.05143   0.00561   0.06216   0.01027   0.01968   0.01139   0.00000   0.00439   0.01323   0.00000   0.00000   0.00000   0.03252   0.00440   0.00878   0.00873   0.01014   0.00000   0.03366   0.01352   0.00457   0.22942   0.05226   0.00000   0.13798   0.10538   0.09274   0.00990   0.01771   0.02104   0.03274   4.95864   0.67361   3.06916   3.26444   3.96797   2.80235   0.13836  36.24759  
 68  0.0026   1775.378691  x:  0.05144   0.00561   0.06217   0.01026   0.01968   0.01139   0.00000   0.00439   0.01324   0.00000   0.00000   0.00000   0.03252   0.00440   0.00878   0.00872   0.01014   0.00000   0.03366   0.01351   0.00457   0.22921   0.05222   0.00000   0.13794   0.10537   0.09275   0.00990   0.01771   0.02103   0.03273   4.95799   0.67363   3.06776   3.26294   3.96979   2.80459   0.13834  36.25554  
 69  0.0020   1775.378681  x:  0.05143   0.00561   0.06216   0.01027   0.01967   0.01139   0.00000   0.00439   0.01323   0.00000   0.00000   0.00000   0.03251   0.00440   0.00878   0.00873   0.01014   0.00000   0.03366   0.01352   0.00458   0.22893   0.05217   0.00000   0.13797   0.10536   0.09276   0.00989   0.01771   0.02104   0.03273   4.95742   0.67380   3.06906   3.26551   3.97171   2.80599   0.13837  36.24158  
 70  0.0062   1775.378679  x:  0.05143   0.00561   0.06216   0.01027   0.01968   0.01139   0.00000   0.00439   0.01323   0.00000   0.00000   0.00000   0.03252   0.00440   0.00878   0.00873   0.01014   0.00000   0.03366   0.01352   0.00458   0.22888   0.05218   0.00000   0.13798   0.10537   0.09275   0.00989   0.01771   0.02104   0.03273   4.95731   0.67379   3.06878   3.26476   3.97184   2.80630   0.13836  36.24142  
 71  0.0008   1775.378679  x:  0.05143   0.00561   0.06216   0.01027   0.01968   0.01139   0.00000   0.00439   0.01323   0.00000   0.00000   0.00000   0.03252   0.00440   0.00878   0.00873   0.01014   0.00000   0.03366   0.01352   0.00458   0.22888   0.05218   0.00000   0.13798   0.10537   0.09275   0.00989   0.01771   0.02104   0.03273   4.95735   0.67377   3.06876   3.26477   3.97184   2.80633   0.13836  36.24023  
 72  0.0013   1775.378679  x:  0.05143   0.00561   0.06216   0.01027   0.01968   0.01139   0.00000   0.00439   0.01323   0.00000   0.00000   0.00000   0.03252   0.00440   0.00878   0.00873   0.01014   0.00000   0.03366   0.01352   0.00458   0.22887   0.05218   0.00000   0.13798   0.10537   0.09275   0.00989   0.01771   0.02104   0.03273   4.95736   0.67377   3.06874   3.26478   3.97184   2.80634   0.13836  36.23976  
 73  0.0005   1775.378679  x:  0.05143   0.00561   0.06216   0.01027   0.01968   0.01139   0.00000   0.00439   0.01323   0.00000   0.00000   0.00000   0.03252   0.00440   0.00878   0.00873   0.01014   0.00000   0.03366   0.01352   0.00458   0.22887   0.05218   0.00000   0.13798   0.10537   0.09275   0.00989   0.01771   0.02104   0.03273   4.95736   0.67377   3.06874   3.26478   3.97184   2.80634   0.13836  36.23954  
 74  0.0001   1775.378679  x:  0.05143   0.00561   0.06216   0.01027   0.01968   0.01139   0.00000   0.00439   0.01323   0.00000   0.00000   0.00000   0.03252   0.00440   0.00878   0.00873   0.01014   0.00000   0.03366   0.01352   0.00458   0.22887   0.05218   0.00000   0.13798   0.10537   0.09275   0.00989   0.01771   0.02104   0.03273   4.95736   0.67377   3.06874   3.26478   3.97184   2.80634   0.13836  36.23955  
 75  0.0002   1775.378679  x:  0.05143   0.00561   0.06216   0.01027   0.01968   0.01139   0.00000   0.00439   0.01323   0.00000   0.00000   0.00000   0.03252   0.00440   0.00878   0.00873   0.01014   0.00000   0.03366   0.01352   0.00458   0.22887   0.05218   0.00000   0.13798   0.10537   0.09275   0.00989   0.01771   0.02104   0.03273   4.95736   0.67377   3.06874   3.26478   3.97184   2.80634   0.13836  36.23955  
 76  0.0002   1775.378679  x:  0.05143   0.00561   0.06216   0.01027   0.01968   0.01139   0.00000   0.00439   0.01323   0.00000   0.00000   0.00000   0.03252   0.00440   0.00878   0.00873   0.01014   0.00000   0.03366   0.01352   0.00458   0.22887   0.05218   0.00000   0.13798   0.10537   0.09275   0.00989   0.01771   0.02104   0.03273   4.95736   0.67377   3.06874   3.26478   3.97184   2.80634   0.13836  36.23955  