

TREE # 1

  0  0.0000   4173.543911  x:  0.00656   0.00217   0.00372   0.00886   0.00183   0.00458   0.00882   0.02170   0.00445   0.00140   0.00365   0.00014   0.00082   0.00426   0.00233   0.02330   0.01260   0.00242   0.00141   0.00116   0.00493   0.00471   0.00235   0.00255   0.00183   0.00121   0.00139   0.00514   0.00108   0.00000   0.00021   0.00032   0.00103   1.03020   0.72008   1.14815   0.76586   1.00003   0.15571   0.22350   2.18855  
  1 99.0000   4173.541310  x:  0.00656   0.00217   0.00372   0.00886   0.00183   0.00458   0.00882   0.02170   0.00445   0.00140   0.00365   0.00014   0.00082   0.00426   0.00233   0.02330   0.01260   0.00242   0.00141   0.00116   0.00493   0.00471   0.00235   0.00255   0.00183   0.00121   0.00139   0.00514   0.00108   0.00000   0.00021   0.00032   0.00103   1.03020   0.72008   1.14815   0.76586   1.00003   0.15571   0.22350   2.18855  
  2 1637.5434   4173.264986  x:  0.00658   0.00211   0.00371   0.00885   0.00179   0.00459   0.00880   0.02170   0.00446   0.00139   0.00365   0.00000   0.00080   0.00424   0.00234   0.02330   0.01261   0.00242   0.00140   0.00116   0.00493   0.00471   0.00235   0.00254   0.00185   0.00123   0.00138   0.00514   0.00108   0.00000   0.00016   0.00019   0.00103   1.03021   0.72008   1.14815   0.76586   1.00003   0.15570   0.22349   2.18855  
  3 8149.7749   4173.041274  x:  0.00660   0.00204   0.00371   0.00885   0.00176   0.00460   0.00878   0.02170   0.00447   0.00138   0.00365   0.00000   0.00080   0.00423   0.00234   0.02330   0.01262   0.00242   0.00139   0.00117   0.00493   0.00472   0.00235   0.00254   0.00186   0.00126   0.00137   0.00513   0.00108   0.00000   0.00007   0.00000   0.00103   1.03022   0.72008   1.14815   0.76586   1.00004   0.15570   0.22347   2.18855  
  4 31459.1929   4172.937465  x:  0.00663   0.00193   0.00370   0.00884   0.00167   0.00462   0.00875   0.02170   0.00450   0.00137   0.00365   0.00000   0.00080   0.00419   0.00235   0.02330   0.01264   0.00242   0.00138   0.00116   0.00492   0.00473   0.00236   0.00252   0.00188   0.00133   0.00136   0.00512   0.00107   0.00000   0.00000   0.00000   0.00100   1.03024   0.72008   1.14815   0.76586   1.00005   0.15569   0.22343   2.18855  
  5 3893.0813   4172.763455  x:  0.00688   0.00131   0.00368   0.00878   0.00159   0.00468   0.00851   0.02172   0.00458   0.00142   0.00364   0.00000   0.00079   0.00404   0.00235   0.02330   0.01275   0.00242   0.00144   0.00118   0.00490   0.00476   0.00236   0.00251   0.00180   0.00155   0.00142   0.00508   0.00124   0.00000   0.00000   0.00000   0.00141   1.03039   0.72009   1.14816   0.76585   1.00011   0.15564   0.22316   2.18854  
  6 479.5541   4172.651226  x:  0.00750   0.00105   0.00368   0.00870   0.00199   0.00471   0.00808   0.02175   0.00461   0.00142   0.00364   0.00000   0.00080   0.00394   0.00231   0.02329   0.01298   0.00242   0.00146   0.00121   0.00488   0.00478   0.00233   0.00256   0.00202   0.00139   0.00141   0.00504   0.00119   0.00000   0.00000   0.00000   0.00122   1.03080   0.72013   1.14817   0.76583   1.00030   0.15549   0.22244   2.18851  
  7 216.8150   4172.491094  x:  0.00851   0.00147   0.00367   0.00854   0.00196   0.00478   0.00730   0.02182   0.00467   0.00132   0.00364   0.00000   0.00079   0.00381   0.00234   0.02327   0.01341   0.00242   0.00133   0.00116   0.00485   0.00481   0.00235   0.00255   0.00199   0.00155   0.00131   0.00498   0.00125   0.00000   0.00000   0.00000   0.00132   1.03174   0.72021   1.14822   0.76579   1.00074   0.15514   0.22074   2.18845  
  8 386.4245   4172.267488  x:  0.00900   0.00146   0.00370   0.00845   0.00151   0.00472   0.00691   0.02192   0.00458   0.00156   0.00365   0.00000   0.00079   0.00402   0.00237   0.02325   0.01382   0.00242   0.00158   0.00130   0.00488   0.00478   0.00237   0.00250   0.00163   0.00111   0.00156   0.00502   0.00111   0.00000   0.00000   0.00000   0.00129   1.03341   0.72036   1.14829   0.76571   1.00151   0.15452   0.21773   2.18834  
  9 419.3767   4170.147385  x:  0.00941   0.00153   0.00396   0.00837   0.00073   0.00388   0.00679   0.02275   0.00346   0.00205   0.00372   0.00000   0.00080   0.00652   0.00223   0.02307   0.01652   0.00240   0.00227   0.00054   0.00529   0.00432   0.00228   0.00250   0.00278   0.00157   0.00199   0.00575   0.00191   0.00000   0.00000   0.00000   0.00103   1.05113   0.72191   1.14907   0.76489   1.00972   0.14795   0.18579   2.18718  
 10 1311.7059   4164.226563  x:  0.00941   0.00175   0.00457   0.00833   0.00022   0.00206   0.00737   0.02629   0.00153   0.00143   0.00391   0.00000   0.00085   0.01484   0.00245   0.02242   0.02737   0.00244   0.00202   0.00650   0.00657   0.00324   0.00244   0.00214   0.00488   0.00391   0.00126   0.00813   0.00230   0.00000   0.00000   0.00000   0.00108   1.13264   0.72902   1.15265   0.76110   1.04752   0.11770   0.03874   2.18186  
 11 18290.7560   4159.471137  x:  0.00919   0.00174   0.00465   0.00835   0.00032   0.00231   0.00752   0.02716   0.00222   0.00133   0.00396   0.00000   0.00086   0.01679   0.00262   0.02230   0.03007   0.00248   0.00184   0.00706   0.00681   0.00324   0.00256   0.00198   0.00510   0.00419   0.00120   0.00862   0.00226   0.00000   0.00000   0.00000   0.00114   1.15410   0.73090   1.15359   0.76010   1.05748   0.10973   0.00000   2.18045  
 12 65210.0570   4159.384646  x:  0.00911   0.00170   0.00462   0.00842   0.00035   0.00263   0.00764   0.02751   0.00205   0.00126   0.00398   0.00000   0.00086   0.01742   0.00263   0.02230   0.03115   0.00251   0.00163   0.00716   0.00683   0.00347   0.00257   0.00213   0.00512   0.00424   0.00117   0.00870   0.00215   0.00000   0.00000   0.00000   0.00122   1.16457   0.73181   1.15405   0.75962   1.06236   0.10583   0.00000   2.17977  
 13 2984.0124   4159.172613  x:  0.00905   0.00168   0.00447   0.00864   0.00032   0.00211   0.00794   0.02803   0.00214   0.00125   0.00398   0.00000   0.00087   0.01800   0.00248   0.02245   0.03287   0.00254   0.00134   0.00730   0.00664   0.00378   0.00243   0.00239   0.00514   0.00427   0.00112   0.00848   0.00205   0.00000   0.00000   0.00000   0.00131   1.18746   0.73381   1.15505   0.75856   1.07304   0.09728   0.00000   2.17827  
 14 3210.8636   4158.547471  x:  0.00887   0.00191   0.00414   0.00921   0.00027   0.00223   0.00875   0.02923   0.00204   0.00125   0.00395   0.00000   0.00090   0.01875   0.00234   0.02299   0.03715   0.00246   0.00198   0.00813   0.00602   0.00320   0.00237   0.00178   0.00561   0.00454   0.00114   0.00756   0.00252   0.00000   0.00000   0.00000   0.00116   1.25664   0.73985   1.15807   0.75537   1.10533   0.07143   0.00000   2.17373  
 15 7607.9971   4158.328886  x:  0.00864   0.00199   0.00454   0.00901   0.00025   0.00220   0.00859   0.02931   0.00207   0.00150   0.00397   0.00000   0.00090   0.01889   0.00291   0.02308   0.03803   0.00248   0.00203   0.00847   0.00635   0.00292   0.00279   0.00226   0.00589   0.00469   0.00134   0.00770   0.00270   0.00000   0.00000   0.00000   0.00110   1.28059   0.74194   1.15912   0.75426   1.11653   0.06247   0.00000   2.17216  
 16 4273.1641   4158.063037  x:  0.00829   0.00197   0.00519   0.00847   0.00033   0.00198   0.00801   0.02908   0.00191   0.00144   0.00401   0.00000   0.00091   0.01922   0.00311   0.02303   0.03843   0.00251   0.00215   0.00864   0.00714   0.00321   0.00290   0.00181   0.00599   0.00478   0.00117   0.00840   0.00271   0.00000   0.00000   0.00000   0.00113   1.30673   0.74422   1.16026   0.75306   1.12877   0.05268   0.00000   2.17044  
 17 4504.3480   4157.852018  x:  0.00827   0.00202   0.00554   0.00808   0.00020   0.00211   0.00766   0.02874   0.00205   0.00133   0.00403   0.00000   0.00092   0.01967   0.00263   0.02291   0.03834   0.00248   0.00226   0.00894   0.00774   0.00323   0.00252   0.00193   0.00617   0.00489   0.00120   0.00912   0.00273   0.00000   0.00000   0.00000   0.00116   1.32580   0.74588   1.16109   0.75219   1.13771   0.04553   0.00000   2.16918  
 18 5910.9379   4157.703499  x:  0.00838   0.00192   0.00507   0.00806   0.00021   0.00211   0.00733   0.02829   0.00198   0.00135   0.00399   0.00000   0.00092   0.02030   0.00254   0.02264   0.03791   0.00246   0.00172   0.00897   0.00780   0.00275   0.00258   0.00175   0.00613   0.00489   0.00127   0.00974   0.00271   0.00000   0.00000   0.00000   0.00118   1.33734   0.74688   1.16160   0.75166   1.14313   0.04120   0.00000   2.16841  
 19 1692.0288   4157.546637  x:  0.00869   0.00189   0.00431   0.00825   0.00016   0.00212   0.00709   0.02769   0.00202   0.00132   0.00395   0.00000   0.00093   0.02121   0.00286   0.02225   0.03719   0.00245   0.00181   0.00914   0.00753   0.00297   0.00283   0.00176   0.00616   0.00494   0.00103   0.01031   0.00292   0.00000   0.00000   0.00000   0.00110   1.34818   0.74782   1.16207   0.75117   1.14823   0.03712   0.00000   2.16769  
 20 1838.0056   4157.506645  x:  0.00873   0.00190   0.00427   0.00830   0.00015   0.00210   0.00700   0.02754   0.00203   0.00116   0.00396   0.00000   0.00093   0.02143   0.00298   0.02215   0.03700   0.00247   0.00181   0.00919   0.00735   0.00308   0.00284   0.00169   0.00625   0.00498   0.00128   0.01033   0.00289   0.00000   0.00000   0.00000   0.00112   1.35032   0.74800   1.16217   0.75107   1.14925   0.03632   0.00000   2.16754  
 21 747.4082   4157.342659  x:  0.00869   0.00192   0.00482   0.00840   0.00012   0.00215   0.00652   0.02703   0.00206   0.00139   0.00409   0.00000   0.00093   0.02225   0.00320   0.02182   0.03640   0.00258   0.00176   0.00925   0.00638   0.00307   0.00265   0.00158   0.00650   0.00511   0.00119   0.00987   0.00251   0.00000   0.00000   0.00000   0.00133   1.35577   0.74846   1.16241   0.75084   1.15186   0.03426   0.00000   2.16716  
 22 528.3566   4157.184379  x:  0.00852   0.00180   0.00515   0.00826   0.00013   0.00210   0.00613   0.02669   0.00203   0.00096   0.00409   0.00000   0.00093   0.02278   0.00312   0.02164   0.03607   0.00245   0.00180   0.00918   0.00594   0.00289   0.00279   0.00175   0.00630   0.00505   0.00102   0.00931   0.00261   0.00000   0.00000   0.00000   0.00128   1.35918   0.74875   1.16256   0.75070   1.15352   0.03296   0.00000   2.16691  
 23 624.2103   4156.783285  x:  0.00829   0.00174   0.00538   0.00768   0.00014   0.00222   0.00568   0.02599   0.00207   0.00124   0.00389   0.00000   0.00093   0.02357   0.00264   0.02138   0.03543   0.00219   0.00131   0.00938   0.00579   0.00325   0.00320   0.00163   0.00614   0.00503   0.00114   0.00780   0.00333   0.00000   0.00000   0.00000   0.00091   1.36594   0.74929   1.16286   0.75044   1.15686   0.03037   0.00000   2.16639  
 24 909.5735   4155.514107  x:  0.00854   0.00169   0.00466   0.00642   0.00013   0.00223   0.00586   0.02444   0.00211   0.00108   0.00361   0.00000   0.00093   0.02448   0.00288   0.02109   0.03395   0.00322   0.00135   0.00908   0.00736   0.00310   0.00317   0.00158   0.00623   0.00501   0.00104   0.00450   0.00276   0.00000   0.00000   0.00000   0.00121   1.38245   0.75059   1.16359   0.74985   1.16515   0.02401   0.00000   2.16506  
 25 1212.0092   4151.848107  x:  0.00871   0.00166   0.00440   0.00725   0.00015   0.00229   0.00595   0.02246   0.00217   0.00111   0.00439   0.00000   0.00091   0.02309   0.00356   0.02144   0.03188   0.00084   0.00129   0.00834   0.00849   0.00312   0.00246   0.00157   0.00607   0.00472   0.00105   0.00334   0.00216   0.00000   0.00000   0.00000   0.00147   1.41636   0.75322   1.16511   0.74869   1.18238   0.01085   0.00000   2.16225  
 26 1997.0046   4130.874906  x:  0.00868   0.00113   0.00505   0.01438   0.00038   0.00290   0.00556   0.01085   0.00278   0.00108   0.00841   0.00000   0.00081   0.01038   0.00365   0.02462   0.01871   0.00306   0.00065   0.00394   0.01041   0.00337   0.00057   0.00192   0.00287   0.00203   0.00097   0.00218   0.00338   0.00000   0.00000   0.00000   0.00047   1.64813   0.77113   1.17547   0.74078   1.30026  -0.07908   0.00000   2.14302  
 27 19796.8549   4125.455275  x:  0.00899   0.00119   0.00525   0.01603   0.00040   0.00304   0.00588   0.00785   0.00301   0.00120   0.00912   0.00000   0.00076   0.00577   0.00191   0.02558   0.01361   0.00328   0.00111   0.00221   0.01044   0.00362   0.00282   0.00199   0.00260   0.00135   0.00106   0.00222   0.00208   0.00000   0.00000   0.00000   0.00102   1.72936   0.77740   1.17910   0.73802   1.34161  -0.11062   0.00000   2.13628  
 28 62341.0147   4119.067150  x:  0.00885   0.00115   0.00463   0.01435   0.00050   0.00309   0.00581   0.01015   0.00306   0.00133   0.00732   0.00000   0.00072   0.00206   0.00214   0.02572   0.00788   0.00306   0.00126   0.00077   0.00909   0.00370   0.00232   0.00216   0.00209   0.00068   0.00114   0.00273   0.00162   0.00000   0.00000   0.00000   0.00116   1.79384   0.78237   1.18198   0.73585   1.37457  -0.13575   0.00000   2.13090  
 29 15986.9305   4118.729545  x:  0.00845   0.00122   0.00413   0.01342   0.00055   0.00310   0.00558   0.00919   0.00306   0.00143   0.00620   0.00000   0.00072   0.00188   0.00226   0.02712   0.00811   0.00292   0.00142   0.00074   0.00841   0.00373   0.00205   0.00227   0.00223   0.00073   0.00119   0.00314   0.00140   0.00000   0.00000   0.00000   0.00127   1.79773   0.78264   1.18213   0.73577   1.37696  -0.13758   0.00000   2.13052  
 30 556.6571   4118.575608  x:  0.00881   0.00116   0.00435   0.01321   0.00052   0.00313   0.00583   0.00917   0.00310   0.00136   0.00591   0.00000   0.00072   0.00227   0.00242   0.02904   0.00765   0.00288   0.00127   0.00073   0.00824   0.00373   0.00208   0.00218   0.00217   0.00071   0.00115   0.00326   0.00141   0.00000   0.00000   0.00000   0.00126   1.79932   0.78272   1.18217   0.73582   1.37845  -0.13872   0.00000   2.13030  
 31 284.8890   4118.537123  x:  0.00861   0.00118   0.00411   0.01323   0.00053   0.00313   0.00549   0.00934   0.00311   0.00139   0.00616   0.00000   0.00072   0.00237   0.00236   0.02953   0.00753   0.00291   0.00133   0.00076   0.00826   0.00375   0.00209   0.00222   0.00224   0.00076   0.00117   0.00322   0.00136   0.00000   0.00000   0.00000   0.00129   1.79959   0.78271   1.18215   0.73589   1.37915  -0.13926   0.00000   2.13021  
 32 122.2510   4118.226101  x:  0.00874   0.00118   0.00367   0.01142   0.00057   0.00313   0.00609   0.00919   0.00314   0.00142   0.00844   0.00000   0.00072   0.00234   0.00241   0.02965   0.00764   0.00292   0.00130   0.00076   0.00749   0.00374   0.00209   0.00223   0.00216   0.00074   0.00117   0.00351   0.00148   0.00000   0.00000   0.00000   0.00121   1.79923   0.78200   1.18157   0.73740   1.38969  -0.14734   0.00000   2.12884  
 33 95.3202   4103.594990  x:  0.00955   0.00119   0.00354   0.01085   0.00111   0.00364   0.00729   0.01005   0.00472   0.00167   0.00593   0.00000   0.00071   0.00364   0.00230   0.01918   0.00783   0.00292   0.00186   0.00054   0.00664   0.00393   0.00188   0.00235   0.00191   0.00176   0.00124   0.00435   0.00000   0.00000   0.00000   0.00000   0.00135   1.77421   0.75041   1.15581   0.80398   1.84609  -0.49739   0.00000   2.06967  
 34 856.2409   4090.723470  x:  0.00677   0.00108   0.00300   0.01197   0.00145   0.00469   0.00665   0.01296   0.00750   0.00143   0.00428   0.00000   0.00069   0.00403   0.00312   0.02214   0.01318   0.00318   0.00125   0.00029   0.00680   0.00417   0.00240   0.00168   0.00229   0.00084   0.00095   0.00493   0.00012   0.00000   0.00000   0.00000   0.00192   1.62862   0.68233   1.11180   0.92041   2.51630  -0.99259   0.00000   1.97332  
 35 138.3695   4090.581574  x:  0.00669   0.00108   0.00299   0.01199   0.00147   0.00472   0.00664   0.01304   0.00758   0.00143   0.00423   0.00000   0.00069   0.00404   0.00314   0.02221   0.01333   0.00319   0.00123   0.00028   0.00680   0.00417   0.00241   0.00166   0.00230   0.00081   0.00095   0.00495   0.00012   0.00000   0.00000   0.00000   0.00193   1.62472   0.68029   1.11024   0.92415   2.53575  -1.00661   0.00529   1.97034  
 36 263.5924   4088.692910  x:  0.00785   0.00123   0.00316   0.01123   0.00164   0.00469   0.00742   0.01273   0.00758   0.00164   0.00319   0.00000   0.00078   0.00445   0.00288   0.01685   0.01175   0.00308   0.00170   0.00070   0.00613   0.00425   0.00215   0.00194   0.00238   0.00136   0.00108   0.00530   0.00015   0.00000   0.00000   0.00000   0.00183   1.69048   0.65844   1.03582   1.02370   2.61042  -0.97648   0.00718   1.91494  
 37  7.6159   4083.835476  x:  0.00805   0.00126   0.00388   0.01064   0.00161   0.00491   0.00797   0.01462   0.00796   0.00152   0.00316   0.00000   0.00097   0.00369   0.00294   0.02439   0.01356   0.00313   0.00148   0.00128   0.00537   0.00437   0.00250   0.00181   0.00251   0.00135   0.00109   0.00527   0.00012   0.00000   0.00000   0.00000   0.00179   1.85229   0.59430   0.63114   1.50719   2.89282  -0.72304   0.00693   1.63894  
 38  9.4503   4080.297960  x:  0.00875   0.00126   0.00443   0.00911   0.00157   0.00488   0.00869   0.01650   0.00766   0.00151   0.00291   0.00000   0.00123   0.00310   0.00252   0.02971   0.01441   0.00303   0.00148   0.00168   0.00365   0.00452   0.00268   0.00209   0.00233   0.00159   0.00123   0.00500   0.00012   0.00000   0.00000   0.00000   0.00161   2.00636   0.91135   1.22009   1.88917   3.28891  -0.26897   0.00660   1.15932  
 39  6.3255   4078.484534  x:  0.00851   0.00121   0.00409   0.00866   0.00159   0.00483   0.00853   0.01673   0.00739   0.00151   0.00350   0.00000   0.00123   0.00329   0.00234   0.02833   0.01411   0.00299   0.00145   0.00149   0.00381   0.00457   0.00264   0.00228   0.00220   0.00150   0.00126   0.00512   0.00012   0.00000   0.00000   0.00000   0.00158   2.11689   0.85018   1.25680   2.04984   3.37434  -0.11457   0.00490   1.00000  
 40  2.7502   4075.423653  x:  0.00715   0.00114   0.00271   0.00798   0.00166   0.00474   0.00801   0.01829   0.00652   0.00144   0.00195   0.00000   0.00098   0.00401   0.00209   0.02299   0.01348   0.00269   0.00128   0.00089   0.00435   0.00477   0.00248   0.00279   0.00221   0.00093   0.00134   0.00532   0.00014   0.00000   0.00000   0.00000   0.00153   2.47026   1.25921   1.07013   2.39048   3.55734   0.17109   0.00246   1.00000  
 41  1.9979   4072.273146  x:  0.00762   0.00109   0.00395   0.00962   0.00148   0.00467   0.00794   0.02083   0.00526   0.00104   0.00461   0.00000   0.00084   0.00350   0.00244   0.02108   0.01219   0.00247   0.00096   0.00092   0.00714   0.00489   0.00272   0.00277   0.00227   0.00136   0.00131   0.00621   0.00018   0.00000   0.00000   0.00000   0.00099   3.01833   1.22399   1.20061   2.68962   3.61059   0.34035   0.00525   1.00000  
 42  1.2681   4070.451073  x:  0.00714   0.00121   0.00390   0.00894   0.00149   0.00467   0.00793   0.02202   0.00477   0.00102   0.00410   0.00000   0.00117   0.00340   0.00255   0.02142   0.01195   0.00231   0.00104   0.00094   0.00615   0.00500   0.00264   0.00281   0.00264   0.00106   0.00128   0.00566   0.00019   0.00000   0.00000   0.00000   0.00099   3.31833   0.67647   1.40334   2.73481   3.62046   0.30400   0.00759   1.00000  
 43  2.1397   4069.253563  x:  0.00712   0.00121   0.00369   0.00743   0.00161   0.00475   0.00816   0.02327   0.00457   0.00120   0.00463   0.00000   0.00144   0.00362   0.00242   0.02139   0.01215   0.00221   0.00147   0.00092   0.00385   0.00514   0.00247   0.00286   0.00245   0.00123   0.00123   0.00492   0.00021   0.00000   0.00000   0.00000   0.00099   3.60167   0.82566   1.30297   2.75224   3.68250   0.15641   0.01222   1.00000  
 44  0.5890   4067.892058  x:  0.00686   0.00116   0.00308   0.00879   0.00162   0.00508   0.00789   0.02565   0.00477   0.00117   0.00400   0.00000   0.00120   0.00374   0.00225   0.02465   0.01411   0.00219   0.00121   0.00167   0.00476   0.00516   0.00245   0.00252   0.00256   0.00094   0.00101   0.00489   0.00021   0.00000   0.00000   0.00000   0.00126   4.07858   0.80973   1.41762   2.85866   3.95248  -0.11542   0.02257   1.00000  
 45  0.7719   4067.593420  x:  0.00737   0.00104   0.00330   0.00898   0.00162   0.00508   0.00794   0.02598   0.00465   0.00119   0.00346   0.00000   0.00114   0.00367   0.00219   0.02486   0.01385   0.00217   0.00126   0.00153   0.00479   0.00512   0.00243   0.00247   0.00198   0.00149   0.00105   0.00476   0.00022   0.00000   0.00000   0.00000   0.00111   4.24332   0.73706   1.42386   2.84561   4.00269  -0.15598   0.02393   1.00000  
 46  0.6759   4066.859783  x:  0.00755   0.00135   0.00399   0.00881   0.00159   0.00497   0.00761   0.02571   0.00415   0.00124   0.00318   0.00000   0.00126   0.00369   0.00250   0.02324   0.01190   0.00218   0.00102   0.00141   0.00461   0.00489   0.00212   0.00228   0.00271   0.00134   0.00125   0.00418   0.00027   0.00000   0.00000   0.00000   0.00125   4.74174   0.69987   1.39068   2.82499   4.14739  -0.22595   0.02432   1.00000  
 47  0.4980   4066.254930  x:  0.00661   0.00111   0.00367   0.00873   0.00151   0.00484   0.00698   0.02438   0.00416   0.00107   0.00372   0.00000   0.00142   0.00407   0.00248   0.02184   0.01232   0.00238   0.00136   0.00133   0.00492   0.00452   0.00205   0.00211   0.00222   0.00114   0.00120   0.00486   0.00030   0.00000   0.00000   0.00000   0.00104   5.16885   0.75816   1.37731   2.82537   4.22504  -0.45985   0.02477   1.00000  
 48  0.2606   4065.868693  x:  0.00718   0.00114   0.00330   0.00825   0.00144   0.00472   0.00730   0.02326   0.00431   0.00117   0.00386   0.00000   0.00082   0.00410   0.00224   0.02270   0.01281   0.00250   0.00126   0.00138   0.00450   0.00436   0.00211   0.00220   0.00230   0.00109   0.00121   0.00497   0.00034   0.00000   0.00000   0.00000   0.00104   5.47092   0.67830   1.40806   2.72902   4.22010  -0.73047   0.02664   1.00000  
 49  0.4557   4065.588092  x:  0.00771   0.00118   0.00310   0.00834   0.00135   0.00462   0.00770   0.02197   0.00457   0.00128   0.00379   0.00000   0.00136   0.00398   0.00213   0.02371   0.01314   0.00260   0.00106   0.00134   0.00473   0.00429   0.00220   0.00234   0.00228   0.00120   0.00122   0.00502   0.00037   0.00000   0.00000   0.00000   0.00117   5.74277   0.64978   1.44290   2.62501   4.19897  -1.02919   0.02857   1.00000  
 50  0.6613   4065.398295  x:  0.00709   0.00117   0.00371   0.00857   0.00122   0.00460   0.00795   0.02089   0.00480   0.00123   0.00347   0.00000   0.00125   0.00377   0.00254   0.02394   0.01328   0.00257   0.00117   0.00128   0.00478   0.00443   0.00234   0.00237   0.00238   0.00125   0.00117   0.00489   0.00040   0.00000   0.00000   0.00000   0.00119   5.95507   0.61097   1.50611   2.56699   4.16644  -1.27849   0.02886   1.00000  
 51  0.3176   4065.301299  x:  0.00715   0.00120   0.00357   0.00889   0.00110   0.00456   0.00796   0.02066   0.00471   0.00113   0.00354   0.00000   0.00116   0.00359   0.00225   0.02341   0.01295   0.00238   0.00118   0.00119   0.00464   0.00474   0.00240   0.00241   0.00239   0.00115   0.00117   0.00487   0.00043   0.00000   0.00000   0.00000   0.00117   6.10476   0.60822   1.55226   2.46880   4.02653  -1.49303   0.02763   1.00000  
 52  0.1645   4065.241406  x:  0.00709   0.00118   0.00338   0.00864   0.00105   0.00464   0.00786   0.02106   0.00477   0.00113   0.00362   0.00000   0.00115   0.00353   0.00238   0.02296   0.01307   0.00225   0.00115   0.00118   0.00461   0.00494   0.00245   0.00238   0.00236   0.00115   0.00117   0.00488   0.00044   0.00000   0.00000   0.00000   0.00120   6.20703   0.55593   1.59702   2.37813   3.92465  -1.73368   0.02936   1.05113  
 53  0.2907   4065.195971  x:  0.00730   0.00118   0.00344   0.00841   0.00099   0.00469   0.00777   0.02150   0.00477   0.00120   0.00361   0.00000   0.00117   0.00353   0.00244   0.02321   0.01317   0.00222   0.00121   0.00121   0.00485   0.00502   0.00244   0.00238   0.00237   0.00119   0.00117   0.00491   0.00046   0.00000   0.00000   0.00000   0.00120   6.22487   0.56851   1.62648   2.26739   3.77643  -1.92413   0.02914   1.06477  
 54  0.2285   4065.141753  x:  0.00723   0.00118   0.00356   0.00868   0.00092   0.00474   0.00761   0.02184   0.00481   0.00127   0.00356   0.00000   0.00123   0.00364   0.00236   0.02336   0.01326   0.00231   0.00119   0.00122   0.00470   0.00496   0.00244   0.00238   0.00235   0.00120   0.00118   0.00495   0.00048   0.00000   0.00000   0.00000   0.00121   6.23176   0.52469   1.65631   2.12918   3.60258  -2.14343   0.02827   1.00000  
 55  0.2672   4065.112301  x:  0.00710   0.00118   0.00348   0.00871   0.00087   0.00480   0.00763   0.02186   0.00495   0.00121   0.00359   0.00000   0.00122   0.00371   0.00242   0.02340   0.01303   0.00244   0.00115   0.00122   0.00467   0.00477   0.00239   0.00234   0.00235   0.00122   0.00119   0.00485   0.00050   0.00000   0.00000   0.00000   0.00118   6.21314   0.51228   1.66319   2.02228   3.45266  -2.36457   0.02799   1.00000  
 56  0.2035   4065.096368  x:  0.00722   0.00120   0.00353   0.00868   0.00091   0.00482   0.00773   0.02178   0.00506   0.00115   0.00359   0.00000   0.00119   0.00378   0.00235   0.02324   0.01293   0.00248   0.00122   0.00118   0.00473   0.00464   0.00232   0.00234   0.00240   0.00118   0.00117   0.00485   0.00050   0.00000   0.00000   0.00000   0.00118   6.16366   0.51309   1.63661   2.02894   3.46492  -2.38194   0.02853   1.00000  
 57  0.0416   4065.065805  x:  0.00712   0.00115   0.00350   0.00856   0.00098   0.00482   0.00783   0.02171   0.00512   0.00113   0.00358   0.00000   0.00113   0.00376   0.00241   0.02310   0.01298   0.00242   0.00106   0.00115   0.00471   0.00451   0.00227   0.00240   0.00236   0.00114   0.00115   0.00486   0.00052   0.00000   0.00000   0.00000   0.00116   6.03675   0.54926   1.57312   2.08333   3.49727  -2.34876   0.02813   1.00000  
 58  0.0688   4064.987103  x:  0.00723   0.00115   0.00333   0.00858   0.00105   0.00483   0.00796   0.02200   0.00512   0.00123   0.00357   0.00000   0.00114   0.00361   0.00249   0.02350   0.01320   0.00218   0.00123   0.00111   0.00475   0.00463   0.00221   0.00252   0.00235   0.00112   0.00115   0.00479   0.00060   0.00000   0.00000   0.00000   0.00110   5.85985   0.54747   1.47469   2.01083   3.35501  -2.62162   0.02712   1.00000  
 59  0.1321   4064.903301  x:  0.00702   0.00121   0.00363   0.00879   0.00110   0.00485   0.00782   0.02215   0.00518   0.00124   0.00355   0.00000   0.00122   0.00357   0.00230   0.02361   0.01346   0.00219   0.00114   0.00115   0.00469   0.00479   0.00228   0.00240   0.00240   0.00120   0.00119   0.00498   0.00070   0.00000   0.00000   0.00000   0.00117   5.81372   0.55590   1.38302   1.90865   3.32802  -2.98787   0.02918   1.00000  
 60  0.1870   4064.811890  x:  0.00714   0.00119   0.00351   0.00874   0.00115   0.00471   0.00758   0.02160   0.00490   0.00115   0.00357   0.00000   0.00125   0.00361   0.00247   0.02360   0.01314   0.00244   0.00114   0.00116   0.00479   0.00479   0.00238   0.00220   0.00241   0.00122   0.00120   0.00489   0.00083   0.00000   0.00000   0.00000   0.00120   5.79747   0.55168   1.32203   1.92004   3.44162  -3.13664   0.02800   1.00000  
 61  0.0975   4064.737079  x:  0.00715   0.00115   0.00344   0.00855   0.00108   0.00470   0.00752   0.02179   0.00474   0.00116   0.00357   0.00000   0.00115   0.00376   0.00237   0.02324   0.01304   0.00248   0.00119   0.00118   0.00473   0.00489   0.00247   0.00232   0.00237   0.00113   0.00114   0.00482   0.00099   0.00000   0.00000   0.00000   0.00121   5.83273   0.54917   1.40305   1.83243   3.36618  -3.64476   0.02885   1.00000  
 62  0.2065   4064.678400  x:  0.00707   0.00119   0.00346   0.00857   0.00118   0.00469   0.00784   0.02191   0.00470   0.00120   0.00351   0.00000   0.00112   0.00376   0.00237   0.02333   0.01310   0.00240   0.00117   0.00117   0.00473   0.00480   0.00247   0.00244   0.00235   0.00118   0.00115   0.00484   0.00114   0.00000   0.00000   0.00000   0.00117   5.65000   0.56831   1.42052   2.05406   3.56970  -3.80609   0.02978   1.00000  
 63  0.1932   4064.655723  x:  0.00719   0.00118   0.00354   0.00866   0.00111   0.00471   0.00780   0.02185   0.00471   0.00118   0.00356   0.00000   0.00122   0.00372   0.00241   0.02343   0.01307   0.00239   0.00114   0.00118   0.00473   0.00473   0.00243   0.00236   0.00238   0.00118   0.00118   0.00492   0.00121   0.00000   0.00000   0.00000   0.00120   5.66816   0.55873   1.51036   2.11139   3.58148  -3.98794   0.02926   1.00000  
 64  0.1191   4064.650204  x:  0.00712   0.00118   0.00349   0.00867   0.00108   0.00473   0.00776   0.02178   0.00479   0.00119   0.00360   0.00000   0.00120   0.00369   0.00239   0.02335   0.01310   0.00236   0.00118   0.00117   0.00471   0.00471   0.00238   0.00234   0.00236   0.00117   0.00117   0.00488   0.00124   0.00000   0.00000   0.00000   0.00118   5.68668   0.56699   1.52608   2.14658   3.60278  -4.08591   0.02968   1.00000  
 65  0.0634   4064.647569  x:  0.00715   0.00118   0.00350   0.00860   0.00105   0.00474   0.00770   0.02183   0.00481   0.00119   0.00357   0.00000   0.00118   0.00366   0.00238   0.02336   0.01316   0.00236   0.00116   0.00118   0.00473   0.00473   0.00234   0.00235   0.00237   0.00118   0.00117   0.00487   0.00126   0.00000   0.00000   0.00000   0.00117   5.68878   0.56647   1.51793   2.15846   3.60496  -4.12534   0.02936   1.00000  
 66  0.0187   4064.646235  x:  0.00718   0.00118   0.00349   0.00868   0.00103   0.00475   0.00769   0.02187   0.00482   0.00119   0.00357   0.00000   0.00119   0.00368   0.00240   0.02335   0.01317   0.00239   0.00116   0.00118   0.00470   0.00474   0.00235   0.00236   0.00238   0.00118   0.00118   0.00487   0.00126   0.00000   0.00000   0.00000   0.00117   5.68857   0.57074   1.50330   2.16404   3.61643  -4.13923   0.02942   1.00000  
 67  0.0147   4064.645382  x:  0.00713   0.00118   0.00350   0.00865   0.00101   0.00475   0.00772   0.02187   0.00483   0.00118   0.00358   0.00000   0.00120   0.00368   0.00239   0.02338   0.01312   0.00239   0.00117   0.00119   0.00471   0.00475   0.00235   0.00236   0.00238   0.00118   0.00117   0.00487   0.00127   0.00000   0.00000   0.00000   0.00118   5.68636   0.57239   1.49664   2.16861   3.62128  -4.14743   0.02945   1.00000  
 68  0.0071   4064.644880  x:  0.00716   0.00118   0.00349   0.00865   0.00099   0.00475   0.00774   0.02187   0.00483   0.00119   0.00358   0.00000   0.00119   0.00370   0.00239   0.02334   0.01311   0.00238   0.00116   0.00119   0.00472   0.00475   0.00237   0.00237   0.00237   0.00118   0.00117   0.00489   0.00126   0.00000   0.00000   0.00000   0.00118   5.67415   0.57406   1.49739   2.17437   3.61859  -4.14152   0.02941   1.00000  
 69  0.0069   4064.644517  x:  0.00715   0.00118   0.00349   0.00865   0.00098   0.00475   0.00772   0.02186   0.00482   0.00119   0.00357   0.00000   0.00119   0.00369   0.00239   0.02339   0.01313   0.00237   0.00117   0.00119   0.00471   0.00474   0.00237   0.00235   0.00237   0.00118   0.00118   0.00487   0.00125   0.00000   0.00000   0.00000   0.00118   5.66184   0.57473   1.49587   2.17638   3.61726  -4.11716   0.02944   1.00000  
 70  0.0095   4064.644273  x:  0.00715   0.00118   0.00350   0.00866   0.00098   0.00474   0.00771   0.02185   0.00481   0.00119   0.00357   0.00000   0.00119   0.00369   0.00239   0.02333   0.01313   0.00238   0.00117   0.00118   0.00472   0.00474   0.00237   0.00236   0.00238   0.00118   0.00117   0.00488   0.00125   0.00000   0.00000   0.00000   0.00118   5.65403   0.57570   1.49341   2.17768   3.62166  -4.11138   0.02949   1.00000  
 71  0.0036   4064.643947  x:  0.00715   0.00118   0.00349   0.00865   0.00098   0.00474   0.00772   0.02184   0.00479   0.00119   0.00357   0.00000   0.00119   0.00367   0.00240   0.02339   0.01314   0.00238   0.00116   0.00119   0.00471   0.00475   0.00236   0.00237   0.00237   0.00117   0.00117   0.00488   0.00125   0.00000   0.00000   0.00000   0.00118   5.64577   0.57489   1.49701   2.17231   3.62149  -4.12391   0.02951   1.00000  
 72  0.0034   4064.642848  x:  0.00714   0.00118   0.00350   0.00867   0.00097   0.00476   0.00774   0.02183   0.00479   0.00120   0.00357   0.00000   0.00118   0.00369   0.00239   0.02331   0.01311   0.00241   0.00116   0.00118   0.00472   0.00478   0.00233   0.00235   0.00237   0.00119   0.00118   0.00490   0.00123   0.00000   0.00000   0.00000   0.00118   5.64649   0.57151   1.49030   2.14438   3.62580  -4.21109   0.02960   1.00000  
 73  0.0115   4064.638677  x:  0.00717   0.00117   0.00349   0.00863   0.00099   0.00478   0.00778   0.02183   0.00477   0.00120   0.00358   0.00000   0.00119   0.00370   0.00240   0.02343   0.01315   0.00237   0.00116   0.00119   0.00468   0.00479   0.00233   0.00232   0.00236   0.00114   0.00118   0.00488   0.00121   0.00000   0.00000   0.00000   0.00117   5.61710   0.57031   1.47422   2.11178   3.66074  -4.59935   0.02963   1.00000  
 74  0.0491   4064.633176  x:  0.00713   0.00118   0.00348   0.00868   0.00097   0.00479   0.00771   0.02183   0.00481   0.00119   0.00358   0.00000   0.00119   0.00370   0.00239   0.02342   0.01313   0.00236   0.00116   0.00117   0.00475   0.00474   0.00238   0.00235   0.00238   0.00120   0.00117   0.00485   0.00120   0.00000   0.00000   0.00000   0.00117   5.65137   0.56762   1.48574   2.12035   3.68510  -5.26364   0.02985   1.00000  
 75  0.1944   4064.629923  x:  0.00716   0.00117   0.00351   0.00865   0.00098   0.00478   0.00768   0.02192   0.00480   0.00119   0.00359   0.00000   0.00119   0.00371   0.00238   0.02337   0.01312   0.00238   0.00117   0.00117   0.00468   0.00473   0.00236   0.00239   0.00238   0.00116   0.00117   0.00489   0.00118   0.00000   0.00000   0.00000   0.00119   5.63545   0.56950   1.48105   2.11735   3.66031  -5.95614   0.02975   1.00000  
 76  0.2419   4064.627197  x:  0.00714   0.00119   0.00347   0.00865   0.00098   0.00475   0.00772   0.02189   0.00480   0.00119   0.00357   0.00000   0.00118   0.00365   0.00240   0.02342   0.01311   0.00238   0.00117   0.00118   0.00472   0.00474   0.00238   0.00235   0.00236   0.00118   0.00118   0.00488   0.00118   0.00000   0.00000   0.00000   0.00118   5.65352   0.57243   1.49373   2.15652   3.62994  -6.88865   0.02974   1.00000  
 77  0.3027   4064.626249  x:  0.00715   0.00118   0.00350   0.00865   0.00099   0.00473   0.00773   0.02187   0.00480   0.00119   0.00357   0.00000   0.00119   0.00368   0.00239   0.02333   0.01313   0.00239   0.00117   0.00118   0.00471   0.00473   0.00236   0.00236   0.00238   0.00118   0.00117   0.00488   0.00118   0.00000   0.00000   0.00000   0.00118   5.64418   0.57717   1.49153   2.18576   3.61689  -7.55552   0.02966   1.00000  
 78  0.3266   4064.625949  x:  0.00715   0.00118   0.00349   0.00865   0.00099   0.00473   0.00773   0.02185   0.00479   0.00119   0.00357   0.00000   0.00119   0.00369   0.00239   0.02337   0.01312   0.00238   0.00116   0.00119   0.00471   0.00475   0.00236   0.00236   0.00237   0.00118   0.00118   0.00488   0.00118   0.00000   0.00000   0.00000   0.00118   5.64933   0.57608   1.49709   2.18553   3.61230  -8.10539   0.02969   1.00000  
 79  0.2274   4064.625804  x:  0.00715   0.00118   0.00350   0.00866   0.00099   0.00474   0.00772   0.02185   0.00480   0.00119   0.00358   0.00000   0.00119   0.00370   0.00239   0.02335   0.01312   0.00238   0.00116   0.00119   0.00471   0.00475   0.00236   0.00236   0.00238   0.00118   0.00117   0.00488   0.00118   0.00000   0.00000   0.00000   0.00118   5.64514   0.57664   1.49396   2.18520   3.61706  -8.67334   0.02966   1.00000  
 80  0.1784   4064.625658  x:  0.00715   0.00118   0.00349   0.00865   0.00099   0.00475   0.00772   0.02185   0.00479   0.00119   0.00357   0.00000   0.00119   0.00368   0.00239   0.02337   0.01312   0.00238   0.00116   0.00119   0.00471   0.00475   0.00236   0.00236   0.00237   0.00118   0.00118   0.00488   0.00118   0.00000   0.00000   0.00000   0.00118   5.64457   0.57512   1.49369   2.17418   3.61941  -9.67530   0.02970   1.00000  
 81  0.2814   4064.625614  x:  0.00715   0.00118   0.00349   0.00865   0.00099   0.00475   0.00772   0.02185   0.00479   0.00119   0.00357   0.00000   0.00119   0.00369   0.00239   0.02335   0.01312   0.00238   0.00117   0.00118   0.00471   0.00474   0.00236   0.00236   0.00237   0.00118   0.00117   0.00488   0.00119   0.00000   0.00000   0.00000   0.00118   5.64527   0.57588   1.49311   2.17854   3.61821  -10.36307   0.02967   1.00000  
 82  0.2967   4064.625585  x:  0.00715   0.00118   0.00349   0.00865   0.00099   0.00474   0.00772   0.02185   0.00479   0.00119   0.00357   0.00000   0.00119   0.00369   0.00239   0.02336   0.01312   0.00238   0.00116   0.00118   0.00471   0.00474   0.00236   0.00236   0.00237   0.00118   0.00118   0.00488   0.00118   0.00000   0.00000   0.00000   0.00118   5.64732   0.57534   1.49324   2.17550   3.61780  -11.43552   0.02971   1.00000  
 83  0.3232   4064.625577  x:  0.00715   0.00118   0.00349   0.00866   0.00099   0.00474   0.00772   0.02185   0.00479   0.00119   0.00357   0.00000   0.00119   0.00369   0.00239   0.02336   0.01312   0.00238   0.00117   0.00118   0.00471   0.00474   0.00236   0.00236   0.00237   0.00118   0.00117   0.00488   0.00118   0.00000   0.00000   0.00000   0.00118   5.64644   0.57562   1.49312   2.17692   3.61827  -11.81450   0.02968   1.00000  
 84  0.2153   4064.625570  x:  0.00715   0.00118   0.00349   0.00865   0.00099   0.00474   0.00772   0.02186   0.00479   0.00119   0.00357   0.00000   0.00119   0.00369   0.00239   0.02336   0.01312   0.00238   0.00116   0.00118   0.00471   0.00475   0.00236   0.00236   0.00237   0.00118   0.00117   0.00488   0.00118   0.00000   0.00000   0.00000   0.00118   5.64574   0.57555   1.49328   2.17691   3.61953  -13.30543   0.02969   1.00000  
 85  0.3594   4064.625569  x:  0.00715   0.00118   0.00349   0.00865   0.00099   0.00474   0.00772   0.02186   0.00479   0.00119   0.00357   0.00000   0.00119   0.00369   0.00239   0.02336   0.01312   0.00238   0.00116   0.00118   0.00471   0.00475   0.00236   0.00236   0.00237   0.00118   0.00117   0.00488   0.00118   0.00000   0.00000   0.00000   0.00118   5.64597   0.57554   1.49334   2.17667   3.61908  -13.36766   0.02969   1.00000  
 86  0.0486   4064.625569  x:  0.00715   0.00118   0.00349   0.00865   0.00099   0.00474   0.00772   0.02186   0.00479   0.00119   0.00357   0.00000   0.00119   0.00369   0.00239   0.02336   0.01312   0.00238   0.00116   0.00118   0.00471   0.00475   0.00236   0.00236   0.00237   0.00118   0.00117   0.00488   0.00118   0.00000   0.00000   0.00000   0.00118   5.64607   0.57552   1.49330   2.17654   3.61898  -13.54636   0.02969   1.00000  
 87  0.1655   4064.625569  x:  0.00715   0.00118   0.00349   0.00865   0.00099   0.00474   0.00772   0.02186   0.00479   0.00119   0.00357   0.00000   0.00119   0.00369   0.00239   0.02336   0.01312   0.00238   0.00116   0.00118   0.00471   0.00475   0.00236   0.00236   0.00237   0.00118   0.00117   0.00488   0.00118   0.00000   0.00000   0.00000   0.00118   5.64608   0.57552   1.49328   2.17650   3.61896  -13.64226   0.02969   1.00000  
 88  0.6028   4064.625569  x:  0.00715   0.00118   0.00349   0.00865   0.00099   0.00474   0.00772   0.02186   0.00479   0.00119   0.00357   0.00000   0.00119   0.00369   0.00239   0.02336   0.01312   0.00238   0.00116   0.00118   0.00471   0.00475   0.00236   0.00236   0.00237   0.00118   0.00117   0.00488   0.00118   0.00000   0.00000   0.00000   0.00118   5.64607   0.57552   1.49326   2.17648   3.61894  -13.84979   0.02969   1.00000  
 89  0.8371   4064.625569  x:  0.00715   0.00118   0.00349   0.00865   0.00099   0.00474   0.00772   0.02185   0.00479   0.00119   0.00357   0.00000   0.00119   0.00369   0.00239   0.02336   0.01312   0.00238   0.00116   0.00118   0.00471   0.00474   0.00236   0.00236   0.00237   0.00118   0.00117   0.00488   0.00118   0.00000   0.00000   0.00000   0.00118   5.64605   0.57552   1.49325   2.17649   3.61892  -14.13509   0.02969   1.00000  
 90  0.8351   4064.625569  x:  0.00715   0.00118   0.00349   0.00865   0.00099   0.00474   0.00772   0.02185   0.00479   0.00119   0.00357   0.00000   0.00119   0.00369   0.00239   0.02336   0.01312   0.00238   0.00116   0.00118   0.00471   0.00474   0.00236   0.00236   0.00237   0.00118   0.00117   0.00488   0.00118   0.00000   0.00000   0.00000   0.00118   5.64603   0.57553   1.49325   2.17654   3.61888  -14.54776   0.02969   1.00000  
 91  0.8038   4064.625568  x:  0.00715   0.00118   0.00349   0.00865   0.00099   0.00474   0.00772   0.02185   0.00479   0.00119   0.00357   0.00000   0.00119   0.00369   0.00239   0.02336   0.01312   0.00238   0.00116   0.00118   0.00471   0.00474   0.00236   0.00236   0.00237   0.00118   0.00117   0.00488   0.00118   0.00000   0.00000   0.00000   0.00118   5.64601   0.57555   1.49327   2.17669   3.61883  -15.30783   0.02969   1.00000  
 92  0.7647   4064.625568  x:  0.00715   0.00118   0.00349   0.00865   0.00099   0.00474   0.00772   0.02185   0.00479   0.00119   0.00357   0.00000   0.00119   0.00369   0.00239   0.02336   0.01312   0.00238   0.00116   0.00118   0.00471   0.00475   0.00236   0.00236   0.00237   0.00118   0.00117   0.00488   0.00118   0.00000   0.00000   0.00000   0.00118   5.64605   0.57563   1.49346   2.17749   3.61868  -19.85397   0.02969   1.00000  
 93  0.5683   4064.625568  x:  0.00715   0.00118   0.00349   0.00865   0.00099   0.00474   0.00772   0.02185   0.00479   0.00119   0.00357   0.00000   0.00119   0.00369   0.00239   0.02336   0.01312   0.00238   0.00116   0.00118   0.00471   0.00475   0.00236   0.00236   0.00237   0.00118   0.00117   0.00488   0.00118   0.00000   0.00000   0.00000   0.00118   5.64605   0.57559   1.49339   2.17717   3.61876  -18.98260   0.02969   1.00000  
 94  0.9482   4064.625568  x:  0.00715   0.00118   0.00349   0.00865   0.00099   0.00474   0.00772   0.02185   0.00479   0.00119   0.00357   0.00000   0.00119   0.00369   0.00239   0.02336   0.01312   0.00238   0.00116   0.00118   0.00471   0.00475   0.00236   0.00236   0.00237   0.00118   0.00117   0.00488   0.00118   0.00000   0.00000   0.00000   0.00118   5.64605   0.57559   1.49339   2.17717   3.61876  -18.97748   0.02969   1.00000  
 95  0.8968   4064.625568  x:  0.00715   0.00118   0.00349   0.00865   0.00099   0.00474   0.00772   0.02185   0.00479   0.00119   0.00357   0.00000   0.00119   0.00369   0.00239   0.02336   0.01312   0.00238   0.00116   0.00118   0.00471   0.00475   0.00236   0.00236   0.00237   0.00118   0.00117   0.00488   0.00118   0.00000   0.00000   0.00000   0.00118   5.64605   0.57559   1.49339   2.17717   3.61876  -18.97743   0.02969   1.00000  
 96 92.2643   4064.625568  x:  0.00715   0.00118   0.00349   0.00865   0.00099   0.00474   0.00772   0.02185   0.00479   0.00119   0.00357   0.00000   0.00119   0.00369   0.00239   0.02336   0.01312   0.00238   0.00116   0.00118   0.00471   0.00475   0.00236   0.00236   0.00237   0.00118   0.00117   0.00488   0.00118   0.00000   0.00000   0.00000   0.00118   5.64604   0.57556   1.49332   2.17687   3.61882  -18.19131   0.02969   1.00000  
 97 423.2403   4064.625568  x:  0.00715   0.00118   0.00349   0.00865   0.00099   0.00474   0.00772   0.02185   0.00479   0.00119   0.00357   0.00000   0.00119   0.00369   0.00239   0.02336   0.01312   0.00238   0.00116   0.00118   0.00471   0.00475   0.00236   0.00236   0.00237   0.00118   0.00117   0.00488   0.00118   0.00000   0.00000   0.00000   0.00118   5.64604   0.57556   1.49332   2.17687   3.61882  -18.19131   0.02969   1.00000  