

TREE # 1

  0  0.0000  28087.512029  x:  0.01341   0.01984   0.00529   0.00514   0.01645   0.00790   0.00573   0.00859   0.01028   0.00472   0.00854   0.00537   0.00370   0.00409   0.00262   0.00397   0.00338   0.00187   0.00214   0.00796   0.00540   0.00812   0.00254   0.00936   0.00601   0.00434   0.00752   0.00815   0.00322   0.00297   0.00307   0.00322   0.00281   0.00354   0.00444   0.00376   0.00398   0.02231   0.01901   0.01190   0.00599   0.00658   0.00710   0.00569   0.00678   0.00947   0.01396   0.01966   0.00816   0.00574   0.01595   0.00000   0.00813   0.01750   0.01149   1.11455   0.91526   0.87867   1.04462   1.08694   0.16415   0.20299  
  1 99.0000  28087.465751  x:  0.01341   0.01984   0.00529   0.00514   0.01645   0.00790   0.00573   0.00859   0.01028   0.00472   0.00854   0.00537   0.00370   0.00409   0.00262   0.00396   0.00338   0.00187   0.00214   0.00796   0.00540   0.00812   0.00254   0.00936   0.00601   0.00434   0.00752   0.00815   0.00322   0.00296   0.00307   0.00322   0.00281   0.00354   0.00444   0.00376   0.00398   0.02231   0.01901   0.01190   0.00599   0.00658   0.00710   0.00569   0.00678   0.00947   0.01396   0.01966   0.00816   0.00574   0.01595   0.00000   0.00813   0.01750   0.01149   1.11455   0.91526   0.87867   1.04462   1.08694   0.16415   0.20299  
  2 13137.0111  28043.831949  x:  0.01284   0.01975   0.00494   0.00516   0.01621   0.00672   0.00578   0.00794   0.01021   0.00319   0.00856   0.00500   0.00095   0.00446   0.00337   0.00328   0.00409   0.00392   0.00366   0.00675   0.00548   0.00758   0.00445   0.00795   0.00589   0.00293   0.00782   0.00810   0.00462   0.00241   0.00430   0.00000   0.00413   0.00316   0.00402   0.00179   0.00360   0.02213   0.01860   0.01204   0.00386   0.00631   0.00630   0.00493   0.00616   0.00940   0.01384   0.01956   0.00797   0.00576   0.01579   0.00000   0.00529   0.01741   0.01088   1.11506   0.91527   0.87871   1.04460   1.08718   0.16393   0.20192  
  3 10667.5008  28036.859776  x:  0.01268   0.01973   0.00483   0.00516   0.01615   0.00638   0.00579   0.00776   0.01018   0.00275   0.00856   0.00488   0.00018   0.00455   0.00355   0.00307   0.00427   0.00446   0.00406   0.00640   0.00551   0.00742   0.00495   0.00754   0.00584   0.00253   0.00790   0.00809   0.00499   0.00224   0.00462   0.00010   0.00448   0.00304   0.00389   0.00123   0.00350   0.02208   0.01849   0.01208   0.00325   0.00622   0.00606   0.00471   0.00598   0.00939   0.01380   0.01954   0.00791   0.00576   0.01574   0.00000   0.00448   0.01739   0.01071   1.11520   0.91527   0.87872   1.04459   1.08725   0.16387   0.20161  
  4 34463.1950  28027.684733  x:  0.01233   0.01968   0.00462   0.00518   0.01601   0.00569   0.00581   0.00738   0.01015   0.00180   0.00859   0.00465   0.00117   0.00470   0.00386   0.00270   0.00454   0.00526   0.00465   0.00569   0.00553   0.00702   0.00580   0.00668   0.00574   0.00179   0.00807   0.00807   0.00559   0.00188   0.00520   0.00020   0.00499   0.00281   0.00362   0.00032   0.00339   0.02196   0.01824   0.01219   0.00199   0.00605   0.00559   0.00427   0.00562   0.00936   0.01373   0.01948   0.00782   0.00575   0.01563   0.00000   0.00259   0.01733   0.01034   1.11554   0.91527   0.87875   1.04458   1.08742   0.16372   0.20089  
  5 14168.4067  28021.962594  x:  0.01203   0.01963   0.00446   0.00519   0.01589   0.00512   0.00583   0.00707   0.01014   0.00105   0.00862   0.00445   0.00158   0.00477   0.00405   0.00244   0.00468   0.00569   0.00495   0.00511   0.00554   0.00662   0.00635   0.00594   0.00567   0.00138   0.00822   0.00807   0.00597   0.00161   0.00562   0.00025   0.00524   0.00263   0.00342   0.00138   0.00339   0.02185   0.01802   0.01231   0.00105   0.00592   0.00523   0.00394   0.00535   0.00934   0.01368   0.01942   0.00776   0.00574   0.01553   0.00000   0.00076   0.01729   0.01003   1.11588   0.91528   0.87878   1.04456   1.08758   0.16358   0.20018  
  6 12888.8800  28020.694450  x:  0.01195   0.01962   0.00445   0.00521   0.01586   0.00501   0.00583   0.00701   0.01016   0.00109   0.00865   0.00443   0.00157   0.00476   0.00408   0.00245   0.00466   0.00565   0.00491   0.00502   0.00554   0.00648   0.00640   0.00576   0.00567   0.00158   0.00826   0.00807   0.00599   0.00161   0.00570   0.00025   0.00519   0.00263   0.00342   0.00136   0.00346   0.02182   0.01796   0.01238   0.00121   0.00591   0.00518   0.00392   0.00532   0.00935   0.01367   0.01940   0.00776   0.00574   0.01550   0.00000   0.00023   0.01727   0.00995   1.11602   0.91528   0.87879   1.04456   1.08765   0.16352   0.19989  
  7 3732.1510  28017.419588  x:  0.01126   0.01951   0.00439   0.00531   0.01562   0.00415   0.00587   0.00656   0.01036   0.00115   0.00892   0.00426   0.00162   0.00474   0.00439   0.00252   0.00461   0.00536   0.00461   0.00426   0.00554   0.00534   0.00696   0.00433   0.00567   0.00254   0.00866   0.00812   0.00624   0.00165   0.00648   0.00025   0.00482   0.00264   0.00335   0.00144   0.00389   0.02149   0.01740   0.01292   0.00166   0.00582   0.00481   0.00376   0.00507   0.00938   0.01360   0.01920   0.00772   0.00570   0.01526   0.00000   0.00058   0.01712   0.00929   1.11726   0.91531   0.87889   1.04450   1.08826   0.16298   0.19730  
  8 2627.8602  28010.647314  x:  0.01013   0.01934   0.00471   0.00556   0.01523   0.00409   0.00598   0.00628   0.01079   0.00150   0.00951   0.00436   0.00135   0.00457   0.00488   0.00306   0.00422   0.00378   0.00361   0.00456   0.00563   0.00418   0.00757   0.00423   0.00573   0.00167   0.00930   0.00822   0.00618   0.00206   0.00798   0.00022   0.00350   0.00302   0.00365   0.00117   0.00403   0.02071   0.01615   0.01387   0.00065   0.00592   0.00504   0.00425   0.00528   0.00942   0.01359   0.01876   0.00778   0.00568   0.01486   0.00000   0.00040   0.01679   0.00836   1.12100   0.91537   0.87920   1.04434   1.09009   0.16134   0.18950  
  9 2857.8772  28005.407382  x:  0.00945   0.01923   0.00484   0.00568   0.01498   0.00419   0.00602   0.00615   0.01099   0.00086   0.00982   0.00435   0.00132   0.00447   0.00517   0.00308   0.00400   0.00297   0.00340   0.00476   0.00568   0.00417   0.00808   0.00454   0.00571   0.00070   0.00964   0.00826   0.00616   0.00193   0.00911   0.00021   0.00301   0.00303   0.00366   0.00118   0.00390   0.02010   0.01525   0.01447   0.00154   0.00593   0.00513   0.00435   0.00534   0.00945   0.01360   0.01845   0.00781   0.00568   0.01456   0.00000   0.00040   0.01658   0.00782   1.12443   0.91544   0.87948   1.04419   1.09178   0.15984   0.18232  
 10 10952.5220  27994.803397  x:  0.00873   0.01913   0.00492   0.00582   0.01464   0.00457   0.00606   0.00609   0.01115   0.00015   0.01014   0.00424   0.00131   0.00426   0.00536   0.00273   0.00362   0.00205   0.00352   0.00513   0.00572   0.00495   0.00869   0.00546   0.00557   0.00145   0.00995   0.00827   0.00594   0.00135   0.01069   0.00021   0.00274   0.00277   0.00344   0.00115   0.00359   0.01918   0.01399   0.01517   0.00150   0.00585   0.00524   0.00429   0.00535   0.00948   0.01365   0.01805   0.00790   0.00568   0.01409   0.00000   0.00047   0.01632   0.00730   1.13063   0.91555   0.87999   1.04392   1.09483   0.15712   0.16934  
 11 21349.3761  27981.462583  x:  0.00771   0.01899   0.00494   0.00600   0.01413   0.00504   0.00609   0.00597   0.01134   0.00076   0.01056   0.00397   0.00141   0.00395   0.00558   0.00201   0.00309   0.00101   0.00391   0.00552   0.00577   0.00625   0.00966   0.00672   0.00528   0.00199   0.01036   0.00827   0.00563   0.00030   0.01308   0.00022   0.00258   0.00221   0.00296   0.00128   0.00313   0.01780   0.01213   0.01618   0.00159   0.00565   0.00526   0.00400   0.00526   0.00952   0.01372   0.01746   0.00802   0.00568   0.01337   0.00000   0.00055   0.01595   0.00655   1.14030   0.91572   0.88079   1.04349   1.09959   0.15288   0.14906  
 12 155685.4403  27957.452105  x:  0.00640   0.01882   0.00473   0.00628   0.01325   0.00579   0.00607   0.00585   0.01152   0.00136   0.01113   0.00329   0.00162   0.00312   0.00516   0.00064   0.00191   0.00093   0.00422   0.00594   0.00576   0.00860   0.01074   0.00877   0.00448   0.00263   0.01085   0.00829   0.00428   0.00310   0.01735   0.00026   0.00240   0.00087   0.00179   0.00149   0.00320   0.01515   0.00903   0.01800   0.00172   0.00509   0.00514   0.00322   0.00489   0.00965   0.01391   0.01648   0.00837   0.00564   0.01190   0.00000   0.00067   0.01537   0.00564   1.16203   0.91611   0.88257   1.04254   1.11031   0.14333   0.10340  
 13 72747.9629  27887.202937  x:  0.00585   0.01878   0.00408   0.00673   0.01190   0.00663   0.00598   0.00579   0.01160   0.00175   0.01178   0.00223   0.00183   0.00174   0.00291   0.00481   0.00118   0.00317   0.00368   0.00600   0.00561   0.01216   0.01148   0.01163   0.00293   0.00310   0.01125   0.00839   0.00076   0.00378   0.02522   0.00030   0.00225   0.00169   0.00115   0.00170   0.00527   0.01059   0.00546   0.02128   0.00179   0.00402   0.00467   0.00199   0.00408   0.01000   0.01437   0.01510   0.00915   0.00556   0.00924   0.00000   0.00079   0.01464   0.00533   1.21112   0.91699   0.88660   1.04038   1.13459   0.12171   0.00000  
 14 96042.4557  27886.359620  x:  0.00596   0.01881   0.00398   0.00679   0.01179   0.00669   0.00597   0.00579   0.01158   0.00177   0.01183   0.00221   0.00184   0.00175   0.00242   0.00490   0.00132   0.00312   0.00346   0.00595   0.00559   0.01254   0.01138   0.01193   0.00283   0.00313   0.01126   0.00841   0.00107   0.00384   0.02625   0.00030   0.00219   0.00164   0.00125   0.00171   0.00564   0.01016   0.00547   0.02173   0.00178   0.00393   0.00460   0.00201   0.00399   0.01006   0.01445   0.01499   0.00928   0.00555   0.00896   0.00000   0.00081   0.01460   0.00541   1.21900   0.91714   0.88724   1.04004   1.13850   0.11823   0.00000  
 15 2507.8976  27884.093393  x:  0.00622   0.01889   0.00387   0.00688   0.01164   0.00668   0.00597   0.00578   0.01156   0.00179   0.01192   0.00238   0.00184   0.00206   0.00169   0.00468   0.00155   0.00287   0.00315   0.00575   0.00557   0.01312   0.01127   0.01229   0.00293   0.00312   0.01128   0.00848   0.00070   0.00389   0.02847   0.00030   0.00225   0.00154   0.00147   0.00170   0.00623   0.00965   0.00589   0.02261   0.00174   0.00391   0.00451   0.00223   0.00393   0.01018   0.01460   0.01487   0.00948   0.00557   0.00863   0.00000   0.00081   0.01456   0.00560   1.23541   0.91743   0.88859   1.03932   1.14665   0.11098   0.00000  
 16 32871.2957  27880.362241  x:  0.00655   0.01903   0.00386   0.00693   0.01163   0.00665   0.00596   0.00583   0.01150   0.00181   0.01193   0.00251   0.00184   0.00193   0.00137   0.00460   0.00077   0.00267   0.00281   0.00558   0.00557   0.01364   0.01086   0.01261   0.00319   0.00311   0.01120   0.00855   0.00079   0.00391   0.03111   0.00030   0.00232   0.00171   0.00104   0.00170   0.00664   0.00974   0.00629   0.02355   0.00171   0.00406   0.00454   0.00226   0.00403   0.01030   0.01477   0.01490   0.00966   0.00559   0.00862   0.00000   0.00082   0.01460   0.00587   1.25697   0.91782   0.89035   1.03837   1.15736   0.10144   0.00000  
 17 34611.3990  27873.959605  x:  0.00681   0.01925   0.00386   0.00692   0.01178   0.00663   0.00593   0.00592   0.01137   0.00184   0.01182   0.00234   0.00182   0.00121   0.00148   0.00442   0.00123   0.00231   0.00234   0.00545   0.00557   0.01428   0.00973   0.01303   0.00333   0.00314   0.01097   0.00861   0.00072   0.00403   0.03480   0.00029   0.00216   0.00191   0.00052   0.00169   0.00686   0.01045   0.00630   0.02480   0.00167   0.00427   0.00466   0.00189   0.00423   0.01044   0.01500   0.01510   0.00985   0.00560   0.00890   0.00000   0.00084   0.01475   0.00612   1.29103   0.91842   0.89314   1.03687   1.17429   0.08637   0.00000  
 18 73502.5288  27866.682219  x:  0.00697   0.01954   0.00377   0.00684   0.01205   0.00655   0.00586   0.00600   0.01112   0.00190   0.01156   0.00189   0.00181   0.00073   0.00179   0.00413   0.00112   0.00201   0.00191   0.00527   0.00556   0.01513   0.00785   0.01352   0.00324   0.00318   0.01057   0.00866   0.00062   0.00417   0.03963   0.00029   0.00193   0.00202   0.00136   0.00168   0.00691   0.01160   0.00588   0.02638   0.00163   0.00442   0.00475   0.00126   0.00441   0.01060   0.01527   0.01544   0.01008   0.00558   0.00936   0.00000   0.00086   0.01498   0.00632   1.33905   0.91928   0.89707   1.03476   1.19816   0.06513   0.00000  
 19 209720.6274  27857.675047  x:  0.00687   0.01989   0.00363   0.00668   0.01244   0.00648   0.00574   0.00608   0.01077   0.00198   0.01114   0.00136   0.00179   0.00192   0.00226   0.00412   0.00111   0.00179   0.00154   0.00521   0.00554   0.01607   0.00496   0.01415   0.00281   0.00328   0.00999   0.00868   0.00061   0.00438   0.04542   0.00028   0.00147   0.00202   0.00135   0.00169   0.00678   0.01306   0.00488   0.02822   0.00161   0.00442   0.00486   0.00116   0.00452   0.01077   0.01557   0.01589   0.01031   0.00551   0.00994   0.00000   0.00089   0.01528   0.00634   1.40146   0.92040   0.90217   1.03202   1.22919   0.03751   0.00000  
 20 240413.8415  27850.561864  x:  0.00629   0.02003   0.00352   0.00654   0.01266   0.00640   0.00565   0.00602   0.01055   0.00203   0.01080   0.00209   0.00183   0.00165   0.00250   0.00429   0.00109   0.00184   0.00194   0.00536   0.00552   0.01639   0.00263   0.01442   0.00238   0.00337   0.00964   0.00863   0.00062   0.00449   0.04895   0.00029   0.00162   0.00167   0.00143   0.00173   0.00644   0.01372   0.00434   0.02923   0.00166   0.00412   0.00483   0.00241   0.00437   0.01079   0.01564   0.01613   0.01033   0.00542   0.01017   0.00000   0.00091   0.01543   0.00591   1.44581   0.92119   0.90580   1.03008   1.25125   0.01788   0.00000  
 21 117056.7423  27842.701173  x:  0.00509   0.01986   0.00377   0.00642   0.01274   0.00668   0.00565   0.00592   0.01058   0.00210   0.01056   0.00219   0.00188   0.00178   0.00272   0.00487   0.00112   0.00169   0.00263   0.00638   0.00555   0.01589   0.00123   0.01474   0.00288   0.00353   0.00959   0.00845   0.00067   0.00478   0.05065   0.00029   0.00183   0.00126   0.00141   0.00180   0.00556   0.01326   0.00553   0.02929   0.00180   0.00367   0.00494   0.00175   0.00411   0.01054   0.01536   0.01607   0.00997   0.00530   0.00998   0.00000   0.00094   0.01536   0.00490   1.48401   0.92187   0.90893   1.02840   1.27026   0.00098   0.00000  
 22 41208.8630  27820.313324  x:  0.00492   0.01912   0.00445   0.00604   0.01307   0.00759   0.00563   0.00572   0.01065   0.00225   0.00946   0.00134   0.00218   0.00160   0.00244   0.00518   0.00107   0.00148   0.00320   0.00943   0.00547   0.01301   0.00422   0.01525   0.00273   0.00425   0.00936   0.00778   0.00065   0.00528   0.05080   0.00034   0.00128   0.00123   0.00139   0.00212   0.00234   0.01184   0.00642   0.02690   0.00252   0.00307   0.00507   0.00234   0.00344   0.00944   0.01401   0.01607   0.00844   0.00505   0.00950   0.00000   0.00107   0.01523   0.00398   1.59264   0.92380   0.91782   1.02362   1.32438  -0.04712   0.00000  
 23 46916.8477  27805.808710  x:  0.00473   0.01840   0.00483   0.00603   0.01288   0.00827   0.00570   0.00561   0.01093   0.00222   0.00926   0.00319   0.00230   0.00193   0.00298   0.00470   0.00108   0.00117   0.00324   0.01137   0.00547   0.01071   0.00552   0.01571   0.00276   0.00447   0.00959   0.00752   0.00066   0.00523   0.04951   0.00035   0.00248   0.00134   0.00136   0.00223   0.00278   0.01058   0.00536   0.02460   0.00286   0.00359   0.00522   0.00106   0.00368   0.00877   0.01305   0.01570   0.00762   0.00506   0.00908   0.00000   0.00113   0.01488   0.00420   1.66032   0.92500   0.92336   1.02065   1.35810  -0.07708   0.00000  
 24 86561.6520  27791.839702  x:  0.00400   0.01742   0.00511   0.00637   0.01198   0.00899   0.00590   0.00559   0.01160   0.00212   0.01007   0.00202   0.00242   0.00180   0.00503   0.00336   0.00099   0.00235   0.00385   0.01305   0.00562   0.00880   0.00591   0.01645   0.00391   0.00454   0.01048   0.00761   0.00062   0.00448   0.04740   0.00037   0.00262   0.00116   0.00137   0.00232   0.00552   0.00916   0.00501   0.02164   0.00311   0.00444   0.00538   0.00177   0.00455   0.00839   0.01224   0.01471   0.00739   0.00534   0.00865   0.00000   0.00117   0.01409   0.00451   1.72157   0.92609   0.92837   1.01796   1.38860  -0.10415   0.00000  
 25 61098.5714  27781.032303  x:  0.00591   0.01673   0.00478   0.00694   0.01043   0.00893   0.00603   0.00543   0.01251   0.00210   0.01210   0.00253   0.00240   0.00188   0.00728   0.00284   0.00085   0.00240   0.00519   0.01300   0.00558   0.00841   0.00575   0.01665   0.00314   0.00451   0.01198   0.00820   0.00055   0.00442   0.04524   0.00037   0.00152   0.00190   0.00130   0.00231   0.00596   0.00880   0.00568   0.01914   0.00314   0.00364   0.00491   0.00153   0.00432   0.00901   0.01244   0.01338   0.00856   0.00559   0.00831   0.00000   0.00117   0.01310   0.00398   1.75424   0.92666   0.93106   1.01653   1.40481  -0.11850   0.00000  
 26 19255.5031  27767.044792  x:  0.00577   0.01631   0.00415   0.00761   0.00893   0.00838   0.00610   0.00541   0.01363   0.00206   0.01519   0.00167   0.00229   0.00193   0.00884   0.00406   0.00083   0.00101   0.00505   0.01139   0.00537   0.00876   0.00599   0.01651   0.00283   0.00430   0.01404   0.00889   0.00059   0.00486   0.04149   0.00035   0.00349   0.00135   0.00134   0.00222   0.00504   0.00940   0.00617   0.01624   0.00302   0.00327   0.00435   0.00192   0.00367   0.01022   0.01350   0.01217   0.01033   0.00559   0.00810   0.00000   0.00112   0.01222   0.00526   1.78476   0.92718   0.93358   1.01520   1.41987  -0.13177   0.00000  
 27 17589.4878  27745.741108  x:  0.00397   0.01639   0.00354   0.00801   0.00887   0.00745   0.00612   0.00554   0.01474   0.00205   0.01917   0.00306   0.00215   0.00210   0.00911   0.00470   0.00094   0.00256   0.00362   0.00787   0.00533   0.01043   0.00677   0.01627   0.00412   0.00413   0.01648   0.00923   0.00073   0.00460   0.03526   0.00034   0.00248   0.00045   0.00148   0.00210   0.00311   0.01009   0.00661   0.01319   0.00282   0.00423   0.00427   0.00174   0.00353   0.01157   0.01520   0.01190   0.01195   0.00531   0.00816   0.00000   0.00105   0.01195   0.00544   1.81821   0.92774   0.93635   1.01376   1.43627  -0.14616   0.00000  
 28 21362.0143  27734.719519  x:  0.00274   0.01661   0.00343   0.00796   0.00951   0.00674   0.00610   0.00551   0.01516   0.00202   0.02138   0.00316   0.00203   0.00219   0.00875   0.00426   0.00107   0.00282   0.00342   0.00540   0.00540   0.01175   0.00683   0.01585   0.00469   0.00391   0.01782   0.00906   0.00080   0.00467   0.03059   0.00031   0.00282   0.00253   0.00151   0.00198   0.00239   0.00998   0.00671   0.01173   0.00259   0.00442   0.00426   0.00186   0.00345   0.01205   0.01609   0.01224   0.01230   0.00507   0.00816   0.00000   0.00099   0.01213   0.00474   1.83826   0.92807   0.93802   1.01290   1.44605  -0.15470   0.00000  
 29 39777.0408  27699.783438  x:  0.00438   0.01732   0.00474   0.00725   0.01188   0.00540   0.00614   0.00538   0.01567   0.00185   0.02505   0.00260   0.00176   0.00223   0.00859   0.00510   0.00118   0.00259   0.00420   0.00173   0.00585   0.01343   0.00693   0.01409   0.00573   0.00321   0.02008   0.00801   0.00090   0.00453   0.02132   0.00028   0.00398   0.00216   0.00158   0.00171   0.00253   0.00930   0.00626   0.01074   0.00201   0.00451   0.00499   0.00202   0.00396   0.01198   0.01715   0.01376   0.01121   0.00465   0.00863   0.00000   0.00082   0.01307   0.00230   1.87191   0.92860   0.94083   1.01148   1.46234  -0.16885   0.00000  
 30 32769.6450  27622.552157  x:  0.00444   0.01891   0.00643   0.00568   0.01583   0.00142   0.00620   0.00449   0.01596   0.00139   0.03185   0.00246   0.00126   0.00232   0.00830   0.00560   0.00121   0.00315   0.00768   0.00197   0.00666   0.01622   0.00755   0.00748   0.00500   0.00176   0.02418   0.00609   0.00093   0.00367   0.00278   0.00021   0.00357   0.00207   0.00155   0.00118   0.00337   0.00901   0.00664   0.01165   0.00086   0.00278   0.00486   0.00155   0.00340   0.01136   0.01872   0.01678   0.00820   0.00442   0.00960   0.00000   0.00048   0.01520   0.00551   1.93351   0.92956   0.94600   1.00890   1.49193  -0.19441   0.00000  
 31 43949.8002  27612.159489  x:  0.00448   0.01903   0.00608   0.00567   0.01592   0.00220   0.00618   0.00451   0.01576   0.00133   0.03236   0.00236   0.00122   0.00233   0.00800   0.00554   0.00123   0.00347   0.00783   0.00228   0.00656   0.01618   0.00767   0.00631   0.00461   0.00161   0.02441   0.00627   0.00094   0.00346   0.00074   0.00021   0.00384   0.00209   0.00155   0.00114   0.00345   0.00946   0.00679   0.01184   0.00077   0.00314   0.00454   0.00151   0.00328   0.01127   0.01877   0.01692   0.00807   0.00455   0.00966   0.00000   0.00045   0.01532   0.00521   1.93996   0.92965   0.94654   1.00863   1.49500  -0.19704   0.00000  
 32 26344.5342  27592.031555  x:  0.00492   0.01850   0.00472   0.00545   0.01607   0.00128   0.00597   0.00530   0.01476   0.00117   0.03195   0.00187   0.00115   0.00222   0.00584   0.00486   0.00127   0.00441   0.00730   0.00313   0.00598   0.01340   0.00684   0.00584   0.00346   0.00151   0.02383   0.00628   0.00091   0.00273   0.00067   0.00020   0.00443   0.00211   0.00148   0.00107   0.00308   0.01006   0.00666   0.00611   0.00092   0.00315   0.00449   0.00138   0.00378   0.01030   0.01748   0.01720   0.00747   0.00456   0.00962   0.00000   0.00041   0.01547   0.00489   1.94725   0.92972   0.94717   1.00835   1.49842  -0.19977   0.00000  
 33 4098.8450  27587.977163  x:  0.00498   0.01817   0.00467   0.00537   0.01611   0.00219   0.00597   0.00510   0.01452   0.00113   0.03149   0.00185   0.00114   0.00220   0.00555   0.00463   0.00127   0.00465   0.00744   0.00224   0.00595   0.01199   0.00656   0.00621   0.00348   0.00151   0.02349   0.00604   0.00090   0.00253   0.00073   0.00020   0.00433   0.00213   0.00146   0.00107   0.00292   0.01004   0.00656   0.00501   0.00098   0.00257   0.00449   0.00132   0.00346   0.01006   0.01695   0.01724   0.00738   0.00443   0.00975   0.00000   0.00041   0.01544   0.00561   1.94844   0.92972   0.94728   1.00830   1.49900  -0.20019   0.00000  
 34 4570.4155  27585.236271  x:  0.00518   0.01768   0.00453   0.00538   0.01582   0.00182   0.00600   0.00490   0.01431   0.00113   0.03073   0.00178   0.00116   0.00220   0.00542   0.00447   0.00129   0.00498   0.00763   0.00174   0.00595   0.01059   0.00634   0.00737   0.00360   0.00160   0.02294   0.00600   0.00091   0.00243   0.00043   0.00020   0.00443   0.00222   0.00146   0.00109   0.00257   0.01006   0.00653   0.00521   0.00106   0.00282   0.00444   0.00129   0.00308   0.01007   0.01642   0.01703   0.00779   0.00433   0.00982   0.00000   0.00042   0.01521   0.00594   1.94876   0.92971   0.94731   1.00829   1.49922  -0.20029   0.00000  
 35 2949.3826  27584.592906  x:  0.00520   0.01746   0.00466   0.00524   0.01613   0.00181   0.00601   0.00456   0.01451   0.00113   0.03056   0.00175   0.00119   0.00221   0.00528   0.00437   0.00130   0.00517   0.00759   0.00198   0.00615   0.01005   0.00645   0.00785   0.00360   0.00164   0.02283   0.00576   0.00091   0.00236   0.00043   0.00020   0.00459   0.00223   0.00145   0.00111   0.00271   0.01024   0.00651   0.00517   0.00111   0.00266   0.00420   0.00127   0.00284   0.01062   0.01669   0.01719   0.00829   0.00408   0.01001   0.00000   0.00044   0.01519   0.00579   1.94872   0.92969   0.94731   1.00828   1.49933  -0.20031   0.00000  
 36 1068.0051  27584.385681  x:  0.00513   0.01733   0.00473   0.00520   0.01636   0.00183   0.00602   0.00459   0.01473   0.00112   0.03042   0.00172   0.00120   0.00221   0.00521   0.00434   0.00129   0.00521   0.00775   0.00193   0.00621   0.00976   0.00648   0.00799   0.00333   0.00166   0.02276   0.00579   0.00090   0.00233   0.00043   0.00021   0.00462   0.00220   0.00144   0.00112   0.00271   0.01017   0.00658   0.00518   0.00113   0.00271   0.00412   0.00123   0.00312   0.01099   0.01695   0.01728   0.00841   0.00419   0.01001   0.00000   0.00044   0.01518   0.00582   1.94866   0.92968   0.94730   1.00828   1.49944  -0.20035   0.00000  
 37 694.5249  27584.284474  x:  0.00517   0.01726   0.00469   0.00525   0.01653   0.00183   0.00603   0.00476   0.01497   0.00111   0.03026   0.00169   0.00120   0.00220   0.00515   0.00432   0.00129   0.00521   0.00789   0.00195   0.00617   0.00960   0.00645   0.00799   0.00342   0.00165   0.02269   0.00593   0.00090   0.00232   0.00044   0.00021   0.00460   0.00221   0.00144   0.00112   0.00270   0.01011   0.00650   0.00516   0.00113   0.00276   0.00416   0.00122   0.00298   0.01127   0.01724   0.01732   0.00836   0.00430   0.00994   0.00000   0.00044   0.01518   0.00586   1.94855   0.92966   0.94729   1.00827   1.49959  -0.20038   0.00000  
 38 428.5413  27584.244606  x:  0.00517   0.01723   0.00459   0.00530   0.01653   0.00182   0.00601   0.00476   0.01511   0.00111   0.03009   0.00170   0.00120   0.00220   0.00515   0.00433   0.00129   0.00519   0.00793   0.00195   0.00610   0.00959   0.00648   0.00798   0.00348   0.00165   0.02261   0.00594   0.00090   0.00232   0.00043   0.00021   0.00459   0.00221   0.00144   0.00112   0.00272   0.01015   0.00648   0.00517   0.00113   0.00267   0.00421   0.00122   0.00306   0.01134   0.01741   0.01727   0.00830   0.00422   0.00989   0.00000   0.00044   0.01514   0.00586   1.94841   0.92964   0.94728   1.00827   1.49973  -0.20041   0.00000  
 39 276.3258  27584.207980  x:  0.00517   0.01723   0.00454   0.00531   0.01652   0.00182   0.00598   0.00467   0.01529   0.00111   0.02989   0.00170   0.00120   0.00220   0.00519   0.00435   0.00129   0.00516   0.00796   0.00193   0.00607   0.00963   0.00648   0.00797   0.00345   0.00165   0.02255   0.00585   0.00090   0.00233   0.00043   0.00021   0.00456   0.00221   0.00144   0.00112   0.00275   0.01015   0.00650   0.00512   0.00112   0.00277   0.00423   0.00122   0.00303   0.01135   0.01758   0.01721   0.00822   0.00416   0.00985   0.00000   0.00044   0.01510   0.00586   1.94821   0.92960   0.94726   1.00826   1.49993  -0.20045   0.00000  
 40 348.6523  27584.142547  x:  0.00517   0.01726   0.00461   0.00524   0.01643   0.00179   0.00602   0.00463   0.01562   0.00111   0.02949   0.00172   0.00119   0.00220   0.00527   0.00434   0.00129   0.00517   0.00782   0.00192   0.00614   0.00973   0.00647   0.00791   0.00347   0.00164   0.02246   0.00581   0.00090   0.00232   0.00042   0.00020   0.00457   0.00221   0.00144   0.00111   0.00275   0.01010   0.00651   0.00508   0.00111   0.00272   0.00415   0.00123   0.00301   0.01121   0.01783   0.01710   0.00823   0.00434   0.00989   0.00000   0.00043   0.01503   0.00584   1.94768   0.92952   0.94721   1.00823   1.50052  -0.20058   0.00000  
 41 293.6616  27584.073654  x:  0.00519   0.01728   0.00473   0.00524   0.01638   0.00179   0.00607   0.00472   0.01589   0.00111   0.02920   0.00171   0.00119   0.00220   0.00532   0.00429   0.00128   0.00522   0.00771   0.00192   0.00622   0.00978   0.00641   0.00781   0.00341   0.00163   0.02252   0.00592   0.00090   0.00229   0.00042   0.00020   0.00460   0.00222   0.00144   0.00111   0.00269   0.00998   0.00652   0.00508   0.00111   0.00272   0.00414   0.00124   0.00301   0.01108   0.01792   0.01708   0.00833   0.00413   0.00991   0.00000   0.00043   0.01502   0.00586   1.94705   0.92940   0.94715   1.00819   1.50133  -0.20079   0.00000  
 42 406.4754  27583.597909  x:  0.00515   0.01725   0.00474   0.00560   0.01629   0.00180   0.00588   0.00468   0.01675   0.00110   0.02800   0.00169   0.00119   0.00219   0.00520   0.00427   0.00128   0.00530   0.00769   0.00191   0.00604   0.00998   0.00637   0.00770   0.00325   0.00161   0.02375   0.00582   0.00089   0.00227   0.00042   0.00020   0.00464   0.00221   0.00143   0.00111   0.00274   0.01015   0.00652   0.00512   0.00109   0.00266   0.00458   0.00122   0.00291   0.01088   0.01744   0.01744   0.00887   0.00428   0.00972   0.00000   0.00043   0.01534   0.00584   1.94229   0.92848   0.94671   1.00784   1.50823  -0.20267   0.00000  
 43 551.3202  27582.778826  x:  0.00531   0.01722   0.00438   0.00529   0.01608   0.00185   0.00589   0.00454   0.01745   0.00112   0.02643   0.00166   0.00118   0.00218   0.00493   0.00439   0.00130   0.00526   0.00781   0.00192   0.00593   0.01026   0.00616   0.00768   0.00360   0.00158   0.02575   0.00586   0.00090   0.00234   0.00045   0.00020   0.00455   0.00226   0.00143   0.00110   0.00262   0.01029   0.00631   0.00511   0.00106   0.00279   0.00388   0.00123   0.00316   0.01104   0.01679   0.01769   0.00889   0.00424   0.00964   0.00000   0.00042   0.01555   0.00594   1.93422   0.92690   0.94596   1.00724   1.52008  -0.20591   0.00000  
 44 3775.9398  27581.872421  x:  0.00512   0.01723   0.00414   0.00491   0.01594   0.00179   0.00611   0.00490   0.01734   0.00113   0.02500   0.00170   0.00118   0.00218   0.00488   0.00449   0.00129   0.00524   0.00767   0.00176   0.00607   0.01049   0.00627   0.00794   0.00330   0.00158   0.02744   0.00605   0.00089   0.00236   0.00044   0.00020   0.00450   0.00222   0.00142   0.00109   0.00295   0.01055   0.00644   0.00514   0.00103   0.00268   0.00381   0.00121   0.00288   0.01144   0.01649   0.01753   0.00833   0.00412   0.01002   0.00000   0.00043   0.01539   0.00581   1.92516   0.92513   0.94512   1.00657   1.53341  -0.20956   0.00000  
 45 6028.7543  27579.950566  x:  0.00537   0.01737   0.00418   0.00534   0.01582   0.00179   0.00620   0.00439   0.01586   0.00114   0.02302   0.00159   0.00117   0.00214   0.00463   0.00428   0.00129   0.00569   0.00707   0.00187   0.00645   0.01054   0.00579   0.00765   0.00311   0.00160   0.03010   0.00586   0.00087   0.00223   0.00045   0.00020   0.00475   0.00229   0.00141   0.00108   0.00253   0.01021   0.00632   0.00524   0.00102   0.00259   0.00435   0.00123   0.00291   0.01239   0.01702   0.01668   0.00763   0.00425   0.01042   0.00000   0.00042   0.01463   0.00588   1.90600   0.92134   0.94333   1.00512   1.56190  -0.21738   0.00000  
 46 8508.3547  27577.335766  x:  0.00520   0.01746   0.00489   0.00549   0.01610   0.00171   0.00559   0.00485   0.01303   0.00113   0.02116   0.00161   0.00113   0.00212   0.00478   0.00446   0.00125   0.00550   0.00731   0.00178   0.00586   0.01059   0.00585   0.00733   0.00323   0.00154   0.03131   0.00556   0.00085   0.00226   0.00041   0.00019   0.00452   0.00225   0.00138   0.00104   0.00277   0.01012   0.00619   0.00504   0.00096   0.00263   0.00381   0.00119   0.00290   0.01211   0.01843   0.01609   0.00856   0.00413   0.00969   0.00000   0.00041   0.01417   0.00585   1.88006   0.91620   0.94091   1.00315   1.60053  -0.22794   0.00000  
 47 9609.2360  27574.671565  x:  0.00514   0.01712   0.00384   0.00479   0.01623   0.00169   0.00617   0.00389   0.01197   0.00113   0.02151   0.00154   0.00111   0.00208   0.00483   0.00457   0.00121   0.00544   0.00746   0.00175   0.00601   0.01034   0.00590   0.00738   0.00316   0.00152   0.03054   0.00655   0.00082   0.00225   0.00044   0.00019   0.00451   0.00219   0.00134   0.00103   0.00287   0.00983   0.00612   0.00502   0.00095   0.00257   0.00420   0.00112   0.00284   0.01096   0.01955   0.01649   0.00903   0.00418   0.00912   0.00000   0.00040   0.01466   0.00580   1.85386   0.91095   0.93845   1.00112   1.64013  -0.23879   0.00000  
 48 9698.7539  27570.672335  x:  0.00512   0.01647   0.00278   0.00544   0.01558   0.00172   0.00651   0.00457   0.01231   0.00108   0.02366   0.00134   0.00106   0.00201   0.00438   0.00446   0.00116   0.00569   0.00739   0.00171   0.00627   0.00977   0.00570   0.00741   0.00289   0.00146   0.02799   0.00532   0.00078   0.00208   0.00048   0.00018   0.00464   0.00216   0.00126   0.00099   0.00271   0.00961   0.00593   0.00547   0.00092   0.00241   0.00351   0.00101   0.00267   0.00990   0.02004   0.01686   0.00862   0.00411   0.00905   0.00000   0.00038   0.01513   0.00564   1.81499   0.90311   0.93478   0.99808   1.69922  -0.25494   0.00000  
 49 18515.7078  27567.204183  x:  0.00489   0.01628   0.00404   0.00551   0.01440   0.00164   0.00574   0.00402   0.01322   0.00102   0.02565   0.00119   0.00100   0.00194   0.00321   0.00440   0.00117   0.00589   0.00759   0.00160   0.00579   0.00986   0.00557   0.00711   0.00272   0.00134   0.02455   0.00587   0.00075   0.00192   0.00050   0.00017   0.00462   0.00214   0.00122   0.00094   0.00276   0.01001   0.00555   0.00552   0.00082   0.00228   0.00319   0.00088   0.00254   0.01025   0.01917   0.01667   0.00790   0.00405   0.00896   0.00000   0.00035   0.01497   0.00541   1.77998   0.89605   0.93147   0.99535   1.75225  -0.26931   0.00000  
 50 24010.2096  27566.087817  x:  0.00484   0.01667   0.00377   0.00487   0.01432   0.00166   0.00565   0.00416   0.01346   0.00099   0.02599   0.00117   0.00096   0.00192   0.00320   0.00444   0.00115   0.00574   0.00764   0.00157   0.00590   0.01016   0.00557   0.00641   0.00283   0.00124   0.02290   0.00554   0.00074   0.00190   0.00048   0.00017   0.00454   0.00211   0.00121   0.00090   0.00274   0.00958   0.00544   0.00545   0.00074   0.00229   0.00359   0.00086   0.00255   0.01116   0.01808   0.01642   0.00845   0.00400   0.00895   0.00000   0.00033   0.01458   0.00541   1.76883   0.89379   0.93040   0.99447   1.76906  -0.27375   0.00000  
 51 8697.9006  27565.846487  x:  0.00480   0.01687   0.00366   0.00525   0.01471   0.00163   0.00578   0.00402   0.01348   0.00099   0.02596   0.00119   0.00095   0.00191   0.00345   0.00450   0.00113   0.00566   0.00751   0.00155   0.00597   0.01035   0.00560   0.00635   0.00281   0.00122   0.02240   0.00566   0.00073   0.00192   0.00047   0.00017   0.00452   0.00208   0.00120   0.00089   0.00277   0.00943   0.00549   0.00537   0.00072   0.00228   0.00339   0.00087   0.00252   0.01142   0.01760   0.01638   0.00848   0.00400   0.00886   0.00000   0.00032   0.01450   0.00540   1.76637   0.89328   0.93016   0.99427   1.77270  -0.27462   0.00000  
 52 2509.9546  27565.825121  x:  0.00482   0.01684   0.00367   0.00518   0.01487   0.00163   0.00579   0.00403   0.01353   0.00099   0.02600   0.00119   0.00095   0.00191   0.00349   0.00447   0.00113   0.00569   0.00744   0.00155   0.00591   0.01035   0.00558   0.00635   0.00278   0.00122   0.02240   0.00565   0.00073   0.00190   0.00047   0.00017   0.00455   0.00209   0.00120   0.00089   0.00275   0.00948   0.00551   0.00540   0.00072   0.00227   0.00339   0.00088   0.00251   0.01139   0.01755   0.01627   0.00846   0.00400   0.00872   0.00000   0.00032   0.01443   0.00541   1.76625   0.89322   0.93014   0.99424   1.77301  -0.27457   0.00000  
 53 150.2505  27565.784113  x:  0.00482   0.01674   0.00360   0.00519   0.01511   0.00162   0.00569   0.00402   0.01360   0.00099   0.02604   0.00118   0.00095   0.00191   0.00340   0.00449   0.00114   0.00568   0.00750   0.00155   0.00590   0.01036   0.00559   0.00634   0.00279   0.00122   0.02242   0.00569   0.00073   0.00191   0.00048   0.00017   0.00454   0.00208   0.00120   0.00088   0.00276   0.00949   0.00549   0.00542   0.00072   0.00227   0.00338   0.00087   0.00251   0.01125   0.01750   0.01605   0.00852   0.00400   0.00890   0.00000   0.00032   0.01433   0.00542   1.76629   0.89306   0.93007   0.99412   1.77358  -0.27410   0.00000  
 54 97.1307  27565.351316  x:  0.00478   0.01647   0.00379   0.00536   0.01518   0.00160   0.00644   0.00403   0.01358   0.00099   0.02595   0.00117   0.00095   0.00192   0.00300   0.00456   0.00116   0.00561   0.00783   0.00152   0.00623   0.01046   0.00562   0.00616   0.00289   0.00120   0.02234   0.00560   0.00074   0.00195   0.00048   0.00017   0.00446   0.00209   0.00121   0.00088   0.00282   0.00986   0.00538   0.00536   0.00071   0.00232   0.00346   0.00084   0.00258   0.01116   0.01743   0.01568   0.00869   0.00400   0.00880   0.00000   0.00032   0.01424   0.00542   1.76741   0.89110   0.92931   0.99270   1.77940  -0.26756   0.00000  
 55 274.0636  27525.845617  x:  0.00525   0.00958   0.00343   0.00539   0.01269   0.00148   0.00561   0.00377   0.01150   0.00080   0.01981   0.00141   0.00055   0.00203   0.00398   0.00378   0.00122   0.00654   0.00648   0.00110   0.00644   0.01099   0.00579   0.00341   0.00302   0.00064   0.01725   0.00581   0.00082   0.00116   0.00069   0.00009   0.00518   0.00231   0.00127   0.00056   0.00247   0.01023   0.00629   0.00587   0.00022   0.00205   0.00308   0.00103   0.00240   0.01315   0.01739   0.01425   0.00920   0.00402   0.00889   0.00000   0.00017   0.01753   0.00531   1.85778   0.73315   0.86728   0.87841   2.24410   0.26507   0.00000  
 56 5266.2172  27487.157126  x:  0.00557   0.01653   0.00233   0.00576   0.01051   0.00141   0.00599   0.00354   0.01139   0.00059   0.01500   0.00125   0.00032   0.00215   0.00318   0.00273   0.00135   0.00800   0.00761   0.00080   0.00556   0.00769   0.00622   0.00323   0.00299   0.00034   0.01335   0.00632   0.00088   0.00021   0.00097   0.00005   0.00607   0.00253   0.00130   0.00038   0.00231   0.01164   0.00672   0.00648   0.00009   0.00187   0.00263   0.00086   0.00236   0.01290   0.01859   0.01294   0.01038   0.00415   0.00923   0.00000   0.00009   0.01683   0.00525   1.95226   0.56892   0.80280   0.75951   2.72770   0.81888   0.00000  
 57 209611.0386  27485.736973  x:  0.00559   0.01629   0.00214   0.00585   0.01043   0.00141   0.00549   0.00358   0.01137   0.00059   0.01482   0.00126   0.00031   0.00216   0.00307   0.00275   0.00136   0.00799   0.00769   0.00076   0.00637   0.00774   0.00625   0.00314   0.00304   0.00032   0.01322   0.00644   0.00088   0.00022   0.00099   0.00004   0.00607   0.00254   0.00131   0.00037   0.00232   0.01195   0.00674   0.00652   0.00007   0.00188   0.00264   0.00086   0.00238   0.01258   0.01859   0.01425   0.01033   0.00416   0.00884   0.00000   0.00008   0.01480   0.00530   1.95591   0.56268   0.80032   0.75492   2.74634   0.84020   0.00000  
 58 11124.6783  27485.655344  x:  0.00559   0.01620   0.00216   0.00585   0.01042   0.00141   0.00570   0.00355   0.01137   0.00059   0.01481   0.00126   0.00031   0.00216   0.00307   0.00275   0.00136   0.00800   0.00767   0.00077   0.00605   0.00777   0.00624   0.00311   0.00303   0.00032   0.01321   0.00642   0.00088   0.00021   0.00099   0.00004   0.00607   0.00254   0.00131   0.00037   0.00232   0.01189   0.00674   0.00653   0.00007   0.00187   0.00264   0.00086   0.00238   0.01256   0.01859   0.01445   0.01036   0.00416   0.00897   0.00000   0.00008   0.01453   0.00530   1.95612   0.56238   0.80018   0.75464   2.74743   0.84145   0.00000  
 59 1042.2797  27464.125459  x:  0.00577   0.01689   0.00184   0.00600   0.00962   0.00145   0.00579   0.00355   0.01130   0.00058   0.01215   0.00135   0.00033   0.00217   0.00250   0.00272   0.00142   0.00818   0.00717   0.00077   0.00564   0.00684   0.00615   0.00282   0.00305   0.00038   0.01017   0.00664   0.00091   0.00010   0.00108   0.00005   0.00613   0.00262   0.00133   0.00038   0.00227   0.01237   0.00704   0.00672   0.00023   0.00190   0.00257   0.00096   0.00242   0.01231   0.01844   0.01498   0.01069   0.00422   0.00915   0.00000   0.00008   0.01311   0.00532   1.97015   0.91041   0.75335   0.59746   3.22476   1.31423   0.00000  
 60 54.7271  27429.589951  x:  0.00587   0.01749   0.00165   0.00613   0.00907   0.00155   0.00636   0.00360   0.01147   0.00066   0.00933   0.00150   0.00049   0.00212   0.00161   0.00319   0.00145   0.00801   0.00627   0.00098   0.00445   0.00607   0.00581   0.00288   0.00300   0.00065   0.00710   0.00684   0.00091   0.00034   0.00113   0.00008   0.00590   0.00265   0.00135   0.00050   0.00227   0.01253   0.00725   0.00692   0.00056   0.00202   0.00260   0.00113   0.00251   0.01181   0.01795   0.01638   0.01098   0.00431   0.00958   0.00000   0.00013   0.01058   0.00536   2.02240   1.02839   0.53195   0.91329   4.00192   2.05120   0.00000  
 61 138.3178  27405.571357  x:  0.00603   0.01776   0.00170   0.00619   0.00895   0.00168   0.00686   0.00375   0.01176   0.00074   0.00748   0.00171   0.00066   0.00211   0.00096   0.00347   0.00151   0.00768   0.00530   0.00125   0.00342   0.00527   0.00554   0.00312   0.00306   0.00093   0.00428   0.00699   0.00095   0.00059   0.00115   0.00012   0.00565   0.00268   0.00141   0.00062   0.00229   0.01275   0.00760   0.00699   0.00086   0.00223   0.00275   0.00135   0.00266   0.01123   0.01735   0.01774   0.01110   0.00440   0.01014   0.00000   0.00018   0.00854   0.00546   2.02773   0.92327   0.95905   1.09150   4.62314   2.64743   0.00000  
 62 125.4996  27367.852670  x:  0.00624   0.01833   0.00216   0.00603   0.01040   0.00209   0.00662   0.00418   0.01168   0.00080   0.00669   0.00188   0.00080   0.00206   0.00010   0.00382   0.00155   0.00716   0.00404   0.00184   0.00381   0.00491   0.00484   0.00367   0.00297   0.00111   0.00668   0.00711   0.00097   0.00077   0.00096   0.00015   0.00515   0.00263   0.00145   0.00072   0.00250   0.01297   0.00786   0.00710   0.00078   0.00274   0.00298   0.00160   0.00283   0.01064   0.01625   0.01823   0.01050   0.00453   0.01027   0.00000   0.00024   0.00972   0.00569   2.04822   0.73859   0.88891   0.85956   5.27045   3.22966   0.00000  
 63 15.3849  27329.108059  x:  0.00670   0.01936   0.00308   0.00576   0.01268   0.00283   0.00618   0.00499   0.01151   0.00092   0.00482   0.00215   0.00102   0.00204   0.00116   0.00426   0.00156   0.00611   0.00147   0.00287   0.00470   0.00452   0.00371   0.00499   0.00302   0.00144   0.01011   0.00734   0.00102   0.00109   0.00070   0.00021   0.00427   0.00254   0.00152   0.00088   0.00298   0.01328   0.00853   0.00748   0.00058   0.00364   0.00347   0.00200   0.00318   0.00948   0.01432   0.01874   0.00956   0.00478   0.01044   0.00000   0.00037   0.01185   0.00615   2.10280   0.49276   0.80598   0.53258   6.41496   4.25540   0.00000  
 64 74.0665  27311.219748  x:  0.00697   0.02020   0.00327   0.00564   0.01355   0.00317   0.00532   0.00535   0.01078   0.00087   0.00459   0.00224   0.00095   0.00205   0.00133   0.00386   0.00159   0.00584   0.00086   0.00323   0.00608   0.00401   0.00330   0.00515   0.00302   0.00136   0.01107   0.00754   0.00107   0.00087   0.00059   0.00020   0.00400   0.00251   0.00156   0.00082   0.00318   0.01390   0.00888   0.00777   0.00026   0.00404   0.00355   0.00215   0.00329   0.00924   0.01361   0.01794   0.00908   0.00489   0.01014   0.00000   0.00038   0.01448   0.00636   2.15274   0.95967   1.01551   1.03007   6.85438   4.65212   0.00000  
 65 33.9140  27279.870460  x:  0.00756   0.02066   0.00379   0.00529   0.01624   0.00392   0.00472   0.00590   0.00844   0.00074   0.01321   0.00249   0.00082   0.00213   0.00147   0.00305   0.00172   0.00473   0.00306   0.00396   0.00696   0.00356   0.00302   0.00411   0.00310   0.00119   0.00870   0.00777   0.00120   0.00053   0.00035   0.00019   0.00292   0.00243   0.00168   0.00076   0.00380   0.01518   0.00959   0.00853   0.00041   0.00495   0.00375   0.00252   0.00351   0.00856   0.01231   0.01926   0.00792   0.00510   0.01055   0.00000   0.00039   0.01669   0.00728   2.30252   0.88652   0.99826   1.11587   7.30758   4.98432   0.00000  
 66  3.6685  27279.144489  x:  0.00757   0.02068   0.00380   0.00528   0.01631   0.00394   0.00470   0.00591   0.00837   0.00074   0.01344   0.00250   0.00081   0.00214   0.00147   0.00302   0.00173   0.00470   0.00312   0.00398   0.00699   0.00354   0.00302   0.00408   0.00310   0.00119   0.00864   0.00778   0.00120   0.00053   0.00035   0.00019   0.00289   0.00243   0.00168   0.00076   0.00381   0.01522   0.00961   0.00855   0.00041   0.00498   0.00376   0.00253   0.00351   0.00854   0.01228   0.01929   0.00789   0.00510   0.01056   0.00000   0.00039   0.01676   0.00731   2.30661   0.88452   0.99779   1.11821   7.31990   4.99335   0.00518  
 67 953.2576  27242.285303  x:  0.00849   0.01959   0.00366   0.00518   0.01692   0.00392   0.00521   0.00574   0.00718   0.00060   0.00718   0.00285   0.00036   0.00240   0.00142   0.00095   0.00201   0.00355   0.00428   0.00369   0.00615   0.00401   0.00253   0.00238   0.00409   0.00079   0.00758   0.00777   0.00150   0.00015   0.00086   0.00013   0.00195   0.00240   0.00190   0.00049   0.00458   0.01683   0.01114   0.00984   0.00093   0.00500   0.00383   0.00282   0.00380   0.00915   0.01228   0.02049   0.00778   0.00513   0.01178   0.00000   0.00029   0.01801   0.00847   2.52335   0.77879   0.97111   1.26269   6.72819   4.23750   0.01166  
 68  2.2524  27229.105515  x:  0.00887   0.02048   0.00347   0.00505   0.01700   0.00379   0.00564   0.00560   0.00713   0.00071   0.00599   0.00303   0.00020   0.00254   0.00136   0.00095   0.00217   0.00217   0.00500   0.00341   0.00536   0.00490   0.00226   0.00333   0.00466   0.00064   0.00606   0.00767   0.00167   0.00097   0.00120   0.00011   0.00125   0.00228   0.00201   0.00041   0.00481   0.01781   0.01204   0.01069   0.00074   0.00487   0.00392   0.00298   0.00399   0.00951   0.01276   0.01991   0.00776   0.00512   0.01260   0.00000   0.00025   0.02005   0.00899   2.65178   0.85990   0.90497   1.08305   6.80906   4.26424   0.01496  
 69  1.9971  27213.394884  x:  0.00949   0.02036   0.00295   0.00489   0.01695   0.00350   0.00619   0.00536   0.00785   0.00082   0.00956   0.00311   0.00069   0.00268   0.00132   0.00092   0.00228   0.00156   0.00262   0.00303   0.00398   0.00582   0.00125   0.00471   0.00497   0.00092   0.00680   0.00750   0.00185   0.00105   0.00159   0.00019   0.00167   0.00202   0.00212   0.00080   0.00479   0.01900   0.01315   0.01133   0.00096   0.00453   0.00406   0.00316   0.00420   0.00954   0.01302   0.02106   0.00769   0.00505   0.01366   0.00000   0.00023   0.01912   0.00919   2.82938   0.73816   0.87205   1.03002   7.18216   4.59665   0.01795  
 70  1.6333  27201.333836  x:  0.00985   0.02015   0.00212   0.00476   0.01581   0.00343   0.00589   0.00519   0.00894   0.00089   0.00679   0.00294   0.00077   0.00288   0.00134   0.00211   0.00237   0.00122   0.00336   0.00326   0.00455   0.00461   0.00214   0.00484   0.00442   0.00124   0.00878   0.00760   0.00206   0.00114   0.00175   0.00020   0.00281   0.00134   0.00213   0.00092   0.00461   0.02088   0.01463   0.01190   0.00100   0.00437   0.00368   0.00298   0.00407   0.00924   0.01316   0.02073   0.00796   0.00500   0.01355   0.00000   0.00033   0.01782   0.00878   3.07354   0.75343   0.89017   1.04696   7.28487   4.68183   0.01844  
 71  0.4584  27196.281438  x:  0.01009   0.01963   0.00225   0.00474   0.01504   0.00345   0.00534   0.00528   0.00892   0.00093   0.00704   0.00288   0.00066   0.00293   0.00120   0.00197   0.00239   0.00148   0.00224   0.00355   0.00543   0.00422   0.00200   0.00480   0.00395   0.00139   0.00627   0.00763   0.00216   0.00111   0.00177   0.00019   0.00324   0.00112   0.00211   0.00087   0.00448   0.02170   0.01539   0.01200   0.00091   0.00438   0.00352   0.00291   0.00398   0.00899   0.01273   0.01981   0.00788   0.00499   0.01306   0.00000   0.00042   0.01764   0.00845   3.18162   0.69064   0.79009   0.91855   7.17240   4.51735   0.01951  
 72  0.9146  27192.187960  x:  0.01027   0.01965   0.00249   0.00479   0.01449   0.00351   0.00518   0.00526   0.00841   0.00099   0.00725   0.00273   0.00044   0.00294   0.00122   0.00152   0.00237   0.00169   0.00169   0.00377   0.00552   0.00509   0.00150   0.00391   0.00338   0.00147   0.00799   0.00761   0.00224   0.00123   0.00176   0.00016   0.00328   0.00096   0.00205   0.00075   0.00429   0.02234   0.01603   0.01225   0.00103   0.00437   0.00329   0.00272   0.00375   0.00880   0.01280   0.01976   0.00780   0.00496   0.01259   0.00000   0.00045   0.01625   0.00828   3.32579   0.72305   0.83526   0.94680   7.41320   4.75999   0.01909  
 73  1.2647  27189.338134  x:  0.01032   0.01911   0.00284   0.00493   0.01441   0.00343   0.00503   0.00532   0.00870   0.00098   0.00653   0.00272   0.00053   0.00290   0.00121   0.00093   0.00231   0.00149   0.00234   0.00385   0.00545   0.00435   0.00125   0.00450   0.00318   0.00151   0.00806   0.00753   0.00228   0.00114   0.00179   0.00018   0.00270   0.00090   0.00197   0.00081   0.00423   0.02256   0.01650   0.01235   0.00101   0.00429   0.00346   0.00260   0.00362   0.00897   0.01307   0.01937   0.00789   0.00491   0.01188   0.00000   0.00046   0.01611   0.00832   3.45919   0.76432   0.84421   0.98006   7.56570   4.88669   0.02033  
 74  0.4557  27186.923498  x:  0.01024   0.01873   0.00305   0.00502   0.01477   0.00341   0.00511   0.00537   0.00865   0.00099   0.00673   0.00278   0.00059   0.00283   0.00117   0.00133   0.00219   0.00102   0.00231   0.00391   0.00510   0.00501   0.00155   0.00432   0.00317   0.00146   0.00759   0.00746   0.00231   0.00105   0.00179   0.00020   0.00189   0.00084   0.00186   0.00084   0.00419   0.02260   0.01697   0.01241   0.00106   0.00419   0.00364   0.00250   0.00349   0.00934   0.01339   0.01920   0.00799   0.00486   0.01128   0.00000   0.00043   0.01647   0.00826   3.58496   0.77500   0.85063   1.00313   7.76635   5.05410   0.02212  
 75  0.6541  27185.298668  x:  0.01033   0.01842   0.00283   0.00509   0.01487   0.00336   0.00544   0.00534   0.00822   0.00101   0.00710   0.00271   0.00050   0.00278   0.00112   0.00126   0.00208   0.00165   0.00226   0.00391   0.00454   0.00495   0.00193   0.00453   0.00328   0.00137   0.00742   0.00748   0.00233   0.00099   0.00178   0.00020   0.00185   0.00110   0.00177   0.00078   0.00402   0.02259   0.01737   0.01236   0.00113   0.00404   0.00371   0.00239   0.00340   0.00978   0.01349   0.01907   0.00829   0.00485   0.01101   0.00000   0.00039   0.01680   0.00815   3.70044   0.78788   0.87048   1.03161   7.82692   5.09677   0.02328  
 76  0.2746  27184.009718  x:  0.01041   0.01841   0.00255   0.00496   0.01509   0.00335   0.00570   0.00526   0.00859   0.00099   0.00715   0.00250   0.00040   0.00267   0.00105   0.00145   0.00196   0.00156   0.00212   0.00391   0.00463   0.00452   0.00141   0.00412   0.00353   0.00120   0.00715   0.00745   0.00230   0.00095   0.00172   0.00019   0.00189   0.00124   0.00168   0.00069   0.00390   0.02221   0.01756   0.01222   0.00123   0.00395   0.00359   0.00240   0.00343   0.00942   0.01312   0.01908   0.00826   0.00486   0.01109   0.00000   0.00033   0.01713   0.00810   3.81595   0.78269   0.89513   1.05617   7.93512   5.18782   0.02369  
 77  0.2290  27183.176222  x:  0.01037   0.01871   0.00260   0.00490   0.01494   0.00336   0.00562   0.00524   0.00851   0.00098   0.00714   0.00238   0.00048   0.00258   0.00099   0.00126   0.00188   0.00147   0.00215   0.00388   0.00517   0.00505   0.00165   0.00408   0.00371   0.00107   0.00700   0.00747   0.00223   0.00090   0.00169   0.00021   0.00219   0.00128   0.00164   0.00073   0.00389   0.02183   0.01767   0.01214   0.00126   0.00387   0.00350   0.00243   0.00355   0.00910   0.01301   0.01894   0.00821   0.00489   0.01136   0.00000   0.00035   0.01719   0.00792   3.92724   0.78672   0.91769   1.07439   8.06128   5.30654   0.02391  
 78  0.2747  27182.603129  x:  0.01023   0.01890   0.00275   0.00492   0.01474   0.00330   0.00540   0.00524   0.00800   0.00097   0.00721   0.00244   0.00044   0.00249   0.00095   0.00133   0.00182   0.00141   0.00215   0.00374   0.00520   0.00459   0.00168   0.00441   0.00368   0.00114   0.00740   0.00746   0.00215   0.00079   0.00167   0.00022   0.00213   0.00120   0.00162   0.00070   0.00384   0.02130   0.01762   0.01201   0.00130   0.00381   0.00354   0.00247   0.00364   0.00909   0.01309   0.01904   0.00808   0.00490   0.01168   0.00000   0.00037   0.01686   0.00783   4.02076   0.77507   0.93817   1.09866   8.21660   5.45755   0.02386  
 79  0.2834  27182.223924  x:  0.01015   0.01917   0.00273   0.00495   0.01466   0.00335   0.00521   0.00525   0.00858   0.00098   0.00702   0.00252   0.00049   0.00241   0.00091   0.00137   0.00181   0.00150   0.00230   0.00365   0.00507   0.00475   0.00160   0.00422   0.00351   0.00123   0.00747   0.00753   0.00207   0.00072   0.00160   0.00023   0.00205   0.00116   0.00162   0.00073   0.00382   0.02088   0.01747   0.01192   0.00127   0.00389   0.00356   0.00248   0.00366   0.00927   0.01325   0.01898   0.00803   0.00491   0.01178   0.00000   0.00038   0.01705   0.00781   4.08827   0.77302   0.94737   1.10116   8.32263   5.56176   0.02395  
 80  0.2471  27182.054284  x:  0.01009   0.01922   0.00261   0.00498   0.01479   0.00339   0.00534   0.00527   0.00843   0.00097   0.00715   0.00260   0.00048   0.00241   0.00089   0.00126   0.00187   0.00141   0.00222   0.00359   0.00487   0.00470   0.00163   0.00409   0.00346   0.00126   0.00740   0.00758   0.00202   0.00072   0.00155   0.00024   0.00212   0.00115   0.00167   0.00073   0.00389   0.02064   0.01728   0.01187   0.00126   0.00400   0.00356   0.00251   0.00361   0.00936   0.01315   0.01899   0.00810   0.00491   0.01173   0.00000   0.00037   0.01706   0.00781   4.11556   0.76921   0.94349   1.08253   8.33647   5.57517   0.02409  
 81  0.0383  27181.960893  x:  0.01006   0.01912   0.00266   0.00501   0.01483   0.00341   0.00545   0.00528   0.00835   0.00097   0.00713   0.00263   0.00047   0.00243   0.00087   0.00133   0.00193   0.00146   0.00223   0.00355   0.00494   0.00484   0.00155   0.00425   0.00349   0.00124   0.00734   0.00759   0.00198   0.00069   0.00151   0.00024   0.00214   0.00116   0.00172   0.00074   0.00397   0.02048   0.01706   0.01185   0.00124   0.00407   0.00356   0.00252   0.00358   0.00930   0.01308   0.01902   0.00815   0.00491   0.01158   0.00000   0.00037   0.01688   0.00786   4.12433   0.76666   0.93821   1.07212   8.35859   5.60099   0.02413  
 82  0.0450  27181.925813  x:  0.01004   0.01909   0.00270   0.00500   0.01480   0.00341   0.00544   0.00527   0.00849   0.00097   0.00719   0.00266   0.00047   0.00246   0.00087   0.00132   0.00196   0.00148   0.00222   0.00354   0.00499   0.00473   0.00160   0.00421   0.00354   0.00122   0.00738   0.00756   0.00197   0.00071   0.00150   0.00024   0.00212   0.00116   0.00174   0.00074   0.00401   0.02050   0.01694   0.01186   0.00123   0.00406   0.00355   0.00252   0.00357   0.00924   0.01322   0.01908   0.00815   0.00489   0.01152   0.00000   0.00036   0.01681   0.00790   4.12805   0.76335   0.93502   1.06029   8.35809   5.60443   0.02410  
 83  0.0148  27181.905479  x:  0.01003   0.01905   0.00266   0.00498   0.01472   0.00339   0.00538   0.00526   0.00837   0.00097   0.00711   0.00265   0.00049   0.00248   0.00087   0.00134   0.00198   0.00149   0.00223   0.00356   0.00499   0.00472   0.00160   0.00417   0.00355   0.00121   0.00740   0.00755   0.00196   0.00072   0.00149   0.00024   0.00211   0.00116   0.00175   0.00075   0.00404   0.02058   0.01685   0.01187   0.00121   0.00405   0.00354   0.00251   0.00357   0.00928   0.01317   0.01907   0.00811   0.00489   0.01148   0.00000   0.00036   0.01685   0.00792   4.13560   0.75878   0.93120   1.04752   8.36035   5.60911   0.02401  
 84  0.0187  27181.889199  x:  0.01002   0.01900   0.00263   0.00497   0.01471   0.00337   0.00535   0.00526   0.00844   0.00097   0.00711   0.00263   0.00046   0.00250   0.00087   0.00132   0.00198   0.00148   0.00222   0.00357   0.00498   0.00477   0.00161   0.00422   0.00354   0.00121   0.00741   0.00753   0.00196   0.00072   0.00149   0.00024   0.00211   0.00115   0.00175   0.00073   0.00406   0.02066   0.01677   0.01188   0.00120   0.00402   0.00356   0.00251   0.00359   0.00930   0.01312   0.01909   0.00810   0.00489   0.01150   0.00000   0.00037   0.01688   0.00794   4.14813   0.75267   0.92930   1.04124   8.38205   5.63330   0.02396  
 85  0.0402  27181.879187  x:  0.01001   0.01904   0.00267   0.00498   0.01477   0.00336   0.00539   0.00527   0.00840   0.00097   0.00712   0.00260   0.00047   0.00251   0.00087   0.00133   0.00197   0.00147   0.00223   0.00357   0.00499   0.00476   0.00159   0.00419   0.00353   0.00121   0.00739   0.00753   0.00196   0.00073   0.00148   0.00024   0.00211   0.00115   0.00174   0.00073   0.00405   0.02072   0.01671   0.01190   0.00119   0.00400   0.00356   0.00251   0.00360   0.00929   0.01320   0.01909   0.00814   0.00490   0.01156   0.00000   0.00036   0.01693   0.00795   4.15890   0.75137   0.92946   1.03748   8.40504   5.65966   0.02386  
 86  0.0330  27181.875031  x:  0.01000   0.01905   0.00267   0.00498   0.01478   0.00336   0.00541   0.00527   0.00842   0.00097   0.00713   0.00261   0.00047   0.00251   0.00088   0.00133   0.00195   0.00147   0.00223   0.00357   0.00498   0.00475   0.00159   0.00421   0.00352   0.00121   0.00740   0.00754   0.00196   0.00073   0.00148   0.00025   0.00210   0.00116   0.00174   0.00074   0.00404   0.02077   0.01666   0.01191   0.00118   0.00400   0.00355   0.00250   0.00359   0.00927   0.01313   0.01906   0.00814   0.00490   0.01158   0.00000   0.00036   0.01690   0.00795   4.16261   0.75165   0.93091   1.03944   8.42058   5.67624   0.02383  
 87  0.0178  27181.871570  x:  0.01000   0.01906   0.00266   0.00499   0.01478   0.00337   0.00539   0.00527   0.00842   0.00097   0.00713   0.00261   0.00047   0.00251   0.00089   0.00133   0.00195   0.00147   0.00222   0.00357   0.00497   0.00476   0.00160   0.00422   0.00352   0.00121   0.00739   0.00756   0.00197   0.00072   0.00149   0.00025   0.00212   0.00116   0.00173   0.00074   0.00402   0.02082   0.01661   0.01192   0.00117   0.00402   0.00355   0.00249   0.00359   0.00928   0.01318   0.01906   0.00812   0.00490   0.01158   0.00000   0.00036   0.01687   0.00793   4.16338   0.75260   0.93273   1.04329   8.43383   5.69046   0.02383  
 88  0.0116  27181.869667  x:  0.01000   0.01906   0.00267   0.00498   0.01476   0.00338   0.00539   0.00527   0.00842   0.00097   0.00712   0.00261   0.00047   0.00250   0.00089   0.00133   0.00195   0.00147   0.00222   0.00357   0.00497   0.00476   0.00160   0.00420   0.00354   0.00121   0.00739   0.00755   0.00197   0.00072   0.00149   0.00025   0.00211   0.00116   0.00173   0.00073   0.00402   0.02080   0.01659   0.01193   0.00116   0.00402   0.00356   0.00249   0.00359   0.00929   0.01314   0.01909   0.00813   0.00489   0.01156   0.00000   0.00036   0.01687   0.00793   4.16328   0.75392   0.93498   1.04771   8.44435   5.70045   0.02385  
 89  0.0077  27181.868667  x:  0.01001   0.01904   0.00266   0.00498   0.01476   0.00337   0.00540   0.00527   0.00841   0.00097   0.00712   0.00261   0.00047   0.00250   0.00089   0.00132   0.00196   0.00147   0.00222   0.00356   0.00498   0.00476   0.00159   0.00420   0.00353   0.00120   0.00738   0.00754   0.00198   0.00072   0.00149   0.00025   0.00211   0.00115   0.00173   0.00073   0.00402   0.02079   0.01659   0.01192   0.00115   0.00402   0.00356   0.00249   0.00360   0.00928   0.01317   0.01910   0.00813   0.00489   0.01156   0.00000   0.00036   0.01688   0.00793   4.16368   0.75482   0.93622   1.05056   8.45602   5.71103   0.02387  
 90  0.0086  27181.867910  x:  0.01001   0.01905   0.00267   0.00499   0.01476   0.00337   0.00539   0.00527   0.00842   0.00097   0.00713   0.00261   0.00047   0.00249   0.00090   0.00133   0.00196   0.00147   0.00222   0.00356   0.00497   0.00475   0.00160   0.00420   0.00352   0.00120   0.00738   0.00754   0.00198   0.00072   0.00150   0.00025   0.00212   0.00116   0.00174   0.00073   0.00403   0.02078   0.01660   0.01192   0.00114   0.00402   0.00355   0.00249   0.00360   0.00929   0.01315   0.01909   0.00812   0.00490   0.01157   0.00000   0.00036   0.01688   0.00793   4.16426   0.75553   0.93653   1.05150   8.47106   5.72523   0.02388  
 91  0.0116  27181.867462  x:  0.01002   0.01905   0.00267   0.00498   0.01477   0.00337   0.00539   0.00527   0.00842   0.00097   0.00713   0.00261   0.00047   0.00250   0.00089   0.00133   0.00196   0.00147   0.00222   0.00356   0.00498   0.00476   0.00160   0.00420   0.00352   0.00120   0.00739   0.00755   0.00198   0.00072   0.00150   0.00025   0.00211   0.00116   0.00174   0.00073   0.00403   0.02077   0.01661   0.01192   0.00113   0.00402   0.00356   0.00249   0.00359   0.00928   0.01316   0.01908   0.00813   0.00490   0.01157   0.00000   0.00036   0.01688   0.00793   4.16552   0.75466   0.93621   1.05112   8.49006   5.74352   0.02391  
 92  0.0146  27181.866740  x:  0.01001   0.01905   0.00266   0.00498   0.01477   0.00337   0.00540   0.00526   0.00842   0.00097   0.00712   0.00261   0.00047   0.00250   0.00089   0.00133   0.00196   0.00147   0.00222   0.00356   0.00498   0.00476   0.00160   0.00420   0.00353   0.00120   0.00739   0.00755   0.00197   0.00072   0.00150   0.00025   0.00211   0.00116   0.00174   0.00073   0.00403   0.02076   0.01664   0.01192   0.00112   0.00402   0.00356   0.00249   0.00358   0.00929   0.01316   0.01909   0.00813   0.00490   0.01156   0.00000   0.00036   0.01687   0.00793   4.16610   0.75377   0.93590   1.05049   8.52851   5.78159   0.02392  
 93  0.0187  27181.866092  x:  0.01001   0.01905   0.00267   0.00499   0.01476   0.00337   0.00539   0.00527   0.00841   0.00097   0.00713   0.00261   0.00047   0.00250   0.00089   0.00133   0.00195   0.00147   0.00223   0.00357   0.00498   0.00476   0.00159   0.00420   0.00353   0.00120   0.00738   0.00754   0.00197   0.00072   0.00150   0.00025   0.00211   0.00116   0.00173   0.00073   0.00402   0.02076   0.01664   0.01192   0.00112   0.00402   0.00356   0.00249   0.00359   0.00928   0.01316   0.01910   0.00813   0.00490   0.01156   0.00000   0.00036   0.01688   0.00793   4.16356   0.75489   0.93639   1.05072   8.54730   5.80116   0.02390  
 94  0.0108  27181.865445  x:  0.01001   0.01904   0.00267   0.00499   0.01477   0.00337   0.00540   0.00527   0.00842   0.00097   0.00711   0.00261   0.00047   0.00250   0.00089   0.00133   0.00195   0.00147   0.00222   0.00356   0.00497   0.00476   0.00160   0.00420   0.00352   0.00120   0.00739   0.00754   0.00197   0.00072   0.00150   0.00025   0.00211   0.00116   0.00173   0.00073   0.00403   0.02077   0.01664   0.01192   0.00112   0.00402   0.00355   0.00249   0.00359   0.00929   0.01316   0.01911   0.00813   0.00490   0.01157   0.00000   0.00036   0.01686   0.00793   4.16283   0.75414   0.93676   1.05169   8.57992   5.83452   0.02387  
 95  0.0157  27181.864117  x:  0.01001   0.01905   0.00265   0.00498   0.01477   0.00337   0.00540   0.00527   0.00842   0.00097   0.00713   0.00261   0.00047   0.00250   0.00089   0.00133   0.00196   0.00147   0.00223   0.00357   0.00498   0.00475   0.00160   0.00420   0.00352   0.00120   0.00739   0.00754   0.00197   0.00072   0.00149   0.00025   0.00211   0.00116   0.00173   0.00073   0.00403   0.02078   0.01666   0.01193   0.00111   0.00401   0.00356   0.00250   0.00359   0.00929   0.01315   0.01909   0.00813   0.00490   0.01157   0.00000   0.00036   0.01686   0.00794   4.16301   0.75524   0.93833   1.05330   8.69469   5.95055   0.02386  
 96  0.0395  27181.861654  x:  0.01001   0.01904   0.00267   0.00499   0.01475   0.00337   0.00538   0.00527   0.00841   0.00097   0.00713   0.00261   0.00047   0.00250   0.00088   0.00132   0.00196   0.00147   0.00222   0.00356   0.00496   0.00476   0.00159   0.00420   0.00353   0.00120   0.00738   0.00755   0.00198   0.00071   0.00148   0.00025   0.00211   0.00116   0.00173   0.00073   0.00403   0.02080   0.01667   0.01195   0.00112   0.00401   0.00355   0.00250   0.00359   0.00926   0.01317   0.01909   0.00812   0.00490   0.01156   0.00000   0.00036   0.01687   0.00794   4.16226   0.75588   0.93984   1.05615   8.88407   6.14236   0.02377  
 97  0.0823  27181.860049  x:  0.01001   0.01905   0.00266   0.00498   0.01477   0.00337   0.00541   0.00527   0.00842   0.00097   0.00713   0.00261   0.00047   0.00250   0.00088   0.00133   0.00196   0.00147   0.00222   0.00356   0.00498   0.00475   0.00160   0.00420   0.00353   0.00120   0.00739   0.00755   0.00198   0.00072   0.00149   0.00025   0.00211   0.00116   0.00173   0.00073   0.00403   0.02080   0.01666   0.01195   0.00112   0.00401   0.00355   0.00250   0.00359   0.00931   0.01316   0.01909   0.00813   0.00489   0.01157   0.00000   0.00036   0.01687   0.00794   4.16261   0.75519   0.93869   1.05449   8.95986   6.21848   0.02376  
 98  0.0431  27181.855388  x:  0.01002   0.01907   0.00265   0.00498   0.01478   0.00337   0.00541   0.00526   0.00842   0.00097   0.00712   0.00261   0.00047   0.00249   0.00089   0.00133   0.00196   0.00148   0.00223   0.00355   0.00498   0.00475   0.00160   0.00421   0.00352   0.00120   0.00741   0.00756   0.00199   0.00073   0.00149   0.00024   0.00211   0.00115   0.00174   0.00073   0.00402   0.02078   0.01665   0.01192   0.00112   0.00403   0.00356   0.00249   0.00359   0.00928   0.01315   0.01908   0.00814   0.00489   0.01157   0.00000   0.00036   0.01689   0.00792   4.16446   0.75381   0.93367   1.04741   9.55333   6.81258   0.02375  
 99  0.2148  27181.851341  x:  0.01002   0.01905   0.00268   0.00499   0.01476   0.00337   0.00538   0.00527   0.00841   0.00097   0.00713   0.00262   0.00047   0.00249   0.00088   0.00132   0.00196   0.00146   0.00222   0.00355   0.00498   0.00476   0.00159   0.00420   0.00354   0.00120   0.00738   0.00754   0.00200   0.00072   0.00148   0.00024   0.00211   0.00117   0.00174   0.00073   0.00402   0.02078   0.01665   0.01192   0.00113   0.00402   0.00355   0.00249   0.00360   0.00931   0.01317   0.01910   0.00812   0.00490   0.01157   0.00000   0.00036   0.01688   0.00792   4.16342   0.75415   0.93383   1.04783  10.10381   7.36411   0.02375  
100  0.3562  27181.849241  x:  0.01002   0.01904   0.00266   0.00499   0.01476   0.00337   0.00540   0.00527   0.00842   0.00097   0.00712   0.00261   0.00047   0.00249   0.00088   0.00133   0.00196   0.00147   0.00223   0.00355   0.00497   0.00476   0.00160   0.00420   0.00353   0.00120   0.00739   0.00754   0.00199   0.00072   0.00149   0.00024   0.00211   0.00116   0.00174   0.00073   0.00402   0.02078   0.01665   0.01192   0.00112   0.00402   0.00356   0.00249   0.00359   0.00926   0.01316   0.01910   0.00813   0.00490   0.01157   0.00000   0.00036   0.01687   0.00792   4.16350   0.75436   0.93442   1.04838  10.39014   7.64885   0.02379  
101  0.1797  27181.846671  x:  0.01002   0.01903   0.00266   0.00498   0.01476   0.00338   0.00540   0.00527   0.00842   0.00097   0.00713   0.00261   0.00047   0.00250   0.00089   0.00133   0.00195   0.00147   0.00223   0.00356   0.00498   0.00475   0.00160   0.00420   0.00352   0.00120   0.00739   0.00755   0.00197   0.00072   0.00150   0.00024   0.00211   0.00116   0.00174   0.00073   0.00404   0.02077   0.01662   0.01191   0.00113   0.00401   0.00355   0.00249   0.00358   0.00929   0.01315   0.01910   0.00813   0.00490   0.01156   0.00000   0.00036   0.01686   0.00793   4.16359   0.75392   0.93496   1.04854  11.34718   8.60152   0.02391  
102  0.4123  27181.845929  x:  0.01002   0.01904   0.00267   0.00499   0.01475   0.00337   0.00539   0.00527   0.00842   0.00097   0.00712   0.00261   0.00047   0.00250   0.00089   0.00133   0.00195   0.00147   0.00222   0.00356   0.00497   0.00476   0.00159   0.00420   0.00353   0.00120   0.00738   0.00755   0.00197   0.00072   0.00150   0.00024   0.00211   0.00116   0.00174   0.00073   0.00403   0.02078   0.01662   0.01192   0.00113   0.00401   0.00356   0.00250   0.00359   0.00928   0.01316   0.01909   0.00813   0.00490   0.01156   0.00000   0.00036   0.01688   0.00793   4.16221   0.75435   0.93585   1.04993  11.76600   9.02049   0.02390  
103  0.2970  27181.845302  x:  0.01001   0.01906   0.00266   0.00498   0.01477   0.00337   0.00540   0.00527   0.00841   0.00097   0.00712   0.00261   0.00047   0.00250   0.00089   0.00133   0.00196   0.00147   0.00222   0.00356   0.00498   0.00476   0.00160   0.00420   0.00353   0.00120   0.00739   0.00755   0.00197   0.00072   0.00150   0.00024   0.00211   0.00116   0.00174   0.00073   0.00403   0.02078   0.01663   0.01192   0.00113   0.00402   0.00355   0.00249   0.00359   0.00928   0.01316   0.01908   0.00813   0.00489   0.01156   0.00000   0.00036   0.01688   0.00794   4.16315   0.75414   0.93596   1.04971  12.34848   9.60235   0.02392  
104  0.2694  27181.845300  x:  0.01001   0.01906   0.00266   0.00498   0.01477   0.00337   0.00540   0.00527   0.00841   0.00097   0.00712   0.00261   0.00047   0.00250   0.00089   0.00133   0.00196   0.00147   0.00222   0.00356   0.00498   0.00476   0.00160   0.00420   0.00353   0.00120   0.00739   0.00755   0.00197   0.00072   0.00150   0.00024   0.00211   0.00116   0.00174   0.00073   0.00403   0.02078   0.01663   0.01192   0.00113   0.00402   0.00355   0.00249   0.00359   0.00928   0.01316   0.01908   0.00813   0.00490   0.01156   0.00000   0.00036   0.01688   0.00794   4.16313   0.75414   0.93594   1.04969  12.37201   9.62587   0.02392  
105  0.2195  27181.845273  x:  0.01001   0.01905   0.00266   0.00498   0.01476   0.00337   0.00540   0.00527   0.00841   0.00097   0.00712   0.00261   0.00047   0.00250   0.00089   0.00133   0.00196   0.00147   0.00222   0.00356   0.00498   0.00476   0.00160   0.00420   0.00353   0.00120   0.00739   0.00755   0.00197   0.00072   0.00150   0.00024   0.00211   0.00116   0.00174   0.00073   0.00402   0.02077   0.01663   0.01192   0.00113   0.00402   0.00355   0.00249   0.00359   0.00928   0.01316   0.01909   0.00813   0.00490   0.01157   0.00000   0.00036   0.01688   0.00793   4.16292   0.75415   0.93585   1.04959  12.54666   9.80049   0.02392  
106  0.8100  27181.845270  x:  0.01001   0.01905   0.00266   0.00498   0.01476   0.00337   0.00540   0.00527   0.00841   0.00097   0.00712   0.00261   0.00047   0.00250   0.00089   0.00133   0.00196   0.00147   0.00222   0.00356   0.00498   0.00476   0.00160   0.00420   0.00353   0.00120   0.00739   0.00755   0.00197   0.00072   0.00150   0.00024   0.00211   0.00116   0.00174   0.00073   0.00402   0.02077   0.01663   0.01192   0.00113   0.00402   0.00356   0.00249   0.00359   0.00928   0.01316   0.01909   0.00813   0.00490   0.01157   0.00000   0.00036   0.01688   0.00793   4.16283   0.75415   0.93581   1.04954  12.62887   9.88269   0.02392  
107  1.0051  27181.844861  x:  0.01001   0.01904   0.00267   0.00499   0.01476   0.00337   0.00539   0.00527   0.00842   0.00097   0.00713   0.00261   0.00047   0.00250   0.00089   0.00132   0.00196   0.00147   0.00222   0.00356   0.00497   0.00475   0.00159   0.00420   0.00353   0.00120   0.00738   0.00754   0.00198   0.00072   0.00150   0.00024   0.00211   0.00116   0.00173   0.00073   0.00403   0.02077   0.01663   0.01192   0.00113   0.00401   0.00356   0.00249   0.00359   0.00928   0.01316   0.01910   0.00813   0.00490   0.01157   0.00000   0.00036   0.01687   0.00793   4.16197   0.75433   0.93562   1.04968  12.99373  10.24810   0.02391  
108  0.5214  27181.844849  x:  0.01001   0.01904   0.00266   0.00499   0.01476   0.00337   0.00539   0.00527   0.00842   0.00097   0.00712   0.00261   0.00047   0.00250   0.00089   0.00133   0.00196   0.00147   0.00222   0.00356   0.00497   0.00476   0.00159   0.00420   0.00353   0.00120   0.00738   0.00754   0.00197   0.00072   0.00150   0.00024   0.00211   0.00116   0.00173   0.00073   0.00403   0.02077   0.01663   0.01192   0.00113   0.00402   0.00356   0.00249   0.00359   0.00928   0.01316   0.01910   0.00813   0.00490   0.01157   0.00000   0.00036   0.01687   0.00793   4.16205   0.75431   0.93561   1.04963  12.94542  10.19972   0.02391  
109  0.1709  27181.844848  x:  0.01001   0.01904   0.00266   0.00499   0.01476   0.00337   0.00539   0.00527   0.00842   0.00097   0.00712   0.00261   0.00047   0.00250   0.00089   0.00133   0.00196   0.00147   0.00222   0.00356   0.00497   0.00476   0.00159   0.00420   0.00353   0.00120   0.00738   0.00754   0.00197   0.00072   0.00150   0.00024   0.00211   0.00116   0.00173   0.00073   0.00403   0.02077   0.01663   0.01192   0.00113   0.00402   0.00356   0.00249   0.00359   0.00928   0.01316   0.01910   0.00813   0.00490   0.01157   0.00000   0.00036   0.01687   0.00793   4.16205   0.75431   0.93560   1.04961  12.93724  10.19153   0.02391  
110  0.0777  27181.844848  x:  0.01001   0.01904   0.00266   0.00499   0.01476   0.00337   0.00539   0.00527   0.00842   0.00097   0.00712   0.00261   0.00047   0.00250   0.00089   0.00133   0.00196   0.00147   0.00222   0.00356   0.00497   0.00476   0.00159   0.00420   0.00353   0.00120   0.00738   0.00754   0.00197   0.00072   0.00150   0.00024   0.00211   0.00116   0.00173   0.00073   0.00403   0.02077   0.01663   0.01192   0.00113   0.00402   0.00356   0.00249   0.00359   0.00928   0.01316   0.01910   0.00813   0.00490   0.01157   0.00000   0.00036   0.01687   0.00793   4.16205   0.75431   0.93560   1.04961  12.93673  10.19101   0.02391  
111  0.0292  27181.844848  x:  0.01001   0.01904   0.00266   0.00499   0.01476   0.00337   0.00539   0.00527   0.00842   0.00097   0.00712   0.00261   0.00047   0.00250   0.00089   0.00133   0.00196   0.00147   0.00222   0.00356   0.00497   0.00476   0.00159   0.00420   0.00353   0.00120   0.00738   0.00754   0.00197   0.00072   0.00150   0.00024   0.00211   0.00116   0.00173   0.00073   0.00403   0.02077   0.01663   0.01192   0.00113   0.00402   0.00356   0.00249   0.00359   0.00928   0.01316   0.01910   0.00813   0.00490   0.01157   0.00000   0.00036   0.01687   0.00793   4.16205   0.75431   0.93560   1.04961  12.93673  10.19101   0.02391  
112  0.0043  27181.844848  x:  0.01001   0.01904   0.00266   0.00499   0.01476   0.00337   0.00539   0.00527   0.00842   0.00097   0.00712   0.00261   0.00047   0.00250   0.00089   0.00133   0.00196   0.00147   0.00222   0.00356   0.00497   0.00476   0.00159   0.00420   0.00353   0.00120   0.00738   0.00754   0.00197   0.00072   0.00150   0.00024   0.00211   0.00116   0.00173   0.00073   0.00403   0.02077   0.01663   0.01192   0.00113   0.00402   0.00356   0.00249   0.00359   0.00928   0.01316   0.01910   0.00813   0.00490   0.01157   0.00000   0.00036   0.01687   0.00793   4.16205   0.75431   0.93560   1.04961  12.93674  10.19101   0.02391  
113 757.7624  27181.844806  x:  0.01001   0.01905   0.00266   0.00498   0.01476   0.00337   0.00539   0.00527   0.00842   0.00097   0.00712   0.00261   0.00047   0.00250   0.00089   0.00133   0.00196   0.00147   0.00222   0.00356   0.00497   0.00476   0.00160   0.00420   0.00353   0.00120   0.00739   0.00755   0.00197   0.00072   0.00150   0.00024   0.00211   0.00116   0.00173   0.00073   0.00403   0.02078   0.01663   0.01192   0.00113   0.00402   0.00356   0.00249   0.00359   0.00928   0.01316   0.01909   0.00813   0.00490   0.01157   0.00000   0.00036   0.01687   0.00793   4.16186   0.75434   0.93554   1.04962  12.93553  10.18970   0.02391  
114  0.0012  27181.844806  x:  0.01001   0.01905   0.00266   0.00498   0.01476   0.00337   0.00539   0.00527   0.00842   0.00097   0.00712   0.00261   0.00047   0.00250   0.00089   0.00133   0.00196   0.00147   0.00222   0.00356   0.00497   0.00476   0.00160   0.00420   0.00353   0.00120   0.00739   0.00755   0.00197   0.00072   0.00150   0.00024   0.00211   0.00116   0.00173   0.00073   0.00403   0.02078   0.01663   0.01192   0.00113   0.00402   0.00356   0.00249   0.00359   0.00928   0.01316   0.01909   0.00813   0.00490   0.01157   0.00000   0.00036   0.01687   0.00793   4.16185   0.75434   0.93554   1.04962  12.93535  10.18953   0.02391  
115  0.0008  27181.844806  x:  0.01001   0.01905   0.00266   0.00498   0.01476   0.00337   0.00539   0.00527   0.00842   0.00097   0.00712   0.00261   0.00047   0.00250   0.00089   0.00133   0.00196   0.00147   0.00222   0.00356   0.00497   0.00476   0.00160   0.00420   0.00353   0.00120   0.00739   0.00755   0.00197   0.00072   0.00150   0.00024   0.00211   0.00116   0.00173   0.00073   0.00403   0.02078   0.01663   0.01192   0.00113   0.00402   0.00356   0.00249   0.00359   0.00928   0.01316   0.01909   0.00813   0.00490   0.01157   0.00000   0.00036   0.01687   0.00793   4.16185   0.75434   0.93554   1.04963  12.93531  10.18948   0.02391  
116  0.0021  27181.844806  x:  0.01001   0.01905   0.00266   0.00498   0.01476   0.00337   0.00539   0.00527   0.00842   0.00097   0.00712   0.00261   0.00047   0.00250   0.00089   0.00133   0.00196   0.00147   0.00222   0.00356   0.00497   0.00476   0.00160   0.00420   0.00353   0.00120   0.00739   0.00755   0.00197   0.00072   0.00150   0.00024   0.00211   0.00116   0.00173   0.00073   0.00403   0.02078   0.01663   0.01192   0.00113   0.00402   0.00356   0.00249   0.00359   0.00928   0.01316   0.01909   0.00813   0.00490   0.01157   0.00000   0.00036   0.01687   0.00793   4.16183   0.75435   0.93553   1.04963  12.93512  10.18930   0.02391  
117  0.0013  27181.844806  x:  0.01001   0.01905   0.00266   0.00498   0.01476   0.00337   0.00539   0.00527   0.00842   0.00097   0.00712   0.00261   0.00047   0.00250   0.00089   0.00133   0.00196   0.00147   0.00222   0.00356   0.00497   0.00476   0.00160   0.00420   0.00353   0.00120   0.00739   0.00755   0.00197   0.00072   0.00150   0.00024   0.00211   0.00116   0.00173   0.00073   0.00403   0.02078   0.01663   0.01192   0.00113   0.00402   0.00356   0.00249   0.00359   0.00928   0.01316   0.01909   0.00813   0.00490   0.01157   0.00000   0.00036   0.01687   0.00793   4.16183   0.75435   0.93553   1.04963  12.93512  10.18930   0.02391  
118  0.0029  27181.844806  x:  0.01001   0.01905   0.00266   0.00498   0.01476   0.00337   0.00539   0.00527   0.00842   0.00097   0.00712   0.00261   0.00047   0.00250   0.00089   0.00133   0.00196   0.00147   0.00222   0.00356   0.00497   0.00476   0.00160   0.00420   0.00353   0.00120   0.00739   0.00755   0.00197   0.00072   0.00150   0.00024   0.00211   0.00116   0.00173   0.00073   0.00403   0.02078   0.01663   0.01192   0.00113   0.00402   0.00356   0.00249   0.00359   0.00928   0.01316   0.01909   0.00813   0.00490   0.01157   0.00000   0.00036   0.01687   0.00793   4.16183   0.75435   0.93553   1.04963  12.93512  10.18930   0.02391  
119  1.1007  27181.844091  x:  0.01001   0.01905   0.00266   0.00498   0.01476   0.00337   0.00539   0.00527   0.00842   0.00097   0.00712   0.00261   0.00046   0.00250   0.00089   0.00132   0.00196   0.00147   0.00222   0.00356   0.00497   0.00476   0.00160   0.00420   0.00353   0.00120   0.00739   0.00755   0.00197   0.00072   0.00150   0.00023   0.00211   0.00116   0.00173   0.00073   0.00403   0.02078   0.01663   0.01192   0.00113   0.00402   0.00356   0.00249   0.00359   0.00928   0.01316   0.01909   0.00813   0.00490   0.01157   0.00000   0.00035   0.01687   0.00793   4.16183   0.75435   0.93553   1.04963  12.93512  10.18930   0.02391  
120 153.6484  27181.844025  x:  0.01001   0.01905   0.00266   0.00498   0.01476   0.00337   0.00539   0.00527   0.00842   0.00097   0.00712   0.00261   0.00046   0.00250   0.00089   0.00132   0.00196   0.00147   0.00222   0.00356   0.00497   0.00476   0.00160   0.00420   0.00353   0.00120   0.00739   0.00755   0.00197   0.00072   0.00150   0.00024   0.00211   0.00116   0.00173   0.00073   0.00403   0.02078   0.01663   0.01192   0.00113   0.00402   0.00356   0.00249   0.00359   0.00928   0.01316   0.01909   0.00813   0.00490   0.01157   0.00000   0.00035   0.01687   0.00793   4.16183   0.75435   0.93553   1.04963  12.93512  10.18930   0.02391  
121 40.9121  27181.844020  x:  0.01001   0.01905   0.00266   0.00498   0.01476   0.00337   0.00539   0.00527   0.00842   0.00097   0.00712   0.00261   0.00046   0.00250   0.00089   0.00132   0.00196   0.00147   0.00222   0.00356   0.00497   0.00476   0.00160   0.00420   0.00353   0.00120   0.00739   0.00755   0.00197   0.00072   0.00150   0.00023   0.00211   0.00116   0.00173   0.00073   0.00403   0.02078   0.01663   0.01192   0.00113   0.00402   0.00355   0.00249   0.00359   0.00928   0.01316   0.01909   0.00813   0.00490   0.01157   0.00000   0.00035   0.01687   0.00793   4.16183   0.75435   0.93553   1.04963  12.93512  10.18930   0.02391  
122 11.9719  27181.844020  x:  0.01001   0.01905   0.00266   0.00498   0.01476   0.00337   0.00539   0.00527   0.00842   0.00097   0.00712   0.00261   0.00046   0.00250   0.00089   0.00132   0.00196   0.00147   0.00222   0.00356   0.00497   0.00476   0.00160   0.00420   0.00353   0.00120   0.00739   0.00755   0.00197   0.00072   0.00150   0.00023   0.00211   0.00116   0.00173   0.00073   0.00403   0.02078   0.01663   0.01192   0.00113   0.00402   0.00355   0.00249   0.00359   0.00928   0.01316   0.01909   0.00813   0.00490   0.01157   0.00000   0.00035   0.01687   0.00793   4.16183   0.75435   0.93553   1.04963  12.93512  10.18930   0.02391  
123  5.7348  27181.844019  x:  0.01001   0.01905   0.00266   0.00498   0.01476   0.00337   0.00539   0.00527   0.00842   0.00097   0.00712   0.00261   0.00046   0.00250   0.00089   0.00132   0.00196   0.00147   0.00222   0.00356   0.00497   0.00476   0.00160   0.00420   0.00353   0.00120   0.00739   0.00755   0.00197   0.00072   0.00150   0.00023   0.00211   0.00116   0.00173   0.00073   0.00403   0.02078   0.01663   0.01192   0.00113   0.00402   0.00355   0.00249   0.00359   0.00928   0.01316   0.01909   0.00813   0.00490   0.01157   0.00000   0.00035   0.01687   0.00793   4.16183   0.75435   0.93553   1.04963  12.93512  10.18930   0.02391  
124  3.2447  27181.844019  x:  0.01001   0.01905   0.00266   0.00498   0.01476   0.00337   0.00539   0.00527   0.00842   0.00097   0.00712   0.00261   0.00046   0.00250   0.00089   0.00132   0.00196   0.00147   0.00222   0.00356   0.00497   0.00476   0.00160   0.00420   0.00353   0.00120   0.00739   0.00755   0.00197   0.00072   0.00150   0.00023   0.00211   0.00116   0.00173   0.00073   0.00403   0.02078   0.01663   0.01192   0.00113   0.00402   0.00355   0.00249   0.00359   0.00928   0.01316   0.01909   0.00813   0.00490   0.01157   0.00000   0.00035   0.01687   0.00793   4.16183   0.75435   0.93553   1.04963  12.93512  10.18930   0.02391  
125  2.1507  27181.844018  x:  0.01001   0.01905   0.00266   0.00498   0.01476   0.00337   0.00539   0.00527   0.00842   0.00097   0.00712   0.00261   0.00046   0.00250   0.00089   0.00132   0.00196   0.00147   0.00222   0.00356   0.00497   0.00476   0.00159   0.00420   0.00353   0.00120   0.00739   0.00755   0.00197   0.00072   0.00150   0.00023   0.00211   0.00116   0.00173   0.00073   0.00403   0.02078   0.01663   0.01192   0.00113   0.00402   0.00355   0.00249   0.00359   0.00928   0.01316   0.01909   0.00813   0.00490   0.01157   0.00000   0.00035   0.01687   0.00793   4.16183   0.75435   0.93553   1.04963  12.93512  10.18930   0.02391  
126 17.4144  27181.844018  x:  0.01001   0.01905   0.00266   0.00498   0.01476   0.00337   0.00539   0.00527   0.00842   0.00097   0.00712   0.00261   0.00046   0.00250   0.00089   0.00132   0.00196   0.00147   0.00222   0.00356   0.00497   0.00476   0.00159   0.00420   0.00353   0.00120   0.00739   0.00755   0.00197   0.00072   0.00150   0.00023   0.00211   0.00116   0.00173   0.00073   0.00403   0.02078   0.01663   0.01192   0.00113   0.00402   0.00355   0.00249   0.00359   0.00928   0.01316   0.01909   0.00813   0.00490   0.01157   0.00000   0.00035   0.01687   0.00793   4.16183   0.75435   0.93553   1.04963  12.93512  10.18930   0.02391  
127  7.8069  27181.844018  x:  0.01001   0.01905   0.00266   0.00498   0.01476   0.00337   0.00539   0.00527   0.00842   0.00097   0.00712   0.00261   0.00046   0.00250   0.00089   0.00132   0.00196   0.00147   0.00222   0.00356   0.00497   0.00476   0.00159   0.00420   0.00353   0.00120   0.00739   0.00755   0.00197   0.00072   0.00150   0.00023   0.00211   0.00116   0.00173   0.00073   0.00403   0.02078   0.01663   0.01192   0.00113   0.00402   0.00355   0.00249   0.00359   0.00928   0.01316   0.01909   0.00813   0.00490   0.01157   0.00000   0.00035   0.01687   0.00793   4.16183   0.75435   0.93553   1.04963  12.93512  10.18930   0.02391  
128  8.9066  27181.844018  x:  0.01001   0.01905   0.00266   0.00498   0.01476   0.00337   0.00539   0.00527   0.00842   0.00097   0.00712   0.00261   0.00046   0.00250   0.00089   0.00132   0.00196   0.00147   0.00222   0.00356   0.00497   0.00476   0.00159   0.00420   0.00353   0.00120   0.00739   0.00755   0.00197   0.00072   0.00150   0.00023   0.00211   0.00116   0.00173   0.00073   0.00403   0.02078   0.01663   0.01192   0.00113   0.00402   0.00355   0.00249   0.00359   0.00928   0.01316   0.01909   0.00813   0.00490   0.01157   0.00000   0.00035   0.01687   0.00793   4.16183   0.75435   0.93553   1.04963  12.93512  10.18930   0.02391  
129  3.9718  27181.844018  x:  0.01001   0.01905   0.00266   0.00498   0.01476   0.00337   0.00539   0.00527   0.00842   0.00097   0.00712   0.00261   0.00046   0.00250   0.00089   0.00132   0.00196   0.00147   0.00222   0.00356   0.00497   0.00476   0.00159   0.00420   0.00353   0.00120   0.00739   0.00755   0.00197   0.00072   0.00150   0.00023   0.00211   0.00116   0.00173   0.00073   0.00403   0.02078   0.01663   0.01192   0.00113   0.00402   0.00355   0.00249   0.00359   0.00928   0.01316   0.01909   0.00813   0.00490   0.01157   0.00000   0.00035   0.01687   0.00793   4.16183   0.75435   0.93553   1.04963  12.93512  10.18930   0.02391  
check convergence!
