

TREE # 1

  0  0.0000   8986.291580  x:  0.01052   0.01955   0.01052   0.01855   0.02209   0.00931   0.02254   0.01041   0.00376   0.00304   0.00397   0.00479   0.00421   0.00805   0.00602   0.01667   0.01537   0.00595   0.01131   0.00827   0.00127   0.00433   0.00925   0.00849   0.00428   0.02118   0.01184   0.01163   0.00973   0.01850   0.00503   0.00000   0.00328   0.01158   0.01390   0.02910   0.01490   0.00676   0.02130   0.00918   0.00577   0.01497   0.01368   0.01046   0.01574   0.01622   0.01951   0.01594   0.01536   0.02419   0.01222   0.00121   0.00433   0.02029   0.01125   0.94382   1.07742   0.96403   1.26440   1.70103   0.36455   0.44480   0.52322  
  1 99.0000   8982.690798  x:  0.01044   0.01950   0.01044   0.01854   0.02209   0.00932   0.02252   0.01031   0.00369   0.00299   0.00400   0.00469   0.00411   0.00800   0.00595   0.01660   0.01529   0.00586   0.01122   0.00820   0.00128   0.00425   0.00918   0.00841   0.00424   0.02115   0.01177   0.01158   0.00970   0.01850   0.00497   0.00276   0.00323   0.01156   0.01385   0.02908   0.01487   0.00669   0.02126   0.00910   0.00575   0.01489   0.01360   0.01037   0.01567   0.01619   0.01953   0.01590   0.01535   0.02413   0.01211   0.00117   0.00429   0.02027   0.01119   0.94383   1.07742   0.96403   1.26440   1.70103   0.36455   0.44478   0.52322  
  2 33917.7583   8918.141930  x:  0.00809   0.01785   0.00784   0.01812   0.02225   0.00959   0.02204   0.00751   0.00184   0.00160   0.00472   0.00148   0.00106   0.00645   0.00379   0.01459   0.01308   0.00315   0.00835   0.00619   0.00166   0.00171   0.00721   0.00597   0.00304   0.02022   0.00979   0.01002   0.00847   0.01852   0.00317   0.00276   0.00174   0.01083   0.01222   0.02843   0.01409   0.00457   0.02017   0.00658   0.00512   0.01257   0.01122   0.00780   0.01371   0.01531   0.02008   0.01464   0.01492   0.02249   0.00909   0.00000   0.00289   0.01956   0.00963   0.94421   1.07739   0.96405   1.26437   1.70105   0.36453   0.44433   0.52315  
  3 5500.2248   8896.960415  x:  0.00728   0.01728   0.00694   0.01797   0.02231   0.00969   0.02187   0.00654   0.00121   0.00114   0.00496   0.00037   0.00000   0.00591   0.00304   0.01390   0.01232   0.00222   0.00735   0.00550   0.00178   0.00084   0.00653   0.00512   0.00265   0.01990   0.00910   0.00948   0.00805   0.01853   0.00255   0.00276   0.00124   0.01059   0.01165   0.02821   0.01382   0.00384   0.01979   0.00571   0.00490   0.01176   0.01040   0.00691   0.01303   0.01501   0.02027   0.01420   0.01478   0.02192   0.00804   0.00021   0.00242   0.01931   0.00909   0.94434   1.07738   0.96405   1.26437   1.70106   0.36453   0.44418   0.52313  
  4 303328.4921   8891.740995  x:  0.00707   0.01712   0.00667   0.01793   0.02232   0.00970   0.02184   0.00622   0.00137   0.00136   0.00494   0.00000   0.00000   0.00580   0.00290   0.01371   0.01210   0.00200   0.00706   0.00535   0.00170   0.00063   0.00637   0.00492   0.00279   0.01981   0.00890   0.00934   0.00795   0.01856   0.00247   0.00276   0.00140   0.01054   0.01149   0.02814   0.01376   0.00370   0.01969   0.00547   0.00489   0.01153   0.01016   0.00666   0.01283   0.01494   0.02032   0.01408   0.01474   0.02175   0.00771   0.00022   0.00244   0.01925   0.00895   0.94438   1.07738   0.96405   1.26436   1.70106   0.36452   0.44413   0.52312  
  5 15012.8062   8880.235213  x:  0.00655   0.01663   0.00580   0.01787   0.02235   0.00965   0.02188   0.00483   0.00146   0.00061   0.00449   0.00000   0.00000   0.00575   0.00301   0.01312   0.01141   0.00202   0.00600   0.00525   0.00139   0.00000   0.00622   0.00463   0.00414   0.01952   0.00817   0.00896   0.00783   0.01883   0.00297   0.00276   0.00147   0.01053   0.01098   0.02788   0.01362   0.00387   0.01942   0.00481   0.00513   0.01076   0.00941   0.00596   0.01215   0.01476   0.02043   0.01371   0.01465   0.02116   0.00638   0.00022   0.00320   0.01910   0.00867   0.94457   1.07737   0.96406   1.26435   1.70107   0.36451   0.44394   0.52309  
  6 8062.2515   8867.814539  x:  0.00587   0.01581   0.00434   0.01781   0.02240   0.00952   0.02212   0.00201   0.00024   0.00160   0.00373   0.00000   0.00000   0.00584   0.00366   0.01219   0.01028   0.00268   0.00417   0.00544   0.00169   0.00000   0.00628   0.00452   0.00580   0.01903   0.00681   0.00841   0.00782   0.01947   0.00410   0.00276   0.00036   0.01063   0.01011   0.02739   0.01348   0.00459   0.01902   0.00385   0.00563   0.00945   0.00817   0.00494   0.01097   0.01454   0.02058   0.01313   0.01453   0.02010   0.00386   0.00024   0.00427   0.01889   0.00835   0.94496   1.07735   0.96407   1.26433   1.70110   0.36449   0.44357   0.52303  
  7 11565.4483   8864.864891  x:  0.00574   0.01556   0.00390   0.01781   0.02241   0.00948   0.02225   0.00099   0.00058   0.00166   0.00364   0.00000   0.00000   0.00591   0.00399   0.01191   0.00993   0.00312   0.00359   0.00561   0.00224   0.00000   0.00640   0.00462   0.00569   0.01887   0.00632   0.00826   0.00788   0.01973   0.00447   0.00276   0.00011   0.01069   0.00984   0.02722   0.01346   0.00493   0.01890   0.00363   0.00576   0.00904   0.00779   0.00468   0.01058   0.01449   0.02062   0.01296   0.01450   0.01973   0.00295   0.00025   0.00431   0.01883   0.00829   0.94511   1.07734   0.96408   1.26432   1.70111   0.36448   0.44344   0.52301  
  8 8178.9422   8862.243551  x:  0.00565   0.01536   0.00356   0.01781   0.02242   0.00944   0.02236   0.00020   0.00066   0.00168   0.00359   0.00000   0.00000   0.00596   0.00425   0.01169   0.00967   0.00348   0.00314   0.00576   0.00271   0.00000   0.00650   0.00471   0.00555   0.01875   0.00594   0.00814   0.00793   0.01994   0.00475   0.00276   0.00022   0.01073   0.00962   0.02708   0.01345   0.00520   0.01882   0.00346   0.00585   0.00871   0.00750   0.00449   0.01028   0.01446   0.02065   0.01282   0.01448   0.01945   0.00224   0.00026   0.00432   0.01879   0.00825   0.94523   1.07733   0.96408   1.26432   1.70112   0.36447   0.44333   0.52299  
  9 54380.0489   8857.519266  x:  0.00541   0.01484   0.00269   0.01780   0.02245   0.00934   0.02266   0.00069   0.00082   0.00176   0.00350   0.00000   0.00000   0.00610   0.00494   0.01112   0.00894   0.00440   0.00201   0.00613   0.00370   0.00000   0.00677   0.00495   0.00520   0.01843   0.00486   0.00783   0.00807   0.02053   0.00547   0.00276   0.00035   0.01086   0.00904   0.02671   0.01343   0.00589   0.01858   0.00304   0.00608   0.00784   0.00673   0.00400   0.00947   0.01437   0.02073   0.01246   0.01443   0.01868   0.00037   0.00029   0.00433   0.01866   0.00815   0.94556   1.07731   0.96409   1.26430   1.70114   0.36444   0.44302   0.52294  
 10 6010.8216   8854.090404  x:  0.00507   0.01391   0.00155   0.01781   0.02250   0.00921   0.02318   0.00107   0.00097   0.00186   0.00373   0.00000   0.00000   0.00629   0.00594   0.01014   0.00770   0.00572   0.00082   0.00665   0.00418   0.00000   0.00715   0.00528   0.00455   0.01784   0.00273   0.00729   0.00838   0.02164   0.00644   0.00276   0.00046   0.01104   0.00801   0.02598   0.01342   0.00686   0.01817   0.00253   0.00631   0.00636   0.00546   0.00335   0.00804   0.01423   0.02086   0.01182   0.01433   0.01726   0.00190   0.00030   0.00414   0.01845   0.00797   0.94624   1.07727   0.96412   1.26426   1.70119   0.36439   0.44240   0.52283  
 11 2622.0748   8850.668876  x:  0.00476   0.01289   0.00149   0.01782   0.02257   0.00913   0.02374   0.00117   0.00103   0.00192   0.00414   0.00000   0.00000   0.00638   0.00675   0.00913   0.00640   0.00688   0.00269   0.00702   0.00374   0.00000   0.00742   0.00548   0.00391   0.01718   0.00000   0.00667   0.00877   0.02300   0.00715   0.00276   0.00050   0.01117   0.00685   0.02510   0.01343   0.00760   0.01768   0.00228   0.00636   0.00489   0.00430   0.00294   0.00653   0.01407   0.02103   0.01112   0.01422   0.01562   0.00222   0.00031   0.00375   0.01820   0.00774   0.94711   1.07722   0.96415   1.26421   1.70126   0.36433   0.44160   0.52269  
 12 2976.0340   8848.884733  x:  0.00476   0.01197   0.00324   0.01783   0.02267   0.00920   0.02432   0.00105   0.00097   0.00189   0.00448   0.00000   0.00000   0.00626   0.00717   0.00845   0.00564   0.00774   0.00204   0.00707   0.00218   0.00000   0.00745   0.00546   0.00326   0.01652   0.00000   0.00613   0.00937   0.02480   0.00719   0.00276   0.00046   0.01117   0.00583   0.02401   0.01357   0.00783   0.01719   0.00287   0.00600   0.00445   0.00426   0.00346   0.00555   0.01397   0.02121   0.01051   0.01411   0.01391   0.00196   0.00031   0.00291   0.01796   0.00756   0.94837   1.07715   0.96419   1.26414   1.70135   0.36424   0.44045   0.52249  
 13 1087.6779   8845.718441  x:  0.00504   0.01062   0.00139   0.01778   0.02292   0.00958   0.02539   0.00096   0.00089   0.00168   0.00444   0.00000   0.00000   0.00563   0.00707   0.00824   0.00600   0.00894   0.00216   0.00650   0.00199   0.00000   0.00695   0.00494   0.00329   0.01535   0.00000   0.00474   0.01036   0.02874   0.00574   0.00276   0.00042   0.01094   0.00474   0.02147   0.01410   0.00715   0.01623   0.00325   0.00498   0.00607   0.00567   0.00403   0.00583   0.01393   0.02163   0.00975   0.01392   0.01103   0.00179   0.00032   0.00214   0.01751   0.00744   0.95195   1.07695   0.96431   1.26394   1.70161   0.36397   0.43717   0.52193  
 14 728.5357   8842.578646  x:  0.00485   0.01003   0.00275   0.01767   0.02320   0.00986   0.02634   0.00107   0.00085   0.00143   0.00440   0.00000   0.00000   0.00510   0.00626   0.00832   0.00654   0.00986   0.00218   0.00558   0.00429   0.00000   0.00617   0.00420   0.00302   0.01440   0.00000   0.00290   0.01070   0.03295   0.00337   0.00276   0.00044   0.01066   0.00469   0.01862   0.01467   0.00571   0.01537   0.00242   0.00495   0.00633   0.00548   0.00321   0.00635   0.01398   0.02213   0.00942   0.01370   0.00949   0.00203   0.00033   0.00400   0.01713   0.00723   0.95712   1.07665   0.96448   1.26365   1.70200   0.36359   0.43241   0.52111  
 15 1325.5462   8836.926935  x:  0.00429   0.01101   0.00201   0.01747   0.02343   0.00978   0.02695   0.00087   0.00062   0.00089   0.00484   0.00000   0.00000   0.00542   0.00430   0.00862   0.00661   0.01036   0.00174   0.00484   0.00462   0.00000   0.00562   0.00400   0.00279   0.01426   0.00000   0.00249   0.00971   0.03780   0.00123   0.00276   0.00034   0.01060   0.00610   0.01581   0.01510   0.00361   0.01514   0.00236   0.00621   0.00433   0.00347   0.00257   0.00643   0.01425   0.02262   0.01001   0.01352   0.01172   0.00162   0.00032   0.00216   0.01684   0.00712   0.96621   1.07612   0.96478   1.26314   1.70268   0.36291   0.42398   0.51968  
 16 1318.7299   8833.863752  x:  0.00369   0.01141   0.00172   0.01726   0.02350   0.00980   0.02674   0.00082   0.00051   0.00064   0.00519   0.00000   0.00000   0.00497   0.00238   0.00835   0.00610   0.00939   0.00160   0.00419   0.00528   0.00000   0.00499   0.00339   0.00162   0.01442   0.00000   0.00274   0.00809   0.03993   0.00360   0.00277   0.00030   0.01037   0.00635   0.01505   0.01482   0.00257   0.01504   0.00195   0.00588   0.00390   0.00376   0.00266   0.00620   0.01410   0.02289   0.01014   0.01341   0.01291   0.00150   0.00032   0.00204   0.01670   0.00669   0.97269   1.07573   0.96500   1.26278   1.70316   0.36243   0.41789   0.51865  
 17 2119.7753   8831.325209  x:  0.00350   0.01138   0.00210   0.01706   0.02348   0.00984   0.02612   0.00085   0.00044   0.00039   0.00602   0.00000   0.00000   0.00439   0.00181   0.00768   0.00517   0.00789   0.00155   0.00413   0.00711   0.00000   0.00477   0.00322   0.00254   0.01471   0.00000   0.00308   0.00611   0.04050   0.00378   0.00277   0.00029   0.01011   0.00589   0.01555   0.01413   0.00324   0.01507   0.00216   0.00492   0.00402   0.00407   0.00285   0.00549   0.01370   0.02302   0.00994   0.01333   0.01341   0.00157   0.00033   0.00103   0.01660   0.00623   0.97814   1.07541   0.96518   1.26247   1.70356   0.36204   0.41270   0.51778  
 18 2112.0405   8829.378214  x:  0.00357   0.01124   0.00177   0.01691   0.02343   0.00988   0.02543   0.00080   0.00036   0.00020   0.00665   0.00000   0.00000   0.00416   0.00217   0.00712   0.00447   0.00632   0.00142   0.00426   0.00763   0.00000   0.00477   0.00330   0.00207   0.01499   0.00000   0.00347   0.00447   0.04048   0.00298   0.00277   0.00025   0.00991   0.00534   0.01639   0.01344   0.00385   0.01515   0.00276   0.00425   0.00418   0.00412   0.00318   0.00481   0.01331   0.02309   0.00970   0.01330   0.01374   0.00145   0.00033   0.00174   0.01653   0.00596   0.98265   1.07514   0.96534   1.26222   1.70390   0.36171   0.40836   0.51706  
 19 3420.1014   8828.365890  x:  0.00367   0.01080   0.00190   0.01683   0.02340   0.00996   0.02476   0.00078   0.00033   0.00011   0.00623   0.00000   0.00000   0.00443   0.00272   0.00703   0.00503   0.00559   0.00138   0.00435   0.00757   0.00000   0.00485   0.00332   0.00172   0.01498   0.00000   0.00325   0.00421   0.03972   0.00293   0.00278   0.00024   0.00983   0.00493   0.01731   0.01296   0.00389   0.01512   0.00226   0.00486   0.00443   0.00398   0.00280   0.00505   0.01297   0.02312   0.00935   0.01328   0.01325   0.00143   0.00033   0.00130   0.01646   0.00601   0.98557   1.07496   0.96543   1.26205   1.70412   0.36150   0.40546   0.51658  
 20 997.0411   8825.304057  x:  0.00358   0.00956   0.00166   0.01649   0.02346   0.01048   0.02253   0.00075   0.00031   0.00011   0.00705   0.00000   0.00000   0.00449   0.00102   0.00650   0.00612   0.00701   0.00121   0.00419   0.00771   0.00000   0.00462   0.00344   0.00186   0.01453   0.00000   0.00265   0.00515   0.03671   0.00284   0.00277   0.00021   0.00944   0.00460   0.01975   0.01177   0.00339   0.01480   0.00312   0.00546   0.00358   0.00321   0.00331   0.00571   0.01197   0.02351   0.00844   0.01315   0.01185   0.00134   0.00034   0.00154   0.01600   0.00613   0.99621   1.07431   0.96580   1.26145   1.70490   0.36075   0.39472   0.51485  
 21 1095.4248   8821.686210  x:  0.00269   0.00893   0.00154   0.01603   0.02368   0.01099   0.01988   0.00074   0.00031   0.00013   0.00814   0.00000   0.00000   0.00371   0.00280   0.00597   0.00614   0.00958   0.00104   0.00306   0.00755   0.00000   0.00357   0.00250   0.00218   0.01389   0.00000   0.00256   0.00628   0.03288   0.00283   0.00277   0.00019   0.00890   0.00529   0.02175   0.01083   0.00174   0.01418   0.00315   0.00510   0.00289   0.00339   0.00313   0.00599   0.01114   0.02422   0.00795   0.01290   0.01122   0.00128   0.00035   0.00152   0.01534   0.00577   1.01164   1.07336   0.96632   1.26058   1.70603   0.35967   0.37905   0.51234  
 22 4023.8685   8816.546428  x:  0.00263   0.00898   0.00153   0.01561   0.02402   0.01113   0.01775   0.00068   0.00031   0.00019   0.00803   0.00000   0.00000   0.00330   0.00208   0.00577   0.00476   0.01213   0.00082   0.00256   0.00635   0.00000   0.00317   0.00171   0.00170   0.01309   0.00000   0.00284   0.00730   0.02874   0.00195   0.00277   0.00014   0.00860   0.00600   0.02254   0.01051   0.00294   0.01327   0.00124   0.00453   0.00427   0.00364   0.00149   0.00525   0.01090   0.02520   0.00793   0.01260   0.01100   0.00115   0.00035   0.00153   0.01466   0.00503   1.03164   1.07212   0.96700   1.25945   1.70749   0.35828   0.35859   0.50907  
 23 5160.0129   8810.812821  x:  0.00258   0.00912   0.00148   0.01533   0.02440   0.01082   0.01728   0.00071   0.00032   0.00018   0.00584   0.00000   0.00000   0.00344   0.00176   0.00611   0.00322   0.01156   0.00072   0.00306   0.00648   0.00000   0.00348   0.00277   0.00173   0.01236   0.00000   0.00247   0.00725   0.02524   0.00158   0.00277   0.00013   0.00858   0.00548   0.02141   0.01081   0.00160   0.01230   0.00034   0.00429   0.00457   0.00344   0.00250   0.00392   0.01125   0.02622   0.00798   0.01228   0.01043   0.00122   0.00034   0.00143   0.01419   0.00429   1.05354   1.07076   0.96775   1.25820   1.70910   0.35675   0.33593   0.50548  
 24 5512.3586   8806.898557  x:  0.00242   0.00925   0.00145   0.01510   0.02474   0.01050   0.01703   0.00075   0.00035   0.00019   0.00366   0.00000   0.00000   0.00355   0.00156   0.00642   0.00212   0.01070   0.00067   0.00325   0.00674   0.00000   0.00359   0.00308   0.00166   0.01170   0.00000   0.00208   0.00713   0.02237   0.00158   0.00277   0.00012   0.00858   0.00501   0.02015   0.01114   0.00088   0.01144   0.00122   0.00434   0.00486   0.00315   0.00225   0.00292   0.01158   0.02712   0.00802   0.01199   0.00993   0.00132   0.00033   0.00129   0.01381   0.00367   1.07269   1.06956   0.96840   1.25711   1.71051   0.35542   0.31610   0.50233  
 25 44859.7950   8796.262114  x:  0.00184   0.00927   0.00114   0.01473   0.02552   0.00982   0.01773   0.00075   0.00037   0.00020   0.00145   0.00000   0.00000   0.00333   0.00194   0.00684   0.00328   0.00657   0.00038   0.00284   0.00688   0.00000   0.00323   0.00261   0.00166   0.01062   0.00000   0.00217   0.00666   0.01751   0.00190   0.00277   0.00006   0.00858   0.00335   0.01596   0.01206   0.00284   0.00999   0.00133   0.00401   0.00282   0.00245   0.00307   0.00252   0.01246   0.02911   0.00793   0.01138   0.00905   0.00133   0.00032   0.00121   0.01315   0.00360   1.11840   1.06670   0.96996   1.25451   1.71387   0.35225   0.26856   0.49482  
 26 18030.1823   8791.027623  x:  0.00223   0.00908   0.00101   0.01465   0.02580   0.00949   0.01831   0.00070   0.00034   0.00021   0.00241   0.00000   0.00000   0.00372   0.00212   0.00677   0.00318   0.00434   0.00015   0.00316   0.00689   0.00000   0.00353   0.00261   0.00195   0.01032   0.00000   0.00237   0.00654   0.01598   0.00234   0.00277   0.00002   0.00873   0.00254   0.01418   0.01242   0.00278   0.00961   0.00132   0.00465   0.00265   0.00229   0.00259   0.00271   0.01279   0.02987   0.00777   0.01120   0.00859   0.00120   0.00031   0.00132   0.01300   0.00379   1.13844   1.06544   0.97064   1.25337   1.71535   0.35085   0.24762   0.49152  
 27 27643.6687   8785.652151  x:  0.00178   0.00776   0.00101   0.01454   0.02593   0.00953   0.01880   0.00075   0.00037   0.00023   0.00158   0.00000   0.00000   0.00432   0.00206   0.00451   0.00221   0.00222   0.00016   0.00339   0.00743   0.00000   0.00352   0.00185   0.00205   0.01068   0.00000   0.00407   0.00671   0.01711   0.00211   0.00276   0.00001   0.00889   0.00220   0.01355   0.01174   0.00275   0.01016   0.00124   0.00692   0.00278   0.00288   0.00300   0.00313   0.01216   0.03050   0.00669   0.01110   0.00912   0.00132   0.00030   0.00143   0.01289   0.00416   1.16166   1.06397   0.97144   1.25205   1.71707   0.34924   0.22313   0.48769  
 28 9004.3508   8783.187689  x:  0.00245   0.00719   0.00098   0.01437   0.02596   0.00967   0.01877   0.00077   0.00039   0.00028   0.00162   0.00000   0.00000   0.00437   0.00222   0.00421   0.00301   0.00179   0.00017   0.00294   0.00761   0.00000   0.00307   0.00177   0.00216   0.01074   0.00000   0.00418   0.00584   0.01853   0.00234   0.00276   0.00001   0.00881   0.00210   0.01362   0.01097   0.00274   0.01021   0.00126   0.00826   0.00364   0.00241   0.00345   0.00184   0.01147   0.03089   0.00617   0.01102   0.00984   0.00136   0.00030   0.00149   0.01268   0.00333   1.17319   1.06324   0.97183   1.25139   1.71793   0.34845   0.21084   0.48579  
 29 5997.1411   8780.436132  x:  0.00224   0.00693   0.00100   0.01408   0.02594   0.00984   0.01843   0.00078   0.00042   0.00035   0.00164   0.00000   0.00000   0.00411   0.00248   0.00502   0.00262   0.00185   0.00017   0.00261   0.00731   0.00000   0.00295   0.00254   0.00209   0.01054   0.00000   0.00308   0.00340   0.02083   0.00259   0.00277   0.00001   0.00858   0.00185   0.01421   0.00974   0.00319   0.00989   0.00134   0.00930   0.00420   0.00193   0.00376   0.00284   0.01037   0.03140   0.00580   0.01095   0.01044   0.00139   0.00030   0.00145   0.01230   0.00243   1.18722   1.06234   0.97231   1.25059   1.71897   0.34748   0.19567   0.48346  
 30 5608.3779   8778.709922  x:  0.00219   0.00708   0.00097   0.01389   0.02593   0.00991   0.01802   0.00079   0.00043   0.00038   0.00164   0.00000   0.00000   0.00409   0.00247   0.00567   0.00253   0.00194   0.00017   0.00279   0.00718   0.00000   0.00317   0.00236   0.00207   0.01030   0.00000   0.00210   0.00186   0.02215   0.00259   0.00278   0.00000   0.00842   0.00187   0.01475   0.00908   0.00327   0.00954   0.00133   0.00988   0.00403   0.00250   0.00378   0.00250   0.00978   0.03175   0.00583   0.01091   0.01058   0.00140   0.00030   0.00143   0.01207   0.00337   1.19605   1.06177   0.97261   1.25008   1.71963   0.34688   0.18604   0.48199  
 31 7115.7658   8775.893846  x:  0.00277   0.00818   0.00088   0.01351   0.02592   0.00976   0.01690   0.00080   0.00043   0.00039   0.00162   0.00000   0.00000   0.00442   0.00260   0.00645   0.00206   0.00148   0.00019   0.00332   0.00739   0.00000   0.00351   0.00110   0.00211   0.00979   0.00000   0.00181   0.00224   0.02355   0.00267   0.00278   0.00001   0.00812   0.00118   0.01560   0.00865   0.00344   0.00867   0.00132   0.01025   0.00375   0.00239   0.00432   0.00262   0.00957   0.03250   0.00659   0.01082   0.01062   0.00143   0.00029   0.00144   0.01173   0.00313   1.21044   1.06082   0.97310   1.24926   1.72071   0.34590   0.17015   0.47959  
 32 3757.5227   8773.282030  x:  0.00278   0.00872   0.00084   0.01331   0.02592   0.00965   0.01621   0.00080   0.00043   0.00038   0.00162   0.00000   0.00000   0.00448   0.00265   0.00666   0.00203   0.00095   0.00019   0.00352   0.00746   0.00000   0.00361   0.00126   0.00213   0.00952   0.00000   0.00182   0.00270   0.02442   0.00275   0.00278   0.00000   0.00797   0.00150   0.01618   0.00856   0.00356   0.00822   0.00134   0.01016   0.00358   0.00239   0.00427   0.00251   0.00955   0.03297   0.00698   0.01078   0.01031   0.00143   0.00029   0.00145   0.01157   0.00300   1.22019   1.06018   0.97344   1.24870   1.72144   0.34525   0.15932   0.47797  
 33 16878.5191   8763.319125  x:  0.00219   0.01021   0.00092   0.01249   0.02612   0.00891   0.01381   0.00083   0.00044   0.00040   0.00176   0.00000   0.00000   0.00535   0.00266   0.00588   0.00254   0.00093   0.00023   0.00312   0.00766   0.00000   0.00305   0.00241   0.00218   0.00876   0.00000   0.00316   0.00225   0.02584   0.00275   0.00277   0.00001   0.00767   0.00024   0.01685   0.00926   0.00352   0.00712   0.00143   0.01062   0.00387   0.00242   0.00413   0.00252   0.01068   0.03542   0.00803   0.01035   0.00970   0.00148   0.00030   0.00150   0.01107   0.00355   1.26642   1.05714   0.97501   1.24604   1.72489   0.34213   0.10792   0.47026  
 34 19298.0486   8750.620081  x:  0.00223   0.01148   0.00097   0.01136   0.02648   0.00780   0.01090   0.00087   0.00046   0.00043   0.00203   0.00000   0.00000   0.00697   0.00280   0.00439   0.00274   0.00089   0.00028   0.00283   0.00795   0.00000   0.00258   0.00255   0.00219   0.00767   0.00000   0.00452   0.00055   0.02694   0.00292   0.00277   0.00001   0.00738   0.00107   0.01715   0.01037   0.00377   0.00570   0.00159   0.01158   0.00447   0.00186   0.00502   0.00298   0.01250   0.03918   0.00888   0.00962   0.00798   0.00155   0.00031   0.00147   0.01035   0.00397   1.33656   1.05253   0.97741   1.24202   1.73012   0.33740   0.02993   0.45857  
 35 124479.0515   8742.515446  x:  0.00218   0.01145   0.00096   0.01119   0.02656   0.00760   0.01067   0.00087   0.00046   0.00043   0.00209   0.00000   0.00000   0.00705   0.00285   0.00447   0.00263   0.00089   0.00028   0.00261   0.00797   0.00000   0.00270   0.00256   0.00218   0.00801   0.00000   0.00410   0.00078   0.02693   0.00294   0.00277   0.00001   0.00743   0.00105   0.01724   0.01045   0.00391   0.00625   0.00160   0.01169   0.00454   0.00193   0.00516   0.00294   0.01291   0.04042   0.00874   0.00946   0.00809   0.00156   0.00031   0.00147   0.01036   0.00399   1.36342   1.05076   0.97832   1.24048   1.73213   0.33559   0.00000   0.45409  
 36 50242.2218   8737.686801  x:  0.00285   0.01116   0.00098   0.01149   0.02662   0.00797   0.01143   0.00087   0.00047   0.00044   0.00173   0.00000   0.00000   0.00665   0.00273   0.00461   0.00333   0.00167   0.00026   0.00381   0.00778   0.00000   0.00321   0.00204   0.00217   0.00906   0.00000   0.00429   0.00031   0.02698   0.00275   0.00277   0.00001   0.00779   0.00073   0.01830   0.01093   0.00338   0.00737   0.00152   0.01093   0.00373   0.00242   0.00446   0.00306   0.01364   0.04322   0.00858   0.00967   0.00801   0.00158   0.00032   0.00146   0.01104   0.00282   1.43972   1.04571   0.98091   1.23610   1.73779   0.33048   0.00000   0.44142  
 37 31877.7090   8733.281249  x:  0.00319   0.01056   0.00106   0.01223   0.02652   0.00891   0.01324   0.00088   0.00047   0.00044   0.00151   0.00000   0.00000   0.00599   0.00278   0.00486   0.00348   0.00201   0.00024   0.00504   0.00770   0.00000   0.00254   0.00190   0.00218   0.00917   0.00000   0.00469   0.00056   0.02649   0.00282   0.00277   0.00000   0.00794   0.00063   0.01904   0.01079   0.00310   0.00608   0.00149   0.01033   0.00394   0.00185   0.00424   0.00326   0.01319   0.04474   0.00830   0.01022   0.00894   0.00159   0.00032   0.00145   0.01162   0.00338   1.49958   1.04173   0.98294   1.23267   1.74218   0.32651   0.00000   0.43153  
 38 25369.4682   8731.490974  x:  0.00269   0.01032   0.00106   0.01298   0.02637   0.00973   0.01442   0.00089   0.00048   0.00043   0.00176   0.00000   0.00000   0.00601   0.00270   0.00532   0.00356   0.00207   0.00028   0.00484   0.00779   0.00000   0.00317   0.00199   0.00219   0.00796   0.00000   0.00530   0.00065   0.02567   0.00262   0.00276   0.00001   0.00783   0.00065   0.01890   0.01069   0.00326   0.00523   0.00153   0.01121   0.00365   0.00281   0.00429   0.00303   0.01207   0.04455   0.00848   0.01077   0.00936   0.00162   0.00032   0.00152   0.01159   0.00263   1.53021   1.03968   0.98396   1.23092   1.74434   0.32455   0.00000   0.42654  
 39 9502.9365   8730.117972  x:  0.00281   0.01067   0.00105   0.01384   0.02606   0.01049   0.01507   0.00090   0.00048   0.00043   0.00166   0.00000   0.00000   0.00572   0.00267   0.00590   0.00324   0.00217   0.00027   0.00403   0.00788   0.00000   0.00350   0.00195   0.00222   0.00669   0.00000   0.00624   0.00059   0.02523   0.00262   0.00276   0.00000   0.00755   0.00060   0.01864   0.01076   0.00320   0.00632   0.00150   0.01139   0.00376   0.00239   0.00439   0.00290   0.01042   0.04283   0.00925   0.01150   0.00874   0.00163   0.00033   0.00152   0.01133   0.00297   1.55332   1.03809   0.98472   1.22960   1.74587   0.32315   0.00000   0.42287  
 40 5249.5069   8728.834111  x:  0.00305   0.01134   0.00098   0.01427   0.02557   0.01064   0.01492   0.00090   0.00048   0.00042   0.00164   0.00000   0.00000   0.00574   0.00263   0.00603   0.00292   0.00242   0.00026   0.00365   0.00790   0.00000   0.00286   0.00206   0.00220   0.00820   0.00000   0.00637   0.00060   0.02478   0.00251   0.00276   0.00000   0.00752   0.00057   0.01761   0.01074   0.00331   0.00609   0.00149   0.01191   0.00355   0.00261   0.00449   0.00279   0.00878   0.03864   0.01009   0.01187   0.00775   0.00163   0.00033   0.00152   0.01081   0.00280   1.57481   1.03654   0.98539   1.22839   1.74709   0.32202   0.00000   0.41963  
 41 2708.5439   8727.927103  x:  0.00287   0.01140   0.00098   0.01423   0.02540   0.01058   0.01472   0.00090   0.00048   0.00043   0.00165   0.00000   0.00000   0.00562   0.00263   0.00589   0.00302   0.00249   0.00026   0.00377   0.00788   0.00000   0.00303   0.00198   0.00219   0.00822   0.00098   0.00626   0.00061   0.02473   0.00251   0.00276   0.00000   0.00751   0.00055   0.01732   0.01066   0.00328   0.00605   0.00149   0.01187   0.00364   0.00254   0.00451   0.00277   0.00874   0.03695   0.01016   0.01183   0.00777   0.00163   0.00033   0.00152   0.01074   0.00275   1.58094   1.03608   0.98558   1.22805   1.74738   0.32174   0.00000   0.41875  
 42 3267.6825   8727.927103  x:  0.00287   0.01140   0.00098   0.01423   0.02540   0.01058   0.01472   0.00090   0.00048   0.00043   0.00165   0.00000   0.00000   0.00562   0.00263   0.00589   0.00302   0.00249   0.00026   0.00377   0.00788   0.00000   0.00303   0.00198   0.00219   0.00822   0.00098   0.00626   0.00061   0.02473   0.00251   0.00276   0.00000   0.00751   0.00055   0.01732   0.01066   0.00328   0.00605   0.00149   0.01187   0.00364   0.00254   0.00451   0.00277   0.00874   0.03695   0.01016   0.01183   0.00777   0.00163   0.00033   0.00152   0.01074   0.00275   1.58094   1.03608   0.98558   1.22805   1.74738   0.32174   0.00000   0.41875  
 43 3407.8598   8718.088967  x:  0.00287   0.01139   0.00099   0.01423   0.02540   0.01058   0.01472   0.00090   0.00050   0.00045   0.00167   0.00000   0.00000   0.00562   0.00262   0.00590   0.00303   0.00248   0.00031   0.00376   0.00787   0.00000   0.00303   0.00198   0.00220   0.00823   0.00098   0.00626   0.00064   0.02473   0.00250   0.00275   0.00226   0.00751   0.00058   0.01732   0.01066   0.00328   0.00606   0.00149   0.01186   0.00365   0.00254   0.00451   0.00278   0.00875   0.03694   0.01016   0.01183   0.00777   0.00162   0.00034   0.00152   0.01075   0.00276   1.58094   1.03608   0.98558   1.22805   1.74738   0.32174   0.00000   0.41875  
 44 298587.4668   8696.226696  x:  0.00289   0.01119   0.00180   0.01440   0.02533   0.01059   0.01527   0.00066   0.00331   0.00378   0.00421   0.00000   0.00000   0.00518   0.00216   0.00616   0.00379   0.00152   0.00545   0.00348   0.00667   0.00000   0.00331   0.00212   0.00315   0.00926   0.00042   0.00604   0.00490   0.02483   0.00212   0.00184   0.00223   0.00781   0.00474   0.01752   0.01095   0.00279   0.00781   0.00184   0.01100   0.00377   0.00318   0.00377   0.00401   0.00935   0.03648   0.00993   0.01193   0.00845   0.00093   0.00202   0.00233   0.01140   0.00405   1.58099   1.03606   0.98558   1.22805   1.74739   0.32174   0.00000   0.41875  
 45 9778.8807   8690.346702  x:  0.00290   0.01107   0.00178   0.01451   0.02528   0.01056   0.01559   0.00081   0.00302   0.00349   0.00450   0.00000   0.00000   0.00495   0.00193   0.00627   0.00406   0.00106   0.00514   0.00335   0.00591   0.00000   0.00342   0.00215   0.00334   0.00979   0.00000   0.00585   0.00517   0.02486   0.00194   0.00135   0.00223   0.00796   0.00501   0.01763   0.01102   0.00256   0.00856   0.00186   0.01047   0.00383   0.00336   0.00337   0.00436   0.00966   0.03619   0.00980   0.01199   0.00881   0.00076   0.00162   0.00242   0.01177   0.00440   1.58102   1.03605   0.98558   1.22805   1.74739   0.32174   0.00000   0.41875  
 46 3333.6342   8687.898334  x:  0.00290   0.01095   0.00181   0.01463   0.02521   0.01054   0.01590   0.00016   0.00285   0.00331   0.00463   0.00000   0.00000   0.00478   0.00191   0.00630   0.00410   0.00136   0.00485   0.00331   0.00498   0.00000   0.00341   0.00212   0.00331   0.01017   0.00000   0.00565   0.00552   0.02491   0.00196   0.00131   0.00224   0.00808   0.00527   0.01776   0.01107   0.00251   0.00897   0.00178   0.00983   0.00385   0.00333   0.00313   0.00441   0.00988   0.03580   0.00966   0.01207   0.00907   0.00128   0.00150   0.00238   0.01208   0.00444   1.58106   1.03604   0.98558   1.22805   1.74739   0.32175   0.00000   0.41875  
 47 3269.4689   8682.170888  x:  0.00289   0.01047   0.00196   0.01509   0.02492   0.01043   0.01707   0.00073   0.00239   0.00279   0.00493   0.00000   0.00000   0.00420   0.00212   0.00633   0.00401   0.00314   0.00385   0.00330   0.00130   0.00000   0.00327   0.00197   0.00299   0.01141   0.00000   0.00487   0.00693   0.02514   0.00225   0.00164   0.00224   0.00846   0.00632   0.01825   0.01125   0.00252   0.01012   0.00139   0.00728   0.00391   0.00305   0.00241   0.00425   0.01059   0.03425   0.00913   0.01234   0.00991   0.00353   0.00140   0.00209   0.01321   0.00427   1.58124   1.03598   0.98557   1.22803   1.74739   0.32176   0.00000   0.41874  
 48 7616.8958   8680.347754  x:  0.00288   0.01009   0.00169   0.01552   0.02454   0.01031   0.01801   0.00065   0.00257   0.00266   0.00450   0.00000   0.00000   0.00431   0.00233   0.00624   0.00367   0.00354   0.00274   0.00357   0.00135   0.00000   0.00326   0.00230   0.00311   0.01173   0.00000   0.00394   0.00804   0.02536   0.00223   0.00198   0.00224   0.00850   0.00679   0.01881   0.01125   0.00278   0.00995   0.00230   0.00469   0.00400   0.00314   0.00327   0.00370   0.01072   0.03213   0.00870   0.01262   0.01001   0.00250   0.00187   0.00236   0.01389   0.00388   1.58151   1.03588   0.98557   1.22802   1.74740   0.32178   0.00000   0.41872  
 49 950.3729   8679.753967  x:  0.00288   0.00996   0.00190   0.01573   0.02428   0.01025   0.01843   0.00061   0.00259   0.00267   0.00436   0.00000   0.00000   0.00440   0.00232   0.00624   0.00371   0.00375   0.00244   0.00356   0.00164   0.00000   0.00325   0.00194   0.00300   0.01167   0.00000   0.00349   0.00857   0.02549   0.00224   0.00204   0.00224   0.00845   0.00685   0.01915   0.01119   0.00276   0.00963   0.00144   0.00410   0.00406   0.00306   0.00317   0.00370   0.01067   0.03065   0.00855   0.01276   0.00994   0.00188   0.00180   0.00211   0.01410   0.00394   1.58172   1.03581   0.98556   1.22800   1.74741   0.32179   0.00000   0.41871  
 50 787.3154   8679.132052  x:  0.00287   0.00987   0.00183   0.01603   0.02379   0.01016   0.01893   0.00057   0.00245   0.00264   0.00425   0.00000   0.00000   0.00452   0.00225   0.00624   0.00383   0.00413   0.00245   0.00343   0.00127   0.00000   0.00323   0.00217   0.00292   0.01127   0.00000   0.00299   0.00923   0.02571   0.00226   0.00205   0.00224   0.00830   0.00657   0.01975   0.01100   0.00268   0.00903   0.00167   0.00480   0.00409   0.00299   0.00276   0.00384   0.01043   0.02759   0.00847   0.01295   0.00971   0.00133   0.00149   0.00208   0.01418   0.00405   1.58221   1.03564   0.98556   1.22797   1.74743   0.32183   0.00000   0.41869  
 51 616.2092   8678.878815  x:  0.00287   0.00986   0.00176   0.01614   0.02353   0.01015   0.01910   0.00063   0.00236   0.00254   0.00437   0.00000   0.00000   0.00445   0.00221   0.00624   0.00383   0.00418   0.00250   0.00342   0.00172   0.00000   0.00327   0.00206   0.00308   0.01118   0.00000   0.00301   0.00946   0.02580   0.00220   0.00189   0.00224   0.00828   0.00637   0.02005   0.01092   0.00265   0.00912   0.00176   0.00505   0.00402   0.00312   0.00277   0.00389   0.01041   0.02582   0.00852   0.01302   0.00973   0.00182   0.00147   0.00225   0.01417   0.00405   1.58257   1.03552   0.98555   1.22795   1.74745   0.32185   0.00000   0.41867  
 52 655.4394   8678.740294  x:  0.00288   0.00996   0.00182   0.01610   0.02340   0.01018   0.01898   0.00061   0.00245   0.00255   0.00443   0.00000   0.00000   0.00439   0.00225   0.00624   0.00375   0.00388   0.00260   0.00348   0.00149   0.00000   0.00328   0.00208   0.00306   0.01114   0.00000   0.00335   0.00932   0.02580   0.00214   0.00178   0.00224   0.00831   0.00612   0.02020   0.01092   0.00273   0.00936   0.00159   0.00507   0.00394   0.00312   0.00313   0.00381   0.01042   0.02464   0.00872   0.01298   0.00976   0.00186   0.00169   0.00215   0.01399   0.00395   1.58294   1.03539   0.98554   1.22792   1.74746   0.32188   0.00000   0.41865  
 53 353.6771   8678.693996  x:  0.00287   0.01002   0.00182   0.01600   0.02340   0.01022   0.01878   0.00061   0.00252   0.00267   0.00440   0.00000   0.00000   0.00439   0.00229   0.00624   0.00376   0.00375   0.00266   0.00349   0.00150   0.00000   0.00322   0.00203   0.00294   0.01119   0.00000   0.00346   0.00911   0.02574   0.00225   0.00194   0.00224   0.00835   0.00611   0.02022   0.01098   0.00273   0.00945   0.00169   0.00489   0.00401   0.00300   0.00295   0.00381   0.01045   0.02418   0.00887   0.01291   0.00980   0.00188   0.00164   0.00215   0.01386   0.00400   1.58328   1.03527   0.98554   1.22790   1.74748   0.32190   0.00000   0.41863  
 54 175.6379   8678.673472  x:  0.00287   0.01003   0.00180   0.01592   0.02342   0.01025   0.01863   0.00061   0.00252   0.00270   0.00438   0.00000   0.00000   0.00441   0.00228   0.00623   0.00376   0.00374   0.00267   0.00347   0.00149   0.00000   0.00325   0.00213   0.00305   0.01123   0.00000   0.00344   0.00896   0.02568   0.00225   0.00202   0.00224   0.00835   0.00620   0.02020   0.01104   0.00272   0.00940   0.00162   0.00482   0.00403   0.00309   0.00287   0.00380   0.01046   0.02399   0.00894   0.01285   0.00980   0.00190   0.00162   0.00220   0.01380   0.00399   1.58360   1.03516   0.98553   1.22788   1.74750   0.32192   0.00000   0.41861  
 55 135.5673   8678.643358  x:  0.00288   0.01001   0.00183   0.01579   0.02349   0.01026   0.01840   0.00061   0.00247   0.00266   0.00442   0.00000   0.00000   0.00442   0.00222   0.00622   0.00377   0.00381   0.00266   0.00346   0.00146   0.00000   0.00329   0.00199   0.00306   0.01131   0.00000   0.00330   0.00877   0.02558   0.00216   0.00198   0.00224   0.00834   0.00646   0.02013   0.01114   0.00270   0.00931   0.00169   0.00482   0.00401   0.00313   0.00293   0.00381   0.01048   0.02379   0.00900   0.01275   0.00979   0.00188   0.00164   0.00215   0.01378   0.00397   1.58439   1.03489   0.98552   1.22782   1.74754   0.32196   0.00000   0.41856  
 56 140.1379   8678.607816  x:  0.00287   0.00996   0.00181   0.01569   0.02356   0.01025   0.01823   0.00061   0.00245   0.00260   0.00446   0.00000   0.00000   0.00439   0.00223   0.00622   0.00378   0.00391   0.00263   0.00346   0.00153   0.00000   0.00324   0.00215   0.00294   0.01140   0.00000   0.00324   0.00865   0.02550   0.00217   0.00185   0.00224   0.00834   0.00672   0.02005   0.01118   0.00270   0.00930   0.00164   0.00488   0.00397   0.00300   0.00301   0.00383   0.01052   0.02364   0.00900   0.01267   0.00979   0.00186   0.00165   0.00217   0.01383   0.00400   1.58557   1.03448   0.98550   1.22774   1.74760   0.32203   0.00000   0.41849  
 57 256.1814   8678.447053  x:  0.00283   0.00978   0.00171   0.01552   0.02380   0.01009   0.01795   0.00060   0.00259   0.00255   0.00431   0.00000   0.00000   0.00431   0.00247   0.00626   0.00373   0.00419   0.00247   0.00353   0.00152   0.00000   0.00309   0.00196   0.00316   0.01142   0.00000   0.00356   0.00853   0.02541   0.00256   0.00163   0.00224   0.00829   0.00710   0.01966   0.01099   0.00280   0.00948   0.00162   0.00508   0.00398   0.00306   0.00303   0.00377   0.01058   0.02340   0.00880   0.01256   0.00974   0.00163   0.00155   0.00227   0.01416   0.00403   1.59170   1.03236   0.98540   1.22733   1.74792   0.32239   0.00000   0.41810  
 58 370.3365   8677.875704  x:  0.00295   0.00950   0.00221   0.01533   0.02439   0.00967   0.01765   0.00061   0.00258   0.00256   0.00414   0.00000   0.00000   0.00434   0.00235   0.00637   0.00378   0.00462   0.00236   0.00351   0.00173   0.00000   0.00364   0.00226   0.00299   0.01125   0.00000   0.00435   0.00837   0.02527   0.00238   0.00186   0.00223   0.00819   0.00736   0.01853   0.01014   0.00271   0.00987   0.00181   0.00507   0.00408   0.00338   0.00284   0.00386   0.01058   0.02296   0.00828   0.01251   0.00966   0.00147   0.00152   0.00181   0.01495   0.00394   1.61417   1.02459   0.98505   1.22581   1.74910   0.32370   0.00000   0.41669  
 59 1822.1792   8676.673650  x:  0.00290   0.00936   0.00177   0.01526   0.02527   0.00926   0.01759   0.00061   0.00229   0.00265   0.00431   0.00000   0.00000   0.00460   0.00180   0.00639   0.00385   0.00475   0.00258   0.00332   0.00150   0.00000   0.00361   0.00198   0.00279   0.01084   0.00000   0.00491   0.00806   0.02502   0.00150   0.00230   0.00221   0.00810   0.00720   0.01673   0.00886   0.00248   0.00980   0.00159   0.00469   0.00411   0.00301   0.00283   0.00393   0.01038   0.02249   0.00784   0.01262   0.00955   0.00139   0.00166   0.00278   0.01580   0.00403   1.66072   1.00848   0.98432   1.22266   1.75155   0.32642   0.00000   0.41377  
 60 6803.3107   8673.206103  x:  0.00270   0.00983   0.00134   0.01567   0.02674   0.00934   0.01854   0.00062   0.00179   0.00265   0.00535   0.00000   0.00000   0.00481   0.00189   0.00610   0.00398   0.00369   0.00317   0.00309   0.00140   0.00000   0.00252   0.00216   0.00357   0.01056   0.00000   0.00385   0.00776   0.02445   0.00246   0.00207   0.00216   0.00832   0.00649   0.01374   0.00779   0.00237   0.00883   0.00175   0.00400   0.00383   0.00277   0.00317   0.00404   0.00993   0.02200   0.00815   0.01322   0.00974   0.00202   0.00166   0.00145   0.01633   0.00430   1.79095   0.96341   0.98226   1.21385   1.75840   0.33402   0.00000   0.40560  
 61 12433.0786   8668.609469  x:  0.00288   0.01057   0.00305   0.01638   0.02803   0.01002   0.02009   0.00060   0.00266   0.00242   0.00531   0.00000   0.00000   0.00449   0.00292   0.00575   0.00373   0.00232   0.00286   0.00351   0.00110   0.00000   0.00351   0.00204   0.00278   0.01079   0.00000   0.00200   0.00775   0.02397   0.00340   0.00154   0.00208   0.00864   0.00571   0.01167   0.00857   0.00293   0.00815   0.00170   0.00440   0.00381   0.00318   0.00304   0.00362   0.00973   0.02185   0.00909   0.01394   0.01012   0.00256   0.00137   0.00290   0.01599   0.00394   1.98469   0.89634   0.97920   1.20074   1.76859   0.34535   0.00000   0.39343  
 62 35148.3685   8659.945231  x:  0.00291   0.01090   0.00101   0.01707   0.02830   0.01133   0.02185   0.00059   0.00308   0.00245   0.00317   0.00000   0.00000   0.00382   0.00255   0.00610   0.00353   0.00244   0.00158   0.00395   0.00148   0.00000   0.00366   0.00194   0.00267   0.01186   0.00000   0.00277   0.00901   0.02424   0.00173   0.00220   0.00195   0.00858   0.00600   0.01400   0.01275   0.00298   0.00903   0.00143   0.00592   0.00430   0.00290   0.00240   0.00361   0.01038   0.02263   0.01029   0.01428   0.01035   0.00223   0.00199   0.00187   0.01373   0.00336   2.30534   0.78527   0.97413   1.17902   1.78544   0.36414   0.00000   0.37329  
 63 36379.5332   8656.162358  x:  0.00272   0.01050   0.00295   0.01692   0.02719   0.01150   0.02169   0.00060   0.00197   0.00202   0.00365   0.00000   0.00000   0.00433   0.00199   0.00640   0.00364   0.00381   0.00181   0.00365   0.00156   0.00000   0.00250   0.00213   0.00349   0.01189   0.00000   0.00400   0.00911   0.02478   0.00186   0.00262   0.00188   0.00822   0.00548   0.01748   0.01461   0.00263   0.00945   0.00170   0.00551   0.00411   0.00277   0.00317   0.00368   0.01072   0.02350   0.01023   0.01378   0.00990   0.00162   0.00144   0.00251   0.01238   0.00421   2.47118   0.72779   0.97151   1.16778   1.79412   0.37388   0.00000   0.36288  
 64 37820.9614   8653.970419  x:  0.00286   0.00990   0.00197   0.01642   0.02549   0.01104   0.02068   0.00059   0.00179   0.00211   0.00488   0.00000   0.00000   0.00469   0.00232   0.00639   0.00381   0.00452   0.00245   0.00326   0.00147   0.00000   0.00377   0.00202   0.00280   0.01150   0.00000   0.00406   0.00857   0.02526   0.00273   0.00196   0.00184   0.00803   0.00466   0.02052   0.01476   0.00251   0.00948   0.00164   0.00465   0.00375   0.00331   0.00343   0.00385   0.01076   0.02425   0.00957   0.01304   0.00949   0.00140   0.00095   0.00258   0.01221   0.00429   2.55983   0.69703   0.97011   1.16175   1.79874   0.37914   0.00000   0.35732  
 65 20566.9060   8652.846810  x:  0.00294   0.00960   0.00215   0.01597   0.02373   0.01045   0.01953   0.00061   0.00253   0.00228   0.00494   0.00000   0.00000   0.00457   0.00233   0.00623   0.00391   0.00428   0.00226   0.00329   0.00138   0.00000   0.00345   0.00207   0.00298   0.01121   0.00000   0.00327   0.00783   0.02563   0.00252   0.00119   0.00182   0.00812   0.00413   0.02267   0.01389   0.00257   0.00946   0.00172   0.00444   0.00397   0.00314   0.00270   0.00396   0.01066   0.02478   0.00887   0.01247   0.00948   0.00169   0.00184   0.00249   0.01284   0.00410   2.60505   0.68130   0.96940   1.15864   1.80106   0.38187   0.00000   0.35449  
 66 9967.9132   8652.338605  x:  0.00282   0.00966   0.00219   0.01578   0.02248   0.01019   0.01883   0.00060   0.00252   0.00241   0.00466   0.00000   0.00000   0.00425   0.00241   0.00607   0.00371   0.00359   0.00245   0.00356   0.00135   0.00000   0.00322   0.00205   0.00293   0.01125   0.00000   0.00271   0.00762   0.02599   0.00232   0.00172   0.00181   0.00832   0.00454   0.02381   0.01292   0.00276   0.00954   0.00164   0.00470   0.00395   0.00314   0.00296   0.00370   0.01058   0.02507   0.00859   0.01229   0.00975   0.00191   0.00126   0.00238   0.01344   0.00398   2.62478   0.67441   0.96910   1.15726   1.80205   0.38310   0.00000   0.35325  
 67 4549.8175   8652.225889  x:  0.00289   0.00988   0.00221   0.01580   0.02201   0.01031   0.01863   0.00060   0.00226   0.00231   0.00444   0.00000   0.00000   0.00433   0.00243   0.00609   0.00374   0.00333   0.00234   0.00347   0.00132   0.00000   0.00339   0.00203   0.00292   0.01134   0.00000   0.00287   0.00766   0.02624   0.00254   0.00174   0.00181   0.00835   0.00499   0.02410   0.01238   0.00272   0.00930   0.00163   0.00472   0.00392   0.00307   0.00296   0.00374   0.01048   0.02517   0.00877   0.01240   0.00984   0.00200   0.00148   0.00245   0.01349   0.00404   2.62921   0.67282   0.96904   1.15692   1.80224   0.38343   0.00000   0.35297  
 68 980.3210   8652.203023  x:  0.00286   0.00996   0.00221   0.01584   0.02188   0.01041   0.01859   0.00060   0.00237   0.00228   0.00450   0.00000   0.00000   0.00438   0.00242   0.00613   0.00373   0.00338   0.00227   0.00345   0.00132   0.00000   0.00332   0.00204   0.00288   0.01140   0.00000   0.00295   0.00764   0.02638   0.00247   0.00163   0.00181   0.00832   0.00512   0.02413   0.01215   0.00273   0.00924   0.00164   0.00468   0.00392   0.00313   0.00293   0.00373   0.01046   0.02520   0.00890   0.01250   0.00983   0.00201   0.00137   0.00245   0.01341   0.00396   2.63008   0.67248   0.96903   1.15683   1.80225   0.38354   0.00000   0.35292  
 69 246.5706   8652.195093  x:  0.00287   0.00997   0.00220   0.01589   0.02181   0.01048   0.01858   0.00060   0.00238   0.00229   0.00454   0.00000   0.00000   0.00434   0.00245   0.00614   0.00372   0.00347   0.00228   0.00350   0.00133   0.00000   0.00337   0.00205   0.00293   0.01145   0.00000   0.00290   0.00755   0.02650   0.00245   0.00163   0.00181   0.00829   0.00513   0.02411   0.01202   0.00275   0.00931   0.00165   0.00469   0.00393   0.00309   0.00292   0.00373   0.01050   0.02521   0.00897   0.01257   0.00981   0.00196   0.00137   0.00244   0.01333   0.00401   2.63037   0.67233   0.96903   1.15676   1.80222   0.38363   0.00000   0.35290  
 70 79.8079   8652.192057  x:  0.00287   0.00995   0.00220   0.01592   0.02179   0.01050   0.01859   0.00060   0.00236   0.00230   0.00452   0.00000   0.00000   0.00433   0.00244   0.00613   0.00373   0.00351   0.00230   0.00349   0.00134   0.00000   0.00334   0.00204   0.00289   0.01147   0.00000   0.00286   0.00750   0.02659   0.00247   0.00164   0.00181   0.00829   0.00514   0.02408   0.01199   0.00273   0.00935   0.00164   0.00469   0.00393   0.00314   0.00293   0.00374   0.01052   0.02521   0.00898   0.01259   0.00981   0.00194   0.00141   0.00245   0.01330   0.00400   2.63046   0.67225   0.96904   1.15671   1.80218   0.38371   0.00000   0.35290  
 71 52.2709   8652.186223  x:  0.00287   0.00989   0.00221   0.01596   0.02176   0.01049   0.01863   0.00060   0.00239   0.00233   0.00448   0.00000   0.00000   0.00435   0.00240   0.00611   0.00375   0.00350   0.00234   0.00344   0.00134   0.00000   0.00336   0.00205   0.00292   0.01147   0.00000   0.00284   0.00738   0.02688   0.00248   0.00162   0.00181   0.00833   0.00518   0.02402   0.01203   0.00270   0.00935   0.00164   0.00469   0.00392   0.00310   0.00295   0.00374   0.01056   0.02520   0.00895   0.01259   0.00982   0.00195   0.00138   0.00245   0.01327   0.00395   2.63059   0.67202   0.96907   1.15653   1.80201   0.38399   0.00000   0.35289  
 72 44.7513   8652.177698  x:  0.00287   0.00985   0.00220   0.01599   0.02175   0.01046   0.01866   0.00060   0.00241   0.00233   0.00453   0.00000   0.00000   0.00437   0.00243   0.00610   0.00373   0.00346   0.00233   0.00348   0.00133   0.00000   0.00335   0.00205   0.00290   0.01145   0.00000   0.00287   0.00727   0.02728   0.00245   0.00164   0.00181   0.00835   0.00523   0.02393   0.01213   0.00274   0.00930   0.00165   0.00469   0.00393   0.00313   0.00293   0.00373   0.01056   0.02518   0.00890   0.01255   0.00982   0.00197   0.00141   0.00244   0.01328   0.00404   2.63075   0.67163   0.96912   1.15623   1.80172   0.38448   0.00000   0.35288  
 73 111.3222   8652.169166  x:  0.00287   0.00992   0.00221   0.01594   0.02177   0.01045   0.01863   0.00060   0.00235   0.00232   0.00459   0.00000   0.00000   0.00431   0.00247   0.00617   0.00375   0.00345   0.00234   0.00352   0.00133   0.00000   0.00334   0.00205   0.00292   0.01144   0.00000   0.00285   0.00727   0.02753   0.00244   0.00166   0.00181   0.00829   0.00523   0.02390   0.01220   0.00274   0.00930   0.00165   0.00468   0.00394   0.00311   0.00291   0.00377   0.01051   0.02518   0.00891   0.01252   0.00981   0.00195   0.00141   0.00244   0.01333   0.00394   2.63088   0.67119   0.96919   1.15586   1.80137   0.38507   0.00000   0.35288  
 74 88.1009   8652.143216  x:  0.00285   0.01015   0.00219   0.01576   0.02190   0.01046   0.01851   0.00060   0.00239   0.00232   0.00452   0.00000   0.00000   0.00427   0.00240   0.00624   0.00370   0.00349   0.00233   0.00342   0.00133   0.00000   0.00335   0.00205   0.00291   0.01145   0.00000   0.00275   0.00736   0.02790   0.00246   0.00162   0.00180   0.00817   0.00513   0.02386   0.01227   0.00268   0.00939   0.00165   0.00465   0.00392   0.00312   0.00294   0.00370   0.01039   0.02518   0.00902   0.01245   0.00979   0.00196   0.00140   0.00243   0.01347   0.00404   2.63120   0.66975   0.96940   1.15465   1.80018   0.38702   0.00000   0.35288  
 75 195.7321   8652.053285  x:  0.00298   0.01026   0.00217   0.01542   0.02223   0.01055   0.01832   0.00061   0.00240   0.00226   0.00446   0.00000   0.00000   0.00464   0.00237   0.00593   0.00379   0.00358   0.00230   0.00355   0.00134   0.00000   0.00333   0.00205   0.00293   0.01157   0.00000   0.00264   0.00759   0.02828   0.00246   0.00164   0.00179   0.00837   0.00492   0.02394   0.01221   0.00288   0.00949   0.00164   0.00469   0.00397   0.00313   0.00301   0.00396   0.01043   0.02519   0.00920   0.01245   0.00984   0.00195   0.00136   0.00244   0.01359   0.00403   2.63224   0.66458   0.97019   1.15025   1.79588   0.39409   0.00000   0.35286  
 76 433.8236   8651.756401  x:  0.00259   0.01000   0.00222   0.01502   0.02295   0.01074   0.01820   0.00060   0.00218   0.00232   0.00467   0.00000   0.00000   0.00465   0.00255   0.00565   0.00395   0.00353   0.00219   0.00358   0.00139   0.00000   0.00340   0.00205   0.00292   0.01174   0.00000   0.00268   0.00777   0.02862   0.00238   0.00162   0.00176   0.00889   0.00470   0.02426   0.01196   0.00270   0.00936   0.00166   0.00482   0.00389   0.00311   0.00281   0.00341   0.01074   0.02524   0.00936   0.01262   0.00999   0.00184   0.00146   0.00243   0.01358   0.00391   2.63553   0.64791   0.97275   1.13605   1.78198   0.41691   0.00000   0.35281  
 77 2131.8209   8651.075124  x:  0.00328   0.00944   0.00224   0.01496   0.02404   0.01088   0.01839   0.00060   0.00237   0.00226   0.00455   0.00000   0.00000   0.00387   0.00262   0.00622   0.00362   0.00328   0.00210   0.00334   0.00134   0.00000   0.00330   0.00206   0.00291   0.01161   0.00000   0.00278   0.00741   0.02866   0.00242   0.00172   0.00168   0.00912   0.00464   0.02489   0.01155   0.00250   0.00885   0.00168   0.00476   0.00393   0.00315   0.00300   0.00376   0.01111   0.02535   0.00932   0.01299   0.01004   0.00200   0.00134   0.00248   0.01331   0.00404   2.64320   0.60882   0.97873   1.10273   1.74938   0.47044   0.00000   0.35267  
 78 7404.5253   8650.578375  x:  0.00263   0.00967   0.00225   0.01557   0.02414   0.01070   0.01881   0.00061   0.00234   0.00212   0.00432   0.00000   0.00000   0.00428   0.00240   0.00664   0.00375   0.00315   0.00224   0.00358   0.00130   0.00000   0.00346   0.00207   0.00293   0.01140   0.00000   0.00274   0.00674   0.02827   0.00255   0.00165   0.00163   0.00850   0.00494   0.02507   0.01160   0.00305   0.00917   0.00166   0.00470   0.00401   0.00314   0.00299   0.00391   0.01094   0.02543   0.00912   0.01309   0.00992   0.00217   0.00136   0.00246   0.01327   0.00405   2.64871   0.58063   0.98306   1.07866   1.72590   0.50905   0.00000   0.35253  
 79 8399.1056   8650.386262  x:  0.00308   0.01006   0.00223   0.01601   0.02369   0.01056   0.01902   0.00061   0.00225   0.00228   0.00450   0.00000   0.00000   0.00459   0.00247   0.00633   0.00376   0.00322   0.00214   0.00358   0.00134   0.00000   0.00336   0.00207   0.00290   0.01146   0.00000   0.00281   0.00644   0.02797   0.00254   0.00165   0.00160   0.00823   0.00509   0.02488   0.01185   0.00285   0.00948   0.00165   0.00480   0.00397   0.00314   0.00293   0.00363   0.01069   0.02547   0.00905   0.01298   0.00992   0.00211   0.00136   0.00247   0.01342   0.00399   2.65088   0.56945   0.98478   1.06908   1.71660   0.52437   0.00000   0.35243  
 80 4560.1107   8650.307895  x:  0.00289   0.01026   0.00223   0.01619   0.02312   0.01054   0.01902   0.00061   0.00234   0.00220   0.00453   0.00000   0.00000   0.00443   0.00256   0.00604   0.00374   0.00341   0.00212   0.00350   0.00136   0.00000   0.00340   0.00207   0.00294   0.01159   0.00000   0.00294   0.00641   0.02780   0.00250   0.00172   0.00160   0.00835   0.00499   0.02455   0.01207   0.00264   0.00946   0.00166   0.00480   0.00400   0.00315   0.00300   0.00384   0.01056   0.02550   0.00911   0.01283   0.00996   0.00201   0.00137   0.00248   0.01354   0.00403   2.65174   0.56500   0.98547   1.06521   1.71293   0.53047   0.00000   0.35234  
 81 1630.0583   8650.270613  x:  0.00295   0.01023   0.00222   0.01621   0.02262   0.01059   0.01893   0.00061   0.00228   0.00220   0.00447   0.00000   0.00000   0.00433   0.00245   0.00613   0.00386   0.00352   0.00218   0.00352   0.00137   0.00000   0.00340   0.00208   0.00294   0.01166   0.00000   0.00302   0.00653   0.02769   0.00248   0.00165   0.00159   0.00853   0.00485   0.02420   0.01223   0.00282   0.00938   0.00168   0.00477   0.00399   0.00316   0.00299   0.00376   0.01058   0.02552   0.00917   0.01271   0.00999   0.00196   0.00134   0.00248   0.01359   0.00406   2.65215   0.56289   0.98581   1.06331   1.71121   0.53338   0.00000   0.35223  
 82 728.1530   8650.257153  x:  0.00293   0.01012   0.00222   0.01614   0.02235   0.01065   0.01885   0.00061   0.00225   0.00223   0.00450   0.00000   0.00000   0.00443   0.00244   0.00625   0.00374   0.00350   0.00212   0.00353   0.00137   0.00000   0.00339   0.00208   0.00294   0.01163   0.00000   0.00298   0.00665   0.02766   0.00250   0.00167   0.00159   0.00852   0.00479   0.02399   0.01230   0.00277   0.00942   0.00167   0.00479   0.00398   0.00316   0.00299   0.00378   0.01066   0.02553   0.00918   0.01269   0.00998   0.00197   0.00135   0.00248   0.01355   0.00404   2.65228   0.56214   0.98594   1.06258   1.71064   0.53441   0.00000   0.35214  
 83 263.8471   8650.253898  x:  0.00294   0.01008   0.00222   0.01610   0.02229   0.01067   0.01883   0.00061   0.00227   0.00216   0.00448   0.00000   0.00000   0.00444   0.00248   0.00623   0.00380   0.00347   0.00212   0.00352   0.00137   0.00000   0.00339   0.00208   0.00294   0.01160   0.00000   0.00297   0.00670   0.02765   0.00248   0.00169   0.00159   0.00846   0.00479   0.02394   0.01232   0.00275   0.00944   0.00167   0.00478   0.00399   0.00315   0.00299   0.00377   0.01069   0.02553   0.00916   0.01272   0.00996   0.00199   0.00134   0.00247   0.01351   0.00404   2.65231   0.56198   0.98598   1.06236   1.71054   0.53465   0.00000   0.35206  
 84 75.4595   8650.250768  x:  0.00293   0.01006   0.00222   0.01604   0.02225   0.01068   0.01882   0.00061   0.00223   0.00221   0.00447   0.00000   0.00000   0.00439   0.00247   0.00615   0.00379   0.00345   0.00210   0.00352   0.00136   0.00000   0.00339   0.00208   0.00294   0.01157   0.00000   0.00298   0.00672   0.02765   0.00248   0.00166   0.00159   0.00839   0.00480   0.02390   0.01233   0.00278   0.00944   0.00167   0.00476   0.00399   0.00315   0.00298   0.00378   0.01069   0.02553   0.00912   0.01276   0.00993   0.00200   0.00133   0.00247   0.01347   0.00405   2.65232   0.56184   0.98602   1.06207   1.71052   0.53485   0.00000   0.35188  
 85 46.3707   8650.231303  x:  0.00295   0.01013   0.00221   0.01581   0.02218   0.01065   0.01888   0.00061   0.00228   0.00210   0.00453   0.00000   0.00000   0.00435   0.00231   0.00612   0.00373   0.00345   0.00212   0.00359   0.00136   0.00000   0.00339   0.00207   0.00293   0.01165   0.00000   0.00300   0.00668   0.02765   0.00256   0.00171   0.00158   0.00841   0.00481   0.02388   0.01236   0.00278   0.00944   0.00167   0.00477   0.00397   0.00315   0.00294   0.00375   0.01062   0.02552   0.00896   0.01297   0.00993   0.00197   0.00135   0.00248   0.01339   0.00401   2.65235   0.56112   0.98634   1.05996   1.71065   0.53601   0.00000   0.35041  
 86 74.4116   8650.151257  x:  0.00293   0.01033   0.00221   0.01525   0.02201   0.01056   0.01909   0.00061   0.00229   0.00229   0.00449   0.00000   0.00000   0.00447   0.00250   0.00635   0.00388   0.00352   0.00208   0.00354   0.00136   0.00000   0.00340   0.00208   0.00295   0.01186   0.00000   0.00300   0.00646   0.02762   0.00248   0.00169   0.00157   0.00857   0.00478   0.02385   0.01245   0.00274   0.00943   0.00167   0.00480   0.00400   0.00316   0.00305   0.00379   0.01043   0.02549   0.00860   0.01349   0.01002   0.00199   0.00134   0.00248   0.01328   0.00409   2.65245   0.55816   0.98768   1.05111   1.71132   0.54076   0.00000   0.34414  
 87 709.5640   8649.741635  x:  0.00296   0.01033   0.00224   0.01478   0.02187   0.01050   0.01936   0.00059   0.00197   0.00189   0.00426   0.00000   0.00000   0.00461   0.00297   0.00633   0.00320   0.00359   0.00260   0.00311   0.00143   0.00000   0.00331   0.00208   0.00293   0.01171   0.00000   0.00307   0.00597   0.02768   0.00218   0.00142   0.00149   0.00867   0.00473   0.02393   0.01261   0.00298   0.00953   0.00168   0.00466   0.00404   0.00314   0.00274   0.00378   0.01042   0.02546   0.00874   0.01402   0.01038   0.00181   0.00133   0.00244   0.01355   0.00396   2.65289   0.54354   0.99435   1.00684   1.71490   0.56429   0.00000   0.31262  
 88 1775.6104   8646.089461  x:  0.00292   0.00956   0.00221   0.01365   0.02142   0.01049   0.02006   0.00058   0.00191   0.00179   0.00444   0.00000   0.00000   0.00436   0.00248   0.00624   0.00371   0.00359   0.00177   0.00320   0.00137   0.00000   0.00336   0.00207   0.00295   0.01005   0.00000   0.00324   0.00323   0.02837   0.00232   0.00159   0.00093   0.00842   0.00422   0.02462   0.01323   0.00292   0.00970   0.00168   0.00457   0.00371   0.00317   0.00282   0.00384   0.01091   0.02524   0.01066   0.01543   0.01181   0.00166   0.00115   0.00245   0.01540   0.00406   2.65623   0.43261   1.04499   0.67066   1.74223   0.74288   0.00000   0.07309  
 89 19160.1856   8644.911691  x:  0.00292   0.00960   0.00220   0.01411   0.02161   0.01033   0.01965   0.00058   0.00161   0.00159   0.00422   0.00000   0.00000   0.00439   0.00255   0.00627   0.00355   0.00328   0.00174   0.00333   0.00131   0.00000   0.00334   0.00206   0.00290   0.01097   0.00000   0.00318   0.00303   0.02873   0.00231   0.00138   0.00076   0.00850   0.00379   0.02464   0.01301   0.00271   0.00962   0.00167   0.00448   0.00423   0.00314   0.00283   0.00373   0.01079   0.02509   0.01002   0.01495   0.01115   0.00182   0.00101   0.00243   0.01489   0.00402   2.65725   0.39878   1.06040   0.56818   1.75056   0.79733   0.00000   0.00000  
 90 26792.7264   8644.899863  x:  0.00292   0.00964   0.00220   0.01415   0.02163   0.01033   0.01961   0.00058   0.00163   0.00157   0.00424   0.00000   0.00000   0.00438   0.00257   0.00628   0.00355   0.00326   0.00169   0.00324   0.00131   0.00000   0.00333   0.00206   0.00290   0.01099   0.00000   0.00316   0.00305   0.02874   0.00229   0.00143   0.00075   0.00853   0.00379   0.02464   0.01298   0.00279   0.00965   0.00167   0.00449   0.00406   0.00314   0.00280   0.00375   0.01079   0.02508   0.00995   0.01490   0.01114   0.00180   0.00103   0.00243   0.01482   0.00402   2.65728   0.39751   1.06097   0.56431   1.75089   0.79938   0.00000   0.00000  
 91 1410.4283   8644.898171  x:  0.00292   0.00968   0.00220   0.01414   0.02163   0.01035   0.01961   0.00058   0.00163   0.00156   0.00422   0.00000   0.00000   0.00438   0.00258   0.00628   0.00355   0.00328   0.00169   0.00327   0.00131   0.00000   0.00333   0.00206   0.00290   0.01093   0.00000   0.00316   0.00306   0.02875   0.00228   0.00141   0.00075   0.00855   0.00380   0.02463   0.01297   0.00276   0.00966   0.00167   0.00448   0.00403   0.00314   0.00279   0.00376   0.01079   0.02508   0.00991   0.01486   0.01119   0.00180   0.00102   0.00243   0.01477   0.00402   2.65728   0.39737   1.06103   0.56390   1.75096   0.79958   0.00000   0.00000  
 92 74.3373   8644.896923  x:  0.00292   0.00971   0.00219   0.01414   0.02164   0.01037   0.01962   0.00058   0.00163   0.00156   0.00424   0.00000   0.00000   0.00437   0.00257   0.00628   0.00355   0.00329   0.00168   0.00325   0.00131   0.00000   0.00334   0.00206   0.00290   0.01090   0.00000   0.00315   0.00306   0.02875   0.00229   0.00141   0.00075   0.00856   0.00380   0.02463   0.01295   0.00278   0.00966   0.00167   0.00448   0.00408   0.00314   0.00280   0.00375   0.01080   0.02508   0.00988   0.01482   0.01124   0.00179   0.00102   0.00243   0.01474   0.00402   2.65728   0.39733   1.06103   0.56375   1.75103   0.79962   0.00000   0.00000  
 93 27.0615   8644.887268  x:  0.00292   0.00966   0.00220   0.01405   0.02163   0.01047   0.01974   0.00058   0.00164   0.00157   0.00423   0.00000   0.00000   0.00439   0.00257   0.00627   0.00355   0.00329   0.00171   0.00326   0.00132   0.00000   0.00334   0.00206   0.00290   0.01103   0.00000   0.00317   0.00304   0.02875   0.00229   0.00142   0.00075   0.00840   0.00376   0.02462   0.01288   0.00279   0.00960   0.00167   0.00450   0.00404   0.00314   0.00280   0.00376   0.01079   0.02508   0.00983   0.01463   0.01141   0.00178   0.00103   0.00243   0.01473   0.00402   2.65721   0.39749   1.06078   0.56385   1.75174   0.79912   0.00000   0.00000  
 94 16.2877   8644.723954  x:  0.00293   0.00942   0.00221   0.01353   0.02155   0.01043   0.02055   0.00058   0.00162   0.00153   0.00419   0.00000   0.00000   0.00435   0.00259   0.00628   0.00355   0.00322   0.00163   0.00327   0.00130   0.00000   0.00334   0.00206   0.00289   0.01101   0.00000   0.00312   0.00307   0.02871   0.00228   0.00140   0.00076   0.00872   0.00402   0.02456   0.01252   0.00279   0.00985   0.00166   0.00448   0.00405   0.00314   0.00278   0.00374   0.01029   0.02512   0.01014   0.01365   0.01080   0.00183   0.00102   0.00243   0.01439   0.00401   2.65601   0.40111   1.05602   0.56831   1.76404   0.78890   0.00000   0.00000  
 95 132.8827   8643.971989  x:  0.00292   0.01042   0.00219   0.01420   0.02167   0.00977   0.02018   0.00058   0.00166   0.00156   0.00418   0.00000   0.00000   0.00437   0.00259   0.00629   0.00357   0.00311   0.00162   0.00329   0.00131   0.00000   0.00334   0.00207   0.00290   0.01148   0.00000   0.00310   0.00352   0.02867   0.00231   0.00144   0.00081   0.00854   0.00391   0.02435   0.01238   0.00279   0.00950   0.00167   0.00455   0.00396   0.00315   0.00279   0.00377   0.01179   0.02513   0.00966   0.01328   0.01028   0.00188   0.00103   0.00244   0.01409   0.00401   2.65034   0.41841   1.03347   0.59016   1.82178   0.74044   0.00000   0.00000  
 96 1480.2926   8643.750931  x:  0.00293   0.00989   0.00219   0.01490   0.02186   0.01042   0.01939   0.00058   0.00165   0.00155   0.00419   0.00000   0.00000   0.00437   0.00258   0.00630   0.00359   0.00309   0.00160   0.00329   0.00130   0.00000   0.00334   0.00207   0.00291   0.01152   0.00000   0.00307   0.00372   0.02868   0.00231   0.00145   0.00082   0.00860   0.00384   0.02432   0.01256   0.00278   0.00971   0.00167   0.00451   0.00394   0.00314   0.00278   0.00377   0.01068   0.02513   0.00928   0.01367   0.01065   0.00189   0.00103   0.00244   0.01404   0.00402   2.64870   0.42338   1.02693   0.59647   1.83842   0.72650   0.00000   0.00000  
 97 2005.4850   8643.750012  x:  0.00293   0.00987   0.00219   0.01490   0.02186   0.01033   0.01938   0.00058   0.00165   0.00155   0.00419   0.00000   0.00000   0.00436   0.00258   0.00630   0.00359   0.00309   0.00159   0.00329   0.00130   0.00000   0.00334   0.00207   0.00291   0.01153   0.00000   0.00306   0.00373   0.02868   0.00231   0.00145   0.00082   0.00859   0.00384   0.02432   0.01256   0.00278   0.00971   0.00167   0.00451   0.00394   0.00314   0.00279   0.00377   0.01065   0.02513   0.00931   0.01367   0.01069   0.00188   0.00103   0.00244   0.01399   0.00402   2.64869   0.42337   1.02684   0.59647   1.83851   0.72651   0.00000   0.00000  
 98 12.0348   8641.975970  x:  0.00292   0.00985   0.00213   0.01489   0.02231   0.01036   0.01952   0.00057   0.00156   0.00147   0.00420   0.00000   0.00000   0.00428   0.00250   0.00632   0.00365   0.00249   0.00145   0.00324   0.00128   0.00000   0.00331   0.00207   0.00294   0.01177   0.00000   0.00307   0.00370   0.02866   0.00222   0.00138   0.00079   0.00867   0.00379   0.02364   0.01240   0.00272   0.00989   0.00165   0.00449   0.00389   0.00315   0.00271   0.00382   0.01082   0.02485   0.00923   0.01359   0.01077   0.00182   0.00096   0.00239   0.01412   0.00407   2.62612   0.32955   0.75464   0.53202   2.03401   0.86812   0.00000   0.00000  
 99 12.1260   8640.765215  x:  0.00292   0.00986   0.00211   0.01493   0.02237   0.01038   0.01965   0.00056   0.00156   0.00150   0.00426   0.00000   0.00000   0.00427   0.00245   0.00635   0.00370   0.00214   0.00147   0.00323   0.00129   0.00000   0.00331   0.00207   0.00298   0.01187   0.00000   0.00312   0.00388   0.02850   0.00218   0.00134   0.00085   0.00869   0.00392   0.02346   0.01239   0.00270   0.01007   0.00165   0.00452   0.00390   0.00317   0.00268   0.00388   0.01090   0.02490   0.00926   0.01360   0.01088   0.00176   0.00094   0.00237   0.01427   0.00412   2.63811   0.35420   0.55690   0.49126   2.14271   0.98137   0.00000   0.00000  
100 54.7356   8638.890421  x:  0.00291   0.00976   0.00205   0.01491   0.02275   0.01065   0.01992   0.00054   0.00197   0.00200   0.00463   0.00000   0.00000   0.00422   0.00227   0.00636   0.00385   0.00116   0.00209   0.00323   0.00137   0.00000   0.00330   0.00208   0.00310   0.01222   0.00000   0.00317   0.00653   0.02724   0.00207   0.00125   0.00166   0.00867   0.00512   0.02321   0.01221   0.00257   0.01039   0.00163   0.00470   0.00396   0.00323   0.00263   0.00403   0.01107   0.02499   0.00936   0.01334   0.01077   0.00154   0.00112   0.00230   0.01461   0.00428   2.67831   0.30597   0.53373   0.38998   2.37004   1.22363   0.00000   0.00000  
101  5.3371   8637.602379  x:  0.00289   0.00984   0.00198   0.01549   0.02294   0.01069   0.01967   0.00052   0.00185   0.00191   0.00465   0.00000   0.00000   0.00413   0.00215   0.00640   0.00395   0.00040   0.00191   0.00321   0.00134   0.00000   0.00330   0.00208   0.00315   0.01291   0.00000   0.00314   0.00673   0.02723   0.00202   0.00113   0.00165   0.00871   0.00505   0.02310   0.01197   0.00245   0.01069   0.00162   0.00468   0.00399   0.00325   0.00256   0.00410   0.01120   0.02488   0.00881   0.01272   0.01060   0.00148   0.00101   0.00227   0.01443   0.00435   2.70759   0.35364   0.63267   0.49845   2.49847   1.38761   0.00000   0.00000  
102  5.7255   8635.917433  x:  0.00288   0.00983   0.00179   0.01633   0.02331   0.01075   0.01960   0.00053   0.00164   0.00176   0.00486   0.00000   0.00000   0.00391   0.00177   0.00655   0.00429   0.00127   0.00159   0.00312   0.00128   0.00000   0.00336   0.00211   0.00332   0.01425   0.00000   0.00319   0.00717   0.02683   0.00182   0.00070   0.00171   0.00880   0.00525   0.02247   0.01171   0.00215   0.01169   0.00161   0.00469   0.00408   0.00339   0.00229   0.00439   0.01171   0.02471   0.00816   0.01202   0.01073   0.00094   0.00077   0.00226   0.01477   0.00465   2.77826   0.41576   0.76417   0.61998   2.62899   1.58061   0.00000   0.00000  
103  1.8527   8634.593023  x:  0.00288   0.00962   0.00163   0.01618   0.02309   0.01048   0.02022   0.00054   0.00141   0.00154   0.00499   0.00000   0.00000   0.00375   0.00142   0.00668   0.00461   0.00096   0.00130   0.00308   0.00132   0.00000   0.00346   0.00216   0.00350   0.01431   0.00000   0.00347   0.00615   0.02649   0.00162   0.00070   0.00157   0.00882   0.00519   0.02159   0.01206   0.00192   0.01289   0.00164   0.00461   0.00414   0.00355   0.00214   0.00473   0.01214   0.02461   0.00883   0.01296   0.01172   0.00045   0.00063   0.00227   0.01591   0.00498   2.84850   0.39720   0.71215   0.52546   2.34190   1.28544   0.00000   0.00000  
104  1.1844   8634.218751  x:  0.00289   0.00960   0.00159   0.01622   0.02319   0.01031   0.02038   0.00059   0.00137   0.00147   0.00503   0.00000   0.00000   0.00374   0.00142   0.00677   0.00478   0.00087   0.00131   0.00301   0.00134   0.00000   0.00356   0.00220   0.00358   0.01443   0.00000   0.00358   0.00561   0.02650   0.00154   0.00075   0.00152   0.00890   0.00512   0.02115   0.01213   0.00185   0.01360   0.00166   0.00463   0.00421   0.00365   0.00208   0.00495   0.01229   0.02465   0.00892   0.01320   0.01202   0.00096   0.00067   0.00230   0.01619   0.00518   2.88798   0.39237   0.69931   0.49991   2.25115   1.19495   0.00000   0.00000  
105  0.5243   8633.953671  x:  0.00292   0.00978   0.00157   0.01644   0.02349   0.01014   0.02021   0.00064   0.00151   0.00151   0.00500   0.00000   0.00000   0.00383   0.00173   0.00682   0.00486   0.00084   0.00157   0.00297   0.00143   0.00000   0.00365   0.00221   0.00365   0.01456   0.00000   0.00361   0.00510   0.02679   0.00158   0.00093   0.00155   0.00909   0.00495   0.02070   0.01196   0.00194   0.01426   0.00168   0.00463   0.00427   0.00372   0.00219   0.00513   0.01217   0.02468   0.00873   0.01305   0.01200   0.00085   0.00091   0.00237   0.01587   0.00533   2.93555   0.39045   0.69977   0.50957   2.27308   1.21601   0.00000   0.00000  
106  0.1190   8633.856366  x:  0.00293   0.00980   0.00163   0.01646   0.02363   0.01025   0.02028   0.00068   0.00159   0.00160   0.00498   0.00000   0.00000   0.00391   0.00170   0.00678   0.00489   0.00078   0.00150   0.00300   0.00147   0.00000   0.00368   0.00219   0.00367   0.01464   0.00000   0.00352   0.00512   0.02686   0.00171   0.00075   0.00155   0.00908   0.00478   0.02061   0.01185   0.00203   0.01454   0.00166   0.00467   0.00427   0.00373   0.00227   0.00524   0.01206   0.02456   0.00871   0.01302   0.01182   0.00083   0.00078   0.00239   0.01589   0.00540   2.97370   0.38336   0.69408   0.51029   2.28921   1.23243   0.00000   0.00000  
107  0.0659   8633.830082  x:  0.00294   0.00978   0.00166   0.01644   0.02367   0.01037   0.02034   0.00071   0.00152   0.00159   0.00498   0.00000   0.00000   0.00392   0.00163   0.00675   0.00490   0.00077   0.00146   0.00304   0.00146   0.00000   0.00367   0.00218   0.00367   0.01469   0.00000   0.00345   0.00526   0.02684   0.00171   0.00086   0.00156   0.00903   0.00474   0.02063   0.01182   0.00200   0.01460   0.00166   0.00467   0.00426   0.00373   0.00224   0.00527   0.01203   0.02451   0.00872   0.01299   0.01171   0.00080   0.00076   0.00239   0.01594   0.00541   2.99636   0.38270   0.69913   0.51553   2.30305   1.24958   0.00000   0.00000  
108  0.0572   8633.816611  x:  0.00293   0.00977   0.00165   0.01640   0.02365   0.01039   0.02035   0.00073   0.00148   0.00155   0.00499   0.00000   0.00000   0.00391   0.00163   0.00672   0.00490   0.00076   0.00146   0.00304   0.00143   0.00000   0.00364   0.00218   0.00366   0.01468   0.00000   0.00339   0.00527   0.02685   0.00165   0.00080   0.00157   0.00898   0.00477   0.02063   0.01184   0.00198   0.01458   0.00166   0.00466   0.00423   0.00372   0.00222   0.00528   0.01200   0.02451   0.00874   0.01301   0.01168   0.00077   0.00081   0.00237   0.01594   0.00541   3.01560   0.38163   0.70133   0.51347   2.29552   1.24243   0.00000   0.00000  
109  0.0328   8633.810511  x:  0.00293   0.00977   0.00164   0.01637   0.02363   0.01035   0.02032   0.00075   0.00152   0.00155   0.00500   0.00000   0.00000   0.00389   0.00165   0.00671   0.00487   0.00076   0.00148   0.00303   0.00141   0.00000   0.00363   0.00218   0.00364   0.01463   0.00000   0.00338   0.00523   0.02687   0.00164   0.00081   0.00158   0.00897   0.00481   0.02059   0.01185   0.00198   0.01453   0.00166   0.00464   0.00422   0.00370   0.00222   0.00526   0.01200   0.02453   0.00874   0.01302   0.01171   0.00076   0.00076   0.00237   0.01592   0.00539   3.02723   0.38184   0.70410   0.51180   2.28756   1.23396   0.00000   0.00000  
110  0.0218   8633.808384  x:  0.00293   0.00977   0.00164   0.01637   0.02363   0.01033   0.02032   0.00077   0.00152   0.00157   0.00499   0.00000   0.00000   0.00388   0.00163   0.00672   0.00486   0.00078   0.00146   0.00303   0.00142   0.00000   0.00363   0.00218   0.00363   0.01460   0.00000   0.00340   0.00523   0.02685   0.00167   0.00081   0.00158   0.00898   0.00481   0.02055   0.01184   0.00198   0.01447   0.00166   0.00464   0.00423   0.00370   0.00223   0.00524   0.01201   0.02453   0.00874   0.01303   0.01173   0.00077   0.00078   0.00237   0.01592   0.00537   3.03139   0.38215   0.70557   0.51202   2.28722   1.23351   0.00000   0.00000  
111  0.0055   8633.807472  x:  0.00293   0.00977   0.00164   0.01638   0.02365   0.01033   0.02034   0.00078   0.00151   0.00156   0.00498   0.00000   0.00000   0.00389   0.00165   0.00673   0.00485   0.00078   0.00146   0.00303   0.00142   0.00000   0.00364   0.00218   0.00363   0.01459   0.00000   0.00341   0.00524   0.02683   0.00167   0.00081   0.00159   0.00899   0.00480   0.02051   0.01182   0.00199   0.01441   0.00166   0.00465   0.00423   0.00370   0.00223   0.00523   0.01201   0.02451   0.00874   0.01303   0.01174   0.00078   0.00078   0.00237   0.01593   0.00536   3.03275   0.38185   0.70526   0.51260   2.28947   1.23580   0.00000   0.00000  
112  0.0036   8633.807084  x:  0.00293   0.00977   0.00164   0.01639   0.02366   0.01034   0.02033   0.00079   0.00152   0.00156   0.00498   0.00000   0.00000   0.00389   0.00163   0.00673   0.00486   0.00077   0.00146   0.00303   0.00142   0.00000   0.00364   0.00218   0.00364   0.01459   0.00000   0.00342   0.00522   0.02684   0.00166   0.00082   0.00159   0.00900   0.00478   0.02050   0.01182   0.00198   0.01439   0.00166   0.00465   0.00424   0.00370   0.00223   0.00522   0.01201   0.02451   0.00873   0.01302   0.01173   0.00078   0.00078   0.00237   0.01593   0.00536   3.03274   0.38143   0.70391   0.51202   2.29066   1.23670   0.00000   0.00000  
113  0.0017   8633.806536  x:  0.00293   0.00977   0.00164   0.01639   0.02367   0.01034   0.02033   0.00079   0.00150   0.00156   0.00498   0.00000   0.00000   0.00389   0.00164   0.00672   0.00486   0.00077   0.00146   0.00303   0.00142   0.00000   0.00364   0.00218   0.00364   0.01460   0.00000   0.00341   0.00519   0.02685   0.00167   0.00082   0.00161   0.00900   0.00477   0.02052   0.01182   0.00199   0.01438   0.00166   0.00465   0.00423   0.00370   0.00223   0.00522   0.01201   0.02451   0.00873   0.01302   0.01172   0.00078   0.00078   0.00237   0.01595   0.00536   3.03098   0.38142   0.70278   0.51118   2.29070   1.23664   0.00000   0.00000  
114  0.0013   8633.806091  x:  0.00293   0.00977   0.00164   0.01638   0.02366   0.01034   0.02033   0.00079   0.00151   0.00155   0.00498   0.00000   0.00000   0.00389   0.00164   0.00672   0.00486   0.00077   0.00146   0.00303   0.00142   0.00000   0.00364   0.00218   0.00364   0.01461   0.00000   0.00341   0.00519   0.02686   0.00167   0.00081   0.00163   0.00899   0.00477   0.02053   0.01184   0.00199   0.01439   0.00166   0.00465   0.00423   0.00370   0.00222   0.00522   0.01201   0.02452   0.00874   0.01303   0.01172   0.00078   0.00078   0.00237   0.01594   0.00537   3.02814   0.38227   0.70428   0.51274   2.29490   1.24079   0.00000   0.00000  
115  0.0041   8633.805946  x:  0.00293   0.00977   0.00164   0.01638   0.02365   0.01034   0.02033   0.00079   0.00150   0.00156   0.00497   0.00000   0.00000   0.00389   0.00164   0.00672   0.00486   0.00078   0.00146   0.00303   0.00142   0.00000   0.00364   0.00218   0.00364   0.01460   0.00000   0.00341   0.00519   0.02686   0.00166   0.00081   0.00164   0.00899   0.00476   0.02053   0.01183   0.00198   0.01441   0.00166   0.00465   0.00423   0.00370   0.00223   0.00522   0.01201   0.02452   0.00873   0.01302   0.01173   0.00078   0.00078   0.00237   0.01593   0.00536   3.02825   0.38206   0.70438   0.51256   2.29553   1.24106   0.00000   0.00000  
116  0.0006   8633.805885  x:  0.00293   0.00977   0.00164   0.01638   0.02365   0.01034   0.02033   0.00079   0.00151   0.00155   0.00497   0.00000   0.00000   0.00389   0.00164   0.00672   0.00486   0.00077   0.00145   0.00303   0.00142   0.00000   0.00364   0.00218   0.00363   0.01459   0.00000   0.00341   0.00519   0.02686   0.00167   0.00081   0.00164   0.00899   0.00476   0.02053   0.01183   0.00199   0.01441   0.00166   0.00465   0.00423   0.00370   0.00223   0.00522   0.01201   0.02451   0.00873   0.01302   0.01173   0.00078   0.00078   0.00237   0.01593   0.00536   3.02907   0.38178   0.70414   0.51209   2.29483   1.24035   0.00000   0.00000  
117  0.0011   8633.805852  x:  0.00293   0.00977   0.00164   0.01639   0.02366   0.01034   0.02033   0.00078   0.00151   0.00156   0.00497   0.00000   0.00000   0.00389   0.00164   0.00672   0.00486   0.00077   0.00146   0.00303   0.00142   0.00000   0.00364   0.00218   0.00363   0.01459   0.00000   0.00341   0.00518   0.02686   0.00166   0.00081   0.00164   0.00899   0.00476   0.02053   0.01183   0.00199   0.01441   0.00166   0.00465   0.00423   0.00370   0.00223   0.00522   0.01201   0.02452   0.00874   0.01302   0.01173   0.00078   0.00078   0.00237   0.01593   0.00536   3.02975   0.38178   0.70413   0.51218   2.29510   1.24073   0.00000   0.00000  
118  0.0005   8633.805832  x:  0.00293   0.00977   0.00164   0.01638   0.02365   0.01034   0.02033   0.00078   0.00151   0.00156   0.00497   0.00000   0.00000   0.00389   0.00164   0.00672   0.00486   0.00077   0.00145   0.00303   0.00142   0.00000   0.00364   0.00218   0.00363   0.01459   0.00000   0.00341   0.00518   0.02686   0.00167   0.00081   0.00164   0.00899   0.00476   0.02053   0.01183   0.00198   0.01440   0.00166   0.00465   0.00423   0.00370   0.00223   0.00522   0.01201   0.02452   0.00873   0.01302   0.01173   0.00078   0.00078   0.00237   0.01593   0.00536   3.02988   0.38187   0.70423   0.51228   2.29538   1.24098   0.00000   0.00000  
119  0.0003   8633.805828  x:  0.00293   0.00977   0.00164   0.01638   0.02365   0.01034   0.02033   0.00078   0.00151   0.00156   0.00497   0.00000   0.00000   0.00389   0.00164   0.00672   0.00486   0.00077   0.00146   0.00303   0.00142   0.00000   0.00364   0.00218   0.00363   0.01459   0.00000   0.00341   0.00518   0.02686   0.00167   0.00081   0.00164   0.00899   0.00476   0.02053   0.01183   0.00199   0.01440   0.00166   0.00465   0.00423   0.00370   0.00223   0.00522   0.01201   0.02452   0.00873   0.01302   0.01173   0.00078   0.00078   0.00237   0.01593   0.00536   3.02986   0.38186   0.70421   0.51224   2.29529   1.24085   0.00000   0.00000  