Supplemental results for CODEML (seqf: /home/leticiamagpali/phd/evol_models/codeml/small_dataset/cml_align/CASQ1_codon_aligned.phy  treef: /home/leticiamagpali/phd/evol_models/codeml/small_dataset/cml_trees/gene_trees/H3_gene_trees/CASQ1_codon_H3.tre)

I	J	ij	2Ns_IJ	pMut_IJ	pSub_IJ	2Ns_JI	pMut_JI	pSub_JI

TTC	TTT	CT	0.74668	0.19364	0.27485	-0.74668	0.40859	0.27485	0.27485	0.27485
TTA	TTT	AT	1.34268	0.00931	0.01693	-1.34268	0.03567	0.01693	0.00846	0.00846
TTA	TTC	AC	0.59600	0.03607	0.04788	-0.59600	0.06546	0.04788	0.02394	0.02394
TTG	TTT	GT	5.09387	0.00011	0.00058	-5.09387	0.01830	0.00058	0.00029	0.00029
TTG	TTC	GC	4.34719	0.00043	0.00191	-4.34719	0.03357	0.00191	0.00096	0.00096
TTG	TTA	GA	3.75119	0.00095	0.00365	-3.75119	0.04040	0.00365	0.00365	0.00365
TCT	TTT	CT	2.25949	0.04266	0.10762	-2.25949	0.40859	0.10762	0.05381	0.05381
TCC	TTC	CT	4.55827	0.00786	0.03620	-4.55827	0.74980	0.03620	0.01810	0.01810
TCC	TCT	CT	3.04546	0.00786	0.02513	-3.04546	0.16517	0.02513	0.02513	0.02513
TCA	TTA	CT	0.97683	0.06792	0.10640	-0.97683	0.18039	0.10640	0.05320	0.05320
TCA	TCT	AT	0.06002	0.01358	0.01399	-0.06002	0.01442	0.01399	0.01399	0.01399
TCA	TCC	AC	-2.98544	0.05258	0.00835	2.98544	0.00266	0.00835	0.00835	0.00835
TCG	TTG	CT	1.35378	0.00056	0.00102	-1.35378	0.00217	0.00102	0.00051	0.00051
TCG	TCT	GT	4.18816	0.00011	0.00048	-4.18816	0.00740	0.00048	0.00048	0.00048
TCG	TCC	GC	1.14270	0.00043	0.00073	-1.14270	0.00136	0.00073	0.00073	0.00073
TCG	TCA	GA	4.12814	0.00095	0.00398	-4.12814	0.05889	0.00398	0.00398	0.00398
TAT	TTT	AT	1.03413	0.01268	0.02035	-1.03413	0.03567	0.02035	0.01017	0.01017
TAT	TCT	AC	-1.22536	0.04910	0.02501	1.22536	0.01442	0.02501	0.01251	0.01251
TAC	TTC	AT	0.91330	0.02626	0.04005	-0.91330	0.06546	0.04005	0.02003	0.02003
TAC	TCC	AC	-3.64497	0.10168	0.00994	3.64497	0.00266	0.00994	0.00497	0.00497
TAC	TAT	CT	0.62585	0.13134	0.17670	-0.62585	0.24559	0.17670	0.17670	0.17670
TGT	TTT	GT	9.67181	0.00000	0.00000	-9.67181	0.01830	0.00001	0.00000	0.00001
TGT	TCT	GC	7.41232	0.00000	0.00000	-7.41232	0.00740	0.00003	0.00000	0.00002
TGT	TAT	GA	8.63768	0.00000	0.00000	-8.63768	0.05500	0.00008	0.00000	0.00004
TGC	TTC	GT	10.27891	0.00000	0.00000	-10.27891	0.03357	0.00001	0.00000	0.00001
TGC	TCC	GC	5.72065	0.00000	0.00000	-5.72065	0.00136	0.00003	0.00000	0.00001
TGC	TAC	GA	9.36561	0.00000	0.00000	-9.36561	0.11389	0.00009	0.00000	0.00005
TGC	TGT	CT	1.35378	0.00000	0.00000	-1.35378	0.00000	0.00000	0.00000	0.00000
TGG	TTG	GT	-4.93007	0.01347	0.00048	4.93007	0.00010	0.00048	0.00024	0.00024
TGG	TCG	GC	-6.28385	0.05215	0.00061	6.28385	0.00010	0.00061	0.00031	0.00031
TGG	TGT	GT	-9.50801	0.01347	0.00001	9.50801	0.00000	0.00000	0.00000	0.00000
TGG	TGC	GC	-10.86179	0.05215	0.00001	10.86179	0.00000	0.00000	0.00001	0.00000
CTT	TTT	CT	3.25802	0.01572	0.05325	-3.25802	0.40859	0.05325	0.02663	0.02663
CTC	TTC	CT	2.54337	0.05894	0.16268	-2.54337	0.74980	0.16268	0.08134	0.08134
CTC	CTT	CT	0.03203	0.05894	0.05988	-0.03203	0.06085	0.05988	0.05988	0.05988
CTA	TTA	CT	0.85997	0.07634	0.11381	-0.85997	0.18039	0.11381	0.11381	0.11381
CTA	CTT	AT	-1.05537	0.01526	0.00860	1.05537	0.00531	0.00860	0.00860	0.00860
CTA	CTC	AC	-1.08740	0.05910	0.03268	1.08740	0.01992	0.03268	0.03268	0.03268
CTG	TTG	CT	-5.24745	0.41311	0.01146	5.24745	0.00217	0.01146	0.01146	0.01146
CTG	CTT	GT	-3.41160	0.08260	0.00961	3.41160	0.00272	0.00961	0.00961	0.00961
CTG	CTC	GC	-3.44363	0.31983	0.03635	3.44363	0.01022	0.03635	0.03635	0.03635
CTG	CTA	GA	-2.35623	0.69840	0.17229	2.35623	0.06619	0.17229	0.17229	0.17229
CCT	TCT	CT	0.49713	0.10047	0.12750	-0.49713	0.16517	0.12750	0.06375	0.06375
CCT	CTT	CT	-0.50140	0.10047	0.07738	0.50140	0.06085	0.07738	0.03869	0.03869
CCC	TCC	CT	-1.38244	0.12124	0.05616	1.38244	0.03043	0.05616	0.02808	0.02808
CCC	CTC	CT	0.63246	0.12124	0.16359	-0.63246	0.22820	0.16359	0.08180	0.08180
CCC	CCT	CT	1.16589	0.12124	0.20535	-1.16589	0.38903	0.20535	0.20535	0.20535
CCA	TCA	CT	2.81737	0.01572	0.04709	-2.81737	0.26297	0.04709	0.02355	0.02355
CCA	CTA	CT	2.93423	0.01572	0.04870	-2.93423	0.29557	0.04870	0.02435	0.02435
CCA	CCT	AT	2.38026	0.00314	0.00824	-2.38026	0.03396	0.00824	0.00824	0.00824
CCA	CCC	AC	1.21437	0.01217	0.02101	-1.21437	0.04098	0.02101	0.02101	0.02101
CCG	TCG	CT	-1.97842	0.01572	0.00499	1.97842	0.00217	0.00499	0.00249	0.00249
CCG	CTG	CT	4.62281	0.01572	0.07337	-4.62281	1.59957	0.07337	0.03669	0.03669
CCG	CCT	GT	1.71261	0.00314	0.00657	-1.71261	0.01742	0.00657	0.00657	0.00657
CCG	CCC	GC	0.54672	0.01217	0.01579	-0.54672	0.02102	0.01579	0.01579	0.01579
CCG	CCA	GA	-0.66765	0.02657	0.01868	0.66765	0.01363	0.01868	0.01868	0.01868
CAT	TAT	CT	2.02073	0.03255	0.07584	-2.02073	0.24559	0.07584	0.03792	0.03792
CAT	CTT	AT	-0.20316	0.00651	0.00587	0.20316	0.00531	0.00587	0.00294	0.00294
CAT	CCT	AC	0.29824	0.02520	0.02915	-0.29824	0.03396	0.02915	0.01457	0.01457
CAC	TAC	CT	2.74866	0.03255	0.09560	-2.74866	0.50856	0.09560	0.04780	0.04780
CAC	CTC	AT	1.11860	0.00651	0.01081	-1.11860	0.01992	0.01081	0.00541	0.00541
CAC	CCC	AC	0.48613	0.02520	0.03182	-0.48613	0.04098	0.03182	0.01591	0.01591
CAC	CAT	CT	1.35378	0.03255	0.05942	-1.35378	0.12605	0.05942	0.05942	0.05942
CAA	CTA	AT	0.79334	0.01167	0.01691	-0.79334	0.02580	0.01691	0.00845	0.00845
CAA	CCA	AC	-2.14089	0.04519	0.01289	2.14089	0.00531	0.01289	0.00644	0.00644
CAA	CAT	AT	-0.05887	0.01167	0.01133	0.05887	0.01100	0.01133	0.00567	0.00567
CAA	CAC	AC	-1.41265	0.04519	0.02055	1.41265	0.01100	0.02055	0.01027	0.01027
CAG	CTG	AT	2.54134	0.01100	0.03034	-2.54134	0.13964	0.03034	0.01517	0.01517
CAG	CCG	AC	-2.08147	0.04259	0.01263	2.08147	0.00531	0.01263	0.00632	0.00632
CAG	CAT	GT	-0.66710	0.01100	0.00773	0.66710	0.00564	0.00773	0.00387	0.00387
CAG	CAC	GC	-2.02088	0.04259	0.01315	2.02088	0.00564	0.01315	0.00657	0.00657
CAG	CAA	GA	-0.60823	0.09299	0.06756	0.60823	0.05062	0.06756	0.06756	0.06756
CGT	TGT	CT	-6.59146	0.01628	0.00015	6.59146	0.00000	0.00000	0.00007	0.00000
CGT	CTT	GT	-0.17767	0.00325	0.00297	0.17767	0.00272	0.00297	0.00149	0.00149
CGT	CCT	GC	0.32373	0.01260	0.01475	-0.32373	0.01742	0.01475	0.00738	0.00738
CGT	CAT	GA	0.02549	0.02752	0.02787	-0.02549	0.02823	0.02787	0.01394	0.01394
CGC	TGC	CT	1.35378	0.00000	0.00000	-1.35378	0.00000	0.00000	0.00000	0.00000
CGC	CTC	GT	9.08933	0.00000	0.00000	-9.08933	0.01022	0.00001	0.00000	0.00001
CGC	CCC	GC	8.45687	0.00000	0.00000	-8.45687	0.02102	0.00004	0.00000	0.00002
CGC	CAC	GA	7.97073	0.00000	0.00000	-7.97073	0.02823	0.00008	0.00000	0.00004
CGC	CGT	CT	9.29902	0.00000	0.00000	-9.29902	0.06303	0.00005	0.00000	0.00005
CGA	CTA	GT	1.36888	0.00337	0.00618	-1.36888	0.01323	0.00618	0.00309	0.00309
CGA	CCA	GC	-1.56535	0.01304	0.00539	1.56535	0.00272	0.00539	0.00270	0.00270
CGA	CAA	GA	0.57554	0.02847	0.03744	-0.57554	0.05062	0.03744	0.01872	0.01872
CGA	CGT	AT	0.49118	0.00337	0.00426	-0.49118	0.00550	0.00426	0.00426	0.00426
CGA	CGC	AC	-8.80784	0.01304	0.00002	8.80784	0.00000	0.00000	0.00002	0.00000
CGG	TGG	CT	2.80907	0.01572	0.04698	-2.80907	0.26080	0.04698	0.02349	0.02349
CGG	CTG	GT	3.12645	0.00314	0.01028	-3.12645	0.07162	0.01028	0.00514	0.00514
CGG	CCG	GC	-1.49636	0.01217	0.00525	1.49636	0.00272	0.00525	0.00263	0.00263
CGG	CAG	GA	0.58511	0.02657	0.03510	-0.58511	0.04770	0.03510	0.01755	0.01755
CGG	CGT	GT	-0.10748	0.00314	0.00298	0.10748	0.00282	0.00298	0.00298	0.00298
CGG	CGC	GC	-9.40650	0.01217	0.00001	9.40650	0.00000	0.00000	0.00001	0.00000
CGG	CGA	GA	-0.59866	0.02657	0.01941	0.59866	0.01460	0.01941	0.01941	0.01941
ATT	TTT	AT	0.35435	0.02503	0.02972	-0.35435	0.03567	0.02972	0.01486	0.01486
ATT	CTT	AC	-2.90367	0.09690	0.01632	2.90367	0.00531	0.01632	0.00816	0.00816
ATC	TTC	AT	0.88383	0.02705	0.04074	-0.88383	0.06546	0.04074	0.02037	0.02037
ATC	CTC	AC	-1.65954	0.10473	0.04083	1.65954	0.01992	0.04083	0.02041	0.02041
ATC	ATT	CT	1.27616	0.13527	0.23946	-1.27616	0.48465	0.23946	0.23946	0.23946
ATA	TTA	AT	1.36040	0.00404	0.00739	-1.36040	0.01575	0.00739	0.00370	0.00370
ATA	CTA	AC	0.50043	0.01564	0.01988	-0.50043	0.02580	0.01988	0.00994	0.00994
ATA	ATT	AT	2.34873	0.00404	0.01049	-2.34873	0.04231	0.01049	0.01049	0.01049
ATA	ATC	AC	1.07258	0.01564	0.02550	-1.07258	0.04572	0.02550	0.02550	0.02550
ATG	TTG	AT	-4.82203	0.02357	0.00092	4.82203	0.00019	0.00092	0.00046	0.00046
ATG	CTG	AC	0.42542	0.09125	0.11204	-0.42542	0.13964	0.11204	0.05602	0.05602
ATG	ATT	GT	-0.08251	0.02357	0.02261	0.08251	0.02170	0.02261	0.01130	0.01130
ATG	ATC	GC	-1.35867	0.09125	0.04289	1.35867	0.02345	0.04289	0.02144	0.02144
ATG	ATA	GA	-2.43124	0.19927	0.04671	2.43124	0.01752	0.04671	0.02335	0.02335
ACT	TCT	AT	0.41316	0.00954	0.01165	-0.41316	0.01442	0.01165	0.00582	0.00582
ACT	CCT	AC	-0.08397	0.03694	0.03541	0.08397	0.03396	0.03541	0.01770	0.01770
ACT	ATT	CT	2.31830	0.04771	0.12268	-2.31830	0.48465	0.12268	0.06134	0.06134
ACC	TCC	AT	-1.75584	0.01538	0.00564	1.75584	0.00266	0.00564	0.00282	0.00282
ACC	CCC	AC	-0.37341	0.05953	0.04911	0.37341	0.04098	0.04911	0.02455	0.02455
ACC	ATC	CT	1.91860	0.07690	0.17292	-1.91860	0.52377	0.17292	0.08646	0.08646
ACC	ACT	CT	0.87645	0.07690	0.11546	-0.87645	0.18473	0.11546	0.11546	0.11546
ACA	TCA	AT	1.19374	0.00696	0.01192	-1.19374	0.02296	0.01192	0.00596	0.00596
ACA	CCA	AC	-1.62363	0.02694	0.01074	1.62363	0.00531	0.01074	0.00537	0.00537
ACA	ATA	CT	0.81017	0.03480	0.05078	-0.81017	0.07824	0.05078	0.02539	0.02539
ACA	ACT	AT	0.84060	0.00696	0.01029	-0.84060	0.01613	0.01029	0.01029	0.01029
ACA	ACC	AC	-0.03586	0.02694	0.02646	0.03586	0.02599	0.02646	0.02646	0.02646
ACG	TCG	AT	-3.11251	0.00426	0.00062	3.11251	0.00019	0.00062	0.00031	0.00031
ACG	CCG	AC	-1.13408	0.01651	0.00888	1.13408	0.00531	0.00888	0.00444	0.00444
ACG	ATG	CT	3.06330	0.02133	0.06854	-3.06330	0.45640	0.06854	0.03427	0.03427
ACG	ACT	GT	0.66249	0.00426	0.00583	-0.66249	0.00827	0.00583	0.00583	0.00583
ACG	ACC	GC	-0.21396	0.01651	0.01481	0.21396	0.01333	0.01481	0.01481	0.01481
ACG	ACA	GA	-0.17811	0.03606	0.03294	0.17811	0.03018	0.03294	0.03294	0.03294
AAT	TAT	AT	0.23519	0.01695	0.01902	-0.23519	0.02144	0.01902	0.00951	0.00951
AAT	CAT	AC	-1.78554	0.06562	0.02361	1.78554	0.01100	0.02361	0.01180	0.01180
AAT	ATT	AT	0.91497	0.01695	0.02586	-0.91497	0.04231	0.02586	0.01293	0.01293
AAT	ACT	AC	-1.40333	0.06562	0.03001	1.40333	0.01613	0.03001	0.01500	0.01500
AAC	TAC	AT	0.64768	0.02323	0.03156	-0.64768	0.04440	0.03156	0.01578	0.01578
AAC	CAC	AC	-2.10098	0.08995	0.02634	2.10098	0.01100	0.02634	0.01317	0.01317
AAC	ATC	AT	0.67716	0.02323	0.03198	-0.67716	0.04572	0.03198	0.01599	0.01599
AAC	ACC	AC	-1.24144	0.08995	0.04538	1.24144	0.02599	0.04538	0.02269	0.02269
AAC	AAT	CT	1.03834	0.11619	0.18676	-1.03834	0.32817	0.18676	0.18676	0.18676
AAA	CAA	AC	-0.98833	0.05301	0.03106	0.98833	0.01973	0.03106	0.01553	0.01553
AAA	ATA	AT	-0.69542	0.01369	0.00948	0.69542	0.00683	0.00948	0.00474	0.00474
AAA	ACA	AC	-1.50559	0.05301	0.02276	1.50559	0.01176	0.02276	0.01138	0.01138
AAA	AAT	AT	0.73834	0.01369	0.01936	-0.73834	0.02865	0.01936	0.00968	0.00968
AAA	AAC	AC	-0.30001	0.05301	0.04546	0.30001	0.03927	0.04546	0.02273	0.02273
AAG	CAG	AC	-2.42582	0.21032	0.04948	2.42582	0.01859	0.04948	0.02474	0.02474
AAG	ATG	AT	-0.30990	0.05432	0.04634	0.30990	0.03984	0.04634	0.02317	0.02317
AAG	ACG	AC	-3.37320	0.21032	0.02518	3.37320	0.00721	0.02518	0.01259	0.01259
AAG	AAT	GT	-1.30738	0.05432	0.02634	1.30738	0.01469	0.02634	0.01317	0.01317
AAG	AAC	GC	-2.34572	0.21032	0.05226	2.34572	0.02014	0.05226	0.02613	0.02613
AAG	AAA	GA	-2.04572	0.45927	0.13951	2.04572	0.05938	0.13951	0.13951	0.13951
AGT	TGT	AT	-7.85953	0.00505	0.00002	7.85953	0.00000	0.00000	0.00001	0.00000
AGT	CGT	AC	-1.26807	0.01955	0.00971	1.26807	0.00550	0.00971	0.00485	0.00485
AGT	ATT	GT	1.45794	0.00505	0.00960	-1.45794	0.02170	0.00960	0.00480	0.00480
AGT	ACT	GC	-0.86037	0.01955	0.01233	0.86037	0.00827	0.01233	0.00617	0.00617
AGT	AAT	GA	0.54296	0.04270	0.05534	-0.54296	0.07349	0.05534	0.02767	0.02767
AGC	TGC	AT	-9.19453	0.01919	0.00002	9.19453	0.00000	0.00000	0.00001	0.00000
AGC	CGC	AC	-10.54831	0.07431	0.00002	10.54831	0.00000	0.00000	0.00001	0.00000
AGC	ATC	GT	0.20056	0.01919	0.02118	-0.20056	0.02345	0.02118	0.01059	0.01059
AGC	ACC	GC	-1.71804	0.07431	0.02791	1.71804	0.01333	0.02791	0.01396	0.01396
AGC	AAC	GA	-0.47660	0.16226	0.12666	0.47660	0.10075	0.12666	0.06333	0.06333
AGC	AGT	CT	0.01878	0.09598	0.09688	-0.01878	0.09780	0.09688	0.09688	0.09688
AGA	CGA	AC	-1.75824	0.03303	0.01209	1.75824	0.00569	0.01209	0.01209	0.01209
AGA	ATA	GT	-0.88979	0.00853	0.00529	0.88979	0.00350	0.00529	0.00265	0.00265
AGA	ACA	GC	-1.69996	0.03303	0.01255	1.69996	0.00603	0.01255	0.00627	0.00627
AGA	AAA	GA	-0.19437	0.07212	0.06534	0.19437	0.05938	0.06534	0.03267	0.03267
AGA	AGT	AT	0.00101	0.00853	0.00853	-0.00101	0.00854	0.00853	0.00427	0.00427
AGA	AGC	AC	-0.01777	0.03303	0.03273	0.01777	0.03244	0.03273	0.01637	0.01637
AGG	TGG	AT	0.91812	0.00909	0.01389	-0.91812	0.02277	0.01389	0.00695	0.00695
AGG	CGG	AC	-1.89095	0.03520	0.01183	1.89095	0.00531	0.01183	0.01183	0.01183
AGG	ATG	GT	0.81008	0.00909	0.01326	-0.81008	0.02044	0.01326	0.00663	0.00663
AGG	ACG	GC	-2.25322	0.03520	0.00931	2.25322	0.00370	0.00931	0.00466	0.00466
AGG	AAG	GA	1.11998	0.07686	0.12777	-1.11998	0.23557	0.12777	0.06389	0.06389
AGG	AGT	GT	-0.73036	0.00909	0.00617	0.73036	0.00438	0.00617	0.00309	0.00309
AGG	AGC	GC	-0.74914	0.03520	0.02364	0.74914	0.01664	0.02364	0.01182	0.01182
AGG	AGA	GA	-0.73137	0.07686	0.05215	0.73137	0.03699	0.05215	0.05215	0.05215
GTT	TTT	GT	0.99952	0.00673	0.01065	-0.99952	0.01830	0.01065	0.00533	0.00533
GTT	CTT	GC	-2.25850	0.02607	0.00687	2.25850	0.00272	0.00687	0.00344	0.00344
GTT	ATT	GA	0.64517	0.05693	0.07726	-0.64517	0.10854	0.07726	0.03863	0.03863
GTC	TTC	GT	0.40767	0.02233	0.02719	-0.40767	0.03357	0.02719	0.01360	0.01360
GTC	CTC	GC	-2.13570	0.08647	0.02475	2.13570	0.01022	0.02475	0.01237	0.01237
GTC	ATC	GA	-0.47616	0.18883	0.14743	0.47616	0.11730	0.14743	0.07371	0.07371
GTC	GTT	CT	0.15482	0.11170	0.12057	-0.15482	0.13040	0.12057	0.12057	0.12057
GTA	TTA	GT	-0.22354	0.01010	0.00901	0.22354	0.00808	0.00901	0.00451	0.00451
GTA	CTA	GC	-1.08351	0.03911	0.02167	1.08351	0.01323	0.02167	0.01084	0.01084
GTA	ATA	GA	-1.58394	0.08540	0.03492	1.58394	0.01752	0.03492	0.01746	0.01746
GTA	GTT	AT	0.11961	0.01010	0.01072	-0.11961	0.01138	0.01072	0.01072	0.01072
GTA	GTC	AC	-0.03521	0.03911	0.03842	0.03521	0.03776	0.03842	0.03842	0.03842
GTG	TTG	GT	-6.15384	0.04579	0.00060	6.15384	0.00010	0.00060	0.00030	0.00030
GTG	CTG	GC	-0.90639	0.17729	0.10892	0.90639	0.07162	0.10892	0.05446	0.05446
GTG	ATG	GA	-1.33181	0.38716	0.18495	1.33181	0.10221	0.18495	0.09247	0.09247
GTG	GTT	GT	-2.05950	0.04579	0.01378	2.05950	0.00584	0.01378	0.01378	0.01378
GTG	GTC	GC	-2.21432	0.17729	0.04814	2.21432	0.01937	0.04814	0.04814	0.04814
GTG	GTA	GA	-2.17911	0.38716	0.10763	2.17911	0.04380	0.10763	0.10763	0.10763
GCT	TCT	GT	-0.83572	0.01706	0.01091	0.83572	0.00740	0.01091	0.00546	0.00546
GCT	CCT	GC	-1.33285	0.06605	0.03153	1.33285	0.01742	0.03153	0.01577	0.01577
GCT	ACT	GA	-1.24888	0.14423	0.07245	1.24888	0.04137	0.07245	0.03622	0.03622
GCT	GTT	CT	0.42425	0.08532	0.10469	-0.42425	0.13040	0.10469	0.05234	0.05234
GCC	TCC	GT	-2.99245	0.02716	0.00429	2.99245	0.00136	0.00429	0.00215	0.00215
GCC	CCC	GC	-1.61002	0.10516	0.04230	1.61002	0.02102	0.04230	0.02115	0.02115
GCC	ACC	GA	-1.23661	0.22964	0.11619	1.23661	0.06668	0.11619	0.05810	0.05810
GCC	GTC	CT	1.15815	0.13583	0.22934	-1.15815	0.43249	0.22934	0.11467	0.11467
GCC	GCT	CT	0.88872	0.13583	0.20502	-0.88872	0.33035	0.20502	0.20502	0.20502
GCA	TCA	GT	-0.78051	0.02570	0.01696	0.78051	0.01178	0.01696	0.00848	0.00848
GCA	CCA	GC	-3.59787	0.09951	0.01008	3.59787	0.00272	0.01008	0.00504	0.00504
GCA	ACA	GA	-1.97424	0.21730	0.06918	1.97424	0.03018	0.06918	0.03459	0.03459
GCA	GTA	CT	0.41987	0.12853	0.15740	-0.41987	0.19560	0.15740	0.07870	0.07870
GCA	GCT	AT	0.11524	0.02570	0.02721	-0.11524	0.02884	0.02721	0.02721	0.02721
GCA	GCC	AC	-0.77349	0.09951	0.06594	0.77349	0.04591	0.06594	0.06594	0.06594
GCG	TCG	GT	-4.18563	0.00640	0.00041	4.18563	0.00010	0.00041	0.00021	0.00021
GCG	CCG	GC	-2.20720	0.02477	0.00676	2.20720	0.00272	0.00676	0.00338	0.00338
GCG	ACG	GA	-1.07312	0.05409	0.03016	1.07312	0.01849	0.03016	0.01508	0.01508
GCG	GTG	CT	3.32200	0.03199	0.11026	-3.32200	0.88672	0.11026	0.05513	0.05513
GCG	GCT	GT	0.83826	0.00640	0.00945	-0.83826	0.01479	0.00945	0.00945	0.00945
GCG	GCC	GC	-0.05047	0.02477	0.02415	0.05047	0.02355	0.02415	0.02415	0.02415
GCG	GCA	GA	0.72302	0.05409	0.07598	-0.72302	0.11146	0.07598	0.07598	0.07598
GAT	TAT	GT	-1.70676	0.06060	0.02293	1.70676	0.01100	0.02293	0.01146	0.01146
GAT	CAT	GC	-3.72748	0.23465	0.02156	3.72748	0.00564	0.02156	0.01078	0.01078
GAT	AAT	GA	-1.94194	0.51241	0.16662	1.94194	0.07349	0.16662	0.08331	0.08331
GAT	GTT	AT	-1.67215	0.06060	0.02344	1.67215	0.01138	0.02344	0.01172	0.01172
GAT	GCT	AC	-2.09639	0.23465	0.06893	2.09639	0.02884	0.06893	0.03446	0.03446
GAC	TAC	GT	-1.30733	0.08417	0.04081	1.30733	0.02277	0.04081	0.02041	0.02041
GAC	CAC	GC	-4.05599	0.32591	0.02330	4.05599	0.00564	0.02330	0.01165	0.01165
GAC	AAC	GA	-1.95501	0.71168	0.22944	1.95501	0.10075	0.22944	0.11472	0.11472
GAC	GTC	AT	-0.80169	0.08417	0.05489	0.80169	0.03776	0.05489	0.02745	0.02745
GAC	GCC	AC	-1.95984	0.32591	0.10474	1.95984	0.04591	0.10474	0.05237	0.05237
GAC	GAT	CT	1.02528	0.42097	0.67302	-1.02528	1.17360	0.67302	0.67302	0.67302
GAA	CAA	GC	-2.74912	0.15817	0.02972	2.74912	0.01012	0.02972	0.01486	0.01486
GAA	AAA	GA	-1.76079	0.34540	0.12626	1.76079	0.05938	0.12626	0.06313	0.06313
GAA	GTA	AT	-0.87226	0.04085	0.02559	0.87226	0.01708	0.02559	0.01280	0.01280
GAA	GCA	AC	-1.29213	0.15817	0.07740	1.29213	0.04345	0.07740	0.03870	0.03870
GAA	GAT	AT	0.91949	0.04085	0.06247	-0.91949	0.10245	0.06247	0.03123	0.03123
GAA	GAC	AC	-0.10578	0.15817	0.14996	0.10578	0.14230	0.14996	0.07498	0.07498
GAG	CAG	GC	-3.96929	0.50494	0.03858	3.96929	0.00954	0.03858	0.01929	0.01929
GAG	AAG	GA	-1.54347	1.10263	0.46237	1.54347	0.23557	0.46237	0.23118	0.23118
GAG	GTG	AT	-0.52155	0.13041	0.09934	0.52155	0.07741	0.09934	0.04967	0.04967
GAG	GCG	AC	-3.84355	0.50494	0.04248	3.84355	0.01081	0.04248	0.02124	0.02124
GAG	GAT	GT	-0.90890	0.13041	0.08000	0.90890	0.05255	0.08000	0.04000	0.04000
GAG	GAC	GC	-1.93418	0.50494	0.16502	1.93418	0.07299	0.16502	0.08251	0.08251
GAG	GAA	GA	-1.82840	1.10263	0.38593	1.82840	0.17716	0.38593	0.38593	0.38593
GGT	TGT	GT	-9.22033	0.01010	0.00001	9.22033	0.00000	0.00000	0.00000	0.00000
GGT	CGT	GC	-2.62887	0.03911	0.00800	2.62887	0.00282	0.00800	0.00400	0.00400
GGT	AGT	GA	-1.36080	0.08540	0.04008	1.36080	0.02190	0.04008	0.02004	0.02004
GGT	GTT	GT	-0.54804	0.01010	0.00758	0.54804	0.00584	0.00758	0.00379	0.00379
GGT	GCT	GC	-0.97229	0.03911	0.02313	0.97229	0.01479	0.02313	0.01156	0.01156
GGT	GAT	GA	1.12411	0.08540	0.14221	-1.12411	0.26282	0.14221	0.07111	0.07111
GGC	TGC	GT	-9.83251	0.01863	0.00001	9.83251	0.00000	0.00000	0.00000	0.00000
GGC	CGC	GC	-11.18629	0.07213	0.00001	11.18629	0.00000	0.00000	0.00001	0.00000
GGC	AGC	GA	-0.63798	0.15752	0.11258	0.63798	0.08323	0.11258	0.05629	0.05629
GGC	GTC	GT	0.03874	0.01863	0.01899	-0.03874	0.01937	0.01899	0.00950	0.00950
GGC	GCC	GC	-1.11941	0.07213	0.03914	1.11941	0.02355	0.03914	0.01957	0.01957
GGC	GAC	GA	0.84043	0.15752	0.23288	-0.84043	0.36503	0.23288	0.11644	0.11644
GGC	GGT	CT	0.74160	0.09317	0.13195	-0.74160	0.19560	0.13195	0.13195	0.13195
GGA	CGA	GC	-2.46461	0.03433	0.00786	2.46461	0.00292	0.00786	0.00393	0.00393
GGA	AGA	GA	-0.70637	0.07496	0.05158	0.70637	0.03699	0.05158	0.02579	0.02579
GGA	GTA	GT	-0.01221	0.00887	0.00881	0.01221	0.00876	0.00881	0.00441	0.00441
GGA	GCA	GC	-0.43208	0.03433	0.02745	0.43208	0.02228	0.02745	0.01372	0.01372
GGA	GAA	GA	0.86005	0.07496	0.11177	-0.86005	0.17716	0.11177	0.05588	0.05588
GGA	GGT	AT	0.65544	0.00887	0.01209	-0.65544	0.01708	0.01209	0.01209	0.01209
GGA	GGC	AC	-0.08616	0.03433	0.03287	0.08616	0.03150	0.03287	0.03287	0.03287
GGG	TGG	GT	-0.44268	0.01818	0.01445	0.44268	0.01168	0.01445	0.00723	0.00723
GGG	CGG	GC	-3.25175	0.07040	0.00922	3.25175	0.00272	0.00922	0.00461	0.00461
GGG	AGG	GA	-1.36080	0.15372	0.07215	1.36080	0.03942	0.07215	0.03608	0.03608
GGG	GTG	GT	0.78110	0.01818	0.02620	-0.78110	0.03970	0.02620	0.01310	0.01310
GGG	GCG	GC	-2.54090	0.07040	0.01530	2.54090	0.00555	0.01530	0.00765	0.00765
GGG	GAG	GA	1.30265	0.15372	0.27499	-1.30265	0.56555	0.27499	0.13750	0.13750
GGG	GGT	GT	-0.73036	0.01818	0.01234	0.73036	0.00876	0.01234	0.01234	0.01234
GGG	GGC	GC	-1.47196	0.07040	0.03086	1.47196	0.01615	0.03086	0.03086	0.03086
GGG	GGA	GA	-1.38580	0.15372	0.07106	1.38580	0.03845	0.07106	0.07106	0.07106


Histograms
2Ns	FMut	FSub(CodonUsage)	FSubw(after w)

-10.65361	0.00535	0.00000	0.00000
-9.58825	0.00643	0.00001	0.00001
-8.52289	0.00205	0.00001	0.00000
-7.45753	0.00094	0.00000	0.00000
-6.39216	0.00263	0.00005	0.00004
-5.32680	0.01083	0.00050	0.00070
-4.26144	0.08837	0.00840	0.00652
-3.19608	0.11011	0.02572	0.02151
-2.13072	0.23420	0.11329	0.11065
-1.06536	0.29341	0.26797	0.28334
0.00000	0.10566	0.16811	0.15444
1.06536	0.10401	0.26797	0.28334
2.13072	0.02980	0.11329	0.11065
3.19608	0.00492	0.02572	0.02151
4.26144	0.00120	0.00840	0.00652
5.32680	0.00006	0.00050	0.00070
6.39216	0.00000	0.00005	0.00003
7.45753	0.00000	0.00000	0.00000
8.52289	0.00000	0.00000	0.00000
9.58825	0.00000	0.00000	0.00000
10.65361	0.00000	0.00000	0.00000

Proportion of advantageous (S > 0) mutations:
 0.18503

Proportions of good & bad mutations (|S| > 2.0000) among mutations:
0.01858  0.34812

mean |Ns| = 1.96976	mean Ns+ = 1.06839	mean Ns- = -2.17440

