

TREE # 1

  0  0.0000   2560.532371  x:  0.01758   0.00658   0.00439   0.02196   0.01127   0.01984   0.01457   0.01215   0.00243   0.01041   0.00594   0.00240   0.01202   0.00848   0.01005   0.00755   0.01049   0.01233   0.00402   0.00981   0.00703   0.00492   0.00281   0.01217   0.00887   0.01004   0.00889   0.01243   0.02151   0.01022   0.02347   0.00000   0.00913   0.01312   0.00705   0.00902   0.01839   0.02545   0.02877   0.01769   0.01555   0.01452   0.00987   0.00430   0.03104   0.02395   0.01595   0.01690   0.01063   0.01474   0.01191   0.01966   0.00697   0.01100   0.04143   1.01738   0.67287   0.69774   0.88411   0.13959   0.25000   0.74455  
  1 99.0000   2560.526164  x:  0.01758   0.00658   0.00439   0.02196   0.01127   0.01984   0.01457   0.01215   0.00243   0.01041   0.00594   0.00240   0.01202   0.00848   0.01005   0.00755   0.01049   0.01232   0.00402   0.00981   0.00702   0.00492   0.00281   0.01217   0.00887   0.01004   0.00889   0.01243   0.02151   0.01022   0.02347   0.00000   0.00913   0.01312   0.00705   0.00902   0.01839   0.02545   0.02877   0.01769   0.01555   0.01452   0.00987   0.00430   0.03104   0.02395   0.01595   0.01690   0.01063   0.01474   0.01191   0.01966   0.00697   0.01100   0.04143   1.01738   0.67287   0.69774   0.88411   0.13959   0.25000   0.74455  
  2 1716.1757   2544.980605  x:  0.01763   0.00543   0.00376   0.02124   0.00968   0.01973   0.01432   0.01162   0.00172   0.01039   0.00515   0.00000   0.00962   0.00619   0.00776   0.00648   0.00823   0.01091   0.00206   0.00813   0.00651   0.00399   0.00052   0.01041   0.00809   0.00776   0.00800   0.01094   0.02137   0.00872   0.02372   0.00000   0.00715   0.01159   0.00500   0.00726   0.01744   0.02506   0.02793   0.01629   0.01693   0.01310   0.00929   0.00217   0.03060   0.02353   0.01583   0.01599   0.00984   0.01460   0.01085   0.01923   0.00505   0.00957   0.04104   1.01770   0.67292   0.69783   0.88407   0.13964   0.24959   0.74452  
  3 17424.6875   2542.551962  x:  0.01761   0.00546   0.00397   0.02114   0.00946   0.01972   0.01431   0.01162   0.00173   0.01038   0.00519   0.00000   0.00908   0.00567   0.00725   0.00642   0.00772   0.01082   0.00175   0.00793   0.00659   0.00419   0.00000   0.01014   0.00810   0.00725   0.00801   0.01069   0.02136   0.00854   0.02371   0.00000   0.00671   0.01142   0.00463   0.00687   0.01730   0.02499   0.02777   0.01606   0.01677   0.01284   0.00927   0.00169   0.03053   0.02346   0.01582   0.01590   0.00978   0.01459   0.01071   0.01921   0.00467   0.00937   0.04096   1.01777   0.67293   0.69785   0.88406   0.13965   0.24954   0.74449  
  4 5655.7768   2535.953471  x:  0.01753   0.00572   0.00347   0.02093   0.00907   0.01971   0.01433   0.01174   0.00175   0.01034   0.00536   0.00000   0.00718   0.00386   0.00543   0.00655   0.00593   0.01105   0.00107   0.00772   0.00662   0.00395   0.00000   0.00955   0.00825   0.00545   0.00820   0.01015   0.02134   0.00832   0.02360   0.00000   0.00516   0.01135   0.00364   0.00547   0.01701   0.02480   0.02731   0.01554   0.01630   0.01219   0.00932   0.00000   0.03032   0.02330   0.01579   0.01586   0.00982   0.01458   0.01048   0.01929   0.00346   0.00900   0.04072   1.01802   0.67296   0.69793   0.88403   0.13968   0.24950   0.74431  
  5 8889.2257   2524.978987  x:  0.01741   0.00575   0.00369   0.02067   0.00866   0.01970   0.01434   0.01186   0.00176   0.01031   0.00525   0.00000   0.00346   0.00031   0.00188   0.00669   0.00244   0.01169   0.00000   0.00763   0.00638   0.00363   0.00000   0.00885   0.00825   0.00193   0.00820   0.00944   0.02130   0.00818   0.02342   0.00000   0.00212   0.01162   0.00202   0.00275   0.01664   0.02450   0.02652   0.01482   0.01648   0.01129   0.00936   0.00000   0.03000   0.02307   0.01576   0.01597   0.00987   0.01455   0.01024   0.01952   0.00125   0.00861   0.04032   1.01849   0.67302   0.69807   0.88397   0.13975   0.24955   0.74391  
  6 23642.0855   2524.084929  x:  0.01740   0.00574   0.00369   0.02065   0.00863   0.01970   0.01433   0.01187   0.00177   0.01031   0.00524   0.00000   0.00314   0.00000   0.00158   0.00669   0.00214   0.01174   0.00000   0.00762   0.00637   0.00363   0.00000   0.00880   0.00824   0.00163   0.00820   0.00939   0.02130   0.00816   0.02341   0.00000   0.00186   0.01165   0.00189   0.00252   0.01661   0.02448   0.02646   0.01477   0.01650   0.01122   0.00936   0.00000   0.02998   0.02305   0.01576   0.01598   0.00987   0.01454   0.01022   0.01954   0.00107   0.00858   0.04029   1.01853   0.67303   0.69808   0.88396   0.13975   0.24955   0.74387  
  7 322220.8345   2520.059182  x:  0.01737   0.00573   0.00372   0.02056   0.00849   0.01969   0.01432   0.01187   0.00177   0.01029   0.00523   0.00000   0.00150   0.00000   0.00000   0.00668   0.00059   0.01181   0.00000   0.00754   0.00636   0.00352   0.00000   0.00859   0.00822   0.00008   0.00818   0.00917   0.02127   0.00809   0.02336   0.00000   0.00051   0.01178   0.00126   0.00132   0.01648   0.02437   0.02616   0.01452   0.01650   0.01093   0.00934   0.00000   0.02986   0.02297   0.01574   0.01603   0.00984   0.01453   0.01013   0.01962   0.00015   0.00845   0.04014   1.01874   0.67305   0.69815   0.88393   0.13978   0.24960   0.74368  
  8 215421.0048   2519.905225  x:  0.01737   0.00573   0.00372   0.02055   0.00848   0.01969   0.01432   0.01188   0.00177   0.01029   0.00523   0.00000   0.00142   0.00000   0.00000   0.00668   0.00052   0.01180   0.00000   0.00754   0.00634   0.00352   0.00000   0.00858   0.00822   0.00000   0.00818   0.00916   0.02127   0.00808   0.02336   0.00000   0.00045   0.01178   0.00124   0.00126   0.01647   0.02437   0.02615   0.01451   0.01650   0.01092   0.00934   0.00000   0.02986   0.02297   0.01574   0.01604   0.00984   0.01453   0.01012   0.01963   0.00011   0.00845   0.04014   1.01875   0.67306   0.69815   0.88393   0.13978   0.24960   0.74367  
  9 34225.0845   2519.447648  x:  0.01736   0.00574   0.00372   0.02054   0.00844   0.01969   0.01433   0.01191   0.00177   0.01029   0.00520   0.00000   0.00113   0.00000   0.00000   0.00675   0.00025   0.01177   0.00000   0.00755   0.00641   0.00352   0.00000   0.00852   0.00823   0.00000   0.00819   0.00912   0.02128   0.00808   0.02334   0.00000   0.00022   0.01178   0.00119   0.00105   0.01645   0.02435   0.02613   0.01447   0.01657   0.01088   0.00937   0.00000   0.02984   0.02295   0.01575   0.01605   0.00988   0.01453   0.01011   0.01966   0.00000   0.00841   0.04012   1.01878   0.67306   0.69816   0.88393   0.13979   0.24960   0.74364  
 10 6271.4528   2519.083566  x:  0.01735   0.00572   0.00372   0.02053   0.00842   0.01970   0.01433   0.01192   0.00178   0.01029   0.00521   0.00000   0.00087   0.00000   0.00000   0.00676   0.00001   0.01180   0.00000   0.00756   0.00640   0.00351   0.00000   0.00848   0.00822   0.00000   0.00817   0.00908   0.02129   0.00808   0.02332   0.00000   0.00000   0.01177   0.00117   0.00086   0.01643   0.02434   0.02612   0.01444   0.01656   0.01085   0.00937   0.00000   0.02983   0.02294   0.01575   0.01607   0.00990   0.01454   0.01009   0.01968   0.00000   0.00839   0.04011   1.01881   0.67307   0.69817   0.88392   0.13979   0.24960   0.74362  
 11 5227.4616   2519.080938  x:  0.01735   0.00572   0.00372   0.02053   0.00842   0.01970   0.01433   0.01192   0.00178   0.01029   0.00521   0.00000   0.00087   0.00000   0.00000   0.00676   0.00000   0.01180   0.00000   0.00756   0.00640   0.00351   0.00000   0.00848   0.00822   0.00000   0.00817   0.00908   0.02129   0.00808   0.02332   0.00000   0.00000   0.01177   0.00117   0.00086   0.01643   0.02434   0.02612   0.01444   0.01656   0.01085   0.00937   0.00000   0.02983   0.02294   0.01575   0.01607   0.00990   0.01454   0.01009   0.01968   0.00000   0.00839   0.04011   1.01881   0.67307   0.69817   0.88392   0.13979   0.24960   0.74362  
 12 13577.7610   2518.397903  x:  0.01734   0.00566   0.00372   0.02051   0.00842   0.01966   0.01436   0.01198   0.00178   0.01025   0.00527   0.00000   0.00000   0.00000   0.00000   0.00682   0.00000   0.01186   0.00000   0.00750   0.00639   0.00349   0.00000   0.00850   0.00821   0.00000   0.00816   0.00906   0.02125   0.00804   0.02332   0.00000   0.00000   0.01183   0.00096   0.00023   0.01642   0.02430   0.02595   0.01438   0.01660   0.01072   0.00942   0.00000   0.02979   0.02292   0.01574   0.01596   0.00989   0.01453   0.01010   0.01959   0.00000   0.00840   0.04004   1.01893   0.67310   0.69823   0.88392   0.13981   0.24952   0.74360  
 13 4275.2261   2518.275838  x:  0.01734   0.00566   0.00372   0.02050   0.00842   0.01966   0.01436   0.01198   0.00178   0.01027   0.00524   0.00000   0.00000   0.00000   0.00000   0.00683   0.00000   0.01186   0.00000   0.00750   0.00639   0.00349   0.00000   0.00849   0.00820   0.00000   0.00814   0.00905   0.02125   0.00804   0.02332   0.00000   0.00000   0.01187   0.00087   0.00000   0.01641   0.02429   0.02589   0.01436   0.01658   0.01069   0.00941   0.00000   0.02977   0.02292   0.01575   0.01594   0.00990   0.01453   0.01010   0.01960   0.00000   0.00839   0.04001   1.01897   0.67312   0.69826   0.88392   0.13981   0.24948   0.74360  
 14 1924.9664   2517.756420  x:  0.01735   0.00569   0.00370   0.02045   0.00827   0.01976   0.01428   0.01185   0.00178   0.01013   0.00547   0.00000   0.00000   0.00000   0.00000   0.00660   0.00000   0.01169   0.00000   0.00758   0.00642   0.00349   0.00000   0.00828   0.00822   0.00000   0.00817   0.00894   0.02133   0.00806   0.02329   0.00000   0.00000   0.01233   0.00000   0.00000   0.01633   0.02425   0.02557   0.01421   0.01672   0.01062   0.00927   0.00000   0.02973   0.02289   0.01576   0.01606   0.00987   0.01452   0.01004   0.01988   0.00000   0.00825   0.03989   1.01942   0.67328   0.69855   0.88391   0.13987   0.24918   0.74354  
 15 717.9584   2512.257906  x:  0.01773   0.00263   0.00368   0.01852   0.00386   0.01971   0.01478   0.01440   0.00178   0.01260   0.00448   0.00000   0.00000   0.00000   0.00000   0.00629   0.00000   0.01032   0.00000   0.00183   0.00665   0.00354   0.00000   0.00319   0.00970   0.00000   0.00888   0.00442   0.01963   0.00370   0.02522   0.00000   0.00000   0.01874   0.00000   0.00000   0.01295   0.02409   0.02597   0.01109   0.01559   0.01130   0.01062   0.00000   0.02966   0.02197   0.01370   0.01701   0.00487   0.01361   0.00670   0.01839   0.00000   0.00466   0.04034   1.03037   0.67688   0.70488   0.88353   0.14129   0.24413   0.74031  
 16 206.1310   2509.142836  x:  0.01789   0.00391   0.00353   0.01659   0.00241   0.01907   0.01484   0.01516   0.00175   0.01244   0.00432   0.00000   0.00000   0.00000   0.00000   0.00540   0.00000   0.00818   0.00000   0.00518   0.00688   0.00383   0.00000   0.00314   0.00851   0.00000   0.00724   0.00209   0.01816   0.00111   0.02676   0.00000   0.00000   0.01652   0.00000   0.00000   0.01026   0.02350   0.02636   0.00780   0.01511   0.00934   0.01081   0.00000   0.02902   0.02089   0.01272   0.01470   0.00481   0.01330   0.00394   0.01410   0.00000   0.00277   0.04058   1.03777   0.67913   0.70888   0.88317   0.14228   0.24074   0.73786  
 17 460.2458   2506.960633  x:  0.01793   0.00475   0.00337   0.01471   0.00185   0.01860   0.01479   0.01551   0.00174   0.01211   0.00410   0.00000   0.00000   0.00000   0.00000   0.00458   0.00000   0.00597   0.00000   0.00504   0.00709   0.00412   0.00000   0.00247   0.00754   0.00000   0.00620   0.00173   0.01724   0.00422   0.02784   0.00000   0.00000   0.01260   0.00000   0.00000   0.00792   0.02276   0.02644   0.00474   0.01474   0.00665   0.01069   0.00000   0.02819   0.01976   0.01219   0.01245   0.00525   0.01325   0.00197   0.01067   0.00000   0.00177   0.04063   1.04416   0.68100   0.71223   0.88282   0.14315   0.23772   0.73566  
 18 1253.3750   2504.742442  x:  0.01771   0.00524   0.00326   0.01297   0.00245   0.01862   0.01459   0.01531   0.00173   0.01157   0.00373   0.00000   0.00000   0.00000   0.00000   0.00420   0.00000   0.00450   0.00000   0.00349   0.00725   0.00433   0.00000   0.00130   0.00672   0.00000   0.00584   0.00308   0.01730   0.00327   0.02800   0.00000   0.00000   0.00669   0.00000   0.00000   0.00631   0.02179   0.02608   0.00311   0.01453   0.00315   0.01017   0.00000   0.02711   0.01856   0.01244   0.01130   0.00650   0.01373   0.00331   0.00989   0.00000   0.00311   0.04042   1.04978   0.68252   0.71499   0.88246   0.14394   0.23493   0.73363  
 19 892.6726   2504.023295  x:  0.01755   0.00529   0.00326   0.01241   0.00224   0.01869   0.01450   0.01508   0.00173   0.01137   0.00355   0.00000   0.00000   0.00000   0.00000   0.00423   0.00000   0.00427   0.00000   0.00252   0.00728   0.00437   0.00000   0.00251   0.00652   0.00000   0.00592   0.00267   0.01757   0.00304   0.02782   0.00000   0.00000   0.00405   0.00000   0.00000   0.00622   0.02128   0.02558   0.00367   0.01445   0.00207   0.00986   0.00000   0.02654   0.01808   0.01272   0.01088   0.00691   0.01397   0.00331   0.01028   0.00000   0.00273   0.04015   1.05193   0.68307   0.71598   0.88229   0.14424   0.23373   0.73286  
 20 852.3653   2503.729324  x:  0.01742   0.00526   0.00327   0.01230   0.00244   0.01858   0.01450   0.01483   0.00174   0.01124   0.00345   0.00000   0.00000   0.00000   0.00000   0.00440   0.00000   0.00436   0.00000   0.00242   0.00727   0.00436   0.00000   0.00193   0.00644   0.00000   0.00601   0.00250   0.01773   0.00298   0.02762   0.00000   0.00000   0.00285   0.00000   0.00000   0.00683   0.02082   0.02487   0.00431   0.01435   0.00284   0.00963   0.00000   0.02601   0.01779   0.01303   0.00998   0.00700   0.01409   0.00313   0.01031   0.00000   0.00251   0.03978   1.05328   0.68337   0.71653   0.88216   0.14444   0.23272   0.73243  
 21 327.2834   2503.142354  x:  0.01690   0.00494   0.00332   0.01213   0.00162   0.01815   0.01455   0.01369   0.00175   0.01100   0.00315   0.00000   0.00000   0.00000   0.00000   0.00521   0.00000   0.00450   0.00000   0.00231   0.00725   0.00441   0.00000   0.00185   0.00654   0.00000   0.00658   0.00268   0.01866   0.00285   0.02669   0.00000   0.00000   0.00358   0.00000   0.00000   0.00806   0.01916   0.02431   0.00431   0.01420   0.00251   0.00889   0.00000   0.02415   0.01680   0.01420   0.00678   0.00715   0.01470   0.00309   0.01043   0.00000   0.00263   0.03917   1.05737   0.68397   0.71768   0.88157   0.14513   0.22851   0.73113  
 22 178.8764   2502.781838  x:  0.01657   0.00469   0.00330   0.01213   0.00328   0.01775   0.01472   0.01322   0.00176   0.01119   0.00305   0.00000   0.00000   0.00000   0.00000   0.00564   0.00000   0.00440   0.00000   0.00224   0.00727   0.00448   0.00000   0.00204   0.00674   0.00000   0.00670   0.00206   0.01900   0.00279   0.02604   0.00000   0.00000   0.00393   0.00000   0.00000   0.00798   0.01785   0.02338   0.00371   0.01414   0.00248   0.00872   0.00000   0.02272   0.01621   0.01467   0.00583   0.00680   0.01484   0.00315   0.01071   0.00000   0.00219   0.03845   1.06105   0.68450   0.71869   0.88102   0.14576   0.22449   0.73005  
 23 415.9944   2501.266944  x:  0.01581   0.00476   0.00336   0.01262   0.00285   0.01577   0.01567   0.01313   0.00177   0.01276   0.00291   0.00000   0.00000   0.00000   0.00000   0.00634   0.00000   0.00465   0.00000   0.00320   0.00732   0.00463   0.00000   0.00263   0.00745   0.00000   0.00622   0.00302   0.01832   0.00310   0.02451   0.00000   0.00000   0.00356   0.00000   0.00000   0.00611   0.01337   0.01734   0.00365   0.01410   0.00321   0.00938   0.00000   0.01783   0.01493   0.01474   0.00693   0.00456   0.01400   0.00324   0.01037   0.00000   0.00283   0.03461   1.07693   0.68685   0.72315   0.87871   0.14844   0.20696   0.72562  
 24 582.9846   2499.727701  x:  0.01594   0.00595   0.00339   0.01337   0.00314   0.01498   0.01612   0.01385   0.00176   0.01361   0.00286   0.00000   0.00000   0.00000   0.00000   0.00567   0.00000   0.00507   0.00000   0.00234   0.00734   0.00472   0.00000   0.00180   0.00686   0.00000   0.00545   0.00209   0.01667   0.00312   0.02438   0.00000   0.00000   0.00442   0.00000   0.00000   0.00748   0.01208   0.01150   0.00538   0.01439   0.00201   0.01021   0.00000   0.01624   0.01542   0.01376   0.00825   0.00674   0.01291   0.00363   0.00863   0.00000   0.00271   0.03095   1.09515   0.68963   0.72837   0.87608   0.15154   0.18685   0.72057  
 25 896.1091   2498.474687  x:  0.01621   0.00615   0.00348   0.01340   0.00289   0.01552   0.01613   0.01493   0.00175   0.01369   0.00243   0.00000   0.00000   0.00000   0.00000   0.00559   0.00000   0.00612   0.00000   0.00177   0.00730   0.00466   0.00000   0.00249   0.00633   0.00000   0.00599   0.00294   0.01594   0.00275   0.02458   0.00000   0.00000   0.00412   0.00000   0.00000   0.00840   0.01323   0.00743   0.00313   0.01449   0.00300   0.01080   0.00000   0.01725   0.01625   0.01313   0.00805   0.00796   0.01265   0.00317   0.00924   0.00000   0.00229   0.02798   1.11115   0.69218   0.73315   0.87385   0.15424   0.16928   0.71626  
 26 1154.6691   2496.586182  x:  0.01659   0.00516   0.00357   0.01288   0.00313   0.01696   0.01589   0.01682   0.00174   0.01408   0.00172   0.00000   0.00000   0.00000   0.00000   0.00579   0.00000   0.00677   0.00000   0.00351   0.00732   0.00455   0.00000   0.00199   0.00661   0.00000   0.00734   0.00204   0.01566   0.00345   0.02522   0.00000   0.00000   0.00357   0.00000   0.00000   0.00794   0.01567   0.00502   0.00378   0.01461   0.00150   0.01128   0.00000   0.01974   0.01725   0.01268   0.00621   0.00601   0.01276   0.00312   0.01102   0.00000   0.00360   0.02328   1.13929   0.69692   0.74196   0.87007   0.15897   0.13862   0.70896  
 27 1363.6460   2491.830109  x:  0.01646   0.00747   0.00384   0.01118   0.00265   0.01883   0.01525   0.01950   0.00175   0.01633   0.00222   0.00000   0.00000   0.00000   0.00000   0.00608   0.00000   0.00993   0.00000   0.00315   0.00730   0.00403   0.00000   0.00187   0.00562   0.00000   0.00588   0.00212   0.01620   0.00389   0.02522   0.00000   0.00000   0.00391   0.00000   0.00000   0.00510   0.01698   0.00821   0.00444   0.01586   0.00200   0.01099   0.00000   0.02119   0.01742   0.01345   0.00408   0.00594   0.01302   0.00615   0.01232   0.00000   0.00170   0.01282   1.21042   0.70919   0.76469   0.86070   0.17087   0.06127   0.69089  
 28 2448.9095   2486.247225  x:  0.01610   0.00841   0.00403   0.01068   0.00261   0.01929   0.01497   0.02060   0.00180   0.01714   0.00211   0.00000   0.00000   0.00000   0.00000   0.00655   0.00000   0.01196   0.00000   0.00281   0.00733   0.00362   0.00000   0.00188   0.00587   0.00000   0.00516   0.00106   0.01710   0.00394   0.02488   0.00000   0.00000   0.00360   0.00000   0.00000   0.00614   0.01674   0.00962   0.00333   0.01671   0.00177   0.01041   0.00000   0.02106   0.01678   0.01438   0.00510   0.00603   0.01295   0.00509   0.01279   0.00000   0.00343   0.01258   1.26651   0.71892   0.78268   0.85334   0.18030   0.00000   0.67675  
 29 4733.0528   2484.427075  x:  0.01577   0.00889   0.00427   0.01032   0.00315   0.01981   0.01477   0.02172   0.00184   0.01788   0.00180   0.00000   0.00000   0.00000   0.00000   0.00701   0.00000   0.01443   0.00000   0.00295   0.00733   0.00313   0.00000   0.00143   0.00628   0.00000   0.00501   0.00239   0.01799   0.00366   0.02451   0.00000   0.00000   0.00344   0.00000   0.00000   0.00654   0.01656   0.01059   0.00332   0.01758   0.00053   0.00991   0.00000   0.02102   0.01613   0.01510   0.00596   0.00602   0.01295   0.00355   0.01328   0.00000   0.00257   0.01394   1.32735   0.72943   0.80213   0.84533   0.19054   0.00000   0.66141  
 30 10194.3252   2482.228266  x:  0.01546   0.00877   0.00458   0.00941   0.00293   0.02079   0.01444   0.02276   0.00192   0.01794   0.00093   0.00000   0.00000   0.00000   0.00000   0.00694   0.00000   0.01754   0.00000   0.00299   0.00729   0.00250   0.00000   0.00137   0.00647   0.00000   0.00614   0.00199   0.01905   0.00386   0.02400   0.00000   0.00000   0.00368   0.00000   0.00000   0.00339   0.01656   0.01005   0.00387   0.01841   0.00099   0.00930   0.00000   0.02123   0.01514   0.01543   0.00567   0.00763   0.01367   0.00480   0.01310   0.00000   0.00197   0.01846   1.40608   0.74288   0.82705   0.83488   0.20385   0.00000   0.64152  
 31 6409.8958   2481.722605  x:  0.01551   0.00865   0.00465   0.00972   0.00254   0.02108   0.01458   0.02246   0.00193   0.02025   0.00175   0.00000   0.00000   0.00000   0.00000   0.00683   0.00000   0.01797   0.00000   0.00347   0.00734   0.00239   0.00000   0.00137   0.00609   0.00000   0.00676   0.00166   0.01908   0.00419   0.02366   0.00000   0.00000   0.00337   0.00000   0.00000   0.00380   0.01662   0.00974   0.00342   0.01891   0.00088   0.00959   0.00000   0.02134   0.01505   0.01480   0.00532   0.00750   0.01427   0.00639   0.01316   0.00000   0.00132   0.02001   1.42665   0.74621   0.83326   0.83204   0.20738   0.00000   0.63627  
 32 1684.4664   2481.019323  x:  0.01597   0.00824   0.00468   0.01085   0.00265   0.02151   0.01580   0.01994   0.00196   0.02104   0.00184   0.00000   0.00000   0.00000   0.00000   0.00574   0.00000   0.01809   0.00000   0.00352   0.00742   0.00237   0.00000   0.00144   0.00597   0.00000   0.00753   0.00181   0.01779   0.00413   0.02208   0.00000   0.00000   0.00325   0.00000   0.00000   0.00363   0.01618   0.01070   0.00357   0.01918   0.00091   0.01211   0.00000   0.02088   0.01545   0.01085   0.00427   0.00852   0.01550   0.00559   0.01409   0.00000   0.00197   0.02004   1.45348   0.74951   0.83964   0.82772   0.21226   0.00000   0.62936  
 33 419.0259   2480.430941  x:  0.01628   0.00761   0.00469   0.01056   0.00250   0.02145   0.01646   0.01777   0.00200   0.01990   0.00103   0.00000   0.00000   0.00000   0.00000   0.00554   0.00000   0.01770   0.00000   0.00397   0.00750   0.00242   0.00000   0.00155   0.00666   0.00000   0.00799   0.00180   0.01678   0.00435   0.02169   0.00000   0.00000   0.00313   0.00000   0.00000   0.00484   0.01628   0.01117   0.00329   0.01899   0.00090   0.01385   0.00000   0.02094   0.01583   0.00996   0.00482   0.00812   0.01612   0.00671   0.01337   0.00000   0.00139   0.01962   1.47545   0.75179   0.84417   0.82392   0.21637   0.00000   0.62369  
 34 809.0461   2478.247962  x:  0.01707   0.00809   0.00474   0.00863   0.00307   0.02149   0.01720   0.00979   0.00206   0.02157   0.00158   0.00000   0.00000   0.00000   0.00000   0.00688   0.00000   0.01673   0.00000   0.00374   0.00790   0.00274   0.00000   0.00187   0.00656   0.00000   0.00808   0.00242   0.01504   0.00422   0.02223   0.00000   0.00000   0.00360   0.00000   0.00000   0.00499   0.01898   0.01055   0.00427   0.01925   0.00122   0.01820   0.00000   0.02344   0.01767   0.01375   0.00581   0.00719   0.01724   0.00588   0.01052   0.00000   0.00193   0.01935   1.55780   0.75930   0.85946   0.80907   0.23204   0.00000   0.60219  
 35 1482.6462   2475.204456  x:  0.01718   0.01053   0.00471   0.01875   0.00324   0.01839   0.01482   0.01171   0.00205   0.02155   0.00115   0.00000   0.00000   0.00000   0.00000   0.00574   0.00000   0.01416   0.00000   0.00336   0.00859   0.00341   0.00000   0.00229   0.00587   0.00000   0.00626   0.00296   0.01745   0.00447   0.02699   0.00000   0.00000   0.00367   0.00000   0.00000   0.00594   0.02129   0.01011   0.00481   0.01934   0.00154   0.01817   0.00000   0.02582   0.01917   0.01664   0.00405   0.00480   0.01476   0.00713   0.00976   0.00000   0.00203   0.02002   1.69117   0.77039   0.88240   0.78430   0.25768   0.00000   0.56763  
 36 1519.2551   2473.291254  x:  0.01703   0.00927   0.00476   0.01434   0.00404   0.01623   0.01339   0.01762   0.00200   0.02449   0.00157   0.00000   0.00000   0.00000   0.00000   0.00430   0.00000   0.01246   0.00000   0.00446   0.00902   0.00384   0.00000   0.00301   0.00603   0.00000   0.00788   0.00410   0.01645   0.00471   0.03050   0.00000   0.00000   0.00429   0.00000   0.00000   0.00815   0.02103   0.01055   0.00573   0.01934   0.00227   0.01131   0.00000   0.02552   0.01805   0.01412   0.00352   0.00621   0.01186   0.00696   0.01023   0.00000   0.00266   0.02005   1.76739   0.77628   0.89468   0.76977   0.27238   0.00000   0.54858  
 37 1270.6141   2473.104256  x:  0.01723   0.00968   0.00474   0.01446   0.00410   0.01724   0.01423   0.01792   0.00199   0.02436   0.00161   0.00000   0.00000   0.00000   0.00000   0.00565   0.00000   0.01226   0.00000   0.00433   0.00906   0.00388   0.00000   0.00304   0.00573   0.00000   0.00753   0.00417   0.01606   0.00472   0.03047   0.00000   0.00000   0.00439   0.00000   0.00000   0.00821   0.02114   0.01037   0.00583   0.01936   0.00232   0.00869   0.00000   0.02553   0.01843   0.01307   0.00380   0.00568   0.01272   0.00693   0.00975   0.00000   0.00269   0.02011   1.77463   0.77672   0.89559   0.76825   0.27376   0.00000   0.54732  
 38 226.7283   2473.068348  x:  0.01732   0.00956   0.00475   0.01453   0.00407   0.01744   0.01483   0.01823   0.00199   0.02453   0.00163   0.00000   0.00000   0.00000   0.00000   0.00529   0.00000   0.01221   0.00000   0.00436   0.00906   0.00386   0.00000   0.00306   0.00646   0.00000   0.00709   0.00418   0.01576   0.00471   0.03014   0.00000   0.00000   0.00435   0.00000   0.00000   0.00820   0.02119   0.01033   0.00579   0.01936   0.00233   0.00837   0.00000   0.02550   0.01886   0.01345   0.00365   0.00583   0.01300   0.00693   0.00979   0.00000   0.00269   0.02018   1.77626   0.77664   0.89540   0.76767   0.27402   0.00000   0.54809  
 39 33.9698   2472.909073  x:  0.01752   0.00956   0.00480   0.01460   0.00412   0.01755   0.01610   0.01941   0.00199   0.02443   0.00158   0.00000   0.00000   0.00000   0.00000   0.00427   0.00000   0.01189   0.00000   0.00438   0.00899   0.00373   0.00000   0.00306   0.00534   0.00000   0.00807   0.00419   0.01554   0.00468   0.02863   0.00000   0.00000   0.00440   0.00000   0.00000   0.00831   0.02122   0.01053   0.00579   0.01936   0.00233   0.00822   0.00000   0.02506   0.01999   0.01461   0.00385   0.00556   0.01345   0.00673   0.00950   0.00000   0.00274   0.02014   1.78372   0.77593   0.89370   0.76454   0.27512   0.00000   0.55385  
 40 64.0414   2470.816745  x:  0.01943   0.01049   0.00560   0.01382   0.00417   0.01660   0.01211   0.02100   0.00210   0.02493   0.00174   0.00000   0.00000   0.00000   0.00000   0.00602   0.00000   0.00828   0.00000   0.00417   0.00813   0.00199   0.00000   0.00314   0.00627   0.00000   0.00690   0.00457   0.01835   0.00452   0.02115   0.00000   0.00000   0.00471   0.00000   0.00000   0.00894   0.02381   0.01019   0.00629   0.01926   0.00268   0.00871   0.00000   0.02402   0.02494   0.01359   0.00372   0.00471   0.01117   0.00650   0.00931   0.00000   0.00268   0.02066   1.88013   0.76552   0.86889   0.72237   0.28912   0.00000   0.63481  
 41 265.9635   2469.085447  x:  0.01821   0.01049   0.00623   0.01557   0.00416   0.01628   0.01387   0.02054   0.00219   0.02553   0.00179   0.00000   0.00000   0.00000   0.00000   0.00712   0.00000   0.00570   0.00000   0.00433   0.00750   0.00066   0.00000   0.00308   0.00643   0.00000   0.00787   0.00476   0.01713   0.00450   0.02527   0.00000   0.00000   0.00497   0.00000   0.00000   0.00924   0.02368   0.01035   0.00654   0.01911   0.00286   0.00914   0.00000   0.02399   0.02346   0.01452   0.00435   0.00581   0.01243   0.00601   0.01124   0.00000   0.00259   0.02010   1.95316   0.75764   0.85006   0.69028   0.29984   0.00000   0.69641  
 42 1543.5288   2468.916748  x:  0.01750   0.01098   0.00622   0.01507   0.00424   0.01853   0.01459   0.02119   0.00220   0.02548   0.00183   0.00000   0.00000   0.00000   0.00000   0.00649   0.00000   0.00551   0.00000   0.00424   0.00744   0.00060   0.00000   0.00315   0.00633   0.00000   0.00713   0.00492   0.01802   0.00450   0.02512   0.00000   0.00000   0.00515   0.00000   0.00000   0.00966   0.02271   0.01004   0.00674   0.01915   0.00300   0.01015   0.00000   0.02514   0.02163   0.01430   0.00427   0.00534   0.01228   0.00600   0.01099   0.00000   0.00265   0.02036   1.96137   0.75668   0.84771   0.68639   0.30120   0.00000   0.70405  
 43 168.6838   2468.363438  x:  0.01855   0.00997   0.00611   0.01672   0.00431   0.01817   0.01372   0.02120   0.00224   0.02610   0.00187   0.00000   0.00000   0.00000   0.00000   0.00639   0.00000   0.00503   0.00000   0.00442   0.00737   0.00086   0.00000   0.00322   0.00674   0.00000   0.00776   0.00503   0.01685   0.00439   0.02308   0.00000   0.00000   0.00516   0.00000   0.00000   0.00963   0.02008   0.01009   0.00679   0.01921   0.00305   0.00922   0.00000   0.03000   0.01787   0.01503   0.00499   0.00610   0.01312   0.00562   0.01014   0.00000   0.00265   0.01974   1.98861   0.75362   0.83960   0.67238   0.30636   0.00000   0.73247  
 44 119.1051   2466.858002  x:  0.01818   0.01212   0.00573   0.01475   0.00425   0.01550   0.01719   0.02077   0.00229   0.02562   0.00180   0.00000   0.00000   0.00000   0.00000   0.00705   0.00000   0.00476   0.00000   0.00405   0.00720   0.00174   0.00000   0.00309   0.00509   0.00000   0.00545   0.00505   0.01678   0.00469   0.02666   0.00000   0.00000   0.00547   0.00000   0.00000   0.01021   0.01733   0.01015   0.00715   0.01976   0.00316   0.01002   0.00000   0.03279   0.02001   0.01438   0.00371   0.00502   0.01273   0.00637   0.01402   0.00000   0.00258   0.02202   2.06490   0.74508   0.81667   0.63233   0.32150   0.00000   0.81387  
 45 539.1833   2465.229189  x:  0.01516   0.00916   0.00528   0.01589   0.00433   0.02013   0.01843   0.01963   0.00232   0.02754   0.00191   0.00000   0.00000   0.00000   0.00000   0.00680   0.00000   0.00413   0.00000   0.00491   0.00702   0.00273   0.00000   0.00334   0.00616   0.00000   0.00711   0.00533   0.02201   0.00447   0.03274   0.00000   0.00000   0.00529   0.00000   0.00000   0.01021   0.01943   0.01063   0.00692   0.02010   0.00331   0.01044   0.00000   0.02734   0.02311   0.01379   0.00478   0.00722   0.01230   0.00570   0.01220   0.00000   0.00263   0.02136   2.14888   0.73599   0.79193   0.58806   0.33873   0.00000   0.90332  
 46 1327.6478   2464.890408  x:  0.01629   0.00954   0.00515   0.01593   0.00438   0.02182   0.01686   0.02061   0.00231   0.02746   0.00191   0.00000   0.00000   0.00000   0.00000   0.00670   0.00000   0.00403   0.00000   0.00487   0.00700   0.00295   0.00000   0.00336   0.00586   0.00000   0.00647   0.00543   0.02023   0.00454   0.03346   0.00000   0.00000   0.00547   0.00000   0.00000   0.01053   0.02249   0.01069   0.00710   0.02022   0.00340   0.01141   0.00000   0.02361   0.02105   0.01434   0.00472   0.00691   0.01399   0.00565   0.01283   0.00000   0.00268   0.02192   2.16488   0.73430   0.78724   0.57924   0.34262   0.00000   0.92077  
 47 378.6394   2464.851126  x:  0.01558   0.00956   0.00513   0.01612   0.00436   0.02150   0.01761   0.02032   0.00231   0.02741   0.00190   0.00000   0.00000   0.00000   0.00000   0.00671   0.00000   0.00400   0.00000   0.00486   0.00700   0.00296   0.00000   0.00335   0.00581   0.00000   0.00641   0.00541   0.01996   0.00456   0.03291   0.00000   0.00000   0.00546   0.00000   0.00000   0.01051   0.02383   0.01072   0.00713   0.02023   0.00339   0.01112   0.00000   0.02337   0.02015   0.01429   0.00467   0.00690   0.01306   0.00577   0.01291   0.00000   0.00267   0.02194   2.16606   0.73436   0.78714   0.57800   0.34401   0.00000   0.92260  
 48 30.6752   2464.663794  x:  0.01691   0.00954   0.00509   0.01572   0.00445   0.01961   0.01903   0.02023   0.00231   0.02733   0.00196   0.00000   0.00000   0.00000   0.00000   0.00605   0.00000   0.00424   0.00000   0.00480   0.00700   0.00294   0.00000   0.00336   0.00605   0.00000   0.00609   0.00545   0.02229   0.00448   0.03311   0.00000   0.00000   0.00551   0.00000   0.00000   0.01050   0.02535   0.01045   0.00723   0.02026   0.00341   0.01095   0.00000   0.02334   0.01867   0.01357   0.00503   0.00684   0.01444   0.00562   0.01234   0.00000   0.00268   0.02169   2.16824   0.73616   0.78924   0.57061   0.35614   0.00000   0.93025  
 49 25.2490   2457.823121  x:  0.01653   0.00329   0.00266   0.01595   0.00432   0.02040   0.01485   0.01554   0.00307   0.02115   0.00211   0.00000   0.00000   0.00000   0.00000   0.00238   0.00000   0.00673   0.00000   0.00518   0.00739   0.00261   0.00000   0.00361   0.00486   0.00000   0.00379   0.00519   0.01900   0.00405   0.03864   0.00000   0.00000   0.00476   0.00000   0.00000   0.01008   0.02264   0.01246   0.00638   0.02026   0.00325   0.00671   0.00000   0.02310   0.01775   0.01202   0.00466   0.00647   0.01261   0.00533   0.00932   0.00000   0.00281   0.02410   2.22528   0.79510   0.86063   0.34120   0.74282   0.00000   1.16089  
 50 273.5096   2457.796488  x:  0.01763   0.00320   0.00265   0.01603   0.00430   0.02072   0.01520   0.01541   0.00307   0.02112   0.00210   0.00000   0.00000   0.00000   0.00000   0.00254   0.00000   0.00671   0.00000   0.00523   0.00739   0.00261   0.00000   0.00361   0.00482   0.00000   0.00389   0.00518   0.01904   0.00406   0.03879   0.00000   0.00000   0.00473   0.00000   0.00000   0.01006   0.02249   0.01253   0.00633   0.02024   0.00324   0.00668   0.00000   0.02296   0.01764   0.01215   0.00459   0.00657   0.01186   0.00539   0.00941   0.00000   0.00280   0.02411   2.22562   0.79523   0.86083   0.34109   0.74509   0.00000   1.16158  
 51 36.4278   2454.866222  x:  0.01728   0.00091   0.00163   0.01574   0.00401   0.02047   0.01514   0.01495   0.00347   0.01606   0.00237   0.00000   0.00000   0.00000   0.00000   0.00195   0.00000   0.00432   0.00000   0.00494   0.00556   0.00273   0.00000   0.00336   0.00472   0.00000   0.00282   0.00500   0.01950   0.00352   0.03816   0.00000   0.00000   0.00474   0.00000   0.00000   0.00974   0.02155   0.01272   0.00619   0.01944   0.00333   0.00666   0.00000   0.02178   0.01775   0.01165   0.00523   0.00640   0.01197   0.00439   0.00984   0.00000   0.00252   0.02390   2.26076   0.79108   0.86391   0.43556   1.01381   0.00000   1.18906  
 52 34.5357   2453.391878  x:  0.01762   0.00269   0.00158   0.01562   0.00392   0.02070   0.01484   0.01409   0.00354   0.01375   0.00250   0.00000   0.00000   0.00000   0.00000   0.00100   0.00000   0.00421   0.00000   0.00425   0.00393   0.00286   0.00000   0.00319   0.00570   0.00000   0.00411   0.00481   0.01891   0.00343   0.03996   0.00000   0.00000   0.00474   0.00000   0.00000   0.00967   0.02114   0.01323   0.00614   0.01882   0.00330   0.00601   0.00000   0.02129   0.01713   0.01110   0.00532   0.00512   0.01140   0.00427   0.00986   0.00000   0.00255   0.02435   2.28528   0.83226   0.92869   0.50009   1.18904   0.00000   1.26014  
 53 42.8792   2453.196267  x:  0.01757   0.00299   0.00161   0.01561   0.00390   0.02074   0.01486   0.01406   0.00355   0.01324   0.00253   0.00000   0.00000   0.00000   0.00000   0.00098   0.00000   0.00419   0.00000   0.00414   0.00369   0.00289   0.00000   0.00316   0.00587   0.00000   0.00431   0.00479   0.01885   0.00341   0.04010   0.00000   0.00000   0.00477   0.00000   0.00000   0.00966   0.02107   0.01326   0.00615   0.01870   0.00330   0.00603   0.00000   0.02119   0.01708   0.01106   0.00538   0.00495   0.01138   0.00424   0.00997   0.00000   0.00255   0.02436   2.29078   0.84263   0.94392   0.50890   1.22511   0.02291   1.27310  
 54 22.0080   2451.592842  x:  0.01543   0.00403   0.00240   0.01586   0.00389   0.02108   0.01595   0.01589   0.00342   0.01031   0.00276   0.00000   0.00000   0.00000   0.00000   0.00321   0.00000   0.00425   0.00000   0.00391   0.00365   0.00323   0.00000   0.00295   0.00632   0.00000   0.00466   0.00486   0.01944   0.00345   0.03793   0.00000   0.00000   0.00521   0.00000   0.00000   0.00969   0.02096   0.01252   0.00647   0.01820   0.00348   0.00832   0.00000   0.02064   0.01776   0.01184   0.00622   0.00533   0.01274   0.00402   0.01216   0.00000   0.00237   0.02315   2.33336   0.93058   1.06342   0.50364   1.49458   0.05046   1.34676  
 55 15.4635   2450.073410  x:  0.01470   0.00425   0.00282   0.01669   0.00415   0.02214   0.01474   0.01462   0.00349   0.01124   0.00268   0.00000   0.00000   0.00000   0.00000   0.00360   0.00000   0.00944   0.00000   0.00426   0.00666   0.00316   0.00000   0.00323   0.00613   0.00000   0.00509   0.00493   0.01805   0.00393   0.04044   0.00000   0.00000   0.00514   0.00000   0.00000   0.00999   0.02080   0.01295   0.00640   0.01976   0.00347   0.00714   0.00000   0.02141   0.01714   0.01221   0.00600   0.00569   0.01251   0.00501   0.01201   0.00000   0.00275   0.02395   2.41845   1.02132   1.20737   0.68800   1.66235   0.07218   1.52441  
 56 12.7006   2445.073216  x:  0.01596   0.00367   0.00172   0.01755   0.00331   0.02079   0.01206   0.00790   0.00457   0.01369   0.00246   0.00000   0.00000   0.00000   0.00000   0.00399   0.00000   0.00607   0.00000   0.00308   0.00529   0.00286   0.00000   0.00272   0.00522   0.00000   0.00503   0.00510   0.01882   0.00300   0.03408   0.00000   0.00000   0.00527   0.00000   0.00000   0.01037   0.01853   0.01304   0.00654   0.02879   0.00376   0.00376   0.00000   0.02336   0.01878   0.01281   0.00672   0.00594   0.01278   0.00356   0.01523   0.00000   0.00238   0.02743   2.38785   1.45501   1.95369   0.99205   1.24234   0.01757   1.48043  
 57  3.9397   2444.126917  x:  0.01638   0.00307   0.00209   0.01753   0.00325   0.02027   0.01198   0.00781   0.00460   0.00961   0.00266   0.00000   0.00000   0.00000   0.00000   0.00373   0.00000   0.00624   0.00000   0.00286   0.00551   0.00281   0.00000   0.00270   0.00550   0.00000   0.00527   0.00508   0.01816   0.00289   0.03357   0.00000   0.00000   0.00527   0.00000   0.00000   0.01020   0.01821   0.01348   0.00653   0.02786   0.00375   0.00433   0.00000   0.02361   0.01887   0.01273   0.00701   0.00558   0.01253   0.00358   0.01491   0.00000   0.00234   0.02853   2.43401   1.47316   2.01835   1.02011   1.11882   0.00000   1.46830  
 58  3.2836   2441.862705  x:  0.01802   0.00277   0.00395   0.01667   0.00264   0.02045   0.01383   0.01007   0.00429   0.01257   0.00281   0.00000   0.00000   0.00000   0.00000   0.00202   0.00000   0.00480   0.00000   0.00257   0.00671   0.00307   0.00000   0.00268   0.00500   0.00000   0.00458   0.00528   0.02060   0.00293   0.02603   0.00000   0.00000   0.00581   0.00000   0.00000   0.01038   0.01894   0.01229   0.00703   0.02845   0.00403   0.00792   0.00000   0.02418   0.01987   0.01463   0.00850   0.00701   0.01288   0.00481   0.01844   0.00000   0.00227   0.02970   2.66377   1.46648   2.37242   1.07423   1.16631   0.00000   1.56860  
 59  1.2600   2441.797772  x:  0.01806   0.00277   0.00399   0.01664   0.00262   0.02045   0.01388   0.01014   0.00429   0.01264   0.00282   0.00000   0.00000   0.00000   0.00000   0.00198   0.00000   0.00477   0.00000   0.00257   0.00673   0.00307   0.00000   0.00268   0.00498   0.00000   0.00456   0.00528   0.02066   0.00293   0.02582   0.00000   0.00000   0.00582   0.00000   0.00000   0.01038   0.01896   0.01226   0.00704   0.02849   0.00403   0.00803   0.00000   0.02420   0.01990   0.01468   0.00855   0.00704   0.01289   0.00485   0.01853   0.00000   0.00227   0.02974   2.67116   1.46569   2.38282   1.07600   1.16748   0.01209   1.57197  
 60 14.9842   2440.505468  x:  0.01788   0.00252   0.00290   0.01538   0.00243   0.01906   0.01418   0.01218   0.00451   0.01194   0.00289   0.00000   0.00000   0.00000   0.00000   0.00293   0.00000   0.00608   0.00000   0.00251   0.00343   0.00305   0.00000   0.00298   0.00513   0.00000   0.00538   0.00522   0.01975   0.00306   0.02523   0.00000   0.00000   0.00555   0.00000   0.00000   0.01040   0.01997   0.01275   0.00674   0.03217   0.00395   0.00936   0.00000   0.02520   0.01950   0.01557   0.00860   0.00693   0.01375   0.00591   0.01705   0.00000   0.00277   0.03197   2.87268   1.35505   2.50792   1.12083   1.20767   0.01731   1.70622  
 61  1.6337   2439.265770  x:  0.01800   0.00305   0.00130   0.01402   0.00201   0.01800   0.01410   0.01221   0.00440   0.00944   0.00315   0.00000   0.00000   0.00000   0.00000   0.00346   0.00000   0.00484   0.00000   0.00190   0.00568   0.00308   0.00000   0.00292   0.00540   0.00000   0.00589   0.00501   0.02029   0.00281   0.02355   0.00000   0.00000   0.00543   0.00000   0.00000   0.01015   0.02042   0.01333   0.00652   0.02985   0.00397   0.00847   0.00000   0.02532   0.01915   0.01567   0.00917   0.00638   0.01452   0.00612   0.01728   0.00000   0.00294   0.03419   3.14461   1.24234   2.59789   1.13928   1.30562   0.02821   1.83842  
 62  1.6928   2438.032009  x:  0.01822   0.00279   0.00364   0.01281   0.00170   0.01777   0.01297   0.00993   0.00422   0.00827   0.00340   0.00000   0.00000   0.00000   0.00000   0.00360   0.00000   0.00454   0.00000   0.00175   0.00562   0.00313   0.00000   0.00289   0.00524   0.00000   0.00582   0.00473   0.02090   0.00260   0.02323   0.00000   0.00000   0.00522   0.00000   0.00000   0.00979   0.02038   0.01384   0.00614   0.02561   0.00398   0.00529   0.00000   0.02502   0.01842   0.01528   0.00966   0.00609   0.01481   0.00631   0.01771   0.00000   0.00312   0.03639   3.50657   1.17251   2.66943   1.18408   1.46995   0.04734   2.02994  
 63  2.3284   2436.814467  x:  0.01847   0.00303   0.00343   0.01268   0.00240   0.01974   0.01229   0.00816   0.00445   0.01000   0.00359   0.00000   0.00000   0.00000   0.00000   0.00378   0.00000   0.00619   0.00000   0.00275   0.00528   0.00327   0.00000   0.00270   0.00567   0.00000   0.00494   0.00436   0.02000   0.00238   0.02551   0.00000   0.00000   0.00501   0.00000   0.00000   0.00901   0.01869   0.01424   0.00558   0.02603   0.00406   0.00749   0.00000   0.02378   0.01851   0.01501   0.01053   0.00585   0.01391   0.00470   0.01708   0.00000   0.00294   0.03725   3.93172   1.51469   2.62239   1.29925   1.63192   0.07026   2.26520  
 64  0.8150   2436.137510  x:  0.01792   0.00282   0.00361   0.01313   0.00304   0.02051   0.01319   0.01077   0.00515   0.01065   0.00361   0.00000   0.00000   0.00000   0.00000   0.00385   0.00000   0.00497   0.00000   0.00305   0.00539   0.00333   0.00000   0.00275   0.00572   0.00000   0.00521   0.00410   0.01932   0.00246   0.02755   0.00000   0.00000   0.00506   0.00000   0.00000   0.00856   0.01828   0.01385   0.00564   0.02998   0.00402   0.00754   0.00000   0.02276   0.01867   0.01469   0.01071   0.00546   0.01361   0.00374   0.01547   0.00000   0.00284   0.03701   4.21545   1.25405   2.94792   1.36884   1.67069   0.07758   2.43765  
 65  0.6684   2435.756504  x:  0.01703   0.00261   0.00304   0.01445   0.00315   0.02138   0.01393   0.01102   0.00502   0.00986   0.00361   0.00000   0.00000   0.00000   0.00000   0.00351   0.00000   0.00575   0.00000   0.00314   0.00468   0.00325   0.00000   0.00271   0.00500   0.00000   0.00475   0.00370   0.02013   0.00289   0.02553   0.00000   0.00000   0.00529   0.00000   0.00000   0.00809   0.01827   0.01296   0.00580   0.02857   0.00391   0.00648   0.00000   0.02247   0.01888   0.01465   0.01095   0.00638   0.01324   0.00424   0.01623   0.00000   0.00270   0.03609   4.48092   1.24185   3.12150   1.44369   1.63010   0.07231   2.53490  
 66  0.5146   2435.526842  x:  0.01656   0.00229   0.00291   0.01446   0.00284   0.02082   0.01392   0.01041   0.00491   0.01054   0.00348   0.00000   0.00000   0.00000   0.00000   0.00341   0.00000   0.00489   0.00000   0.00257   0.00472   0.00312   0.00000   0.00259   0.00526   0.00000   0.00559   0.00306   0.02030   0.00306   0.02551   0.00000   0.00000   0.00522   0.00000   0.00000   0.00768   0.01882   0.01259   0.00566   0.02901   0.00361   0.00644   0.00000   0.02294   0.01856   0.01448   0.01070   0.00602   0.01353   0.00487   0.01587   0.00000   0.00283   0.03517   4.67525   1.35377   3.22599   1.51038   1.67911   0.08022   2.64130  
 67  0.5203   2435.366056  x:  0.01697   0.00284   0.00271   0.01416   0.00258   0.02047   0.01330   0.00955   0.00492   0.01058   0.00336   0.00000   0.00000   0.00000   0.00000   0.00342   0.00000   0.00463   0.00000   0.00231   0.00489   0.00292   0.00000   0.00252   0.00514   0.00000   0.00476   0.00278   0.02062   0.00296   0.02566   0.00000   0.00000   0.00508   0.00000   0.00000   0.00777   0.01885   0.01266   0.00540   0.02900   0.00353   0.00682   0.00000   0.02352   0.01832   0.01442   0.01046   0.00621   0.01363   0.00454   0.01579   0.00000   0.00290   0.03435   4.84783   1.25510   3.39888   1.56840   1.75032   0.09190   2.74376  
 68  0.3807   2435.262283  x:  0.01721   0.00278   0.00258   0.01350   0.00253   0.02044   0.01297   0.01035   0.00471   0.01030   0.00328   0.00000   0.00000   0.00000   0.00000   0.00314   0.00000   0.00517   0.00000   0.00246   0.00530   0.00273   0.00000   0.00245   0.00546   0.00000   0.00495   0.00282   0.02081   0.00283   0.02543   0.00000   0.00000   0.00504   0.00000   0.00000   0.00823   0.01876   0.01301   0.00528   0.02834   0.00357   0.00647   0.00000   0.02351   0.01827   0.01464   0.01032   0.00601   0.01381   0.00391   0.01622   0.00000   0.00295   0.03317   4.97027   1.27775   3.51227   1.61572   1.77467   0.09656   2.80649  
 69  0.2395   2435.218801  x:  0.01729   0.00275   0.00264   0.01344   0.00254   0.02038   0.01319   0.01012   0.00474   0.01010   0.00314   0.00000   0.00000   0.00000   0.00000   0.00302   0.00000   0.00494   0.00000   0.00276   0.00531   0.00260   0.00000   0.00262   0.00541   0.00000   0.00504   0.00294   0.02045   0.00288   0.02575   0.00000   0.00000   0.00502   0.00000   0.00000   0.00863   0.01888   0.01316   0.00531   0.02834   0.00352   0.00655   0.00000   0.02316   0.01855   0.01456   0.00997   0.00593   0.01364   0.00442   0.01618   0.00000   0.00301   0.03221   5.01013   1.26413   3.64184   1.65455   1.76814   0.09578   2.82895  
 70  0.1279   2435.197768  x:  0.01716   0.00278   0.00274   0.01370   0.00258   0.02048   0.01342   0.01003   0.00482   0.01015   0.00308   0.00000   0.00000   0.00000   0.00000   0.00298   0.00000   0.00504   0.00000   0.00250   0.00512   0.00253   0.00000   0.00260   0.00537   0.00000   0.00504   0.00302   0.02012   0.00274   0.02563   0.00000   0.00000   0.00506   0.00000   0.00000   0.00881   0.01890   0.01327   0.00542   0.02852   0.00349   0.00668   0.00000   0.02301   0.01865   0.01444   0.00984   0.00588   0.01347   0.00429   0.01626   0.00000   0.00292   0.03165   5.02766   1.28348   3.71303   1.68237   1.77505   0.09634   2.83706  
 71  0.0843   2435.186897  x:  0.01706   0.00285   0.00279   0.01384   0.00258   0.02049   0.01316   0.01015   0.00484   0.01038   0.00306   0.00000   0.00000   0.00000   0.00000   0.00310   0.00000   0.00501   0.00000   0.00254   0.00496   0.00247   0.00000   0.00260   0.00539   0.00000   0.00505   0.00307   0.02027   0.00275   0.02563   0.00000   0.00000   0.00506   0.00000   0.00000   0.00890   0.01870   0.01346   0.00544   0.02809   0.00344   0.00664   0.00000   0.02326   0.01853   0.01449   0.00982   0.00595   0.01357   0.00434   0.01636   0.00000   0.00288   0.03186   5.02544   1.27664   3.80458   1.70924   1.78235   0.09706   2.83474  
 72  0.0444   2435.175889  x:  0.01710   0.00290   0.00283   0.01373   0.00255   0.02034   0.01339   0.01020   0.00485   0.01006   0.00304   0.00000   0.00000   0.00000   0.00000   0.00317   0.00000   0.00503   0.00000   0.00258   0.00500   0.00242   0.00000   0.00258   0.00540   0.00000   0.00496   0.00304   0.02052   0.00278   0.02564   0.00000   0.00000   0.00502   0.00000   0.00000   0.00884   0.01882   0.01349   0.00541   0.02844   0.00331   0.00660   0.00000   0.02306   0.01851   0.01452   0.00986   0.00599   0.01356   0.00434   0.01632   0.00000   0.00283   0.03214   5.02569   1.29652   3.92111   1.75093   1.78498   0.09724   2.82627  
 73  0.0644   2435.169119  x:  0.01707   0.00281   0.00281   0.01373   0.00256   0.02038   0.01342   0.01004   0.00483   0.01011   0.00305   0.00000   0.00000   0.00000   0.00000   0.00316   0.00000   0.00511   0.00000   0.00255   0.00507   0.00241   0.00000   0.00254   0.00547   0.00000   0.00508   0.00303   0.02055   0.00280   0.02569   0.00000   0.00000   0.00505   0.00000   0.00000   0.00878   0.01889   0.01347   0.00543   0.02838   0.00323   0.00666   0.00000   0.02294   0.01853   0.01448   0.00993   0.00592   0.01355   0.00429   0.01641   0.00000   0.00279   0.03229   5.02745   1.27324   4.02027   1.77407   1.77176   0.09555   2.81610  
 74  0.1496   2435.162804  x:  0.01712   0.00278   0.00276   0.01366   0.00257   0.02053   0.01319   0.01016   0.00481   0.01016   0.00306   0.00000   0.00000   0.00000   0.00000   0.00314   0.00000   0.00501   0.00000   0.00251   0.00513   0.00239   0.00000   0.00256   0.00536   0.00000   0.00502   0.00304   0.02027   0.00280   0.02568   0.00000   0.00000   0.00506   0.00000   0.00000   0.00874   0.01876   0.01332   0.00542   0.02835   0.00315   0.00664   0.00000   0.02302   0.01855   0.01448   0.00998   0.00589   0.01351   0.00429   0.01641   0.00000   0.00282   0.03232   5.02811   1.28819   4.09980   1.80123   1.75288   0.09327   2.79498  
 75  0.0672   2435.156595  x:  0.01707   0.00277   0.00271   0.01374   0.00260   0.02055   0.01334   0.01008   0.00481   0.01023   0.00309   0.00000   0.00000   0.00000   0.00000   0.00308   0.00000   0.00504   0.00000   0.00256   0.00513   0.00244   0.00000   0.00259   0.00532   0.00000   0.00505   0.00308   0.02020   0.00278   0.02565   0.00000   0.00000   0.00505   0.00000   0.00000   0.00874   0.01875   0.01314   0.00537   0.02851   0.00312   0.00659   0.00000   0.02319   0.01853   0.01453   0.01002   0.00595   0.01360   0.00426   0.01638   0.00000   0.00290   0.03220   5.03096   1.27772   4.15821   1.81341   1.76270   0.09533   2.77374  
 76  0.0351   2435.149563  x:  0.01717   0.00278   0.00269   0.01373   0.00258   0.02039   0.01337   0.01006   0.00483   0.01025   0.00315   0.00000   0.00000   0.00000   0.00000   0.00305   0.00000   0.00503   0.00000   0.00255   0.00500   0.00251   0.00000   0.00257   0.00550   0.00000   0.00491   0.00314   0.02026   0.00273   0.02568   0.00000   0.00000   0.00501   0.00000   0.00000   0.00878   0.01891   0.01317   0.00531   0.02831   0.00314   0.00655   0.00000   0.02312   0.01853   0.01446   0.01004   0.00589   0.01354   0.00422   0.01619   0.00000   0.00296   0.03216   5.03746   1.27586   4.19882   1.82634   1.73274   0.09096   2.72610  
 77  0.0297   2435.139791  x:  0.01715   0.00278   0.00274   0.01365   0.00256   0.02028   0.01311   0.01006   0.00492   0.01008   0.00320   0.00000   0.00000   0.00000   0.00000   0.00301   0.00000   0.00507   0.00000   0.00253   0.00499   0.00259   0.00000   0.00254   0.00532   0.00000   0.00509   0.00309   0.02041   0.00274   0.02561   0.00000   0.00000   0.00502   0.00000   0.00000   0.00885   0.01866   0.01326   0.00536   0.02836   0.00317   0.00662   0.00000   0.02298   0.01845   0.01440   0.00993   0.00592   0.01361   0.00423   0.01605   0.00000   0.00297   0.03199   5.06964   1.26774   4.22719   1.83731   1.70214   0.08587   2.66227  
 78  0.0365   2435.133217  x:  0.01716   0.00283   0.00277   0.01374   0.00257   0.02031   0.01325   0.01012   0.00486   0.01019   0.00320   0.00000   0.00000   0.00000   0.00000   0.00304   0.00000   0.00509   0.00000   0.00254   0.00511   0.00262   0.00000   0.00255   0.00540   0.00000   0.00504   0.00300   0.02025   0.00282   0.02555   0.00000   0.00000   0.00507   0.00000   0.00000   0.00881   0.01867   0.01339   0.00545   0.02834   0.00320   0.00655   0.00000   0.02316   0.01847   0.01443   0.00989   0.00588   0.01346   0.00435   0.01614   0.00000   0.00290   0.03195   5.10658   1.26072   4.23420   1.84207   1.67917   0.08258   2.62128  
 79  0.0359   2435.130372  x:  0.01712   0.00283   0.00275   0.01374   0.00257   0.02037   0.01333   0.01004   0.00481   0.01022   0.00317   0.00000   0.00000   0.00000   0.00000   0.00307   0.00000   0.00503   0.00000   0.00256   0.00510   0.00259   0.00000   0.00258   0.00535   0.00000   0.00503   0.00299   0.02026   0.00277   0.02564   0.00000   0.00000   0.00504   0.00000   0.00000   0.00880   0.01870   0.01346   0.00541   0.02840   0.00323   0.00659   0.00000   0.02312   0.01845   0.01455   0.00985   0.00595   0.01355   0.00424   0.01621   0.00000   0.00286   0.03205   5.12476   1.25931   4.23033   1.84272   1.66306   0.08067   2.60149  
 80  0.0188   2435.128916  x:  0.01713   0.00281   0.00274   0.01369   0.00257   0.02043   0.01326   0.01007   0.00482   0.01020   0.00314   0.00000   0.00000   0.00000   0.00000   0.00309   0.00000   0.00507   0.00000   0.00253   0.00506   0.00256   0.00000   0.00259   0.00540   0.00000   0.00502   0.00301   0.02029   0.00277   0.02576   0.00000   0.00000   0.00504   0.00000   0.00000   0.00880   0.01869   0.01340   0.00539   0.02849   0.00325   0.00660   0.00000   0.02308   0.01851   0.01456   0.00986   0.00592   0.01357   0.00432   0.01631   0.00000   0.00286   0.03209   5.13254   1.25635   4.22012   1.83900   1.65899   0.08044   2.58948  
 81  0.0129   2435.128234  x:  0.01712   0.00279   0.00275   0.01370   0.00258   0.02038   0.01329   0.01008   0.00485   0.01020   0.00312   0.00000   0.00000   0.00000   0.00000   0.00310   0.00000   0.00506   0.00000   0.00254   0.00508   0.00252   0.00000   0.00258   0.00538   0.00000   0.00504   0.00303   0.02031   0.00278   0.02568   0.00000   0.00000   0.00504   0.00000   0.00000   0.00881   0.01877   0.01336   0.00539   0.02843   0.00326   0.00659   0.00000   0.02315   0.01850   0.01451   0.00987   0.00591   0.01356   0.00431   0.01632   0.00000   0.00288   0.03212   5.13405   1.25641   4.20843   1.83524   1.65480   0.07986   2.58210  
 82  0.0095   2435.128090  x:  0.01713   0.00279   0.00275   0.01373   0.00257   0.02040   0.01329   0.01008   0.00485   0.01019   0.00311   0.00000   0.00000   0.00000   0.00000   0.00309   0.00000   0.00506   0.00000   0.00254   0.00508   0.00251   0.00000   0.00258   0.00538   0.00000   0.00503   0.00302   0.02030   0.00278   0.02571   0.00000   0.00000   0.00504   0.00000   0.00000   0.00880   0.01872   0.01334   0.00539   0.02840   0.00326   0.00660   0.00000   0.02311   0.01849   0.01450   0.00988   0.00592   0.01354   0.00430   0.01628   0.00000   0.00289   0.03213   5.13420   1.25507   4.20361   1.83335   1.65506   0.07969   2.58078  
 83  0.0035   2435.128067  x:  0.01712   0.00279   0.00275   0.01371   0.00257   0.02040   0.01329   0.01008   0.00484   0.01020   0.00310   0.00000   0.00000   0.00000   0.00000   0.00309   0.00000   0.00506   0.00000   0.00254   0.00508   0.00250   0.00000   0.00258   0.00538   0.00000   0.00503   0.00302   0.02029   0.00278   0.02569   0.00000   0.00000   0.00504   0.00000   0.00000   0.00879   0.01874   0.01334   0.00540   0.02841   0.00326   0.00660   0.00000   0.02310   0.01849   0.01450   0.00988   0.00592   0.01355   0.00429   0.01627   0.00000   0.00289   0.03214   5.13349   1.25495   4.20281   1.83280   1.65505   0.07962   2.58007  
 84  0.0008   2435.128061  x:  0.01712   0.00280   0.00275   0.01372   0.00257   0.02040   0.01329   0.01008   0.00484   0.01020   0.00310   0.00000   0.00000   0.00000   0.00000   0.00309   0.00000   0.00506   0.00000   0.00254   0.00508   0.00250   0.00000   0.00258   0.00538   0.00000   0.00503   0.00302   0.02030   0.00278   0.02570   0.00000   0.00000   0.00504   0.00000   0.00000   0.00879   0.01873   0.01335   0.00540   0.02841   0.00326   0.00660   0.00000   0.02311   0.01849   0.01450   0.00989   0.00592   0.01355   0.00430   0.01626   0.00000   0.00289   0.03213   5.13300   1.25496   4.20171   1.83219   1.65464   0.07958   2.57985  
 85  0.0007   2435.128059  x:  0.01712   0.00280   0.00275   0.01372   0.00257   0.02040   0.01329   0.01008   0.00484   0.01020   0.00310   0.00000   0.00000   0.00000   0.00000   0.00309   0.00000   0.00506   0.00000   0.00254   0.00508   0.00250   0.00000   0.00258   0.00538   0.00000   0.00503   0.00302   0.02030   0.00278   0.02570   0.00000   0.00000   0.00504   0.00000   0.00000   0.00879   0.01873   0.01335   0.00540   0.02841   0.00326   0.00660   0.00000   0.02311   0.01849   0.01450   0.00989   0.00592   0.01355   0.00430   0.01626   0.00000   0.00289   0.03213   5.13291   1.25476   4.20126   1.83176   1.65455   0.07958   2.57964  
 86  0.0004   2435.128056  x:  0.01712   0.00280   0.00275   0.01371   0.00257   0.02040   0.01329   0.01008   0.00484   0.01020   0.00310   0.00000   0.00000   0.00000   0.00000   0.00309   0.00000   0.00506   0.00000   0.00254   0.00508   0.00250   0.00000   0.00258   0.00538   0.00000   0.00503   0.00302   0.02030   0.00278   0.02570   0.00000   0.00000   0.00504   0.00000   0.00000   0.00879   0.01873   0.01335   0.00540   0.02841   0.00325   0.00660   0.00000   0.02311   0.01849   0.01450   0.00989   0.00592   0.01355   0.00429   0.01627   0.00000   0.00289   0.03213   5.13337   1.25456   4.20107   1.83101   1.65456   0.07960   2.57978  
 87  0.0002   2435.128055  x:  0.01712   0.00280   0.00275   0.01372   0.00257   0.02040   0.01329   0.01008   0.00484   0.01020   0.00310   0.00000   0.00000   0.00000   0.00000   0.00309   0.00000   0.00506   0.00000   0.00254   0.00508   0.00250   0.00000   0.00258   0.00538   0.00000   0.00503   0.00302   0.02030   0.00278   0.02570   0.00000   0.00000   0.00504   0.00000   0.00000   0.00879   0.01873   0.01335   0.00540   0.02841   0.00325   0.00660   0.00000   0.02311   0.01849   0.01450   0.00989   0.00592   0.01355   0.00429   0.01627   0.00000   0.00289   0.03213   5.13372   1.25431   4.20121   1.83055   1.65459   0.07960   2.58000  
 88  0.0003   2435.128054  x:  0.01712   0.00280   0.00275   0.01372   0.00257   0.02040   0.01329   0.01008   0.00484   0.01020   0.00310   0.00000   0.00000   0.00000   0.00000   0.00309   0.00000   0.00506   0.00000   0.00254   0.00508   0.00250   0.00000   0.00258   0.00538   0.00000   0.00503   0.00302   0.02030   0.00278   0.02570   0.00000   0.00000   0.00504   0.00000   0.00000   0.00879   0.01873   0.01335   0.00540   0.02841   0.00325   0.00660   0.00000   0.02311   0.01849   0.01450   0.00989   0.00592   0.01355   0.00429   0.01626   0.00000   0.00289   0.03213   5.13384   1.25405   4.20133   1.82987   1.65453   0.07958   2.57999  
 89  0.0003   2435.128053  x:  0.01712   0.00280   0.00275   0.01371   0.00257   0.02040   0.01329   0.01008   0.00484   0.01020   0.00310   0.00000   0.00000   0.00000   0.00000   0.00309   0.00000   0.00506   0.00000   0.00254   0.00508   0.00250   0.00000   0.00258   0.00538   0.00000   0.00503   0.00302   0.02030   0.00278   0.02570   0.00000   0.00000   0.00504   0.00000   0.00000   0.00879   0.01873   0.01335   0.00540   0.02841   0.00325   0.00660   0.00000   0.02311   0.01849   0.01450   0.00989   0.00592   0.01355   0.00429   0.01626   0.00000   0.00289   0.03213   5.13348   1.25392   4.20149   1.82932   1.65458   0.07960   2.58003  
 90  0.0002   2435.128052  x:  0.01712   0.00280   0.00275   0.01372   0.00257   0.02040   0.01329   0.01008   0.00484   0.01020   0.00310   0.00000   0.00000   0.00000   0.00000   0.00309   0.00000   0.00506   0.00000   0.00254   0.00508   0.00250   0.00000   0.00258   0.00538   0.00000   0.00503   0.00302   0.02030   0.00278   0.02570   0.00000   0.00000   0.00504   0.00000   0.00000   0.00879   0.01873   0.01335   0.00540   0.02841   0.00325   0.00660   0.00000   0.02311   0.01849   0.01450   0.00989   0.00592   0.01355   0.00429   0.01627   0.00000   0.00289   0.03213   5.13356   1.25386   4.20173   1.82933   1.65458   0.07960   2.58004  
 91  0.0002   2435.128052  x:  0.01712   0.00280   0.00275   0.01372   0.00257   0.02040   0.01329   0.01008   0.00484   0.01020   0.00310   0.00000   0.00000   0.00000   0.00000   0.00309   0.00000   0.00506   0.00000   0.00254   0.00508   0.00250   0.00000   0.00258   0.00538   0.00000   0.00503   0.00302   0.02030   0.00278   0.02570   0.00000   0.00000   0.00504   0.00000   0.00000   0.00879   0.01873   0.01335   0.00540   0.02841   0.00325   0.00660   0.00000   0.02311   0.01849   0.01450   0.00989   0.00592   0.01355   0.00429   0.01627   0.00000   0.00289   0.03213   5.13361   1.25379   4.20200   1.82925   1.65459   0.07960   2.58009  
 92  0.0004   2435.128052  x:  0.01712   0.00280   0.00275   0.01372   0.00257   0.02040   0.01329   0.01008   0.00484   0.01020   0.00310   0.00000   0.00000   0.00000   0.00000   0.00309   0.00000   0.00506   0.00000   0.00254   0.00508   0.00250   0.00000   0.00258   0.00538   0.00000   0.00503   0.00302   0.02030   0.00278   0.02570   0.00000   0.00000   0.00504   0.00000   0.00000   0.00879   0.01873   0.01335   0.00540   0.02841   0.00325   0.00660   0.00000   0.02311   0.01849   0.01450   0.00989   0.00592   0.01355   0.00429   0.01627   0.00000   0.00289   0.03213   5.13367   1.25374   4.20229   1.82917   1.65459   0.07960   2.58014  
 93  0.0005   2435.128052  x:  0.01712   0.00280   0.00275   0.01372   0.00257   0.02040   0.01329   0.01008   0.00484   0.01020   0.00310   0.00000   0.00000   0.00000   0.00000   0.00309   0.00000   0.00506   0.00000   0.00254   0.00508   0.00250   0.00000   0.00258   0.00538   0.00000   0.00503   0.00302   0.02030   0.00278   0.02570   0.00000   0.00000   0.00504   0.00000   0.00000   0.00879   0.01873   0.01335   0.00540   0.02841   0.00325   0.00660   0.00000   0.02311   0.01849   0.01450   0.00989   0.00592   0.01355   0.00429   0.01627   0.00000   0.00289   0.03213   5.13370   1.25371   4.20250   1.82913   1.65459   0.07960   2.58017  
 94  0.0005   2435.128052  x:  0.01712   0.00280   0.00275   0.01372   0.00257   0.02040   0.01329   0.01008   0.00484   0.01020   0.00310   0.00000   0.00000   0.00000   0.00000   0.00309   0.00000   0.00506   0.00000   0.00254   0.00508   0.00250   0.00000   0.00258   0.00538   0.00000   0.00503   0.00302   0.02030   0.00278   0.02570   0.00000   0.00000   0.00504   0.00000   0.00000   0.00879   0.01873   0.01335   0.00540   0.02841   0.00325   0.00660   0.00000   0.02311   0.01849   0.01450   0.00989   0.00592   0.01355   0.00429   0.01627   0.00000   0.00289   0.03213   5.13373   1.25368   4.20269   1.82910   1.65459   0.07960   2.58021  
 95  0.0004   2435.128052  x:  0.01712   0.00280   0.00275   0.01372   0.00257   0.02040   0.01329   0.01008   0.00484   0.01020   0.00310   0.00000   0.00000   0.00000   0.00000   0.00309   0.00000   0.00506   0.00000   0.00254   0.00508   0.00250   0.00000   0.00258   0.00538   0.00000   0.00503   0.00302   0.02030   0.00278   0.02570   0.00000   0.00000   0.00504   0.00000   0.00000   0.00879   0.01873   0.01335   0.00540   0.02841   0.00325   0.00660   0.00000   0.02311   0.01849   0.01450   0.00989   0.00592   0.01355   0.00429   0.01627   0.00000   0.00289   0.03213   5.13375   1.25366   4.20287   1.82908   1.65460   0.07961   2.58024  
 96  0.0003   2435.128052  x:  0.01712   0.00280   0.00275   0.01372   0.00257   0.02040   0.01329   0.01008   0.00484   0.01020   0.00310   0.00000   0.00000   0.00000   0.00000   0.00309   0.00000   0.00506   0.00000   0.00254   0.00508   0.00250   0.00000   0.00258   0.00538   0.00000   0.00503   0.00302   0.02030   0.00278   0.02570   0.00000   0.00000   0.00504   0.00000   0.00000   0.00879   0.01873   0.01335   0.00540   0.02841   0.00325   0.00660   0.00000   0.02311   0.01849   0.01450   0.00989   0.00592   0.01355   0.00429   0.01626   0.00000   0.00289   0.03213   5.13376   1.25365   4.20308   1.82908   1.65461   0.07961   2.58027  
 97  0.0001   2435.128052  x:  0.01712   0.00280   0.00275   0.01372   0.00257   0.02040   0.01329   0.01008   0.00484   0.01020   0.00310   0.00000   0.00000   0.00000   0.00000   0.00309   0.00000   0.00506   0.00000   0.00254   0.00508   0.00250   0.00000   0.00258   0.00538   0.00000   0.00503   0.00302   0.02030   0.00278   0.02570   0.00000   0.00000   0.00504   0.00000   0.00000   0.00879   0.01873   0.01335   0.00540   0.02841   0.00325   0.00660   0.00000   0.02311   0.01849   0.01450   0.00989   0.00592   0.01355   0.00429   0.01627   0.00000   0.00289   0.03213   5.13366   1.25368   4.20262   1.82910   1.65462   0.07961   2.58020  
 98  0.0001   2435.128052  x:  0.01712   0.00280   0.00275   0.01372   0.00257   0.02040   0.01329   0.01008   0.00484   0.01020   0.00310   0.00000   0.00000   0.00000   0.00000   0.00309   0.00000   0.00506   0.00000   0.00254   0.00508   0.00250   0.00000   0.00258   0.00538   0.00000   0.00503   0.00302   0.02030   0.00278   0.02570   0.00000   0.00000   0.00504   0.00000   0.00000   0.00879   0.01873   0.01335   0.00540   0.02841   0.00325   0.00660   0.00000   0.02311   0.01849   0.01450   0.00989   0.00592   0.01355   0.00429   0.01627   0.00000   0.00289   0.03213   5.13367   1.25368   4.20265   1.82910   1.65462   0.07961   2.58021  
 99  0.0004   2435.128052  x:  0.01712   0.00280   0.00275   0.01372   0.00257   0.02040   0.01329   0.01008   0.00484   0.01020   0.00310   0.00000   0.00000   0.00000   0.00000   0.00309   0.00000   0.00506   0.00000   0.00254   0.00508   0.00250   0.00000   0.00258   0.00538   0.00000   0.00503   0.00302   0.02030   0.00278   0.02570   0.00000   0.00000   0.00504   0.00000   0.00000   0.00879   0.01873   0.01335   0.00540   0.02841   0.00325   0.00660   0.00000   0.02311   0.01849   0.01450   0.00989   0.00592   0.01355   0.00429   0.01627   0.00000   0.00289   0.03213   5.13367   1.25368   4.20266   1.82910   1.65462   0.07961   2.58021  
100  0.0003   2435.128052  x:  0.01712   0.00280   0.00275   0.01372   0.00257   0.02040   0.01329   0.01008   0.00484   0.01020   0.00310   0.00000   0.00000   0.00000   0.00000   0.00309   0.00000   0.00506   0.00000   0.00254   0.00508   0.00250   0.00000   0.00258   0.00538   0.00000   0.00503   0.00302   0.02030   0.00278   0.02570   0.00000   0.00000   0.00504   0.00000   0.00000   0.00879   0.01873   0.01335   0.00540   0.02841   0.00325   0.00660   0.00000   0.02311   0.01849   0.01450   0.00989   0.00592   0.01355   0.00429   0.01627   0.00000   0.00289   0.03213   5.13368   1.25368   4.20271   1.82910   1.65462   0.07961   2.58021  
101  0.0008   2435.128052  x:  0.01712   0.00280   0.00275   0.01372   0.00257   0.02040   0.01329   0.01008   0.00484   0.01020   0.00310   0.00000   0.00000   0.00000   0.00000   0.00309   0.00000   0.00506   0.00000   0.00254   0.00508   0.00250   0.00000   0.00258   0.00538   0.00000   0.00503   0.00302   0.02030   0.00278   0.02570   0.00000   0.00000   0.00504   0.00000   0.00000   0.00879   0.01873   0.01335   0.00540   0.02841   0.00325   0.00660   0.00000   0.02311   0.01849   0.01450   0.00989   0.00592   0.01355   0.00429   0.01627   0.00000   0.00289   0.03213   5.13368   1.25368   4.20271   1.82910   1.65462   0.07961   2.58021  
102  0.0003   2435.128052  x:  0.01712   0.00280   0.00275   0.01372   0.00257   0.02040   0.01329   0.01008   0.00484   0.01020   0.00310   0.00000   0.00000   0.00000   0.00000   0.00309   0.00000   0.00506   0.00000   0.00254   0.00508   0.00250   0.00000   0.00258   0.00538   0.00000   0.00503   0.00302   0.02030   0.00278   0.02570   0.00000   0.00000   0.00504   0.00000   0.00000   0.00879   0.01873   0.01335   0.00540   0.02841   0.00325   0.00660   0.00000   0.02311   0.01849   0.01450   0.00989   0.00592   0.01355   0.00429   0.01627   0.00000   0.00289   0.03213   5.13368   1.25368   4.20271   1.82910   1.65462   0.07961   2.58021  
103  0.0002   2435.128052  x:  0.01712   0.00280   0.00275   0.01372   0.00257   0.02040   0.01329   0.01008   0.00484   0.01020   0.00310   0.00000   0.00000   0.00000   0.00000   0.00309   0.00000   0.00506   0.00000   0.00254   0.00508   0.00250   0.00000   0.00258   0.00538   0.00000   0.00503   0.00302   0.02030   0.00278   0.02570   0.00000   0.00000   0.00504   0.00000   0.00000   0.00879   0.01873   0.01335   0.00540   0.02841   0.00325   0.00660   0.00000   0.02311   0.01849   0.01450   0.00989   0.00592   0.01355   0.00429   0.01627   0.00000   0.00289   0.03213   5.13368   1.25368   4.20271   1.82910   1.65462   0.07961   2.58021  
check convergence!
