

TREE # 1

  0  0.0000   2611.335972  x:  0.01762   0.00514   0.00853   0.01455   0.00672   0.02139   0.01147   0.01142   0.00619   0.01288   0.00712   0.00372   0.00473   0.00486   0.00501   0.00991   0.00153   0.00824   0.00338   0.00413   0.00436   0.00224   0.00476   0.00559   0.00927   0.00550   0.01144   0.01025   0.02191   0.01367   0.02370   0.00000   0.00784   0.00704   0.00701   0.00147   0.01371   0.02852   0.02615   0.00952   0.01709   0.01236   0.01370   0.00026   0.03035   0.01906   0.01094   0.01426   0.00669   0.01515   0.01260   0.01992   0.00100   0.00356   0.03795   0.40098   0.54344   0.40707   0.58565   0.52791   0.49763  
  1 99.0000   2611.330366  x:  0.01762   0.00514   0.00853   0.01455   0.00672   0.02139   0.01147   0.01142   0.00619   0.01288   0.00712   0.00372   0.00473   0.00485   0.00501   0.00991   0.00153   0.00824   0.00338   0.00413   0.00436   0.00224   0.00475   0.00559   0.00927   0.00550   0.01144   0.01024   0.02191   0.01367   0.02370   0.00000   0.00784   0.00704   0.00701   0.00147   0.01371   0.02852   0.02615   0.00952   0.01709   0.01236   0.01370   0.00026   0.03035   0.01906   0.01095   0.01426   0.00669   0.01515   0.01260   0.01992   0.00100   0.00356   0.03795   0.40098   0.54344   0.40707   0.58565   0.52791   0.49763  
  2 1669.3575   2609.936521  x:  0.01762   0.00518   0.00844   0.01455   0.00669   0.02137   0.01148   0.01142   0.00623   0.01286   0.00708   0.00343   0.00444   0.00458   0.00473   0.00980   0.00126   0.00825   0.00324   0.00423   0.00426   0.00207   0.00448   0.00560   0.00924   0.00523   0.01136   0.01012   0.02190   0.01350   0.02371   0.00000   0.00761   0.00706   0.00683   0.00126   0.01367   0.02846   0.02607   0.00950   0.01709   0.01223   0.01362   0.00000   0.03031   0.01906   0.01093   0.01423   0.00670   0.01514   0.01250   0.01992   0.00080   0.00362   0.03792   0.40111   0.54344   0.40709   0.58565   0.52788   0.49760  
  3 5355.4728   2604.738159  x:  0.01762   0.00547   0.00817   0.01455   0.00668   0.02135   0.01151   0.01148   0.00643   0.01287   0.00698   0.00216   0.00317   0.00337   0.00352   0.00941   0.00006   0.00850   0.00276   0.00470   0.00406   0.00240   0.00327   0.00577   0.00923   0.00402   0.01113   0.00969   0.02188   0.01283   0.02373   0.00000   0.00657   0.00729   0.00614   0.00033   0.01356   0.02824   0.02574   0.00949   0.01695   0.01171   0.01334   0.00000   0.03016   0.01904   0.01083   0.01417   0.00679   0.01512   0.01216   0.01995   0.00000   0.00385   0.03782   0.40163   0.54342   0.40717   0.58562   0.52773   0.49744  
  4 15314.7903   2604.528111  x:  0.01762   0.00548   0.00817   0.01455   0.00668   0.02135   0.01151   0.01148   0.00643   0.01287   0.00699   0.00210   0.00311   0.00331   0.00346   0.00940   0.00000   0.00852   0.00274   0.00470   0.00408   0.00240   0.00321   0.00578   0.00923   0.00397   0.01112   0.00967   0.02188   0.01281   0.02373   0.00000   0.00652   0.00731   0.00612   0.00029   0.01356   0.02824   0.02573   0.00949   0.01695   0.01169   0.01333   0.00000   0.03015   0.01904   0.01083   0.01418   0.00679   0.01513   0.01215   0.01996   0.00000   0.00384   0.03781   0.40166   0.54342   0.40718   0.58562   0.52772   0.49743  
  5 15656.5823   2603.345662  x:  0.01762   0.00548   0.00818   0.01456   0.00672   0.02136   0.01151   0.01150   0.00640   0.01288   0.00701   0.00172   0.00272   0.00294   0.00310   0.00937   0.00000   0.00862   0.00265   0.00462   0.00402   0.00240   0.00285   0.00581   0.00926   0.00360   0.01114   0.00964   0.02190   0.01269   0.02372   0.00000   0.00621   0.00739   0.00597   0.00000   0.01357   0.02820   0.02567   0.00951   0.01693   0.01162   0.01331   0.00000   0.03014   0.01904   0.01083   0.01421   0.00678   0.01514   0.01211   0.01999   0.00000   0.00379   0.03780   0.40180   0.54341   0.40720   0.58561   0.52768   0.49738  
  6 19780.1677   2598.678012  x:  0.01762   0.00533   0.00833   0.01456   0.00681   0.02138   0.01150   0.01150   0.00636   0.01291   0.00712   0.00000   0.00100   0.00130   0.00145   0.00943   0.00000   0.00884   0.00234   0.00455   0.00406   0.00241   0.00121   0.00574   0.00932   0.00198   0.01129   0.00966   0.02197   0.01245   0.02371   0.00000   0.00481   0.00758   0.00546   0.00000   0.01365   0.02811   0.02553   0.00954   0.01702   0.01154   0.01336   0.00000   0.03012   0.01905   0.01090   0.01434   0.00674   0.01519   0.01210   0.02007   0.00000   0.00406   0.03777   0.40242   0.54338   0.40731   0.58558   0.52748   0.49713  
  7 23548.0018   2596.425274  x:  0.01762   0.00530   0.00840   0.01456   0.00681   0.02139   0.01150   0.01148   0.00638   0.01291   0.00714   0.00000   0.00000   0.00036   0.00051   0.00948   0.00000   0.00890   0.00219   0.00462   0.00406   0.00242   0.00027   0.00570   0.00932   0.00104   0.01135   0.00971   0.02200   0.01237   0.02370   0.00000   0.00400   0.00763   0.00521   0.00000   0.01368   0.02808   0.02548   0.00953   0.01704   0.01154   0.01340   0.00000   0.03012   0.01906   0.01090   0.01437   0.00675   0.01520   0.01212   0.02008   0.00000   0.00402   0.03777   0.40276   0.54337   0.40738   0.58556   0.52737   0.49698  
  8 58014.8528   2595.907220  x:  0.01762   0.00531   0.00841   0.01456   0.00681   0.02139   0.01150   0.01149   0.00638   0.01291   0.00714   0.00000   0.00000   0.00009   0.00024   0.00949   0.00000   0.00892   0.00215   0.00461   0.00406   0.00242   0.00000   0.00571   0.00932   0.00078   0.01135   0.00972   0.02200   0.01236   0.02370   0.00000   0.00377   0.00765   0.00516   0.00000   0.01368   0.02808   0.02547   0.00953   0.01704   0.01155   0.01341   0.00000   0.03013   0.01906   0.01089   0.01438   0.00675   0.01521   0.01212   0.02008   0.00000   0.00402   0.03777   0.40285   0.54336   0.40739   0.58555   0.52734   0.49694  
  9 123940.3461   2595.777339  x:  0.01762   0.00531   0.00841   0.01456   0.00681   0.02139   0.01150   0.01149   0.00638   0.01291   0.00714   0.00000   0.00000   0.00000   0.00015   0.00949   0.00000   0.00892   0.00214   0.00461   0.00406   0.00242   0.00000   0.00571   0.00932   0.00069   0.01136   0.00972   0.02200   0.01236   0.02370   0.00000   0.00370   0.00765   0.00515   0.00000   0.01368   0.02807   0.02547   0.00953   0.01704   0.01155   0.01341   0.00000   0.03013   0.01906   0.01089   0.01438   0.00675   0.01521   0.01212   0.02008   0.00000   0.00402   0.03777   0.40288   0.54336   0.40740   0.58555   0.52733   0.49693  
 10 558934.8929   2595.606758  x:  0.01762   0.00531   0.00841   0.01456   0.00681   0.02139   0.01150   0.01148   0.00638   0.01291   0.00715   0.00000   0.00000   0.00000   0.00000   0.00949   0.00000   0.00893   0.00213   0.00461   0.00406   0.00242   0.00000   0.00571   0.00932   0.00055   0.01136   0.00972   0.02200   0.01236   0.02370   0.00000   0.00358   0.00766   0.00512   0.00000   0.01368   0.02807   0.02547   0.00953   0.01704   0.01155   0.01341   0.00000   0.03013   0.01906   0.01089   0.01438   0.00675   0.01521   0.01212   0.02008   0.00000   0.00402   0.03777   0.40293   0.54336   0.40741   0.58554   0.52732   0.49690  
 11 213684.6423   2595.191618  x:  0.01762   0.00533   0.00846   0.01456   0.00680   0.02139   0.01150   0.01148   0.00637   0.01290   0.00715   0.00000   0.00000   0.00000   0.00000   0.00950   0.00000   0.00892   0.00209   0.00462   0.00406   0.00242   0.00000   0.00573   0.00931   0.00000   0.01140   0.00972   0.02202   0.01231   0.02370   0.00000   0.00311   0.00765   0.00507   0.00000   0.01370   0.02806   0.02545   0.00952   0.01701   0.01152   0.01342   0.00000   0.03012   0.01906   0.01091   0.01440   0.00672   0.01522   0.01212   0.02009   0.00000   0.00402   0.03776   0.40307   0.54335   0.40744   0.58553   0.52726   0.49682  
 12 22609.7653   2593.901428  x:  0.01762   0.00506   0.00871   0.01455   0.00652   0.02133   0.01153   0.01166   0.00659   0.01287   0.00694   0.00000   0.00000   0.00000   0.00000   0.00975   0.00000   0.00903   0.00194   0.00452   0.00406   0.00243   0.00000   0.00595   0.00919   0.00000   0.01158   0.00988   0.02215   0.01176   0.02371   0.00000   0.00000   0.00782   0.00498   0.00000   0.01377   0.02788   0.02519   0.00949   0.01691   0.01130   0.01360   0.00000   0.03008   0.01907   0.01091   0.01440   0.00700   0.01521   0.01209   0.01988   0.00000   0.00403   0.03769   0.40358   0.54329   0.40763   0.58543   0.52689   0.49627  
 13 2668.1908   2591.626139  x:  0.01754   0.00658   0.00913   0.01463   0.00626   0.02084   0.01200   0.01243   0.00308   0.01334   0.00473   0.00000   0.00000   0.00000   0.00000   0.01345   0.00000   0.01189   0.00098   0.00560   0.00414   0.00248   0.00000   0.00397   0.00970   0.00000   0.01048   0.01300   0.02273   0.00470   0.02404   0.00000   0.00000   0.01010   0.00477   0.00000   0.01286   0.02535   0.02150   0.00964   0.01954   0.01022   0.01628   0.00000   0.02989   0.01888   0.00933   0.01323   0.00546   0.01441   0.01209   0.01607   0.00000   0.00391   0.03692   0.40990   0.54217   0.41083   0.58340   0.52024   0.48588  
 14 238.9401   2590.192431  x:  0.01753   0.00756   0.00853   0.01467   0.00680   0.02080   0.01186   0.01210   0.00489   0.01349   0.00490   0.00000   0.00000   0.00000   0.00000   0.01465   0.00000   0.01271   0.00000   0.00493   0.00415   0.00247   0.00000   0.00335   0.01004   0.00000   0.00951   0.01408   0.02277   0.00334   0.02414   0.00000   0.00000   0.01035   0.00407   0.00000   0.01232   0.02433   0.01998   0.00954   0.02035   0.01001   0.01707   0.00000   0.02984   0.01879   0.01003   0.01299   0.00429   0.01417   0.01202   0.01525   0.00000   0.00391   0.03665   0.41287   0.54160   0.41246   0.58234   0.51679   0.48053  
 15 522.7936   2586.548747  x:  0.01752   0.00799   0.00714   0.01464   0.00708   0.02079   0.01154   0.01109   0.00464   0.01327   0.00561   0.00000   0.00000   0.00000   0.00000   0.01597   0.00000   0.01341   0.00000   0.00494   0.00415   0.00245   0.00000   0.00383   0.00993   0.00000   0.00820   0.01515   0.02288   0.00396   0.02424   0.00000   0.00000   0.00997   0.00000   0.00000   0.01167   0.02237   0.01716   0.00880   0.02110   0.00910   0.01777   0.00000   0.02959   0.01869   0.01171   0.01303   0.00543   0.01412   0.01142   0.01512   0.00000   0.00389   0.03610   0.41906   0.54058   0.41551   0.58037   0.51031   0.47067  
 16 840.2615   2577.511715  x:  0.01755   0.00450   0.00123   0.01422   0.00419   0.02105   0.01268   0.01039   0.00484   0.01104   0.00453   0.00000   0.00000   0.00000   0.00000   0.01713   0.00000   0.01200   0.00000   0.00482   0.00402   0.00226   0.00000   0.00224   0.00651   0.00000   0.00775   0.01584   0.02194   0.00841   0.02416   0.00000   0.00000   0.01257   0.00000   0.00000   0.01122   0.01681   0.01083   0.00604   0.01904   0.00674   0.01677   0.00000   0.02871   0.01856   0.00734   0.01349   0.00148   0.01491   0.00835   0.01914   0.00000   0.00399   0.03467   0.45344   0.53604   0.42984   0.57144   0.47994   0.42587  
 17 1321.3444   2570.648598  x:  0.01754   0.00367   0.00397   0.01403   0.00315   0.02147   0.01281   0.01059   0.00472   0.01006   0.00253   0.00000   0.00000   0.00000   0.00000   0.01526   0.00000   0.00944   0.00000   0.00473   0.00396   0.00210   0.00000   0.00026   0.00506   0.00000   0.00571   0.01434   0.01974   0.00917   0.02425   0.00000   0.00000   0.01431   0.00000   0.00000   0.01001   0.01527   0.01059   0.00542   0.01811   0.00742   0.01404   0.00000   0.02841   0.01831   0.00806   0.01211   0.00158   0.01468   0.00659   0.02097   0.00000   0.00399   0.03433   0.47889   0.53304   0.43975   0.56537   0.45894   0.39542  
 18 3159.6950   2563.554554  x:  0.01754   0.00214   0.00707   0.01382   0.00243   0.02206   0.01331   0.01021   0.00462   0.00896   0.00037   0.00000   0.00000   0.00000   0.00000   0.01275   0.00000   0.00552   0.00000   0.00459   0.00389   0.00189   0.00000   0.00138   0.00367   0.00000   0.00330   0.01243   0.01682   0.00922   0.02435   0.00000   0.00000   0.01576   0.00000   0.00000   0.00851   0.01373   0.01091   0.00466   0.01956   0.00890   0.01051   0.00000   0.02815   0.01800   0.00789   0.01020   0.00097   0.01436   0.00469   0.02309   0.00000   0.00397   0.03403   0.51148   0.52923   0.45239   0.55765   0.43216   0.35668  
 19 28634.8335   2559.854063  x:  0.01750   0.00097   0.00833   0.01364   0.00102   0.02223   0.01369   0.01066   0.00428   0.00816   0.00212   0.00000   0.00000   0.00000   0.00000   0.01093   0.00000   0.00246   0.00000   0.00455   0.00386   0.00174   0.00000   0.00185   0.00253   0.00000   0.00201   0.01107   0.01474   0.00838   0.02450   0.00000   0.00000   0.01688   0.00000   0.00000   0.00740   0.01311   0.01174   0.00426   0.02000   0.01016   0.00809   0.00000   0.02803   0.01775   0.00781   0.00822   0.00085   0.01383   0.00369   0.02359   0.00000   0.00394   0.03391   0.53377   0.52667   0.46098   0.55241   0.41396   0.33043  
 20 21481.1563   2555.835643  x:  0.01745   0.00067   0.00678   0.01342   0.00091   0.02205   0.01384   0.01143   0.00402   0.00749   0.00186   0.00000   0.00000   0.00000   0.00000   0.00902   0.00000   0.00067   0.00000   0.00448   0.00384   0.00161   0.00000   0.00174   0.00249   0.00000   0.00427   0.00958   0.01343   0.00710   0.02466   0.00000   0.00000   0.01684   0.00000   0.00000   0.00704   0.01351   0.01332   0.00404   0.02032   0.01128   0.00621   0.00000   0.02796   0.01758   0.00905   0.00643   0.00164   0.01327   0.00378   0.02325   0.00000   0.00390   0.03397   0.55188   0.52467   0.46789   0.54822   0.39932   0.30947  
 21 7261.7271   2553.120283  x:  0.01740   0.00049   0.00615   0.01320   0.00015   0.02181   0.01407   0.01191   0.00391   0.00678   0.00181   0.00000   0.00000   0.00000   0.00000   0.00746   0.00000   0.00151   0.00000   0.00441   0.00384   0.00153   0.00000   0.00172   0.00194   0.00000   0.00564   0.00828   0.01263   0.00643   0.02476   0.00000   0.00000   0.01575   0.00000   0.00000   0.00704   0.01410   0.01493   0.00361   0.02069   0.01202   0.00484   0.00000   0.02788   0.01749   0.00970   0.00509   0.00190   0.01290   0.00389   0.02288   0.00000   0.00387   0.03406   0.56441   0.52330   0.47272   0.54529   0.38909   0.29487  
 22 14361.4328   2552.050609  x:  0.01737   0.00021   0.00590   0.01305   0.00055   0.02158   0.01426   0.01234   0.00383   0.00630   0.00183   0.00000   0.00000   0.00000   0.00000   0.00679   0.00000   0.00186   0.00000   0.00438   0.00383   0.00148   0.00000   0.00172   0.00137   0.00000   0.00610   0.00768   0.01233   0.00612   0.02482   0.00000   0.00000   0.01507   0.00000   0.00000   0.00709   0.01438   0.01571   0.00327   0.02065   0.01228   0.00430   0.00000   0.02781   0.01745   0.00990   0.00435   0.00200   0.01268   0.00393   0.02248   0.00000   0.00386   0.03408   0.57045   0.52264   0.47506   0.54388   0.38413   0.28780  
 23 23798.8337   2548.006235  x:  0.01708   0.00102   0.00495   0.01194   0.00096   0.01881   0.01724   0.01892   0.00384   0.00382   0.00187   0.00000   0.00000   0.00000   0.00000   0.00428   0.00000   0.00219   0.00000   0.00414   0.00383   0.00132   0.00000   0.00166   0.00062   0.00000   0.00635   0.00445   0.01317   0.00716   0.02506   0.00000   0.00000   0.01346   0.00000   0.00000   0.00956   0.01580   0.01959   0.00240   0.02360   0.01121   0.00409   0.00000   0.02688   0.01754   0.01196   0.00306   0.00193   0.01199   0.00349   0.02014   0.00000   0.00378   0.03395   0.59612   0.52008   0.48491   0.53800   0.36337   0.25877  
 24 4752.1018   2545.815631  x:  0.01690   0.00101   0.00445   0.01124   0.00106   0.01705   0.01899   0.02276   0.00382   0.00256   0.00185   0.00000   0.00000   0.00000   0.00000   0.00286   0.00000   0.00229   0.00000   0.00401   0.00382   0.00121   0.00000   0.00160   0.00209   0.00000   0.00600   0.00254   0.01377   0.00777   0.02523   0.00000   0.00000   0.01165   0.00000   0.00000   0.01095   0.01664   0.02188   0.00181   0.02459   0.01036   0.00416   0.00000   0.02627   0.01758   0.01281   0.00238   0.00180   0.01150   0.00331   0.01836   0.00000   0.00374   0.03383   0.61208   0.51848   0.49107   0.53433   0.35038   0.24061  
 25 25056.5821   2542.493483  x:  0.01672   0.00091   0.00342   0.01063   0.00101   0.01513   0.02071   0.02682   0.00375   0.00450   0.00165   0.00000   0.00000   0.00000   0.00000   0.00135   0.00000   0.00217   0.00000   0.00391   0.00379   0.00111   0.00000   0.00144   0.00217   0.00000   0.00498   0.00066   0.01464   0.00823   0.02545   0.00000   0.00000   0.00878   0.00000   0.00000   0.01223   0.01788   0.02462   0.00313   0.02539   0.00904   0.00457   0.00000   0.02553   0.01763   0.01368   0.00335   0.00173   0.01092   0.00363   0.01615   0.00000   0.00373   0.03374   0.62991   0.51675   0.49796   0.53023   0.33588   0.22043  
 26 8364.9181   2541.426731  x:  0.01665   0.00091   0.00281   0.01054   0.00101   0.01447   0.02137   0.02870   0.00370   0.00502   0.00155   0.00000   0.00000   0.00000   0.00000   0.00060   0.00000   0.00215   0.00000   0.00389   0.00378   0.00107   0.00000   0.00136   0.00229   0.00000   0.00440   0.00189   0.01482   0.00819   0.02552   0.00000   0.00000   0.00756   0.00000   0.00000   0.01258   0.01878   0.02634   0.00361   0.02575   0.00783   0.00392   0.00000   0.02500   0.01764   0.01413   0.00386   0.00178   0.01079   0.00334   0.01576   0.00000   0.00373   0.03370   0.63718   0.51609   0.50079   0.52856   0.32993   0.21226  
 27 4830.3015   2540.214830  x:  0.01659   0.00094   0.00184   0.01060   0.00105   0.01388   0.02205   0.03108   0.00362   0.00557   0.00140   0.00000   0.00000   0.00000   0.00000   0.00195   0.00000   0.00216   0.00000   0.00388   0.00376   0.00102   0.00000   0.00124   0.00247   0.00000   0.00355   0.00252   0.01477   0.00799   0.02562   0.00000   0.00000   0.00602   0.00000   0.00000   0.01269   0.02030   0.02909   0.00419   0.02624   0.00590   0.00251   0.00000   0.02419   0.01763   0.01476   0.00446   0.00192   0.01068   0.00276   0.01573   0.00000   0.00373   0.03369   0.64634   0.51532   0.50437   0.52647   0.32243   0.20207  
 28 6320.1656   2539.123715  x:  0.01665   0.00091   0.00112   0.01171   0.00103   0.01478   0.02160   0.03255   0.00355   0.00556   0.00128   0.00000   0.00000   0.00000   0.00000   0.00211   0.00000   0.00215   0.00000   0.00390   0.00373   0.00099   0.00000   0.00115   0.00243   0.00000   0.00293   0.00263   0.01418   0.00774   0.02577   0.00000   0.00000   0.00562   0.00000   0.00000   0.01068   0.02236   0.03218   0.00357   0.02677   0.00297   0.00480   0.00000   0.02318   0.01747   0.01508   0.00501   0.00208   0.01097   0.00333   0.01655   0.00000   0.00375   0.03376   0.65379   0.51499   0.50728   0.52485   0.31644   0.19445  
 29 1013.3362   2538.573397  x:  0.01670   0.00098   0.00156   0.01242   0.00109   0.01529   0.02089   0.03338   0.00367   0.00603   0.00139   0.00000   0.00000   0.00000   0.00000   0.00215   0.00000   0.00225   0.00000   0.00385   0.00374   0.00098   0.00000   0.00120   0.00251   0.00000   0.00382   0.00270   0.01457   0.00872   0.02606   0.00000   0.00000   0.00592   0.00000   0.00000   0.00811   0.02305   0.03258   0.00346   0.02749   0.00165   0.00452   0.00000   0.02228   0.01724   0.01493   0.00473   0.00180   0.01092   0.00338   0.01586   0.00000   0.00373   0.03357   0.65822   0.51510   0.50902   0.52397   0.31304   0.19071  
 30 472.7106   2537.799796  x:  0.01685   0.00103   0.00140   0.01360   0.00114   0.01650   0.01912   0.03487   0.00366   0.00555   0.00142   0.00000   0.00000   0.00000   0.00000   0.00206   0.00000   0.00237   0.00000   0.00388   0.00372   0.00099   0.00000   0.00121   0.00255   0.00000   0.00409   0.00257   0.01589   0.00878   0.02639   0.00000   0.00000   0.00653   0.00000   0.00000   0.00515   0.02410   0.03293   0.00354   0.02816   0.00306   0.00424   0.00000   0.02034   0.01702   0.01474   0.00586   0.00188   0.01161   0.00288   0.01605   0.00000   0.00374   0.03298   0.66539   0.51561   0.51198   0.52257   0.30743   0.18509  
 31 598.1934   2536.291583  x:  0.01725   0.00110   0.00107   0.01520   0.00117   0.01960   0.01345   0.03518   0.00375   0.00623   0.00138   0.00000   0.00000   0.00000   0.00000   0.00198   0.00000   0.00239   0.00000   0.00388   0.00374   0.00100   0.00000   0.00119   0.00266   0.00000   0.00335   0.00259   0.01606   0.00919   0.02699   0.00000   0.00000   0.00948   0.00000   0.00000   0.00696   0.02630   0.03283   0.00407   0.02960   0.00319   0.00324   0.00000   0.01797   0.01650   0.01423   0.00370   0.00213   0.01271   0.00482   0.01695   0.00000   0.00372   0.03217   0.68095   0.51753   0.51825   0.51985   0.29604   0.17523  
 32 503.0100   2534.721366  x:  0.01733   0.00128   0.00114   0.01440   0.00135   0.01986   0.01044   0.03357   0.00384   0.00668   0.00153   0.00000   0.00000   0.00000   0.00000   0.00209   0.00000   0.00272   0.00000   0.00399   0.00372   0.00104   0.00000   0.00127   0.00287   0.00000   0.00419   0.00269   0.01206   0.00939   0.02746   0.00000   0.00000   0.01227   0.00000   0.00000   0.00808   0.02873   0.03298   0.00431   0.03042   0.00342   0.00411   0.00000   0.01950   0.01608   0.01396   0.00443   0.00234   0.01018   0.00226   0.01776   0.00000   0.00373   0.03241   0.69689   0.52035   0.52422   0.51761   0.28586   0.16835  
 33 539.3503   2533.366410  x:  0.01725   0.00140   0.00126   0.01286   0.00147   0.01885   0.01128   0.03067   0.00378   0.00576   0.00163   0.00000   0.00000   0.00000   0.00000   0.00200   0.00000   0.00289   0.00000   0.00425   0.00369   0.00109   0.00000   0.00135   0.00293   0.00000   0.00415   0.00257   0.00959   0.00865   0.02751   0.00000   0.00000   0.01525   0.00000   0.00000   0.00756   0.03089   0.03303   0.00422   0.03039   0.00297   0.00300   0.00000   0.02243   0.01608   0.01422   0.00655   0.00261   0.00854   0.00512   0.01959   0.00000   0.00378   0.03315   0.71329   0.52393   0.53000   0.51572   0.27662   0.16381  
 34 842.9433   2530.065087  x:  0.01692   0.00162   0.00110   0.01033   0.00166   0.01628   0.01781   0.02072   0.00359   0.00726   0.00178   0.00000   0.00000   0.00000   0.00000   0.00226   0.00000   0.00323   0.00000   0.00478   0.00367   0.00121   0.00000   0.00146   0.00317   0.00000   0.00417   0.00292   0.01272   0.00658   0.02659   0.00000   0.00000   0.02099   0.00000   0.00000   0.00593   0.03618   0.03559   0.00545   0.02887   0.00300   0.00394   0.00000   0.02971   0.01690   0.01560   0.00319   0.00320   0.00978   0.00477   0.02620   0.00000   0.00382   0.03596   0.75047   0.53311   0.54236   0.51223   0.25810   0.15776  
 35 1011.0949   2528.036691  x:  0.01678   0.00163   0.00113   0.01597   0.00166   0.01656   0.01993   0.01295   0.00368   0.00697   0.00183   0.00000   0.00000   0.00000   0.00000   0.00201   0.00000   0.00324   0.00000   0.00513   0.00366   0.00127   0.00000   0.00149   0.00311   0.00000   0.00402   0.00258   0.01564   0.00573   0.02582   0.00000   0.00000   0.02341   0.00000   0.00000   0.00834   0.03871   0.03913   0.00374   0.02733   0.00262   0.00295   0.00000   0.03138   0.01711   0.01548   0.00584   0.00345   0.01094   0.00346   0.02427   0.00000   0.00384   0.03832   0.77350   0.54075   0.54834   0.51170   0.25213   0.16287  
 36 474.2067   2526.305438  x:  0.01689   0.00162   0.00153   0.01738   0.00168   0.01730   0.02051   0.00912   0.00387   0.00404   0.00193   0.00000   0.00000   0.00000   0.00000   0.00211   0.00000   0.00333   0.00000   0.00542   0.00365   0.00133   0.00000   0.00155   0.00304   0.00000   0.00466   0.00262   0.01500   0.00527   0.02486   0.00000   0.00000   0.02122   0.00000   0.00000   0.00924   0.03814   0.04110   0.00828   0.02615   0.00222   0.00379   0.00000   0.02899   0.01748   0.01466   0.00601   0.00335   0.01276   0.00348   0.02435   0.00000   0.00388   0.03894   0.79357   0.54822   0.55294   0.51190   0.24953   0.17077  
 37 562.5067   2521.065864  x:  0.01746   0.00207   0.00308   0.01616   0.00205   0.01917   0.02101   0.00643   0.00436   0.00733   0.00248   0.00000   0.00000   0.00000   0.00000   0.00249   0.00000   0.00394   0.00000   0.00646   0.00357   0.00153   0.00000   0.00188   0.00352   0.00000   0.00731   0.00309   0.01098   0.00236   0.02172   0.00000   0.00000   0.01203   0.00000   0.00000   0.01147   0.03315   0.04701   0.00566   0.02300   0.00501   0.00507   0.00000   0.01913   0.01902   0.01199   0.00535   0.00333   0.01786   0.00540   0.03039   0.00000   0.00404   0.03896   0.85265   0.57185   0.56571   0.51348   0.24574   0.19966  
 38 1217.4134   2518.855254  x:  0.01774   0.00208   0.00346   0.01376   0.00203   0.02200   0.01548   0.00768   0.00459   0.00703   0.00254   0.00000   0.00000   0.00000   0.00000   0.00242   0.00000   0.00394   0.00000   0.00690   0.00352   0.00162   0.00000   0.00193   0.00348   0.00000   0.00750   0.00299   0.01527   0.00083   0.02239   0.00000   0.00000   0.00703   0.00000   0.00000   0.01173   0.03128   0.04962   0.00536   0.02244   0.00490   0.00499   0.00000   0.02263   0.01886   0.00975   0.00559   0.00341   0.01585   0.00630   0.03429   0.00000   0.00413   0.03894   0.87482   0.58157   0.57039   0.51438   0.24607   0.21212  
 39 698.8073   2518.389791  x:  0.01722   0.00213   0.00346   0.01554   0.00210   0.02304   0.01602   0.00829   0.00466   0.00728   0.00259   0.00000   0.00000   0.00000   0.00000   0.00249   0.00000   0.00403   0.00000   0.00697   0.00353   0.00168   0.00000   0.00195   0.00356   0.00000   0.00787   0.00309   0.01467   0.00111   0.02449   0.00000   0.00000   0.00619   0.00000   0.00000   0.01192   0.02892   0.05160   0.00559   0.02208   0.00526   0.00514   0.00000   0.02604   0.01947   0.00976   0.00540   0.00335   0.01683   0.00650   0.03397   0.00000   0.00413   0.03253   0.88086   0.58596   0.57447   0.51334   0.24622   0.20963  
 40 63.3424   2517.854398  x:  0.01771   0.00211   0.00346   0.01272   0.00210   0.02214   0.01437   0.00644   0.00476   0.00720   0.00260   0.00000   0.00000   0.00000   0.00000   0.00263   0.00000   0.00402   0.00000   0.00705   0.00356   0.00178   0.00000   0.00195   0.00352   0.00000   0.00792   0.00322   0.01633   0.00164   0.02331   0.00000   0.00000   0.00731   0.00000   0.00000   0.01206   0.02736   0.05507   0.00530   0.02167   0.00522   0.00547   0.00000   0.02550   0.01894   0.00945   0.00614   0.00333   0.01630   0.00680   0.03230   0.00000   0.00412   0.02906   0.88779   0.59260   0.58081   0.51155   0.24776   0.20409  
 41 104.1493   2516.067366  x:  0.01897   0.00210   0.00392   0.01589   0.00210   0.01939   0.01164   0.00883   0.00496   0.00748   0.00271   0.00000   0.00000   0.00000   0.00000   0.00301   0.00000   0.00408   0.00000   0.00737   0.00364   0.00215   0.00000   0.00204   0.00357   0.00000   0.00852   0.00366   0.01808   0.00286   0.01847   0.00000   0.00000   0.00618   0.00000   0.00000   0.01245   0.02314   0.05696   0.00575   0.02036   0.00635   0.00654   0.00000   0.02700   0.01652   0.00889   0.00566   0.00319   0.01350   0.00838   0.03115   0.00000   0.00410   0.03763   0.91295   0.61839   0.60616   0.50409   0.25476   0.17876  
 42 201.1416   2514.919814  x:  0.01803   0.00205   0.00432   0.01304   0.00202   0.02240   0.01190   0.00959   0.00506   0.00757   0.00277   0.00000   0.00000   0.00000   0.00000   0.00323   0.00000   0.00404   0.00000   0.00758   0.00369   0.00240   0.00000   0.00211   0.00356   0.00000   0.00874   0.00388   0.01921   0.00372   0.02585   0.00000   0.00000   0.00584   0.00000   0.00000   0.01343   0.02552   0.05569   0.00538   0.01920   0.00691   0.00709   0.00000   0.02584   0.01826   0.00879   0.00652   0.00306   0.01372   0.00866   0.02861   0.00000   0.00408   0.04575   0.92953   0.63673   0.62348   0.49922   0.26201   0.16191  
 43 382.6275   2514.562656  x:  0.01719   0.00200   0.00459   0.01191   0.00196   0.02410   0.01198   0.01061   0.00507   0.00752   0.00274   0.00000   0.00000   0.00000   0.00000   0.00321   0.00000   0.00393   0.00000   0.00762   0.00371   0.00246   0.00000   0.00212   0.00350   0.00000   0.00851   0.00384   0.01905   0.00392   0.02292   0.00000   0.00000   0.00519   0.00000   0.00000   0.01359   0.03266   0.05154   0.00503   0.01886   0.00705   0.00705   0.00000   0.02678   0.01930   0.00863   0.00679   0.00299   0.01508   0.00843   0.02728   0.00000   0.00407   0.04488   0.93443   0.64376   0.62921   0.49799   0.26790   0.15691  
 44 99.4910   2514.392238  x:  0.01846   0.00195   0.00491   0.01297   0.00193   0.02230   0.01212   0.01044   0.00507   0.00749   0.00275   0.00000   0.00000   0.00000   0.00000   0.00326   0.00000   0.00386   0.00000   0.00766   0.00371   0.00249   0.00000   0.00215   0.00345   0.00000   0.00846   0.00388   0.01955   0.00388   0.02391   0.00000   0.00000   0.00490   0.00000   0.00000   0.01388   0.03663   0.04940   0.00504   0.01861   0.00737   0.00731   0.00000   0.02575   0.01826   0.00847   0.00644   0.00291   0.01355   0.00876   0.02834   0.00000   0.00408   0.04318   0.93677   0.64816   0.63251   0.49745   0.27294   0.15404  
 45 80.4037   2514.115744  x:  0.01600   0.00197   0.00495   0.01334   0.00196   0.01946   0.01063   0.01011   0.00507   0.00745   0.00276   0.00000   0.00000   0.00000   0.00000   0.00325   0.00000   0.00388   0.00000   0.00765   0.00371   0.00251   0.00000   0.00216   0.00345   0.00000   0.00841   0.00386   0.01921   0.00370   0.02469   0.00000   0.00000   0.00523   0.00000   0.00000   0.01357   0.03672   0.04978   0.00505   0.01877   0.00725   0.00730   0.00000   0.02618   0.01780   0.00818   0.00650   0.00300   0.01554   0.00878   0.02878   0.00000   0.00410   0.04299   0.94094   0.65902   0.64057   0.49634   0.28718   0.14593  
 46 47.4029   2513.075360  x:  0.01789   0.00209   0.00460   0.01348   0.00207   0.02264   0.01310   0.00937   0.00497   0.00762   0.00282   0.00000   0.00000   0.00000   0.00000   0.00319   0.00000   0.00411   0.00000   0.00755   0.00372   0.00259   0.00000   0.00219   0.00361   0.00000   0.00855   0.00383   0.01880   0.00329   0.02344   0.00000   0.00000   0.00633   0.00000   0.00000   0.01363   0.03259   0.05293   0.00555   0.01891   0.00686   0.00703   0.00000   0.02669   0.01765   0.00869   0.00654   0.00333   0.01493   0.00839   0.02952   0.00000   0.00414   0.04204   0.95771   0.70380   0.67425   0.49157   0.34446   0.11124  
 47 335.0693   2513.039310  x:  0.01811   0.00209   0.00459   0.01374   0.00207   0.02227   0.01284   0.00931   0.00497   0.00761   0.00282   0.00000   0.00000   0.00000   0.00000   0.00319   0.00000   0.00411   0.00000   0.00755   0.00372   0.00259   0.00000   0.00219   0.00361   0.00000   0.00852   0.00383   0.01887   0.00328   0.02332   0.00000   0.00000   0.00641   0.00000   0.00000   0.01355   0.03249   0.05299   0.00558   0.01893   0.00684   0.00703   0.00000   0.02656   0.01956   0.00864   0.00646   0.00335   0.01454   0.00843   0.02964   0.00000   0.00414   0.04198   0.95808   0.70619   0.67600   0.49140   0.34556   0.11097  
 48 34.2123   2509.249964  x:  0.01437   0.00210   0.00525   0.01323   0.00211   0.02193   0.01660   0.01485   0.00453   0.00772   0.00289   0.00000   0.00000   0.00000   0.00000   0.00338   0.00000   0.00438   0.00000   0.00808   0.00318   0.00202   0.00000   0.00247   0.00374   0.00000   0.00757   0.00399   0.02019   0.00289   0.02254   0.00000   0.00000   0.01113   0.00000   0.00000   0.01417   0.03194   0.04609   0.00571   0.01632   0.00620   0.00756   0.00000   0.02120   0.01916   0.00843   0.00748   0.00474   0.01257   0.00790   0.02932   0.00000   0.00536   0.03550   0.97468   1.09219   0.95747   0.47250   0.35805   0.19948  
 49 34.5358   2508.899943  x:  0.01895   0.00212   0.00526   0.01263   0.00213   0.02070   0.01594   0.01562   0.00449   0.00768   0.00288   0.00000   0.00000   0.00000   0.00000   0.00335   0.00000   0.00441   0.00000   0.00811   0.00314   0.00197   0.00000   0.00249   0.00375   0.00000   0.00742   0.00395   0.01958   0.00283   0.02308   0.00000   0.00000   0.01154   0.00000   0.00000   0.01392   0.03202   0.04543   0.00556   0.01623   0.00596   0.00745   0.00000   0.02216   0.01908   0.00828   0.00791   0.00490   0.01553   0.00759   0.02845   0.00000   0.00545   0.03549   0.97592   1.12559   0.98157   0.47129   0.35889   0.20684  
 50 766.0071   2507.138193  x:  0.01808   0.00203   0.00562   0.01232   0.00204   0.01859   0.01642   0.01666   0.00415   0.00735   0.00279   0.00000   0.00000   0.00000   0.00000   0.00329   0.00000   0.00431   0.00000   0.00675   0.00316   0.00189   0.00000   0.00252   0.00359   0.00000   0.00666   0.00383   0.01922   0.00253   0.02323   0.00000   0.00000   0.01099   0.00000   0.00000   0.01372   0.03030   0.03984   0.00513   0.01569   0.00573   0.00752   0.00000   0.01964   0.01876   0.00686   0.00810   0.00538   0.01614   0.00713   0.02556   0.00000   0.00567   0.03278   0.95154   1.29995   1.06512   0.55178   0.29338   0.13507  
 51 20.4722   2505.030247  x:  0.01833   0.00219   0.00510   0.01336   0.00212   0.02017   0.01599   0.01320   0.00410   0.00763   0.00271   0.00000   0.00000   0.00000   0.00000   0.00315   0.00000   0.00444   0.00000   0.00597   0.00289   0.00080   0.00000   0.00248   0.00362   0.00000   0.00610   0.00373   0.01764   0.00251   0.02342   0.00000   0.00000   0.00987   0.00000   0.00000   0.01180   0.03033   0.03956   0.00529   0.01388   0.00565   0.00706   0.00000   0.02355   0.01820   0.00532   0.00696   0.00592   0.01470   0.00698   0.01942   0.00000   0.00595   0.03584   0.97402   1.52661   1.13353   0.75336   0.30926   0.16395  
 52 18.8967   2500.730640  x:  0.01922   0.00206   0.00513   0.01209   0.00210   0.01856   0.01539   0.01728   0.00441   0.00771   0.00297   0.00000   0.00000   0.00000   0.00000   0.00340   0.00000   0.00449   0.00000   0.00871   0.00292   0.00033   0.00000   0.00259   0.00375   0.00000   0.00732   0.00397   0.01986   0.00276   0.02374   0.00000   0.00000   0.01080   0.00000   0.00000   0.01359   0.03032   0.03218   0.00553   0.02268   0.00569   0.00759   0.00000   0.02107   0.01874   0.01138   0.00856   0.00530   0.01571   0.00729   0.02245   0.00000   0.00553   0.03338   1.05527   2.04437   1.13972   1.22894   0.31506   0.18413  
 53  7.4279   2490.486447  x:  0.01897   0.00234   0.00347   0.01371   0.00233   0.01797   0.01217   0.01308   0.00393   0.00838   0.00323   0.00000   0.00000   0.00000   0.00000   0.00331   0.00000   0.00501   0.00000   0.00825   0.00389   0.00348   0.00000   0.00278   0.00401   0.00000   0.00830   0.00394   0.01858   0.00158   0.02438   0.00000   0.00000   0.00626   0.00000   0.00000   0.01120   0.02588   0.01561   0.00646   0.02299   0.00502   0.00705   0.00000   0.02512   0.01850   0.02077   0.00827   0.00566   0.01506   0.00701   0.00772   0.00000   0.00526   0.03227   1.20462   2.62587   1.40059   1.60796   0.32453   0.19533  
 54  4.0625   2486.966167  x:  0.01876   0.00248   0.00343   0.01344   0.00244   0.01964   0.01222   0.01119   0.00492   0.00841   0.00328   0.00000   0.00000   0.00000   0.00000   0.00282   0.00000   0.00528   0.00000   0.00682   0.00404   0.00378   0.00000   0.00284   0.00413   0.00000   0.00765   0.00339   0.01827   0.00214   0.02464   0.00000   0.00000   0.00210   0.00000   0.00000   0.01023   0.02216   0.01100   0.00650   0.02974   0.00367   0.00589   0.00000   0.02424   0.01840   0.01853   0.00778   0.00688   0.01505   0.00608   0.01291   0.00000   0.00486   0.03454   1.23350   2.72214   1.54397   1.63362   0.33706   0.20344  
 55  2.8745   2484.950718  x:  0.01890   0.00258   0.00442   0.01305   0.00260   0.01939   0.01402   0.01463   0.00514   0.00881   0.00346   0.00000   0.00000   0.00000   0.00000   0.00298   0.00000   0.00568   0.00000   0.00477   0.00423   0.00450   0.00000   0.00315   0.00440   0.00000   0.00682   0.00351   0.02016   0.00254   0.02492   0.00000   0.00000   0.00516   0.00000   0.00000   0.01093   0.02010   0.00712   0.00661   0.03269   0.00301   0.00638   0.00000   0.02205   0.01883   0.01622   0.00893   0.00846   0.01524   0.00573   0.01624   0.00000   0.00497   0.03294   1.31232   2.57460   1.52433   1.76117   0.36076   0.21955  
 56  2.1149   2481.095571  x:  0.01821   0.00273   0.00457   0.01380   0.00274   0.02004   0.01413   0.01267   0.00521   0.00943   0.00355   0.00000   0.00000   0.00000   0.00000   0.00305   0.00000   0.00594   0.00000   0.00090   0.00464   0.00438   0.00000   0.00321   0.00464   0.00000   0.00633   0.00358   0.02072   0.00247   0.02531   0.00000   0.00000   0.00596   0.00000   0.00000   0.01045   0.01580   0.01312   0.00681   0.03595   0.00276   0.00659   0.00000   0.02368   0.01857   0.01476   0.00912   0.00906   0.01443   0.00565   0.01674   0.00000   0.00442   0.03332   1.39784   2.48332   1.62792   1.66947   0.36937   0.21351  
 57  2.0165   2478.018329  x:  0.01748   0.00286   0.00453   0.01471   0.00284   0.02050   0.01356   0.01024   0.00570   0.01007   0.00360   0.00000   0.00000   0.00000   0.00000   0.00304   0.00000   0.00610   0.00000   0.00378   0.00506   0.00443   0.00000   0.00323   0.00487   0.00000   0.00578   0.00354   0.02124   0.00236   0.02566   0.00000   0.00000   0.00711   0.00000   0.00000   0.00976   0.01410   0.01875   0.00687   0.03709   0.00242   0.00655   0.00000   0.02564   0.01811   0.01450   0.00907   0.00930   0.01338   0.00540   0.01862   0.00000   0.00113   0.03346   1.51353   2.47670   1.79718   1.63744   0.37548   0.20804  
 58  1.0816   2473.478858  x:  0.01587   0.00304   0.00419   0.01666   0.00291   0.02077   0.01112   0.00440   0.00493   0.01096   0.00359   0.00000   0.00000   0.00000   0.00000   0.00288   0.00000   0.00614   0.00000   0.00357   0.00595   0.00342   0.00000   0.00323   0.00504   0.00000   0.00492   0.00332   0.02092   0.00210   0.02595   0.00000   0.00000   0.00707   0.00000   0.00000   0.00777   0.02026   0.01594   0.00662   0.03294   0.00252   0.00617   0.00000   0.03027   0.01677   0.01555   0.00800   0.00923   0.01080   0.00510   0.01733   0.00000   0.00298   0.03425   1.74296   2.58552   1.75726   1.24909   0.35982   0.17067  
 59  1.4568   2469.770590  x:  0.01588   0.00327   0.00387   0.01472   0.00317   0.01852   0.01019   0.00947   0.00415   0.01135   0.00384   0.00000   0.00000   0.00000   0.00000   0.00289   0.00000   0.00661   0.00000   0.00442   0.00658   0.00390   0.00000   0.00354   0.00547   0.00000   0.00496   0.00320   0.02198   0.00227   0.02562   0.00000   0.00000   0.00579   0.00000   0.00000   0.00775   0.01758   0.01996   0.00673   0.02238   0.00172   0.00617   0.00000   0.02325   0.01743   0.01723   0.00987   0.00981   0.01177   0.00427   0.01890   0.00000   0.00542   0.02781   2.04335   2.49469   1.64282   1.30502   0.40063   0.17271  
 60  1.1022   2466.081322  x:  0.01522   0.00342   0.00450   0.01469   0.00335   0.01697   0.01334   0.01132   0.00378   0.01257   0.00427   0.00000   0.00000   0.00000   0.00000   0.00367   0.00000   0.00702   0.00000   0.00307   0.00684   0.00292   0.00000   0.00379   0.00593   0.00000   0.00654   0.00391   0.02328   0.00265   0.02531   0.00000   0.00000   0.00400   0.00000   0.00000   0.01034   0.02154   0.01474   0.00656   0.02562   0.00449   0.00829   0.00000   0.02201   0.01800   0.01323   0.01210   0.01010   0.01365   0.00518   0.01128   0.00000   0.00374   0.02743   2.32668   1.95426   1.97826   1.06289   0.43110   0.16967  
 61  1.8467   2462.875454  x:  0.01769   0.00355   0.00323   0.01381   0.00343   0.01849   0.01274   0.01060   0.00457   0.01327   0.00444   0.00000   0.00000   0.00000   0.00000   0.00354   0.00000   0.00705   0.00000   0.00224   0.00663   0.00360   0.00000   0.00373   0.00637   0.00000   0.00749   0.00358   0.02316   0.00296   0.02479   0.00000   0.00000   0.00566   0.00000   0.00000   0.01113   0.02584   0.01530   0.00633   0.02344   0.00478   0.00776   0.00000   0.02262   0.01859   0.01673   0.01329   0.00893   0.01648   0.00442   0.01729   0.00000   0.00337   0.03394   2.63253   1.41532   2.97254   1.51794   0.47302   0.22749  
 62  1.2915   2460.710236  x:  0.01887   0.00361   0.00180   0.01239   0.00339   0.02013   0.01268   0.01016   0.00559   0.01321   0.00419   0.00000   0.00000   0.00000   0.00000   0.00287   0.00000   0.00694   0.00000   0.00133   0.00577   0.00349   0.00000   0.00351   0.00648   0.00000   0.00558   0.00271   0.02105   0.00349   0.02481   0.00000   0.00000   0.00536   0.00000   0.00000   0.00865   0.02095   0.01311   0.00577   0.02626   0.00307   0.00607   0.00000   0.02173   0.01822   0.01486   0.01310   0.00940   0.01596   0.00237   0.01551   0.00000   0.00211   0.03786   2.94775   1.49692   2.92787   1.37423   0.47860   0.24717  
 63  0.7782   2459.279764  x:  0.01884   0.00356   0.00201   0.01277   0.00331   0.02059   0.01323   0.01031   0.00598   0.01337   0.00403   0.00000   0.00000   0.00000   0.00000   0.00288   0.00000   0.00668   0.00000   0.00292   0.00508   0.00354   0.00000   0.00336   0.00660   0.00000   0.00421   0.00258   0.02064   0.00350   0.02511   0.00000   0.00000   0.00552   0.00000   0.00000   0.00845   0.01463   0.01587   0.00542   0.03084   0.00315   0.00623   0.00000   0.02289   0.01799   0.01309   0.01299   0.00916   0.01430   0.00306   0.01553   0.00000   0.00409   0.03590   3.24399   1.31763   3.13215   1.38264   0.48913   0.26580  
 64  0.5562   2457.621899  x:  0.01784   0.00340   0.00231   0.01461   0.00309   0.01968   0.01154   0.01004   0.00497   0.01323   0.00380   0.00000   0.00000   0.00000   0.00000   0.00301   0.00000   0.00602   0.00000   0.00260   0.00429   0.00301   0.00000   0.00312   0.00657   0.00000   0.00358   0.00254   0.01993   0.00272   0.02515   0.00000   0.00000   0.00517   0.00000   0.00000   0.00861   0.01693   0.01318   0.00531   0.02717   0.00387   0.00660   0.00000   0.02598   0.01743   0.01527   0.01203   0.00735   0.01178   0.00490   0.01660   0.00000   0.00283   0.02860   3.63454   1.04859   3.46212   1.36901   0.48515   0.26285  
 65  0.7161   2456.797086  x:  0.01694   0.00316   0.00172   0.01468   0.00281   0.01818   0.01237   0.00976   0.00496   0.01250   0.00358   0.00000   0.00000   0.00000   0.00000   0.00301   0.00000   0.00539   0.00000   0.00301   0.00420   0.00296   0.00000   0.00278   0.00641   0.00000   0.00486   0.00249   0.01916   0.00282   0.02566   0.00000   0.00000   0.00500   0.00000   0.00000   0.00936   0.01990   0.01411   0.00564   0.02686   0.00390   0.00635   0.00000   0.02506   0.01749   0.01582   0.01144   0.00535   0.01262   0.00538   0.01708   0.00000   0.00297   0.03034   3.91354   1.25408   3.49395   1.39266   0.47204   0.26134  
 66  0.3927   2456.123249  x:  0.01665   0.00296   0.00262   0.01374   0.00257   0.01826   0.01357   0.00952   0.00495   0.01178   0.00333   0.00000   0.00000   0.00000   0.00000   0.00308   0.00000   0.00490   0.00000   0.00293   0.00468   0.00277   0.00000   0.00263   0.00632   0.00000   0.00434   0.00248   0.01926   0.00315   0.02591   0.00000   0.00000   0.00458   0.00000   0.00000   0.00979   0.02102   0.01408   0.00590   0.02792   0.00337   0.00648   0.00000   0.02141   0.01797   0.01475   0.01124   0.00466   0.01406   0.00508   0.01544   0.00000   0.00287   0.03335   4.26912   1.06413   3.72696   1.46922   0.48173   0.26834  
 67  0.5020   2455.790511  x:  0.01730   0.00289   0.00282   0.01360   0.00245   0.02000   0.01284   0.00927   0.00476   0.01126   0.00317   0.00000   0.00000   0.00000   0.00000   0.00307   0.00000   0.00471   0.00000   0.00261   0.00516   0.00256   0.00000   0.00254   0.00624   0.00000   0.00462   0.00250   0.01946   0.00287   0.02548   0.00000   0.00000   0.00463   0.00000   0.00000   0.00959   0.01683   0.01280   0.00592   0.02761   0.00297   0.00636   0.00000   0.02291   0.01796   0.01520   0.01057   0.00442   0.01402   0.00479   0.01508   0.00000   0.00284   0.03266   4.49901   1.10439   3.90717   1.55618   0.48069   0.26511  
 68  0.2544   2455.602878  x:  0.01804   0.00284   0.00305   0.01356   0.00239   0.02024   0.01275   0.00953   0.00526   0.01083   0.00304   0.00000   0.00000   0.00000   0.00000   0.00304   0.00000   0.00466   0.00000   0.00249   0.00528   0.00268   0.00000   0.00252   0.00617   0.00000   0.00452   0.00252   0.02000   0.00284   0.02512   0.00000   0.00000   0.00505   0.00000   0.00000   0.00909   0.01849   0.01400   0.00581   0.02921   0.00270   0.00633   0.00000   0.02359   0.01776   0.01426   0.00999   0.00481   0.01324   0.00427   0.01579   0.00000   0.00298   0.03109   4.68121   1.13530   4.01295   1.65918   0.48944   0.26866  
 69  0.2247   2455.480254  x:  0.01774   0.00286   0.00291   0.01370   0.00240   0.01898   0.01296   0.00937   0.00522   0.01047   0.00304   0.00000   0.00000   0.00000   0.00000   0.00309   0.00000   0.00478   0.00000   0.00234   0.00520   0.00264   0.00000   0.00257   0.00613   0.00000   0.00526   0.00267   0.02033   0.00269   0.02526   0.00000   0.00000   0.00514   0.00000   0.00000   0.00887   0.01778   0.01420   0.00569   0.02786   0.00293   0.00647   0.00000   0.02323   0.01792   0.01440   0.00964   0.00518   0.01324   0.00415   0.01603   0.00000   0.00299   0.03172   4.84347   1.09185   4.14432   1.76153   0.49958   0.26817  
 70  0.1970   2455.424442  x:  0.01740   0.00285   0.00307   0.01386   0.00238   0.01907   0.01273   0.00965   0.00508   0.01019   0.00299   0.00000   0.00000   0.00000   0.00000   0.00310   0.00000   0.00481   0.00000   0.00235   0.00502   0.00261   0.00000   0.00260   0.00603   0.00000   0.00507   0.00276   0.02036   0.00272   0.02547   0.00000   0.00000   0.00512   0.00000   0.00000   0.00875   0.01841   0.01398   0.00546   0.02718   0.00311   0.00654   0.00000   0.02323   0.01784   0.01465   0.00934   0.00554   0.01348   0.00423   0.01595   0.00000   0.00293   0.03270   4.91534   1.16185   4.16699   1.81617   0.49757   0.26467  
 71  0.1226   2455.393148  x:  0.01731   0.00284   0.00281   0.01375   0.00237   0.01985   0.01270   0.00976   0.00490   0.00988   0.00299   0.00000   0.00000   0.00000   0.00000   0.00308   0.00000   0.00485   0.00000   0.00249   0.00487   0.00255   0.00000   0.00259   0.00595   0.00000   0.00517   0.00283   0.02010   0.00266   0.02534   0.00000   0.00000   0.00506   0.00000   0.00000   0.00908   0.01882   0.01385   0.00548   0.02770   0.00310   0.00648   0.00000   0.02316   0.01777   0.01456   0.00933   0.00571   0.01369   0.00438   0.01572   0.00000   0.00297   0.03228   4.97259   1.15284   4.25056   1.87306   0.49763   0.26482  
 72  0.0752   2455.380233  x:  0.01747   0.00284   0.00271   0.01374   0.00239   0.01939   0.01286   0.00958   0.00498   0.00977   0.00300   0.00000   0.00000   0.00000   0.00000   0.00305   0.00000   0.00490   0.00000   0.00253   0.00493   0.00253   0.00000   0.00261   0.00586   0.00000   0.00495   0.00286   0.01991   0.00263   0.02538   0.00000   0.00000   0.00501   0.00000   0.00000   0.00914   0.01842   0.01388   0.00547   0.02781   0.00308   0.00643   0.00000   0.02317   0.01792   0.01462   0.00932   0.00596   0.01348   0.00447   0.01587   0.00000   0.00292   0.03207   4.98426   1.16306   4.28756   1.90590   0.49604   0.26474  
 73  0.0320   2455.375365  x:  0.01750   0.00284   0.00272   0.01374   0.00239   0.01948   0.01275   0.00963   0.00501   0.00980   0.00303   0.00000   0.00000   0.00000   0.00000   0.00306   0.00000   0.00492   0.00000   0.00251   0.00504   0.00250   0.00000   0.00261   0.00579   0.00000   0.00492   0.00291   0.01993   0.00271   0.02540   0.00000   0.00000   0.00504   0.00000   0.00000   0.00923   0.01850   0.01397   0.00545   0.02785   0.00316   0.00643   0.00000   0.02340   0.01784   0.01471   0.00940   0.00599   0.01345   0.00453   0.01604   0.00000   0.00292   0.03240   4.97980   1.15570   4.32339   1.92256   0.49331   0.26390  
 74  0.0222   2455.368825  x:  0.01742   0.00282   0.00276   0.01374   0.00240   0.01949   0.01279   0.00953   0.00496   0.00985   0.00307   0.00000   0.00000   0.00000   0.00000   0.00304   0.00000   0.00494   0.00000   0.00246   0.00508   0.00243   0.00000   0.00260   0.00560   0.00000   0.00497   0.00297   0.01990   0.00275   0.02534   0.00000   0.00000   0.00496   0.00000   0.00000   0.00914   0.01861   0.01403   0.00551   0.02775   0.00309   0.00634   0.00000   0.02303   0.01779   0.01479   0.00947   0.00595   0.01352   0.00444   0.01599   0.00000   0.00293   0.03213   4.98530   1.16165   4.38560   1.95478   0.49181   0.26337  
 75  0.0211   2455.364852  x:  0.01743   0.00280   0.00278   0.01378   0.00240   0.01942   0.01281   0.00958   0.00499   0.00996   0.00310   0.00000   0.00000   0.00000   0.00000   0.00303   0.00000   0.00495   0.00000   0.00246   0.00493   0.00242   0.00000   0.00259   0.00546   0.00000   0.00500   0.00298   0.01987   0.00276   0.02539   0.00000   0.00000   0.00498   0.00000   0.00000   0.00905   0.01851   0.01397   0.00549   0.02798   0.00310   0.00633   0.00000   0.02330   0.01790   0.01468   0.00950   0.00590   0.01349   0.00441   0.01589   0.00000   0.00295   0.03219   4.98686   1.16425   4.42354   1.96758   0.49259   0.26430  
 76  0.0174   2455.362355  x:  0.01749   0.00279   0.00276   0.01370   0.00242   0.01949   0.01278   0.00959   0.00499   0.01002   0.00311   0.00000   0.00000   0.00000   0.00000   0.00302   0.00000   0.00496   0.00000   0.00251   0.00494   0.00244   0.00000   0.00258   0.00535   0.00000   0.00496   0.00295   0.01989   0.00272   0.02543   0.00000   0.00000   0.00501   0.00000   0.00000   0.00911   0.01848   0.01399   0.00550   0.02771   0.00313   0.00637   0.00000   0.02321   0.01780   0.01465   0.00951   0.00587   0.01341   0.00442   0.01589   0.00000   0.00293   0.03223   4.98939   1.16655   4.44135   1.97055   0.49497   0.26476  
 77  0.0069   2455.361464  x:  0.01744   0.00278   0.00276   0.01378   0.00242   0.01946   0.01280   0.00961   0.00499   0.01002   0.00311   0.00000   0.00000   0.00000   0.00000   0.00301   0.00000   0.00497   0.00000   0.00251   0.00499   0.00246   0.00000   0.00257   0.00530   0.00000   0.00494   0.00293   0.01991   0.00270   0.02538   0.00000   0.00000   0.00502   0.00000   0.00000   0.00914   0.01851   0.01396   0.00552   0.02772   0.00311   0.00639   0.00000   0.02326   0.01785   0.01459   0.00950   0.00588   0.01354   0.00443   0.01591   0.00000   0.00292   0.03223   4.99347   1.16469   4.44724   1.96853   0.49541   0.26470  
 78  0.0049   2455.360985  x:  0.01745   0.00278   0.00276   0.01375   0.00244   0.01946   0.01278   0.00962   0.00498   0.01001   0.00311   0.00000   0.00000   0.00000   0.00000   0.00302   0.00000   0.00497   0.00000   0.00249   0.00500   0.00248   0.00000   0.00257   0.00528   0.00000   0.00497   0.00291   0.01996   0.00271   0.02536   0.00000   0.00000   0.00501   0.00000   0.00000   0.00914   0.01851   0.01395   0.00552   0.02780   0.00310   0.00641   0.00000   0.02319   0.01788   0.01456   0.00947   0.00588   0.01345   0.00447   0.01592   0.00000   0.00292   0.03225   4.99750   1.16299   4.44534   1.96320   0.49505   0.26456  
 79  0.0030   2455.360545  x:  0.01744   0.00278   0.00275   0.01375   0.00246   0.01946   0.01280   0.00960   0.00498   0.01000   0.00310   0.00000   0.00000   0.00000   0.00000   0.00302   0.00000   0.00499   0.00000   0.00248   0.00498   0.00250   0.00000   0.00257   0.00526   0.00000   0.00496   0.00289   0.01993   0.00271   0.02537   0.00000   0.00000   0.00500   0.00000   0.00000   0.00911   0.01850   0.01398   0.00550   0.02776   0.00311   0.00640   0.00000   0.02323   0.01783   0.01462   0.00945   0.00589   0.01349   0.00446   0.01593   0.00000   0.00294   0.03222   4.99893   1.15805   4.44376   1.95380   0.49436   0.26440  
 80  0.0045   2455.360321  x:  0.01746   0.00278   0.00276   0.01375   0.00247   0.01946   0.01279   0.00958   0.00499   0.01000   0.00309   0.00000   0.00000   0.00000   0.00000   0.00303   0.00000   0.00500   0.00000   0.00249   0.00498   0.00250   0.00000   0.00257   0.00525   0.00000   0.00496   0.00290   0.01992   0.00271   0.02540   0.00000   0.00000   0.00500   0.00000   0.00000   0.00913   0.01853   0.01397   0.00552   0.02776   0.00312   0.00640   0.00000   0.02324   0.01787   0.01464   0.00946   0.00590   0.01350   0.00444   0.01588   0.00000   0.00292   0.03221   4.99765   1.15562   4.44201   1.94527   0.49454   0.26446  
 81  0.0029   2455.360151  x:  0.01744   0.00278   0.00276   0.01375   0.00249   0.01946   0.01279   0.00959   0.00499   0.00998   0.00309   0.00000   0.00000   0.00000   0.00000   0.00304   0.00000   0.00500   0.00000   0.00250   0.00499   0.00249   0.00000   0.00258   0.00525   0.00000   0.00497   0.00291   0.01991   0.00271   0.02538   0.00000   0.00000   0.00501   0.00000   0.00000   0.00913   0.01850   0.01397   0.00551   0.02780   0.00311   0.00639   0.00000   0.02323   0.01784   0.01464   0.00946   0.00589   0.01349   0.00443   0.01591   0.00000   0.00293   0.03223   5.00139   1.15444   4.44667   1.94112   0.49518   0.26478  
 82  0.0023   2455.360057  x:  0.01744   0.00277   0.00276   0.01376   0.00250   0.01945   0.01279   0.00961   0.00498   0.00998   0.00308   0.00000   0.00000   0.00000   0.00000   0.00305   0.00000   0.00500   0.00000   0.00249   0.00498   0.00249   0.00000   0.00258   0.00525   0.00000   0.00496   0.00292   0.01992   0.00271   0.02537   0.00000   0.00000   0.00501   0.00000   0.00000   0.00913   0.01851   0.01395   0.00550   0.02777   0.00311   0.00638   0.00000   0.02322   0.01785   0.01465   0.00947   0.00588   0.01349   0.00445   0.01593   0.00000   0.00293   0.03221   5.00104   1.15385   4.44866   1.93908   0.49538   0.26496  
 83  0.0011   2455.359955  x:  0.01747   0.00276   0.00276   0.01374   0.00251   0.01948   0.01281   0.00961   0.00499   0.00997   0.00308   0.00000   0.00000   0.00000   0.00000   0.00304   0.00000   0.00499   0.00000   0.00249   0.00498   0.00249   0.00000   0.00258   0.00526   0.00000   0.00496   0.00292   0.01994   0.00271   0.02540   0.00000   0.00000   0.00501   0.00000   0.00000   0.00913   0.01850   0.01397   0.00551   0.02778   0.00311   0.00638   0.00000   0.02323   0.01785   0.01464   0.00947   0.00588   0.01351   0.00445   0.01591   0.00000   0.00293   0.03220   4.99868   1.15433   4.45206   1.94041   0.49535   0.26503  
 84  0.0009   2455.359828  x:  0.01744   0.00275   0.00275   0.01375   0.00253   0.01944   0.01280   0.00960   0.00498   0.00996   0.00308   0.00000   0.00000   0.00000   0.00000   0.00303   0.00000   0.00497   0.00000   0.00249   0.00498   0.00249   0.00000   0.00258   0.00527   0.00000   0.00496   0.00292   0.01995   0.00271   0.02539   0.00000   0.00000   0.00501   0.00000   0.00000   0.00912   0.01852   0.01398   0.00551   0.02777   0.00311   0.00639   0.00000   0.02323   0.01785   0.01463   0.00944   0.00588   0.01349   0.00445   0.01592   0.00000   0.00293   0.03222   4.99828   1.15487   4.45952   1.94452   0.49523   0.26495  
 85  0.0025   2455.359798  x:  0.01745   0.00275   0.00276   0.01375   0.00254   0.01945   0.01279   0.00960   0.00499   0.00998   0.00308   0.00000   0.00000   0.00000   0.00000   0.00303   0.00000   0.00497   0.00000   0.00249   0.00498   0.00249   0.00000   0.00258   0.00527   0.00000   0.00496   0.00292   0.01993   0.00271   0.02537   0.00000   0.00000   0.00500   0.00000   0.00000   0.00913   0.01851   0.01396   0.00550   0.02778   0.00311   0.00639   0.00000   0.02322   0.01785   0.01463   0.00945   0.00589   0.01349   0.00444   0.01592   0.00000   0.00293   0.03221   4.99696   1.15510   4.45932   1.94524   0.49508   0.26486  
 86  0.0008   2455.359782  x:  0.01745   0.00274   0.00276   0.01375   0.00254   0.01945   0.01279   0.00960   0.00499   0.00998   0.00308   0.00000   0.00000   0.00000   0.00000   0.00303   0.00000   0.00497   0.00000   0.00249   0.00498   0.00249   0.00000   0.00258   0.00527   0.00000   0.00496   0.00292   0.01991   0.00271   0.02538   0.00000   0.00000   0.00501   0.00000   0.00000   0.00913   0.01851   0.01396   0.00551   0.02777   0.00311   0.00639   0.00000   0.02322   0.01785   0.01463   0.00946   0.00589   0.01349   0.00445   0.01592   0.00000   0.00293   0.03222   4.99962   1.15514   4.46088   1.94700   0.49510   0.26479  
 87  0.0012   2455.359776  x:  0.01745   0.00274   0.00276   0.01375   0.00254   0.01945   0.01280   0.00960   0.00498   0.00998   0.00308   0.00000   0.00000   0.00000   0.00000   0.00303   0.00000   0.00497   0.00000   0.00249   0.00498   0.00249   0.00000   0.00258   0.00527   0.00000   0.00496   0.00292   0.01992   0.00271   0.02538   0.00000   0.00000   0.00501   0.00000   0.00000   0.00912   0.01851   0.01397   0.00551   0.02777   0.00311   0.00639   0.00000   0.02323   0.01785   0.01463   0.00946   0.00589   0.01349   0.00445   0.01592   0.00000   0.00293   0.03221   5.00089   1.15537   4.46003   1.94709   0.49515   0.26477  
 88  0.0007   2455.359769  x:  0.01745   0.00274   0.00276   0.01375   0.00254   0.01945   0.01279   0.00960   0.00498   0.00999   0.00309   0.00000   0.00000   0.00000   0.00000   0.00303   0.00000   0.00497   0.00000   0.00249   0.00498   0.00249   0.00000   0.00258   0.00527   0.00000   0.00496   0.00291   0.01992   0.00271   0.02538   0.00000   0.00000   0.00501   0.00000   0.00000   0.00912   0.01851   0.01397   0.00551   0.02777   0.00311   0.00639   0.00000   0.02323   0.01785   0.01463   0.00947   0.00589   0.01349   0.00445   0.01591   0.00000   0.00293   0.03222   5.00030   1.15538   4.45837   1.94680   0.49513   0.26478  
 89  0.0005   2455.359765  x:  0.01745   0.00274   0.00276   0.01375   0.00254   0.01945   0.01280   0.00960   0.00499   0.00999   0.00309   0.00000   0.00000   0.00000   0.00000   0.00303   0.00000   0.00497   0.00000   0.00249   0.00498   0.00249   0.00000   0.00258   0.00527   0.00000   0.00496   0.00291   0.01992   0.00271   0.02538   0.00000   0.00000   0.00501   0.00000   0.00000   0.00913   0.01851   0.01397   0.00551   0.02777   0.00311   0.00639   0.00000   0.02323   0.01785   0.01463   0.00946   0.00589   0.01349   0.00445   0.01591   0.00000   0.00293   0.03221   5.00062   1.15551   4.45744   1.94684   0.49509   0.26477  
 90  0.0003   2455.359762  x:  0.01745   0.00273   0.00276   0.01375   0.00254   0.01946   0.01279   0.00960   0.00499   0.00999   0.00309   0.00000   0.00000   0.00000   0.00000   0.00303   0.00000   0.00497   0.00000   0.00249   0.00498   0.00249   0.00000   0.00258   0.00527   0.00000   0.00496   0.00291   0.01992   0.00271   0.02538   0.00000   0.00000   0.00501   0.00000   0.00000   0.00912   0.01851   0.01397   0.00551   0.02777   0.00311   0.00639   0.00000   0.02323   0.01785   0.01463   0.00946   0.00589   0.01349   0.00445   0.01591   0.00000   0.00293   0.03222   4.99972   1.15544   4.45526   1.94635   0.49508   0.26478  
 91  0.0009   2455.359762  x:  0.01745   0.00273   0.00276   0.01375   0.00254   0.01945   0.01279   0.00960   0.00499   0.00999   0.00309   0.00000   0.00000   0.00000   0.00000   0.00303   0.00000   0.00497   0.00000   0.00249   0.00498   0.00249   0.00000   0.00258   0.00527   0.00000   0.00496   0.00291   0.01992   0.00271   0.02538   0.00000   0.00000   0.00501   0.00000   0.00000   0.00913   0.01851   0.01397   0.00551   0.02777   0.00311   0.00639   0.00000   0.02323   0.01785   0.01463   0.00946   0.00589   0.01349   0.00445   0.01591   0.00000   0.00293   0.03222   4.99968   1.15549   4.45531   1.94636   0.49508   0.26478  
 92  0.0001   2455.359762  x:  0.01745   0.00273   0.00276   0.01375   0.00254   0.01945   0.01279   0.00960   0.00499   0.00999   0.00309   0.00000   0.00000   0.00000   0.00000   0.00303   0.00000   0.00497   0.00000   0.00249   0.00498   0.00249   0.00000   0.00258   0.00527   0.00000   0.00496   0.00291   0.01992   0.00271   0.02538   0.00000   0.00000   0.00501   0.00000   0.00000   0.00913   0.01851   0.01397   0.00551   0.02777   0.00311   0.00639   0.00000   0.02323   0.01785   0.01463   0.00946   0.00589   0.01349   0.00445   0.01591   0.00000   0.00293   0.03221   4.99963   1.15554   4.45517   1.94637   0.49509   0.26478  
 93  0.0003   2455.359762  x:  0.01745   0.00273   0.00276   0.01375   0.00254   0.01945   0.01279   0.00960   0.00499   0.00998   0.00309   0.00000   0.00000   0.00000   0.00000   0.00303   0.00000   0.00497   0.00000   0.00249   0.00498   0.00249   0.00000   0.00258   0.00527   0.00000   0.00496   0.00291   0.01992   0.00271   0.02538   0.00000   0.00000   0.00501   0.00000   0.00000   0.00913   0.01851   0.01397   0.00551   0.02777   0.00311   0.00639   0.00000   0.02323   0.01785   0.01463   0.00946   0.00589   0.01349   0.00445   0.01591   0.00000   0.00293   0.03221   4.99952   1.15557   4.45484   1.94631   0.49509   0.26479  
 94  0.0006   2455.359762  x:  0.01745   0.00273   0.00276   0.01375   0.00254   0.01945   0.01279   0.00960   0.00499   0.00998   0.00309   0.00000   0.00000   0.00000   0.00000   0.00303   0.00000   0.00497   0.00000   0.00249   0.00498   0.00249   0.00000   0.00258   0.00527   0.00000   0.00496   0.00291   0.01992   0.00271   0.02538   0.00000   0.00000   0.00501   0.00000   0.00000   0.00913   0.01851   0.01397   0.00551   0.02777   0.00311   0.00639   0.00000   0.02323   0.01785   0.01463   0.00946   0.00589   0.01349   0.00445   0.01591   0.00000   0.00293   0.03221   4.99949   1.15559   4.45450   1.94624   0.49510   0.26479  
 95  0.0003   2455.359761  x:  0.01745   0.00273   0.00276   0.01375   0.00254   0.01945   0.01279   0.00960   0.00499   0.00998   0.00309   0.00000   0.00000   0.00000   0.00000   0.00303   0.00000   0.00497   0.00000   0.00249   0.00498   0.00249   0.00000   0.00258   0.00527   0.00000   0.00496   0.00291   0.01992   0.00271   0.02538   0.00000   0.00000   0.00501   0.00000   0.00000   0.00913   0.01851   0.01397   0.00551   0.02777   0.00311   0.00639   0.00000   0.02323   0.01785   0.01463   0.00946   0.00589   0.01349   0.00445   0.01591   0.00000   0.00293   0.03221   4.99947   1.15562   4.45370   1.94612   0.49510   0.26479  
 96  0.0004   2455.359761  x:  0.01745   0.00273   0.00276   0.01375   0.00254   0.01945   0.01279   0.00960   0.00499   0.00998   0.00309   0.00000   0.00000   0.00000   0.00000   0.00303   0.00000   0.00497   0.00000   0.00249   0.00498   0.00249   0.00000   0.00258   0.00527   0.00000   0.00496   0.00291   0.01992   0.00271   0.02538   0.00000   0.00000   0.00501   0.00000   0.00000   0.00913   0.01851   0.01397   0.00551   0.02777   0.00311   0.00639   0.00000   0.02323   0.01785   0.01463   0.00946   0.00589   0.01349   0.00445   0.01591   0.00000   0.00293   0.03222   4.99960   1.15558   4.45413   1.94627   0.49508   0.26478  
 97  0.0001   2455.359761  x:  0.01745   0.00273   0.00276   0.01375   0.00254   0.01945   0.01279   0.00960   0.00499   0.00998   0.00309   0.00000   0.00000   0.00000   0.00000   0.00303   0.00000   0.00497   0.00000   0.00249   0.00498   0.00249   0.00000   0.00258   0.00527   0.00000   0.00496   0.00291   0.01992   0.00271   0.02538   0.00000   0.00000   0.00501   0.00000   0.00000   0.00913   0.01851   0.01397   0.00551   0.02777   0.00311   0.00639   0.00000   0.02323   0.01785   0.01463   0.00946   0.00589   0.01349   0.00445   0.01591   0.00000   0.00293   0.03221   4.99958   1.15558   4.45402   1.94624   0.49508   0.26478  
 98  0.0003   2455.359761  x:  0.01745   0.00273   0.00276   0.01375   0.00254   0.01945   0.01279   0.00960   0.00499   0.00998   0.00309   0.00000   0.00000   0.00000   0.00000   0.00303   0.00000   0.00497   0.00000   0.00249   0.00498   0.00249   0.00000   0.00258   0.00527   0.00000   0.00496   0.00291   0.01992   0.00271   0.02538   0.00000   0.00000   0.00501   0.00000   0.00000   0.00913   0.01851   0.01397   0.00551   0.02777   0.00311   0.00639   0.00000   0.02323   0.01785   0.01463   0.00946   0.00589   0.01349   0.00445   0.01591   0.00000   0.00293   0.03221   4.99958   1.15558   4.45402   1.94624   0.49508   0.26478  
 99  0.0002   2455.359761  x:  0.01745   0.00273   0.00276   0.01375   0.00254   0.01945   0.01279   0.00960   0.00499   0.00998   0.00309   0.00000   0.00000   0.00000   0.00000   0.00303   0.00000   0.00497   0.00000   0.00249   0.00498   0.00249   0.00000   0.00258   0.00527   0.00000   0.00496   0.00291   0.01992   0.00271   0.02538   0.00000   0.00000   0.00501   0.00000   0.00000   0.00913   0.01851   0.01397   0.00551   0.02777   0.00311   0.00639   0.00000   0.02323   0.01785   0.01463   0.00946   0.00589   0.01349   0.00445   0.01591   0.00000   0.00293   0.03221   4.99959   1.15558   4.45402   1.94624   0.49508   0.26478  
100  0.0078   2455.359761  x:  0.01745   0.00273   0.00276   0.01375   0.00254   0.01945   0.01279   0.00960   0.00499   0.00998   0.00309   0.00000   0.00000   0.00000   0.00000   0.00303   0.00000   0.00497   0.00000   0.00249   0.00498   0.00249   0.00000   0.00258   0.00527   0.00000   0.00496   0.00291   0.01992   0.00271   0.02538   0.00000   0.00000   0.00501   0.00000   0.00000   0.00913   0.01851   0.01397   0.00551   0.02777   0.00311   0.00639   0.00000   0.02323   0.01785   0.01463   0.00946   0.00589   0.01349   0.00445   0.01591   0.00000   0.00293   0.03221   4.99959   1.15558   4.45402   1.94624   0.49508   0.26478  
101  0.0002   2455.359761  x:  0.01745   0.00273   0.00276   0.01375   0.00254   0.01945   0.01279   0.00960   0.00499   0.00998   0.00309   0.00000   0.00000   0.00000   0.00000   0.00303   0.00000   0.00497   0.00000   0.00249   0.00498   0.00249   0.00000   0.00258   0.00527   0.00000   0.00496   0.00291   0.01992   0.00271   0.02538   0.00000   0.00000   0.00501   0.00000   0.00000   0.00913   0.01851   0.01397   0.00551   0.02777   0.00311   0.00639   0.00000   0.02323   0.01785   0.01463   0.00946   0.00589   0.01349   0.00445   0.01591   0.00000   0.00293   0.03221   4.99959   1.15558   4.45402   1.94624   0.49508   0.26478  
102  0.0968   2455.359761  x:  0.01745   0.00273   0.00276   0.01375   0.00254   0.01945   0.01279   0.00960   0.00499   0.00998   0.00309   0.00000   0.00000   0.00000   0.00000   0.00303   0.00000   0.00497   0.00000   0.00249   0.00498   0.00249   0.00000   0.00258   0.00527   0.00000   0.00496   0.00291   0.01992   0.00271   0.02538   0.00000   0.00000   0.00501   0.00000   0.00000   0.00913   0.01851   0.01397   0.00551   0.02777   0.00311   0.00639   0.00000   0.02323   0.01785   0.01463   0.00946   0.00589   0.01349   0.00445   0.01591   0.00000   0.00293   0.03221   4.99959   1.15558   4.45402   1.94624   0.49508   0.26478  
103 113.4257   2455.359760  x:  0.01745   0.00273   0.00276   0.01375   0.00254   0.01945   0.01279   0.00960   0.00499   0.00998   0.00309   0.00000   0.00000   0.00000   0.00000   0.00303   0.00000   0.00497   0.00000   0.00249   0.00498   0.00249   0.00000   0.00258   0.00527   0.00000   0.00496   0.00291   0.01992   0.00271   0.02538   0.00000   0.00000   0.00501   0.00000   0.00000   0.00913   0.01851   0.01397   0.00551   0.02777   0.00311   0.00639   0.00000   0.02323   0.01785   0.01463   0.00946   0.00589   0.01349   0.00445   0.01591   0.00000   0.00293   0.03221   4.99959   1.15558   4.45402   1.94624   0.49508   0.26478  
104  0.7355   2455.359760  x:  0.01745   0.00273   0.00276   0.01375   0.00254   0.01945   0.01279   0.00960   0.00499   0.00998   0.00309   0.00000   0.00000   0.00000   0.00000   0.00303   0.00000   0.00497   0.00000   0.00249   0.00498   0.00249   0.00000   0.00258   0.00527   0.00000   0.00496   0.00291   0.01992   0.00271   0.02538   0.00000   0.00000   0.00501   0.00000   0.00000   0.00913   0.01851   0.01397   0.00551   0.02777   0.00311   0.00639   0.00000   0.02323   0.01785   0.01463   0.00946   0.00589   0.01349   0.00445   0.01591   0.00000   0.00293   0.03221   4.99959   1.15558   4.45402   1.94624   0.49508   0.26478  
105  0.0940   2455.359760  x:  0.01745   0.00273   0.00276   0.01375   0.00254   0.01945   0.01279   0.00960   0.00499   0.00998   0.00309   0.00000   0.00000   0.00000   0.00000   0.00303   0.00000   0.00497   0.00000   0.00249   0.00498   0.00249   0.00000   0.00258   0.00527   0.00000   0.00496   0.00291   0.01992   0.00271   0.02538   0.00000   0.00000   0.00501   0.00000   0.00000   0.00913   0.01851   0.01397   0.00551   0.02777   0.00311   0.00639   0.00000   0.02323   0.01785   0.01463   0.00946   0.00589   0.01349   0.00445   0.01591   0.00000   0.00293   0.03221   4.99959   1.15558   4.45402   1.94624   0.49508   0.26478  
106  0.0377   2455.359760  x:  0.01745   0.00273   0.00276   0.01375   0.00254   0.01945   0.01279   0.00960   0.00499   0.00998   0.00309   0.00000   0.00000   0.00000   0.00000   0.00303   0.00000   0.00497   0.00000   0.00249   0.00498   0.00249   0.00000   0.00258   0.00527   0.00000   0.00496   0.00291   0.01992   0.00271   0.02538   0.00000   0.00000   0.00501   0.00000   0.00000   0.00913   0.01851   0.01397   0.00551   0.02777   0.00311   0.00639   0.00000   0.02323   0.01785   0.01463   0.00946   0.00589   0.01349   0.00445   0.01591   0.00000   0.00293   0.03221   4.99959   1.15558   4.45402   1.94624   0.49508   0.26478  
107  0.1229   2455.359760  x:  0.01745   0.00273   0.00276   0.01375   0.00254   0.01945   0.01279   0.00960   0.00499   0.00998   0.00309   0.00000   0.00000   0.00000   0.00000   0.00303   0.00000   0.00497   0.00000   0.00249   0.00498   0.00249   0.00000   0.00258   0.00527   0.00000   0.00496   0.00291   0.01992   0.00271   0.02538   0.00000   0.00000   0.00501   0.00000   0.00000   0.00913   0.01851   0.01397   0.00551   0.02777   0.00311   0.00639   0.00000   0.02323   0.01785   0.01463   0.00946   0.00589   0.01349   0.00445   0.01591   0.00000   0.00293   0.03221   4.99958   1.15558   4.45402   1.94624   0.49508   0.26478  
108  0.0551   2455.359760  x:  0.01745   0.00273   0.00276   0.01375   0.00254   0.01945   0.01279   0.00960   0.00499   0.00998   0.00309   0.00000   0.00000   0.00000   0.00000   0.00303   0.00000   0.00497   0.00000   0.00249   0.00498   0.00249   0.00000   0.00258   0.00527   0.00000   0.00496   0.00291   0.01992   0.00271   0.02538   0.00000   0.00000   0.00501   0.00000   0.00000   0.00913   0.01851   0.01397   0.00551   0.02777   0.00311   0.00639   0.00000   0.02323   0.01785   0.01463   0.00946   0.00589   0.01349   0.00445   0.01591   0.00000   0.00293   0.03221   4.99958   1.15558   4.45402   1.94624   0.49508   0.26478  
109  0.0232   2455.359760  x:  0.01745   0.00273   0.00276   0.01375   0.00254   0.01945   0.01279   0.00960   0.00499   0.00998   0.00309   0.00000   0.00000   0.00000   0.00000   0.00303   0.00000   0.00497   0.00000   0.00249   0.00498   0.00249   0.00000   0.00258   0.00527   0.00000   0.00496   0.00291   0.01992   0.00271   0.02538   0.00000   0.00000   0.00501   0.00000   0.00000   0.00913   0.01851   0.01397   0.00551   0.02777   0.00311   0.00639   0.00000   0.02323   0.01785   0.01463   0.00946   0.00589   0.01349   0.00445   0.01591   0.00000   0.00293   0.03221   4.99958   1.15558   4.45402   1.94624   0.49508   0.26478  
check convergence!
