

TREE # 1

  0  0.0000   1990.935085  x:  0.00661   0.00232   0.00000   0.00467   0.00000   0.00139   0.01042   0.00340   0.01029   0.00969   0.00323   0.01598   0.01530   0.01430   0.00942   0.00934   0.00341   0.01068   0.00525   0.05848   0.00926   0.00248   0.00037   0.00632   0.00615   0.00626   0.00020   0.00727   0.00376   0.00053   0.00787   0.00204   0.00077   1.28191   0.84699   1.08612   0.81814   1.22460   0.15699   0.28742   1.53381  
  1 99.0000   1990.932313  x:  0.00661   0.00232   0.00000   0.00467   0.00000   0.00139   0.01042   0.00340   0.01029   0.00969   0.00323   0.01598   0.01530   0.01430   0.00942   0.00934   0.00341   0.01068   0.00525   0.05848   0.00926   0.00249   0.00037   0.00632   0.00615   0.00626   0.00020   0.00727   0.00376   0.00053   0.00787   0.00204   0.00077   1.28191   0.84699   1.08612   0.81814   1.22460   0.15699   0.28742   1.53381  
  2 1119.4336   1990.476531  x:  0.00659   0.00231   0.00000   0.00461   0.00000   0.00119   0.01042   0.00338   0.01029   0.00967   0.00323   0.01596   0.01531   0.01426   0.00945   0.00932   0.00339   0.01065   0.00525   0.05849   0.00925   0.00248   0.00018   0.00630   0.00614   0.00624   0.00000   0.00728   0.00373   0.00034   0.00782   0.00184   0.00058   1.28192   0.84700   1.08613   0.81814   1.22461   0.15698   0.28738   1.53381  
  3 6195.1492   1990.146892  x:  0.00658   0.00232   0.00000   0.00460   0.00000   0.00102   0.01042   0.00339   0.01029   0.00967   0.00322   0.01595   0.01532   0.01423   0.00945   0.00931   0.00340   0.01063   0.00525   0.05850   0.00924   0.00248   0.00000   0.00630   0.00614   0.00624   0.00000   0.00728   0.00373   0.00016   0.00780   0.00166   0.00040   1.28193   0.84701   1.08613   0.81813   1.22461   0.15698   0.28734   1.53381  
  4 24876.1289   1989.907771  x:  0.00658   0.00232   0.00000   0.00459   0.00000   0.00086   0.01042   0.00339   0.01028   0.00966   0.00322   0.01594   0.01532   0.01421   0.00945   0.00930   0.00340   0.01061   0.00524   0.05850   0.00924   0.00248   0.00000   0.00630   0.00614   0.00624   0.00000   0.00728   0.00373   0.00000   0.00779   0.00150   0.00024   1.28195   0.84701   1.08614   0.81813   1.22462   0.15697   0.28731   1.53381  
  5 273255.6580   1989.632565  x:  0.00658   0.00232   0.00000   0.00458   0.00000   0.00062   0.01042   0.00339   0.01028   0.00966   0.00322   0.01593   0.01533   0.01418   0.00946   0.00930   0.00340   0.01059   0.00524   0.05851   0.00923   0.00248   0.00000   0.00629   0.00613   0.00623   0.00000   0.00728   0.00373   0.00000   0.00777   0.00126   0.00000   1.28196   0.84702   1.08614   0.81812   1.22463   0.15696   0.28726   1.53381  
  6 853495.3460   1989.144324  x:  0.00655   0.00226   0.00000   0.00453   0.00000   0.00000   0.01041   0.00344   0.01029   0.00965   0.00318   0.01591   0.01534   0.01416   0.00949   0.00929   0.00343   0.01057   0.00525   0.05852   0.00922   0.00249   0.00000   0.00628   0.00612   0.00622   0.00000   0.00730   0.00373   0.00000   0.00773   0.00063   0.00000   1.28201   0.84704   1.08616   0.81810   1.22465   0.15694   0.28713   1.53381  
  7 27129.0767   1988.889022  x:  0.00652   0.00229   0.00000   0.00442   0.00000   0.00000   0.01043   0.00342   0.01030   0.00965   0.00320   0.01594   0.01536   0.01420   0.00955   0.00928   0.00354   0.01058   0.00525   0.05853   0.00923   0.00249   0.00000   0.00626   0.00611   0.00620   0.00000   0.00734   0.00377   0.00000   0.00769   0.00000   0.00000   1.28206   0.84706   1.08617   0.81808   1.22467   0.15692   0.28701   1.53381  
  8 3731.3543   1988.118618  x:  0.00607   0.00217   0.00000   0.00377   0.00000   0.00000   0.01090   0.00363   0.01094   0.00916   0.00306   0.01727   0.01651   0.01608   0.01071   0.00877   0.00172   0.01057   0.00470   0.05926   0.00928   0.00186   0.00000   0.00630   0.00638   0.00635   0.00000   0.00636   0.00587   0.00000   0.00536   0.00000   0.00000   1.28650   0.84904   1.08769   0.81616   1.22684   0.15487   0.27468   1.53364  
  9 112.0675   1985.842531  x:  0.00596   0.00238   0.00000   0.00502   0.00000   0.00000   0.01147   0.00337   0.01173   0.00770   0.00251   0.01935   0.01929   0.01834   0.01131   0.00740   0.00176   0.00865   0.00485   0.06170   0.00897   0.00573   0.00000   0.00646   0.00668   0.00661   0.00000   0.00512   0.00479   0.00000   0.00196   0.00000   0.00000   1.30078   0.85539   1.09257   0.81000   1.23383   0.14825   0.23480   1.53311  
 10 979.0478   1978.588382  x:  0.00501   0.00264   0.00000   0.00522   0.00000   0.00000   0.01240   0.00342   0.01325   0.00426   0.00217   0.02231   0.02644   0.01971   0.01290   0.00399   0.00152   0.00175   0.00464   0.06837   0.00766   0.00705   0.00000   0.00627   0.00694   0.00667   0.00000   0.00395   0.00372   0.00000   0.00452   0.00000   0.00000   1.33763   0.87178   1.10515   0.79411   1.25186   0.13116   0.13152   1.53172  
 11 5082.6018   1963.731722  x:  0.00454   0.00294   0.00000   0.00564   0.00000   0.00000   0.01280   0.00361   0.01424   0.00256   0.00219   0.02342   0.03527   0.01640   0.01349   0.00258   0.00152   0.00148   0.00453   0.07714   0.00582   0.00659   0.00000   0.00603   0.00706   0.00664   0.00000   0.00429   0.00221   0.00000   0.00439   0.00000   0.00000   1.38433   0.89255   1.12110   0.77397   1.27476   0.10947   0.00000   1.52996  
 12 14306.8763   1963.701392  x:  0.00450   0.00297   0.00000   0.00563   0.00000   0.00000   0.01285   0.00362   0.01435   0.00269   0.00219   0.02352   0.03626   0.01600   0.01359   0.00270   0.00148   0.00128   0.00456   0.07813   0.00570   0.00662   0.00000   0.00601   0.00706   0.00663   0.00000   0.00429   0.00210   0.00000   0.00438   0.00000   0.00000   1.38958   0.89489   1.12289   0.77171   1.27734   0.10703   0.00000   1.52977  
 13 1449.6405   1963.637868  x:  0.00444   0.00302   0.00000   0.00535   0.00000   0.00000   0.01289   0.00360   0.01447   0.00280   0.00212   0.02349   0.03751   0.01525   0.01385   0.00261   0.00124   0.00137   0.00473   0.07939   0.00591   0.00716   0.00000   0.00594   0.00699   0.00655   0.00000   0.00394   0.00221   0.00000   0.00467   0.00000   0.00000   1.39598   0.89773   1.12507   0.76895   1.28049   0.10405   0.00000   1.52953  
 14 579.4823   1963.583797  x:  0.00457   0.00303   0.00000   0.00525   0.00000   0.00000   0.01288   0.00359   0.01445   0.00245   0.00209   0.02336   0.03790   0.01494   0.01396   0.00291   0.00116   0.00136   0.00471   0.07980   0.00626   0.00730   0.00000   0.00599   0.00697   0.00656   0.00000   0.00399   0.00227   0.00000   0.00472   0.00000   0.00000   1.39819   0.89871   1.12582   0.76800   1.28160   0.10300   0.00000   1.52944  
 15 284.1505   1963.158148  x:  0.00573   0.00304   0.00000   0.00514   0.00000   0.00000   0.01265   0.00360   0.01401   0.00266   0.00209   0.02220   0.03918   0.01359   0.01454   0.00232   0.00119   0.00120   0.00389   0.08128   0.00864   0.00705   0.00000   0.00673   0.00709   0.00691   0.00000   0.00485   0.00214   0.00000   0.00447   0.00000   0.00000   1.40752   0.90285   1.12899   0.76398   1.28641   0.09846   0.00000   1.52909  
 16 430.6128   1962.045193  x:  0.00543   0.00298   0.00000   0.00510   0.00000   0.00000   0.01221   0.00367   0.01305   0.00284   0.00236   0.01962   0.04082   0.01153   0.01550   0.00284   0.00204   0.00165   0.00305   0.08321   0.00956   0.00566   0.00000   0.00736   0.00727   0.00732   0.00000   0.00349   0.00095   0.00000   0.00415   0.00000   0.00000   1.42194   0.90921   1.13388   0.75777   1.29400   0.09132   0.00000   1.52853  
 17 762.2859   1958.910462  x:  0.00372   0.00282   0.00000   0.00624   0.00000   0.00000   0.01067   0.00371   0.00993   0.00353   0.00298   0.01183   0.04339   0.00607   0.01624   0.00360   0.00232   0.00256   0.00453   0.08753   0.00830   0.00407   0.00000   0.00783   0.00702   0.00756   0.00000   0.00562   0.00216   0.00000   0.00344   0.00000   0.00000   1.45987   0.92595   1.14672   0.74143   1.31413   0.07240   0.00000   1.52708  
 18 2880.8881   1958.270755  x:  0.00701   0.00277   0.00000   0.00475   0.00000   0.00000   0.01058   0.00372   0.01048   0.00364   0.00311   0.01051   0.04280   0.00514   0.01468   0.00375   0.00241   0.00271   0.00431   0.08850   0.00677   0.00371   0.00000   0.00654   0.00652   0.00662   0.00000   0.00524   0.00242   0.00000   0.00317   0.00000   0.00000   1.46889   0.92992   1.14978   0.73754   1.31899   0.06784   0.00000   1.52673  
 19 650.4874   1957.806299  x:  0.00590   0.00274   0.00000   0.00330   0.00000   0.00000   0.01054   0.00375   0.01168   0.00364   0.00304   0.01047   0.04074   0.00487   0.01062   0.00374   0.00250   0.00265   0.00364   0.08979   0.00780   0.00342   0.00000   0.00580   0.00652   0.00610   0.00000   0.00507   0.00256   0.00000   0.00279   0.00000   0.00000   1.47634   0.93320   1.15230   0.73431   1.32307   0.06404   0.00000   1.52644  
 20 262.0000   1956.544330  x:  0.00617   0.00280   0.00000   0.00203   0.00000   0.00000   0.01074   0.00385   0.01273   0.00329   0.00304   0.00912   0.03206   0.00580   0.01038   0.00336   0.00268   0.00256   0.00685   0.09824   0.00791   0.00219   0.00000   0.00811   0.00580   0.00693   0.00000   0.00445   0.00224   0.00000   0.00201   0.00000   0.00000   1.50979   0.94788   1.16362   0.71982   1.34139   0.04700   0.00000   1.52512  
 21 244.3029   1953.774696  x:  0.00544   0.00302   0.00000   0.00219   0.00000   0.00000   0.01147   0.00381   0.01466   0.00338   0.00285   0.00971   0.01690   0.00563   0.01297   0.00351   0.00214   0.00312   0.00374   0.11425   0.00607   0.00302   0.00000   0.00868   0.00543   0.00676   0.00000   0.00564   0.00213   0.00000   0.00206   0.00000   0.00000   1.57468   0.97637   1.18560   0.69168   1.37700   0.01393   0.00000   1.52257  
 22 2761.7266   1952.183311  x:  0.00586   0.00313   0.00000   0.00382   0.00000   0.00000   0.01097   0.00394   0.01353   0.00340   0.00279   0.01152   0.01567   0.00660   0.01299   0.00348   0.00237   0.00327   0.00527   0.12231   0.00726   0.00183   0.00000   0.00417   0.00652   0.00481   0.00000   0.00622   0.00174   0.00000   0.00175   0.00000   0.00000   1.61715   0.99502   1.19999   0.67324   1.40029  -0.00770   0.00000   1.52089  
 23 1361.4312   1949.304143  x:  0.00697   0.00343   0.00000   0.00159   0.00000   0.00000   0.00973   0.00400   0.00991   0.00387   0.00270   0.01393   0.02180   0.01014   0.00880   0.00396   0.00197   0.00404   0.00484   0.13443   0.00504   0.00243   0.00000   0.00412   0.00771   0.00629   0.00000   0.00872   0.00111   0.00000   0.00242   0.00000   0.00000   1.70282   1.03265   1.22903   0.63598   1.44726  -0.05133   0.00000   1.51749  
 24 2420.0197   1948.131020  x:  0.00698   0.00352   0.00000   0.00264   0.00000   0.00000   0.01066   0.00404   0.01212   0.00402   0.00252   0.01488   0.02479   0.01061   0.00788   0.00412   0.00202   0.00428   0.00493   0.13512   0.00488   0.00205   0.00000   0.00588   0.00412   0.00416   0.00000   0.00951   0.00091   0.00000   0.00254   0.00000   0.00000   1.73741   1.04786   1.24077   0.62088   1.46631  -0.06903   0.00000   1.51611  
 25 1656.6386   1945.974658  x:  0.00692   0.00370   0.00000   0.00291   0.00000   0.00000   0.01246   0.00407   0.01780   0.00406   0.00203   0.01474   0.02623   0.00949   0.00854   0.00416   0.00193   0.00452   0.00617   0.12564   0.00480   0.00201   0.00000   0.00496   0.00519   0.00699   0.00000   0.01060   0.00026   0.00000   0.00273   0.00000   0.00000   1.79941   1.07513   1.26187   0.59364   1.50053  -0.10080   0.00000   1.51360  
 26 1256.6001   1938.200567  x:  0.00567   0.00417   0.00000   0.00179   0.00000   0.00000   0.00632   0.00429   0.01525   0.00401   0.00162   0.00752   0.02245   0.01155   0.01009   0.00397   0.00117   0.00408   0.00417   0.08243   0.00518   0.00262   0.00000   0.00269   0.00240   0.00430   0.00000   0.00972   0.00012   0.00000   0.00212   0.00000   0.00000   2.02723   1.17542   1.33946   0.49338   1.62531  -0.21671   0.00000   1.50439  
 27 3310.0021   1937.372051  x:  0.00568   0.00421   0.00000   0.00136   0.00000   0.00000   0.00697   0.00433   0.01399   0.00397   0.00153   0.00846   0.02173   0.01082   0.01017   0.00392   0.00112   0.00400   0.00443   0.07724   0.00510   0.00259   0.00000   0.00358   0.00327   0.00296   0.00000   0.00959   0.00006   0.00000   0.00201   0.00000   0.00000   2.05347   1.18697   1.34841   0.48182   1.63963  -0.23001   0.00000   1.50333  
 28 4835.7664   1936.448489  x:  0.00574   0.00422   0.00000   0.00100   0.00000   0.00000   0.00867   0.00437   0.01152   0.00390   0.00145   0.01060   0.02069   0.00957   0.01007   0.00383   0.00114   0.00384   0.00472   0.07167   0.00521   0.00238   0.00000   0.00346   0.00185   0.00378   0.00000   0.00929   0.00007   0.00000   0.00180   0.00000   0.00000   2.08393   1.20039   1.35880   0.46837   1.65605  -0.24526   0.00000   1.50210  
 29 3687.9776   1932.639353  x:  0.00541   0.00408   0.00000   0.00077   0.00000   0.00000   0.01464   0.00438   0.00986   0.00364   0.00141   0.00864   0.02037   0.00951   0.01013   0.00361   0.00122   0.00363   0.00436   0.05365   0.00518   0.00260   0.00000   0.00391   0.00402   0.00192   0.00000   0.00866   0.00027   0.00000   0.00171   0.00000   0.00000   2.24976   1.27360   1.41555   0.39492   1.74280  -0.32588   0.00000   1.49550  
 30 1337.4231   1931.538525  x:  0.00559   0.00401   0.00000   0.00053   0.00000   0.00000   0.00948   0.00441   0.01119   0.00358   0.00150   0.01225   0.02007   0.00797   0.01069   0.00355   0.00132   0.00351   0.00510   0.04911   0.00498   0.00244   0.00000   0.00511   0.00432   0.00217   0.00000   0.00845   0.00031   0.00000   0.00162   0.00000   0.00000   2.29035   1.29150   1.42944   0.37691   1.76413  -0.34566   0.00000   1.49386  
 31 1777.7111   1929.593184  x:  0.00494   0.00259   0.00000   0.00140   0.00000   0.00000   0.00968   0.00352   0.01034   0.00259   0.00381   0.01270   0.02147   0.00709   0.01059   0.00267   0.00124   0.00307   0.00489   0.05045   0.00386   0.00278   0.00000   0.00487   0.00443   0.00275   0.00000   0.00753   0.00029   0.00000   0.00150   0.00000   0.00000   2.35079   1.30204   1.44821   0.34377   1.88803  -0.44488   0.00000   1.47599  
 32 12.1554   1928.343261  x:  0.00567   0.00163   0.00000   0.00149   0.00000   0.00000   0.01064   0.00292   0.01177   0.00354   0.00508   0.01214   0.01879   0.00877   0.00960   0.00354   0.00103   0.00344   0.00538   0.04478   0.00561   0.00329   0.00000   0.00500   0.00438   0.00332   0.00000   0.00796   0.00028   0.00000   0.00189   0.00000   0.00000   2.45868   1.31678   1.48684   0.31208   1.84065  -0.36328   0.00000   1.44906  
 33  6.6871   1919.536112  x:  0.00654   0.00312   0.00000   0.00283   0.00000   0.00000   0.01013   0.00738   0.01052   0.00401   0.00358   0.01651   0.01622   0.00933   0.01166   0.00423   0.00390   0.00390   0.00665   0.06479   0.01065   0.00465   0.00000   0.00735   0.00553   0.00532   0.00000   0.00690   0.00037   0.00000   0.00488   0.00000   0.00000   3.27979   1.23934   1.76153   0.57410   2.27511  -0.25729   0.00000   1.00000  
 34  4.0034   1917.168555  x:  0.00564   0.00159   0.00000   0.00198   0.00000   0.00000   0.01259   0.00671   0.01357   0.00499   0.00546   0.01575   0.02060   0.01148   0.01320   0.00524   0.00398   0.00498   0.00402   0.07239   0.00949   0.00240   0.00000   0.00644   0.00580   0.00566   0.00000   0.00869   0.00039   0.00000   0.00510   0.00000   0.00000   3.49266   1.60764   1.88379   0.69360   2.64111  -0.11522   0.00000   1.00000  
 35  0.8922   1916.505711  x:  0.00564   0.00307   0.00000   0.00238   0.00000   0.00000   0.01232   0.00642   0.01264   0.00554   0.00548   0.01572   0.01975   0.01200   0.01221   0.00573   0.00378   0.00535   0.00326   0.06807   0.00909   0.00124   0.00000   0.00687   0.00615   0.00650   0.00000   0.00907   0.00040   0.00000   0.00499   0.00000   0.00000   3.60030   1.72217   1.92641   0.77897   2.75602  -0.03949   0.00000   1.00000  
 36  2.5652   1914.617826  x:  0.00530   0.00369   0.00000   0.00298   0.00000   0.00000   0.01034   0.00495   0.01044   0.00701   0.00717   0.01695   0.01528   0.01239   0.00935   0.00695   0.00341   0.00636   0.00525   0.05920   0.00794   0.00330   0.00000   0.00619   0.00612   0.00558   0.00000   0.00975   0.00048   0.00000   0.00541   0.00000   0.00000   4.12530   2.14248   2.13538   1.39205   3.28094   0.28756   0.00000   1.00000  
 37  1.7186   1914.044208  x:  0.00536   0.00297   0.00000   0.00322   0.00000   0.00000   0.00839   0.00513   0.00814   0.00795   0.00668   0.01726   0.01651   0.01141   0.01135   0.00771   0.00346   0.00685   0.00567   0.06312   0.00811   0.00298   0.00000   0.00599   0.00589   0.00492   0.00000   0.00969   0.00054   0.00000   0.00559   0.00000   0.00000   4.20347   2.27132   2.41399   1.31125   3.62879   0.52356   0.00000   1.00000  
 38  0.6308   1913.692497  x:  0.00507   0.00240   0.00000   0.00310   0.00000   0.00000   0.00961   0.00579   0.01063   0.00850   0.00699   0.01596   0.01806   0.01086   0.01240   0.00813   0.00333   0.00729   0.00575   0.06127   0.00766   0.00276   0.00000   0.00525   0.00583   0.00507   0.00000   0.00951   0.00058   0.00000   0.00569   0.00000   0.00000   4.44738   2.25027   2.55163   1.49470   3.97045   0.77585   0.00000   1.00000  
 39  0.6916   1913.439704  x:  0.00512   0.00216   0.00000   0.00277   0.00000   0.00000   0.01024   0.00576   0.01004   0.00910   0.00717   0.01397   0.01577   0.01097   0.01118   0.00853   0.00291   0.00765   0.00524   0.06502   0.00764   0.00256   0.00000   0.00557   0.00579   0.00548   0.00000   0.00877   0.00063   0.00000   0.00550   0.00000   0.00000   4.60684   2.26577   2.61985   1.54114   4.29956   1.08447   0.00000   1.00000  
 40  0.4764   1913.198577  x:  0.00565   0.00290   0.00000   0.00295   0.00000   0.00000   0.00955   0.00567   0.00988   0.00986   0.00676   0.01348   0.01762   0.01083   0.01074   0.00903   0.00244   0.00799   0.00474   0.06353   0.00851   0.00285   0.00000   0.00591   0.00557   0.00548   0.00000   0.00775   0.00073   0.00000   0.00505   0.00000   0.00000   4.81995   2.29553   2.58888   1.65071   4.67211   1.52468   0.00000   1.00000  
 41  0.4527   1913.099890  x:  0.00553   0.00243   0.00000   0.00305   0.00000   0.00000   0.00902   0.00543   0.00972   0.01008   0.00632   0.01423   0.01691   0.01047   0.01094   0.00912   0.00241   0.00810   0.00498   0.06187   0.00862   0.00252   0.00000   0.00547   0.00548   0.00509   0.00000   0.00733   0.00079   0.00000   0.00506   0.00000   0.00000   4.93301   2.32955   2.54632   1.76697   4.87243   1.76960   0.00000   1.00000  
 42  0.3284   1913.028598  x:  0.00533   0.00285   0.00000   0.00290   0.00000   0.00000   0.00959   0.00545   0.01036   0.01018   0.00592   0.01453   0.01637   0.01049   0.01113   0.00913   0.00245   0.00825   0.00550   0.06371   0.00868   0.00261   0.00000   0.00494   0.00539   0.00494   0.00000   0.00735   0.00084   0.00000   0.00522   0.00000   0.00000   4.93355   2.37448   2.55478   1.72473   5.05660   1.99138   0.00000   1.00000  
 43  0.2969   1912.924675  x:  0.00497   0.00263   0.00000   0.00269   0.00000   0.00000   0.01045   0.00573   0.01002   0.01008   0.00510   0.01433   0.01683   0.01126   0.01131   0.00895   0.00259   0.00841   0.00559   0.06266   0.00842   0.00264   0.00000   0.00535   0.00541   0.00558   0.00000   0.00761   0.00095   0.00000   0.00526   0.00000   0.00000   5.01194   2.43995   2.59146   1.81865   5.40521   2.37838   0.00000   1.00000  
 44  0.3235   1912.825430  x:  0.00525   0.00251   0.00000   0.00222   0.00000   0.00000   0.00982   0.00542   0.01046   0.00987   0.00554   0.01442   0.01698   0.01204   0.01105   0.00870   0.00256   0.00860   0.00529   0.06365   0.00827   0.00268   0.00000   0.00568   0.00506   0.00508   0.00000   0.00807   0.00108   0.00000   0.00550   0.00000   0.00000   5.11726   2.48821   2.71982   1.98337   5.82574   2.80542   0.00000   1.00000  
 45  0.3446   1912.728203  x:  0.00556   0.00267   0.00000   0.00209   0.00000   0.00000   0.00950   0.00574   0.00972   0.00949   0.00548   0.01493   0.01690   0.01115   0.01072   0.00831   0.00265   0.00865   0.00509   0.06148   0.00858   0.00275   0.00000   0.00516   0.00528   0.00531   0.00000   0.00814   0.00125   0.00000   0.00569   0.00000   0.00000   5.21419   2.59725   2.93798   2.15878   6.39228   3.34812   0.00000   1.00000  
 46  0.3498   1912.653239  x:  0.00541   0.00276   0.00000   0.00229   0.00000   0.00000   0.00931   0.00571   0.01042   0.00906   0.00543   0.01486   0.01667   0.01021   0.01139   0.00795   0.00268   0.00858   0.00528   0.06285   0.00876   0.00264   0.00000   0.00581   0.00534   0.00534   0.00000   0.00807   0.00143   0.00000   0.00558   0.00000   0.00000   5.27560   2.61415   3.06788   2.25847   6.87673   3.84597   0.00000   1.00000  
 47  0.2764   1912.590386  x:  0.00522   0.00269   0.00000   0.00231   0.00000   0.00000   0.01019   0.00557   0.00992   0.00864   0.00605   0.01443   0.01706   0.01049   0.01140   0.00768   0.00262   0.00849   0.00518   0.06378   0.00847   0.00255   0.00000   0.00552   0.00541   0.00526   0.00000   0.00798   0.00159   0.00000   0.00533   0.00000   0.00000   5.39397   2.55620   3.15759   2.40989   7.36385   4.34790   0.00000   1.00000  
 48  0.3794   1912.553483  x:  0.00533   0.00269   0.00000   0.00267   0.00000   0.00000   0.00970   0.00579   0.01016   0.00852   0.00592   0.01452   0.01687   0.01104   0.01090   0.00767   0.00267   0.00847   0.00516   0.06347   0.00807   0.00262   0.00000   0.00537   0.00542   0.00526   0.00000   0.00796   0.00171   0.00000   0.00507   0.00000   0.00000   5.46162   2.54245   3.22962   2.44892   7.72191   4.70809   0.00000   1.00000  
 49  0.3407   1912.537730  x:  0.00528   0.00276   0.00000   0.00280   0.00000   0.00000   0.00963   0.00552   0.01003   0.00850   0.00578   0.01422   0.01703   0.01085   0.01130   0.00775   0.00275   0.00841   0.00536   0.06336   0.00819   0.00267   0.00000   0.00520   0.00531   0.00525   0.00000   0.00789   0.00180   0.00000   0.00514   0.00000   0.00000   5.49856   2.52619   3.27192   2.42746   8.00513   4.97721   0.00000   1.00000  
 50  0.1433   1912.496086  x:  0.00533   0.00263   0.00000   0.00285   0.00000   0.00000   0.00979   0.00576   0.00993   0.00850   0.00576   0.01391   0.01647   0.01117   0.01118   0.00814   0.00270   0.00808   0.00517   0.06408   0.00850   0.00278   0.00000   0.00544   0.00501   0.00530   0.00000   0.00827   0.00203   0.00000   0.00532   0.00000   0.00000   5.48164   2.33869   3.23798   2.17822   8.55658   5.54699   0.00000   1.00000  
 51  0.1343   1912.464847  x:  0.00536   0.00259   0.00000   0.00279   0.00000   0.00000   0.00984   0.00553   0.01014   0.00851   0.00586   0.01441   0.01714   0.01087   0.01082   0.00837   0.00264   0.00771   0.00514   0.06331   0.00856   0.00267   0.00000   0.00517   0.00515   0.00540   0.00000   0.00838   0.00215   0.00000   0.00549   0.00000   0.00000   5.40455   2.19555   3.12813   1.95914   8.77343   5.76554   0.00000   1.00000  
 52  0.1798   1912.446288  x:  0.00535   0.00272   0.00000   0.00269   0.00000   0.00000   0.00973   0.00559   0.01021   0.00863   0.00599   0.01440   0.01682   0.01090   0.01130   0.00846   0.00258   0.00755   0.00520   0.06265   0.00826   0.00262   0.00000   0.00533   0.00529   0.00542   0.00000   0.00804   0.00222   0.00000   0.00548   0.00000   0.00000   5.33928   2.17003   3.00365   1.81008   8.91058   5.90762   0.00000   1.00000  
 53  0.1159   1912.434470  x:  0.00524   0.00266   0.00000   0.00260   0.00000   0.00000   0.00960   0.00564   0.01000   0.00869   0.00596   0.01442   0.01700   0.01102   0.01099   0.00837   0.00265   0.00758   0.00529   0.06348   0.00811   0.00261   0.00000   0.00539   0.00539   0.00531   0.00000   0.00786   0.00232   0.00000   0.00534   0.00000   0.00000   5.32681   2.21249   2.91289   1.75060   9.16193   6.15090   0.00000   1.00000  
 54  0.1509   1912.422946  x:  0.00542   0.00261   0.00000   0.00258   0.00000   0.00000   0.00979   0.00563   0.00996   0.00874   0.00597   0.01454   0.01698   0.01096   0.01116   0.00819   0.00272   0.00771   0.00520   0.06299   0.00824   0.00273   0.00000   0.00531   0.00542   0.00519   0.00000   0.00805   0.00246   0.00000   0.00518   0.00000   0.00000   5.33720   2.25351   2.80101   1.73846   9.51450   6.49780   0.00000   1.00000  
 55  0.1584   1912.416495  x:  0.00527   0.00266   0.00000   0.00259   0.00000   0.00000   0.00974   0.00555   0.01018   0.00887   0.00594   0.01431   0.01682   0.01085   0.01104   0.00817   0.00270   0.00777   0.00523   0.06278   0.00837   0.00269   0.00000   0.00536   0.00538   0.00526   0.00000   0.00811   0.00253   0.00000   0.00517   0.00000   0.00000   5.29261   2.25183   2.68952   1.66193   9.66236   6.63704   0.00000   1.00000  
 56  0.1172   1912.409431  x:  0.00535   0.00267   0.00000   0.00267   0.00000   0.00000   0.00966   0.00560   0.01005   0.00895   0.00601   0.01425   0.01688   0.01098   0.01108   0.00801   0.00265   0.00798   0.00524   0.06309   0.00832   0.00258   0.00000   0.00533   0.00531   0.00533   0.00000   0.00809   0.00251   0.00000   0.00518   0.00000   0.00000   5.22518   2.29122   2.63596   1.70189   9.59625   6.57114   0.00000   1.00000  
 57  0.0387   1912.405343  x:  0.00535   0.00267   0.00000   0.00270   0.00000   0.00000   0.00965   0.00562   0.00998   0.00895   0.00602   0.01441   0.01692   0.01099   0.01112   0.00801   0.00266   0.00796   0.00518   0.06316   0.00834   0.00263   0.00000   0.00528   0.00526   0.00538   0.00000   0.00809   0.00255   0.00000   0.00535   0.00000   0.00000   5.13453   2.28724   2.65043   1.65709   9.65064   6.61915   0.00000   1.00000  
 58  0.0641   1912.402438  x:  0.00528   0.00264   0.00000   0.00269   0.00000   0.00000   0.00973   0.00557   0.01006   0.00892   0.00606   0.01442   0.01689   0.01093   0.01106   0.00793   0.00267   0.00806   0.00518   0.06299   0.00829   0.00269   0.00000   0.00532   0.00527   0.00534   0.00000   0.00796   0.00260   0.00000   0.00534   0.00000   0.00000   5.10334   2.31792   2.70443   1.72741   9.78599   6.75455   0.00000   1.00000  
 59  0.0878   1912.400579  x:  0.00536   0.00263   0.00000   0.00269   0.00000   0.00000   0.00972   0.00560   0.01008   0.00899   0.00601   0.01434   0.01690   0.01094   0.01105   0.00808   0.00265   0.00809   0.00526   0.06305   0.00830   0.00269   0.00000   0.00534   0.00529   0.00534   0.00000   0.00796   0.00265   0.00000   0.00531   0.00000   0.00000   5.08122   2.29363   2.74562   1.73023   9.90598   6.87950   0.00000   1.00000  
 60  0.0681   1912.399497  x:  0.00531   0.00265   0.00000   0.00266   0.00000   0.00000   0.00966   0.00560   0.01003   0.00895   0.00600   0.01437   0.01689   0.01096   0.01109   0.00812   0.00267   0.00812   0.00521   0.06301   0.00833   0.00267   0.00000   0.00531   0.00533   0.00533   0.00000   0.00803   0.00267   0.00000   0.00530   0.00000   0.00000   5.07011   2.28497   2.77183   1.75809   9.93485   6.90356   0.00000   1.00000  
 61  0.0254   1912.399178  x:  0.00534   0.00267   0.00000   0.00265   0.00000   0.00000   0.00971   0.00559   0.01005   0.00892   0.00598   0.01437   0.01688   0.01095   0.01108   0.00813   0.00270   0.00810   0.00522   0.06304   0.00833   0.00265   0.00000   0.00533   0.00534   0.00532   0.00000   0.00800   0.00266   0.00000   0.00529   0.00000   0.00000   5.05998   2.29477   2.76178   1.76537   9.90920   6.87346   0.00000   1.00000  
 62  0.0165   1912.398965  x:  0.00532   0.00266   0.00000   0.00267   0.00000   0.00000   0.00971   0.00562   0.01005   0.00890   0.00597   0.01437   0.01688   0.01096   0.01107   0.00818   0.00269   0.00807   0.00520   0.06302   0.00834   0.00266   0.00000   0.00532   0.00531   0.00530   0.00000   0.00800   0.00265   0.00000   0.00529   0.00000   0.00000   5.05797   2.30666   2.75336   1.77467   9.89547   6.85825   0.00000   1.00000  
 63  0.0094   1912.398863  x:  0.00533   0.00266   0.00000   0.00266   0.00000   0.00000   0.00970   0.00560   0.01005   0.00889   0.00597   0.01437   0.01688   0.01095   0.01108   0.00818   0.00267   0.00806   0.00522   0.06304   0.00832   0.00267   0.00000   0.00532   0.00531   0.00532   0.00000   0.00801   0.00266   0.00000   0.00529   0.00000   0.00000   5.05362   2.32356   2.74883   1.78406   9.91772   6.88070   0.00000   1.00000  
 64  0.0167   1912.398849  x:  0.00533   0.00266   0.00000   0.00266   0.00000   0.00000   0.00970   0.00561   0.01005   0.00889   0.00598   0.01437   0.01688   0.01095   0.01108   0.00818   0.00268   0.00806   0.00521   0.06305   0.00833   0.00266   0.00000   0.00532   0.00531   0.00532   0.00000   0.00801   0.00266   0.00000   0.00529   0.00000   0.00000   5.05528   2.32850   2.75259   1.78903   9.92659   6.88958   0.00000   1.00000  
 65  0.0069   1912.398838  x:  0.00533   0.00266   0.00000   0.00266   0.00000   0.00000   0.00970   0.00560   0.01005   0.00890   0.00598   0.01437   0.01689   0.01096   0.01108   0.00818   0.00268   0.00805   0.00521   0.06304   0.00833   0.00266   0.00000   0.00532   0.00531   0.00532   0.00000   0.00801   0.00267   0.00000   0.00529   0.00000   0.00000   5.05374   2.33111   2.75246   1.79033   9.93636   6.89982   0.00000   1.00000  
 66  0.0045   1912.398829  x:  0.00533   0.00266   0.00000   0.00266   0.00000   0.00000   0.00970   0.00560   0.01005   0.00891   0.00598   0.01437   0.01688   0.01095   0.01108   0.00818   0.00268   0.00804   0.00521   0.06304   0.00833   0.00266   0.00000   0.00532   0.00532   0.00532   0.00000   0.00801   0.00267   0.00000   0.00529   0.00000   0.00000   5.05503   2.33104   2.75506   1.79339   9.93285   6.89601   0.00000   1.00000  
 67  0.0021   1912.398827  x:  0.00533   0.00266   0.00000   0.00266   0.00000   0.00000   0.00970   0.00561   0.01005   0.00891   0.00598   0.01437   0.01688   0.01095   0.01108   0.00818   0.00268   0.00804   0.00521   0.06305   0.00833   0.00266   0.00000   0.00532   0.00532   0.00532   0.00000   0.00801   0.00267   0.00000   0.00529   0.00000   0.00000   5.05403   2.33065   2.75452   1.79373   9.93361   6.89656   0.00000   1.00000  
 68  0.0009   1912.398826  x:  0.00533   0.00266   0.00000   0.00266   0.00000   0.00000   0.00970   0.00560   0.01005   0.00891   0.00597   0.01437   0.01688   0.01095   0.01108   0.00817   0.00268   0.00804   0.00521   0.06305   0.00833   0.00266   0.00000   0.00532   0.00531   0.00532   0.00000   0.00801   0.00267   0.00000   0.00529   0.00000   0.00000   5.05465   2.32977   2.75527   1.79353   9.93585   6.89888   0.00000   1.00000  
 69  0.0012   1912.398825  x:  0.00533   0.00266   0.00000   0.00266   0.00000   0.00000   0.00970   0.00561   0.01005   0.00891   0.00598   0.01437   0.01688   0.01095   0.01108   0.00817   0.00268   0.00804   0.00521   0.06305   0.00833   0.00266   0.00000   0.00532   0.00531   0.00532   0.00000   0.00801   0.00267   0.00000   0.00529   0.00000   0.00000   5.05384   2.33008   2.75522   1.79370   9.93715   6.89995   0.00000   1.00000  
 70  0.0005   1912.398824  x:  0.00533   0.00266   0.00000   0.00266   0.00000   0.00000   0.00970   0.00560   0.01005   0.00891   0.00597   0.01437   0.01688   0.01095   0.01108   0.00817   0.00268   0.00804   0.00521   0.06305   0.00833   0.00266   0.00000   0.00532   0.00531   0.00532   0.00000   0.00801   0.00267   0.00000   0.00529   0.00000   0.00000   5.05494   2.32950   2.75678   1.79388   9.94342   6.90623   0.00000   1.00000  
 71  0.0016   1912.398817  x:  0.00532   0.00266   0.00000   0.00266   0.00000   0.00000   0.00970   0.00561   0.01005   0.00891   0.00598   0.01437   0.01688   0.01095   0.01108   0.00817   0.00268   0.00804   0.00521   0.06305   0.00832   0.00266   0.00000   0.00532   0.00531   0.00532   0.00000   0.00801   0.00267   0.00000   0.00529   0.00000   0.00000   5.05242   2.33071   2.75479   1.79359   9.95869   6.92154   0.00000   1.00000  
 72  0.0027   1912.398795  x:  0.00532   0.00266   0.00000   0.00265   0.00000   0.00000   0.00969   0.00561   0.01005   0.00892   0.00599   0.01437   0.01688   0.01094   0.01108   0.00818   0.00269   0.00804   0.00521   0.06305   0.00831   0.00266   0.00000   0.00532   0.00530   0.00533   0.00000   0.00801   0.00266   0.00000   0.00528   0.00000   0.00000   5.04998   2.33063   2.75478   1.79214  10.15673   7.12085   0.00000   1.00000  
 73  0.0351   1912.398751  x:  0.00533   0.00266   0.00000   0.00266   0.00000   0.00000   0.00970   0.00560   0.01005   0.00891   0.00598   0.01437   0.01688   0.01095   0.01108   0.00818   0.00268   0.00804   0.00521   0.06305   0.00833   0.00266   0.00000   0.00532   0.00531   0.00533   0.00000   0.00801   0.00266   0.00000   0.00529   0.00000   0.00000   5.05529   2.32883   2.75656   1.79343  10.13625   7.09942   0.00000   1.00000  
 74  0.0116   1912.398544  x:  0.00533   0.00266   0.00000   0.00266   0.00000   0.00000   0.00969   0.00560   0.01005   0.00892   0.00599   0.01438   0.01688   0.01096   0.01108   0.00819   0.00269   0.00804   0.00522   0.06306   0.00834   0.00266   0.00000   0.00532   0.00531   0.00533   0.00000   0.00801   0.00266   0.00000   0.00529   0.00000   0.00000   5.05821   2.32813   2.75456   1.79427  11.13590   8.09878   0.00000   1.00000  
 75  0.1767   1912.398415  x:  0.00532   0.00266   0.00000   0.00265   0.00000   0.00000   0.00970   0.00561   0.01005   0.00892   0.00597   0.01437   0.01688   0.01095   0.01108   0.00818   0.00268   0.00805   0.00521   0.06305   0.00832   0.00266   0.00000   0.00532   0.00531   0.00532   0.00000   0.00801   0.00266   0.00000   0.00530   0.00000   0.00000   5.05219   2.33348   2.75290   1.79597  13.11729  10.07966   0.00000   1.00000  
 76  0.6427   1912.398394  x:  0.00533   0.00266   0.00000   0.00266   0.00000   0.00000   0.00970   0.00560   0.01005   0.00891   0.00597   0.01437   0.01688   0.01095   0.01108   0.00818   0.00268   0.00804   0.00521   0.06305   0.00833   0.00266   0.00000   0.00532   0.00531   0.00532   0.00000   0.00801   0.00266   0.00000   0.00529   0.00000   0.00000   5.05523   2.32899   2.75516   1.79309  13.40704  10.37002   0.00000   1.00000  
 77  0.2710   1912.398386  x:  0.00533   0.00266   0.00000   0.00266   0.00000   0.00000   0.00970   0.00561   0.01005   0.00891   0.00598   0.01437   0.01688   0.01095   0.01108   0.00817   0.00268   0.00804   0.00521   0.06304   0.00833   0.00266   0.00000   0.00532   0.00532   0.00532   0.00000   0.00801   0.00266   0.00000   0.00529   0.00000   0.00000   5.05138   2.33038   2.75418   1.79218  14.35364  11.31661   0.00000   1.00000  
 78  0.3327   1912.398383  x:  0.00533   0.00266   0.00000   0.00266   0.00000   0.00000   0.00970   0.00560   0.01005   0.00891   0.00597   0.01437   0.01688   0.01096   0.01108   0.00817   0.00268   0.00804   0.00521   0.06304   0.00833   0.00266   0.00000   0.00532   0.00532   0.00532   0.00000   0.00801   0.00266   0.00000   0.00529   0.00000   0.00000   5.05361   2.33029   2.75503   1.79337  14.82862  11.79147   0.00000   1.00000  
 79  0.2488   1912.398381  x:  0.00533   0.00266   0.00000   0.00266   0.00000   0.00000   0.00970   0.00560   0.01005   0.00891   0.00598   0.01437   0.01688   0.01095   0.01108   0.00818   0.00268   0.00804   0.00521   0.06304   0.00833   0.00266   0.00000   0.00532   0.00531   0.00532   0.00000   0.00801   0.00266   0.00000   0.00529   0.00000   0.00000   5.05284   2.33031   2.75458   1.79302  15.61651  12.57951   0.00000   1.00000  
 80  0.3466   1912.398380  x:  0.00533   0.00266   0.00000   0.00266   0.00000   0.00000   0.00970   0.00560   0.01005   0.00891   0.00598   0.01437   0.01688   0.01095   0.01108   0.00818   0.00268   0.00804   0.00521   0.06305   0.00833   0.00266   0.00000   0.00532   0.00531   0.00532   0.00000   0.00801   0.00266   0.00000   0.00529   0.00000   0.00000   5.05406   2.32976   2.75464   1.79320  16.64553  13.60840   0.00000   1.00000  
 81  0.6546   1912.398379  x:  0.00533   0.00266   0.00000   0.00266   0.00000   0.00000   0.00970   0.00560   0.01005   0.00891   0.00598   0.01437   0.01688   0.01095   0.01108   0.00818   0.00268   0.00804   0.00521   0.06304   0.00833   0.00266   0.00000   0.00532   0.00532   0.00532   0.00000   0.00801   0.00266   0.00000   0.00529   0.00000   0.00000   5.05304   2.33016   2.75453   1.79287  18.66066  15.62365   0.00000   1.00000  
 82  0.4960   1912.398379  x:  0.00533   0.00266   0.00000   0.00266   0.00000   0.00000   0.00970   0.00560   0.01005   0.00891   0.00598   0.01437   0.01688   0.01095   0.01108   0.00818   0.00268   0.00804   0.00521   0.06305   0.00833   0.00266   0.00000   0.00532   0.00531   0.00532   0.00000   0.00801   0.00266   0.00000   0.00529   0.00000   0.00000   5.05331   2.33007   2.75460   1.79300  18.85171  15.81465   0.00000   1.00000  
 83  0.3523   1912.398379  x:  0.00533   0.00266   0.00000   0.00266   0.00000   0.00000   0.00970   0.00560   0.01005   0.00891   0.00598   0.01437   0.01688   0.01095   0.01108   0.00818   0.00268   0.00804   0.00521   0.06305   0.00833   0.00266   0.00000   0.00532   0.00531   0.00532   0.00000   0.00801   0.00266   0.00000   0.00529   0.00000   0.00000   5.05337   2.33005   2.75462   1.79302  18.98147  15.94441   0.00000   1.00000  
 84  0.9061   1912.398379  x:  0.00533   0.00266   0.00000   0.00266   0.00000   0.00000   0.00970   0.00560   0.01005   0.00891   0.00598   0.01437   0.01688   0.01095   0.01108   0.00818   0.00268   0.00804   0.00521   0.06305   0.00833   0.00266   0.00000   0.00532   0.00531   0.00532   0.00000   0.00801   0.00266   0.00000   0.00529   0.00000   0.00000   5.05342   2.33003   2.75462   1.79304  19.14927  16.11220   0.00000   1.00000  
 85  1.6287   1912.398379  x:  0.00533   0.00266   0.00000   0.00266   0.00000   0.00000   0.00970   0.00560   0.01005   0.00891   0.00598   0.01437   0.01688   0.01095   0.01108   0.00818   0.00268   0.00804   0.00521   0.06305   0.00833   0.00266   0.00000   0.00532   0.00531   0.00532   0.00000   0.00801   0.00266   0.00000   0.00529   0.00000   0.00000   5.05342   2.33003   2.75462   1.79304  19.14910  16.11203   0.00000   1.00000  
 86  0.2385   1912.398379  x:  0.00533   0.00266   0.00000   0.00266   0.00000   0.00000   0.00970   0.00560   0.01005   0.00891   0.00598   0.01437   0.01688   0.01095   0.01108   0.00818   0.00268   0.00804   0.00521   0.06305   0.00833   0.00266   0.00000   0.00532   0.00531   0.00532   0.00000   0.00801   0.00266   0.00000   0.00529   0.00000   0.00000   5.05342   2.33003   2.75462   1.79304  19.14910  16.11203   0.00000   1.00000  
 87  0.0012   1912.398379  x:  0.00533   0.00266   0.00000   0.00266   0.00000   0.00000   0.00970   0.00560   0.01005   0.00891   0.00598   0.01437   0.01688   0.01095   0.01108   0.00818   0.00268   0.00804   0.00521   0.06305   0.00833   0.00266   0.00000   0.00532   0.00531   0.00532   0.00000   0.00801   0.00266   0.00000   0.00529   0.00000   0.00000   5.05342   2.33003   2.75462   1.79304  19.14910  16.11203   0.00000   1.00000  
 88  6.6261   1912.398379  x:  0.00533   0.00266   0.00000   0.00266   0.00000   0.00000   0.00970   0.00560   0.01005   0.00891   0.00598   0.01437   0.01688   0.01095   0.01108   0.00818   0.00268   0.00804   0.00521   0.06305   0.00833   0.00266   0.00000   0.00532   0.00531   0.00532   0.00000   0.00801   0.00266   0.00000   0.00529   0.00000   0.00000   5.05342   2.33003   2.75462   1.79304  19.14910  16.11203   0.00000   1.00000  
 89  0.5398   1912.398379  x:  0.00533   0.00266   0.00000   0.00266   0.00000   0.00000   0.00970   0.00560   0.01005   0.00891   0.00598   0.01437   0.01688   0.01095   0.01108   0.00817   0.00268   0.00804   0.00521   0.06305   0.00833   0.00266   0.00000   0.00532   0.00531   0.00532   0.00000   0.00801   0.00266   0.00000   0.00529   0.00000   0.00000   5.05342   2.33003   2.75462   1.79304  19.14910  16.11203   0.00000   1.00000  
 90  0.0453   1912.398379  x:  0.00533   0.00266   0.00000   0.00266   0.00000   0.00000   0.00970   0.00560   0.01005   0.00891   0.00598   0.01437   0.01688   0.01095   0.01108   0.00817   0.00268   0.00804   0.00521   0.06305   0.00833   0.00266   0.00000   0.00532   0.00531   0.00532   0.00000   0.00801   0.00266   0.00000   0.00529   0.00000   0.00000   5.05342   2.33003   2.75462   1.79304  19.14910  16.11203   0.00000   1.00000  
 91  0.0136   1912.398379  x:  0.00533   0.00266   0.00000   0.00266   0.00000   0.00000   0.00970   0.00560   0.01005   0.00891   0.00598   0.01437   0.01688   0.01095   0.01108   0.00817   0.00268   0.00804   0.00521   0.06305   0.00833   0.00266   0.00000   0.00532   0.00531   0.00532   0.00000   0.00801   0.00266   0.00000   0.00529   0.00000   0.00000   5.05342   2.33003   2.75462   1.79304  19.14910  16.11203   0.00000   1.00000  
 92  0.0074   1912.398379  x:  0.00533   0.00266   0.00000   0.00266   0.00000   0.00000   0.00970   0.00560   0.01005   0.00891   0.00598   0.01437   0.01688   0.01095   0.01108   0.00817   0.00268   0.00804   0.00521   0.06305   0.00833   0.00266   0.00000   0.00532   0.00531   0.00532   0.00000   0.00801   0.00266   0.00000   0.00529   0.00000   0.00000   5.05342   2.33003   2.75462   1.79304  19.14910  16.11203   0.00000   1.00000  
check convergence!
