Supplemental results for CODEML (seqf: /home/leticiamagpali/phd/evol_models/codeml/small_dataset/cml_align/HSP90AA1_codon_aligned.phy  treef: /home/leticiamagpali/phd/evol_models/codeml/small_dataset/cml_trees/gene_trees/H3_gene_trees/HSP90AA1_codon_H3.tre)

I	J	ij	2Ns_IJ	pMut_IJ	pSub_IJ	2Ns_JI	pMut_JI	pSub_JI

TTC	TTT	CT	-0.11387	0.04283	0.04044	0.11387	0.03822	0.04044	0.04044	0.04044
TTA	TTT	AT	0.82988	0.00403	0.00594	-0.82988	0.00925	0.00594	0.00297	0.00297
TTA	TTC	AC	0.94375	0.00343	0.00529	-0.94375	0.00880	0.00529	0.00265	0.00265
TTG	TTT	GT	-0.26315	0.01955	0.01709	0.26315	0.01503	0.01709	0.00855	0.00855
TTG	TTC	GC	-0.14928	0.01661	0.01540	0.14928	0.01431	0.01540	0.00770	0.00770
TTG	TTA	GA	-1.09303	0.04995	0.02753	1.09303	0.01674	0.02753	0.02753	0.02753
TCT	TTT	CT	-0.57119	0.06767	0.05017	0.57119	0.03822	0.05017	0.02509	0.02509
TCC	TTC	CT	0.24031	0.02862	0.03219	-0.24031	0.03639	0.03219	0.01610	0.01610
TCC	TCT	CT	0.69763	0.02862	0.03975	-0.69763	0.05749	0.03975	0.03975	0.03975
TCA	TTA	CT	-0.27095	0.01584	0.01379	0.27095	0.01208	0.01379	0.00689	0.00689
TCA	TCT	AT	1.13012	0.00449	0.00750	-1.13012	0.01391	0.00750	0.00750	0.00750
TCA	TCC	AC	0.43250	0.00382	0.00470	-0.43250	0.00588	0.00470	0.00470	0.00470
TCG	TTG	CT	1.12154	0.01908	0.03173	-1.12154	0.05856	0.03173	0.01587	0.01587
TCG	TCT	GT	1.42958	0.00541	0.01017	-1.42958	0.02260	0.01017	0.01017	0.01017
TCG	TCC	GC	0.73195	0.00460	0.00648	-0.73195	0.00956	0.00648	0.00648	0.00648
TCG	TCA	GA	0.29946	0.01382	0.01600	-0.29946	0.01865	0.01600	0.01600	0.01600
TAT	TTT	AT	-0.41014	0.01394	0.01127	0.41014	0.00925	0.01127	0.00564	0.00564
TAT	TCT	AC	0.16105	0.01184	0.01282	-0.16105	0.01391	0.01282	0.00641	0.00641
TAC	TTC	AT	-0.46663	0.01404	0.01102	0.46663	0.00880	0.01102	0.00551	0.00551
TAC	TCC	AC	-0.70694	0.01193	0.00820	0.70694	0.00588	0.00820	0.00410	0.00410
TAC	TAT	CT	-0.17036	0.04949	0.04540	0.17036	0.04174	0.04540	0.04540	0.04540
TGT	TTT	GT	2.18838	0.00168	0.00415	-2.18838	0.01503	0.00415	0.00208	0.00208
TGT	TCT	GC	2.75957	0.00143	0.00422	-2.75957	0.02260	0.00422	0.00211	0.00211
TGT	TAT	GA	2.59852	0.00430	0.01208	-2.59852	0.05785	0.01208	0.00604	0.00604
TGC	TTC	GT	0.79151	0.00648	0.00938	-0.79151	0.01431	0.00938	0.00469	0.00469
TGC	TCC	GC	0.55120	0.00551	0.00716	-0.55120	0.00956	0.00716	0.00358	0.00358
TGC	TAC	GA	1.25814	0.01656	0.02911	-1.25814	0.05828	0.02911	0.01455	0.01455
TGC	TGT	CT	-1.51074	0.02286	0.00978	1.51074	0.00505	0.00978	0.00978	0.00978
TGG	TTG	GT	1.47673	0.00526	0.01006	-1.47673	0.02302	0.01006	0.00503	0.00503
TGG	TCG	GC	0.35520	0.00447	0.00531	-0.35520	0.00637	0.00531	0.00265	0.00265
TGG	TGT	GT	-0.97479	0.00526	0.00311	0.97479	0.00198	0.00311	0.00155	0.00155
TGG	TGC	GC	0.53594	0.00447	0.00577	-0.53594	0.00763	0.00577	0.00289	0.00289
CTT	TTT	CT	-0.14286	0.04409	0.04102	0.14286	0.03822	0.04102	0.02051	0.02051
CTC	TTC	CT	0.04135	0.03491	0.03564	-0.04135	0.03639	0.03564	0.01782	0.01782
CTC	CTT	CT	0.07034	0.03491	0.03616	-0.07034	0.03746	0.03616	0.03616	0.03616
CTA	TTA	CT	0.65104	0.00630	0.00857	-0.65104	0.01208	0.00857	0.00857	0.00857
CTA	CTT	AT	1.62378	0.00179	0.00361	-1.62378	0.00906	0.00361	0.00361	0.00361
CTA	CTC	AC	1.55344	0.00152	0.00299	-1.55344	0.00718	0.00299	0.00299	0.00299
CTG	TTG	CT	-0.35059	0.08315	0.06942	0.35059	0.05856	0.06942	0.06942	0.06942
CTG	CTT	GT	-0.47088	0.02359	0.01847	0.47088	0.01473	0.01847	0.01847	0.01847
CTG	CTC	GC	-0.54122	0.02004	0.01510	0.54122	0.01166	0.01510	0.01510	0.01510
CTG	CTA	GA	-2.09466	0.06025	0.01772	2.09466	0.00742	0.01772	0.01772	0.01772
CCT	TCT	CT	0.63073	0.03059	0.04125	-0.63073	0.05749	0.04125	0.02063	0.02063
CCT	CTT	CT	0.20240	0.03059	0.03380	-0.20240	0.03746	0.03380	0.01690	0.01690
CCC	TCC	CT	-0.04998	0.02556	0.02492	0.04998	0.02431	0.02492	0.01246	0.01246
CCC	CTC	CT	0.14897	0.02556	0.02751	-0.14897	0.02966	0.02751	0.01375	0.01375
CCC	CCT	CT	0.01691	0.02556	0.02577	-0.01691	0.02599	0.02577	0.02577	0.02577
CCA	TCA	CT	0.50761	0.00810	0.01033	-0.50761	0.01345	0.01033	0.00516	0.00516
CCA	CTA	CT	-0.41437	0.00810	0.00654	0.41437	0.00535	0.00654	0.00327	0.00327
CCA	CCT	AT	1.00701	0.00230	0.00364	-1.00701	0.00629	0.00364	0.00364	0.00364
CCA	CCC	AC	0.99009	0.00195	0.00307	-0.99009	0.00525	0.00307	0.00307	0.00307
CCG	TCG	CT	-0.15358	0.01890	0.01748	0.15358	0.01621	0.01748	0.00874	0.00874
CCG	CTG	CT	1.31855	0.01890	0.03402	-1.31855	0.07064	0.03402	0.01701	0.01701
CCG	CCT	GT	0.64526	0.00536	0.00727	-0.64526	0.01022	0.00727	0.00727	0.00727
CCG	CCC	GC	0.62835	0.00455	0.00613	-0.62835	0.00854	0.00613	0.00613	0.00613
CCG	CCA	GA	-0.36174	0.01369	0.01137	0.36174	0.00954	0.01137	0.01137	0.01137
CAT	TAT	CT	0.25903	0.03221	0.03657	-0.25903	0.04174	0.03657	0.01828	0.01828
CAT	CTT	AT	-0.00826	0.00914	0.00910	0.00826	0.00906	0.00910	0.00455	0.00455
CAT	CCT	AC	-0.21066	0.00776	0.00697	0.21066	0.00629	0.00697	0.00349	0.00349
CAC	TAC	CT	0.76236	0.01962	0.02804	-0.76236	0.04204	0.02804	0.01402	0.01402
CAC	CTC	AT	0.25438	0.00556	0.00630	-0.25438	0.00718	0.00630	0.00315	0.00315
CAC	CCC	AC	0.10541	0.00473	0.00498	-0.10541	0.00525	0.00498	0.00249	0.00249
CAC	CAT	CT	0.33298	0.01962	0.02306	-0.33298	0.02737	0.02306	0.02306	0.02306
CAA	CTA	AT	-1.89668	0.00863	0.00289	1.89668	0.00129	0.00289	0.00144	0.00144
CAA	CCA	AC	-1.48231	0.00733	0.00319	1.48231	0.00166	0.00319	0.00160	0.00160
CAA	CAT	AT	-0.26464	0.00863	0.00754	0.26464	0.00662	0.00754	0.00377	0.00377
CAA	CAC	AC	-0.59762	0.00733	0.00536	0.59762	0.00403	0.00536	0.00268	0.00268
CAG	CTG	AT	-0.11349	0.01914	0.01808	0.11349	0.01709	0.01808	0.00904	0.00904
CAG	CCG	AC	-1.43204	0.01626	0.00731	1.43204	0.00388	0.00731	0.00365	0.00365
CAG	CAT	GT	-0.57611	0.01914	0.01416	0.57611	0.01076	0.01416	0.00708	0.00708
CAG	CAC	GC	-0.90909	0.01626	0.00998	0.90909	0.00655	0.00998	0.00499	0.00499
CAG	CAA	GA	-0.31147	0.04890	0.04168	0.31147	0.03581	0.04168	0.04168	0.04168
CGT	TGT	CT	-1.36703	0.01980	0.00926	1.36703	0.00505	0.00926	0.00463	0.00463
CGT	CTT	GT	0.96420	0.00562	0.00875	-0.96420	0.01473	0.00875	0.00438	0.00438
CGT	CCT	GC	0.76180	0.00477	0.00682	-0.76180	0.01022	0.00682	0.00341	0.00341
CGT	CAT	GA	0.97246	0.01434	0.02243	-0.97246	0.03793	0.02243	0.01122	0.01122
CGC	TGC	CT	1.24714	0.00558	0.00976	-1.24714	0.01942	0.00976	0.00488	0.00488
CGC	CTC	GT	1.99730	0.00158	0.00366	-1.99730	0.01166	0.00366	0.00183	0.00183
CGC	CCC	GC	1.84833	0.00134	0.00295	-1.84833	0.00854	0.00295	0.00147	0.00147
CGC	CAC	GA	1.74292	0.00404	0.00854	-1.74292	0.02310	0.00854	0.00427	0.00427
CGC	CGT	CT	1.10343	0.00558	0.00921	-1.10343	0.01682	0.00921	0.00921	0.00921
CGA	CTA	GT	-0.21305	0.00260	0.00234	0.21305	0.00210	0.00234	0.00117	0.00117
CGA	CCA	GC	0.20132	0.00221	0.00244	-0.20132	0.00271	0.00244	0.00122	0.00122
CGA	CAA	GA	1.68363	0.00665	0.01375	-1.68363	0.03581	0.01375	0.00688	0.00688
CGA	CGT	AT	0.44652	0.00260	0.00323	-0.44652	0.00407	0.00323	0.00323	0.00323
CGA	CGC	AC	-0.65691	0.00221	0.00156	0.65691	0.00115	0.00156	0.00156	0.00156
CGG	TGG	CT	0.20899	0.01278	0.01416	-0.20899	0.01575	0.01416	0.00708	0.00708
CGG	CTG	GT	2.03631	0.00362	0.00849	-2.03631	0.02777	0.00849	0.00424	0.00424
CGG	CCG	GC	0.71777	0.00308	0.00432	-0.71777	0.00631	0.00432	0.00216	0.00216
CGG	CAG	GA	2.14980	0.00926	0.02253	-2.14980	0.07947	0.02253	0.01126	0.01126
CGG	CGT	GT	0.60123	0.00362	0.00482	-0.60123	0.00661	0.00482	0.00482	0.00482
CGG	CGC	GC	-0.50221	0.00308	0.00237	0.50221	0.00186	0.00237	0.00237	0.00237
CGG	CGA	GA	0.15470	0.00926	0.00999	-0.15470	0.01081	0.00999	0.00999	0.00999
ATT	TTT	AT	-1.08107	0.02726	0.01513	1.08107	0.00925	0.01513	0.00757	0.00757
ATT	CTT	AC	-0.93821	0.02316	0.01397	0.93821	0.00906	0.01397	0.00698	0.00698
ATC	TTC	AT	-1.09014	0.02619	0.01446	1.09014	0.00880	0.01446	0.00723	0.00723
ATC	CTC	AC	-1.13149	0.02225	0.01199	1.13149	0.00718	0.01199	0.00599	0.00599
ATC	ATT	CT	-0.12294	0.09232	0.08677	0.12294	0.08164	0.08677	0.08677	0.08677
ATA	TTA	AT	-0.59707	0.00531	0.00388	0.59707	0.00292	0.00388	0.00194	0.00194
ATA	CTA	AC	-1.24811	0.00451	0.00227	1.24811	0.00129	0.00227	0.00113	0.00113
ATA	ATT	AT	1.31387	0.00531	0.00954	-1.31387	0.01975	0.00954	0.00954	0.00954
ATA	ATC	AC	1.43681	0.00451	0.00850	-1.43681	0.01898	0.00850	0.00850	0.00850
ATG	TTG	AT	-0.46992	0.02267	0.01776	0.46992	0.01417	0.01776	0.00888	0.00888
ATG	CTG	AC	-0.11933	0.01926	0.01813	0.11933	0.01709	0.01813	0.00907	0.00907
ATG	ATT	GT	0.34800	0.02267	0.02684	-0.34800	0.03210	0.02684	0.01342	0.01342
ATG	ATC	GC	0.47094	0.01926	0.02414	-0.47094	0.03084	0.02414	0.01207	0.01207
ATG	ATA	GA	-0.96588	0.05790	0.03437	0.96588	0.02204	0.03437	0.01719	0.01719
ACT	TCT	AT	0.42567	0.00909	0.01116	-0.42567	0.01391	0.01116	0.00558	0.00558
ACT	CCT	AC	-0.20506	0.00772	0.00696	0.20506	0.00629	0.00696	0.00348	0.00348
ACT	ATT	CT	0.93555	0.03203	0.04932	-0.93555	0.08164	0.04932	0.02466	0.02466
ACC	TCC	AT	-1.09096	0.01751	0.00966	1.09096	0.00588	0.00966	0.00483	0.00483
ACC	CCC	AC	-1.04097	0.01488	0.00845	1.04097	0.00525	0.00845	0.00423	0.00423
ACC	ATC	CT	0.23949	0.06173	0.06942	-0.23949	0.07843	0.06942	0.03471	0.03471
ACC	ACT	CT	-0.81901	0.06173	0.03986	0.81901	0.02721	0.03986	0.03986	0.03986
ACA	TCA	AT	-1.61935	0.01644	0.00657	1.61935	0.00326	0.00657	0.00329	0.00329
ACA	CCA	AC	-2.12696	0.01397	0.00402	2.12696	0.00166	0.00402	0.00201	0.00201
ACA	ATA	CT	-1.29322	0.05795	0.02834	1.29322	0.01590	0.02834	0.01417	0.01417
ACA	ACT	AT	-0.91490	0.01644	0.01005	0.91490	0.00658	0.01005	0.01005	0.01005
ACA	ACC	AC	-0.09589	0.01397	0.01331	0.09589	0.01269	0.01331	0.01331	0.01331
ACG	TCG	AT	-0.51072	0.00653	0.00501	0.51072	0.00392	0.00501	0.00250	0.00250
ACG	CCG	AC	-0.35714	0.00555	0.00462	0.35714	0.00388	0.00462	0.00231	0.00231
ACG	ATG	CT	1.08073	0.02304	0.03768	-1.08073	0.06788	0.03768	0.01884	0.01884
ACG	ACT	GT	0.49318	0.00653	0.00828	-0.49318	0.01070	0.00828	0.00828	0.00828
ACG	ACC	GC	1.31219	0.00555	0.00997	-1.31219	0.02062	0.00997	0.00997	0.00997
ACG	ACA	GA	1.40808	0.01669	0.03111	-1.40808	0.06824	0.03111	0.03111	0.03111
AAT	TAT	AT	0.15744	0.00863	0.00932	-0.15744	0.01010	0.00932	0.00466	0.00466
AAT	CAT	AC	-0.10158	0.00733	0.00696	0.10158	0.00662	0.00696	0.00348	0.00348
AAT	ATT	AT	0.82837	0.00863	0.01269	-0.82837	0.01975	0.01269	0.00634	0.00634
AAT	ACT	AC	-0.10719	0.00733	0.00694	0.10719	0.00658	0.00694	0.00347	0.00347
AAC	TAC	AT	-0.91797	0.02547	0.01555	0.91797	0.01017	0.01555	0.00777	0.00777
AAC	CAC	AC	-1.68033	0.02164	0.00833	1.68033	0.00403	0.00833	0.00416	0.00416
AAC	ATC	AT	-0.29446	0.02547	0.02191	0.29446	0.01898	0.02191	0.01095	0.01095
AAC	ACC	AC	-0.53395	0.02164	0.01638	0.53395	0.01269	0.01638	0.00819	0.00819
AAC	AAT	CT	-1.24577	0.08980	0.04519	1.24577	0.02584	0.04519	0.04519	0.04519
AAA	CAA	AC	-1.55859	0.02971	0.01234	1.55859	0.00625	0.01234	0.00617	0.00617
AAA	ATA	AT	-2.20716	0.03497	0.00954	2.20716	0.00385	0.00954	0.00477	0.00477
AAA	ACA	AC	-0.91394	0.02971	0.01817	0.91394	0.01191	0.01817	0.00909	0.00909
AAA	AAT	AT	-1.72165	0.03497	0.01311	1.72165	0.00625	0.01311	0.00655	0.00655
AAA	AAC	AC	-0.47588	0.02971	0.02320	0.47588	0.01846	0.02320	0.01160	0.01160
AAG	CAG	AC	-1.35984	0.05404	0.02538	1.35984	0.01387	0.02538	0.01269	0.01269
AAG	ATG	AT	-1.35400	0.06361	0.02998	1.35400	0.01642	0.02998	0.01499	0.01499
AAG	ACG	AC	-2.43473	0.05404	0.01264	2.43473	0.00473	0.01264	0.00632	0.00632
AAG	AAT	GT	-1.83437	0.06361	0.02218	1.83437	0.01016	0.02218	0.01109	0.01109
AAG	AAC	GC	-0.58860	0.05404	0.03969	0.58860	0.03000	0.03969	0.01984	0.01984
AAG	AAA	GA	-0.11272	0.16249	0.15350	0.11272	0.14517	0.15350	0.15350	0.15350
AGT	TGT	AT	-1.60475	0.00608	0.00245	1.60475	0.00122	0.00245	0.00123	0.00123
AGT	CGT	AC	-0.23771	0.00516	0.00457	0.23771	0.00407	0.00457	0.00229	0.00229
AGT	ATT	GT	1.66470	0.00608	0.01247	-1.66470	0.03210	0.01247	0.00624	0.00624
AGT	ACT	GC	0.72915	0.00516	0.00727	-0.72915	0.01070	0.00727	0.00363	0.00363
AGT	AAT	GA	0.83633	0.01552	0.02290	-0.83633	0.03581	0.02290	0.01145	0.01145
AGC	TGC	AT	-0.32997	0.00653	0.00552	0.32997	0.00470	0.00552	0.00276	0.00276
AGC	CGC	AC	-1.57711	0.00555	0.00228	1.57711	0.00115	0.00228	0.00114	0.00114
AGC	ATC	GT	1.55167	0.00653	0.01287	-1.55167	0.03084	0.01287	0.00643	0.00643
AGC	ACC	GC	1.31219	0.00555	0.00997	-1.31219	0.02062	0.00997	0.00498	0.00498
AGC	AAC	GA	1.84613	0.01669	0.03659	-1.84613	0.10575	0.03659	0.01830	0.01830
AGC	AGT	CT	-0.23597	0.02304	0.02042	0.23597	0.01819	0.02042	0.02042	0.02042
AGA	CGA	AC	-1.23119	0.00646	0.00328	1.23119	0.00189	0.00328	0.00328	0.00328
AGA	ATA	GT	-0.19613	0.00761	0.00688	0.19613	0.00625	0.00688	0.00344	0.00344
AGA	ACA	GC	1.09709	0.00646	0.01064	-1.09709	0.01936	0.01064	0.00532	0.00532
AGA	AAA	GA	2.01103	0.01943	0.04511	-2.01103	0.14517	0.04511	0.02256	0.02256
AGA	AGT	AT	-0.54695	0.00761	0.00572	0.54695	0.00440	0.00572	0.00286	0.00286
AGA	AGC	AC	-0.31099	0.00646	0.00551	0.31099	0.00473	0.00551	0.00275	0.00275
AGG	TGG	AT	-1.09008	0.01133	0.00626	1.09008	0.00381	0.00626	0.00313	0.00313
AGG	CGG	AC	-1.29907	0.00963	0.00469	1.29907	0.00263	0.00469	0.00469	0.00469
AGG	ATG	GT	0.85657	0.01133	0.01687	-0.85657	0.02669	0.01687	0.00844	0.00844
AGG	ACG	GC	-0.22416	0.00963	0.00859	0.22416	0.00769	0.00859	0.00429	0.00429
AGG	AAG	GA	2.21057	0.02895	0.07188	-2.21057	0.26405	0.07188	0.03594	0.03594
AGG	AGT	GT	-0.46013	0.01133	0.00893	0.46013	0.00715	0.00893	0.00446	0.00446
AGG	AGC	GC	-0.22416	0.00963	0.00859	0.22416	0.00769	0.00859	0.00429	0.00429
AGG	AGA	GA	0.08683	0.02895	0.03023	-0.08683	0.03158	0.03023	0.03023	0.03023
GTT	TTT	GT	0.57290	0.00847	0.01113	-0.57290	0.01503	0.01113	0.00557	0.00557
GTT	CTT	GC	0.71576	0.00720	0.01008	-0.71576	0.01473	0.01008	0.00504	0.00504
GTT	ATT	GA	1.65397	0.02165	0.04427	-1.65397	0.11317	0.04427	0.02214	0.02214
GTC	TTC	GT	0.31758	0.01041	0.01216	-0.31758	0.01431	0.01216	0.00608	0.00608
GTC	CTC	GC	0.27622	0.00885	0.01013	-0.27622	0.01166	0.01013	0.00506	0.00506
GTC	ATC	GA	1.40771	0.02660	0.04958	-1.40771	0.10872	0.04958	0.02479	0.02479
GTC	GTT	CT	-0.36919	0.03671	0.03035	0.36919	0.02538	0.03035	0.03035	0.03035
GTA	TTA	GT	0.48982	0.00291	0.00368	-0.48982	0.00475	0.00368	0.00184	0.00184
GTA	CTA	GC	-0.16122	0.00247	0.00228	0.16122	0.00210	0.00228	0.00114	0.00114
GTA	ATA	GA	1.08690	0.00743	0.01219	-1.08690	0.02204	0.01219	0.00610	0.00610
GTA	GTT	AT	0.74681	0.00291	0.00413	-0.74681	0.00614	0.00413	0.00413	0.00413
GTA	GTC	AC	1.11600	0.00247	0.00410	-1.11600	0.00755	0.00410	0.00410	0.00410
GTG	TTG	GT	0.02242	0.02251	0.02277	-0.02242	0.02302	0.02277	0.01138	0.01138
GTG	CTG	GC	0.37301	0.01913	0.02291	-0.37301	0.02777	0.02291	0.01146	0.01146
GTG	ATG	GA	0.49234	0.05751	0.07282	-0.49234	0.09409	0.07282	0.03641	0.03641
GTG	GTT	GT	-0.81363	0.02251	0.01458	0.81363	0.00998	0.01458	0.01458	0.01458
GTG	GTC	GC	-0.44444	0.01913	0.01519	0.44444	0.01226	0.01519	0.01519	0.01519
GTG	GTA	GA	-1.56044	0.05751	0.02386	1.56044	0.01208	0.02386	0.02386	0.02386
GCT	TCT	GT	0.42313	0.01480	0.01816	-0.42313	0.02260	0.01816	0.00908	0.00908
GCT	CCT	GC	-0.20760	0.01258	0.01132	0.20760	0.01022	0.01132	0.00566	0.00566
GCT	ACT	GA	-0.00254	0.03782	0.03777	0.00254	0.03772	0.03777	0.01888	0.01888
GCT	GTT	CT	-0.72095	0.05219	0.03562	0.72095	0.02538	0.03562	0.01781	0.01781
GCC	TCC	GT	-0.10521	0.01062	0.01007	0.10521	0.00956	0.01007	0.00503	0.00503
GCC	CCC	GC	-0.05522	0.00902	0.00877	0.05522	0.00854	0.00877	0.00439	0.00439
GCC	ACC	GA	0.98575	0.02712	0.04266	-0.98575	0.07269	0.04266	0.02133	0.02133
GCC	GTC	CT	-0.18248	0.03743	0.03412	0.18248	0.03119	0.03412	0.01706	0.01706
GCC	GCT	CT	0.16928	0.03743	0.04069	-0.16928	0.04434	0.04069	0.04069	0.04069
GCA	TCA	GT	-0.62193	0.00985	0.00710	0.62193	0.00529	0.00710	0.00355	0.00355
GCA	CCA	GC	-1.12954	0.00837	0.00451	1.12954	0.00271	0.00451	0.00226	0.00226
GCA	ACA	GA	0.99742	0.02517	0.03977	-0.99742	0.06824	0.03977	0.01989	0.01989
GCA	GTA	CT	-1.38270	0.03473	0.01609	1.38270	0.00871	0.01609	0.00804	0.00804
GCA	GCT	AT	0.08506	0.00985	0.01028	-0.08506	0.01073	0.01028	0.01028	0.01028
GCA	GCC	AC	-0.08422	0.00837	0.00802	0.08422	0.00769	0.00802	0.00802	0.00802
GCG	TCG	GT	0.06469	0.00597	0.00617	-0.06469	0.00637	0.00617	0.00308	0.00308
GCG	CCG	GC	0.21827	0.00507	0.00565	-0.21827	0.00631	0.00565	0.00282	0.00282
GCG	ACG	GA	0.57541	0.01526	0.02007	-0.57541	0.02713	0.02007	0.01003	0.01003
GCG	GTG	CT	1.16381	0.02106	0.03563	-1.16381	0.06742	0.03563	0.01782	0.01782
GCG	GCT	GT	1.07113	0.00597	0.00973	-1.07113	0.01743	0.00973	0.00973	0.00973
GCG	GCC	GC	0.90185	0.00507	0.00770	-0.90185	0.01250	0.00770	0.00770	0.00770
GCG	GCA	GA	0.98607	0.01526	0.02400	-0.98607	0.04090	0.02400	0.02400	0.02400
GAT	TAT	GT	-0.57624	0.02920	0.02159	0.57624	0.01641	0.02159	0.01080	0.01080
GAT	CAT	GC	-0.83527	0.02481	0.01587	0.83527	0.01076	0.01587	0.00794	0.00794
GAT	AAT	GA	-0.73368	0.07459	0.05055	0.73368	0.03581	0.05055	0.02527	0.02527
GAT	GTT	AT	-1.55928	0.02920	0.01212	1.55928	0.00614	0.01212	0.00606	0.00606
GAT	GCT	AC	-0.83833	0.02481	0.01585	0.83833	0.01073	0.01585	0.00792	0.00792
GAC	TAC	GT	-0.67185	0.03237	0.02270	0.67185	0.01653	0.02270	0.01135	0.01135
GAC	CAC	GC	-1.43421	0.02750	0.01234	1.43421	0.00655	0.01234	0.00617	0.00617
GAC	AAC	GA	0.24611	0.08268	0.09327	-0.24611	0.10575	0.09327	0.04663	0.04663
GAC	GTC	AT	-1.45606	0.03237	0.01433	1.45606	0.00755	0.01433	0.00716	0.00716
GAC	GCC	AC	-1.27358	0.02750	0.01361	1.27358	0.00769	0.01361	0.00680	0.00680
GAC	GAT	CT	-0.26597	0.11410	0.09960	0.26597	0.08745	0.09960	0.09960	0.09960
GAA	CAA	GC	-1.51996	0.04645	0.01976	1.51996	0.01016	0.01976	0.00988	0.00988
GAA	AAA	GA	0.03863	0.13966	0.14238	-0.03863	0.14517	0.14238	0.07119	0.07119
GAA	GTA	AT	-3.25543	0.05468	0.00714	3.25543	0.00211	0.00714	0.00357	0.00357
GAA	GCA	AC	-1.87273	0.04645	0.01580	1.87273	0.00714	0.01580	0.00790	0.00790
GAA	GAT	AT	-0.94934	0.05468	0.03277	0.94934	0.02116	0.03277	0.01638	0.01638
GAA	GAC	AC	-0.68337	0.04645	0.03237	0.68337	0.02345	0.03237	0.01619	0.01619
GAG	CAG	GC	-0.81476	0.05092	0.03296	0.81476	0.02254	0.03296	0.01648	0.01648
GAG	AAG	GA	0.54508	0.15310	0.19859	-0.54508	0.26405	0.19859	0.09930	0.09930
GAG	GTG	AT	-1.30126	0.05993	0.02917	1.30126	0.01631	0.02917	0.01458	0.01458
GAG	GCG	AC	-2.46507	0.05092	0.01166	2.46507	0.00433	0.01166	0.00583	0.00583
GAG	GAT	GT	-0.55561	0.05993	0.04482	0.55561	0.03439	0.04482	0.02241	0.02241
GAG	GAC	GC	-0.28964	0.05092	0.04390	0.28964	0.03811	0.04390	0.02195	0.02195
GAG	GAA	GA	0.39373	0.15310	0.18521	-0.39373	0.22697	0.18521	0.18521	0.18521
GGT	TGT	GT	-1.70136	0.01087	0.00413	1.70136	0.00198	0.00413	0.00206	0.00206
GGT	CGT	GC	-0.33433	0.00924	0.00778	0.33433	0.00661	0.00778	0.00389	0.00389
GGT	AGT	GA	-0.09661	0.02778	0.02646	0.09661	0.02522	0.02646	0.01323	0.01323
GGT	GTT	GT	-0.08588	0.01087	0.01041	0.08588	0.00998	0.01041	0.00521	0.00521
GGT	GCT	GC	0.63507	0.00924	0.01248	-0.63507	0.01743	0.01248	0.00624	0.00624
GGT	GAT	GA	1.47340	0.02778	0.05309	-1.47340	0.12122	0.05309	0.02655	0.02655
GGC	TGC	GT	-0.34897	0.01082	0.00904	0.34897	0.00763	0.00904	0.00452	0.00452
GGC	CGC	GC	-1.59611	0.00919	0.00373	1.59611	0.00186	0.00373	0.00187	0.00187
GGC	AGC	GA	-0.01900	0.02765	0.02738	0.01900	0.02713	0.02738	0.01369	0.01369
GGC	GTC	GT	0.12496	0.01082	0.01151	-0.12496	0.01226	0.01151	0.00576	0.00576
GGC	GCC	GC	0.30744	0.00919	0.01068	-0.30744	0.01250	0.01068	0.00534	0.00534
GGC	GAC	GA	1.58102	0.02765	0.05503	-1.58102	0.13436	0.05503	0.02752	0.02752
GGC	GGT	CT	-0.15835	0.03815	0.03521	0.15835	0.03257	0.03521	0.03521	0.03521
GGA	CGA	GC	-0.89498	0.00750	0.00464	0.89498	0.00307	0.00464	0.00232	0.00232
GGA	AGA	GA	0.33621	0.02256	0.02656	-0.33621	0.03158	0.02656	0.01328	0.01328
GGA	GTA	GT	-0.94681	0.00883	0.00530	0.94681	0.00343	0.00530	0.00265	0.00265
GGA	GCA	GC	0.43588	0.00750	0.00926	-0.43588	0.01160	0.00926	0.00463	0.00463
GGA	GAA	GA	2.30861	0.02256	0.05783	-2.30861	0.22697	0.05783	0.02892	0.02892
GGA	GGT	AT	-0.11413	0.00883	0.00834	0.11413	0.00788	0.00834	0.00834	0.00834
GGA	GGC	AC	0.04422	0.00750	0.00767	-0.04422	0.00784	0.00767	0.00767	0.00767
GGG	TGG	GT	-0.17166	0.00735	0.00674	0.17166	0.00619	0.00674	0.00337	0.00337
GGG	CGG	GC	-0.38065	0.00625	0.00513	0.38065	0.00427	0.00513	0.00257	0.00257
GGG	AGG	GA	0.91842	0.01878	0.02870	-0.91842	0.04705	0.02870	0.01435	0.01435
GGG	GTG	GT	1.28266	0.00735	0.01305	-1.28266	0.02651	0.01305	0.00652	0.00652
GGG	GCG	GC	0.11885	0.00625	0.00662	-0.11885	0.00703	0.00662	0.00331	0.00331
GGG	GAG	GA	2.58392	0.01878	0.05248	-2.58392	0.24879	0.05248	0.02624	0.02624
GGG	GGT	GT	0.55491	0.00735	0.00958	-0.55491	0.01280	0.00958	0.00958	0.00958
GGG	GGC	GC	0.71326	0.00625	0.00874	-0.71326	0.01274	0.00874	0.00874	0.00874
GGG	GGA	GA	0.66904	0.01878	0.02576	-0.66904	0.03666	0.02576	0.02576	0.02576


Histograms
2Ns	FMut	FSub(CodonUsage)	FSubw(after w)

-3.10041	0.00425	0.00066	0.00051
-2.79037	0.00176	0.00039	0.00030
-2.48033	0.03199	0.00817	0.00633
-2.17028	0.05615	0.01804	0.01524
-1.86024	0.03481	0.01387	0.01074
-1.55020	0.08271	0.04138	0.03848
-1.24016	0.07811	0.04671	0.04482
-0.93012	0.08232	0.05895	0.05370
-0.62008	0.11114	0.09619	0.08643
-0.31004	0.12453	0.12675	0.14391
0.00000	0.15052	0.17781	0.19910
0.31004	0.09302	0.12675	0.14391
0.62008	0.06140	0.09619	0.08643
0.93012	0.03247	0.05895	0.05370
1.24016	0.02270	0.04671	0.04482
1.55020	0.01795	0.04138	0.03848
1.86024	0.00528	0.01387	0.01074
2.17028	0.00614	0.01804	0.01524
2.48033	0.00250	0.00817	0.00633
2.79037	0.00011	0.00039	0.00030
3.10041	0.00016	0.00066	0.00051

Proportion of advantageous (S > 0) mutations:
 0.31380

Proportions of good & bad mutations (|S| > 2.0000) among mutations:
0.01042  0.10542

mean |Ns| = 0.88599	mean Ns+ = 0.59015	mean Ns- = -1.02128

