Supplemental results for CODEML (seqf: /home/leticiamagpali/phd/evol_models/codeml/small_dataset/cml_align/CASQ1_codon_aligned.phy  treef: /home/leticiamagpali/phd/evol_models/codeml/small_dataset/cml_trees/gene_trees/H1b_gene_trees/CASQ1_tree_H1b.tre)

I	J	ij	2Ns_IJ	pMut_IJ	pSub_IJ	2Ns_JI	pMut_JI	pSub_JI

TTC	TTT	CT	0.76818	0.19160	0.27452	-0.76818	0.41306	0.27452	0.27452	0.27452
TTA	TTT	AT	1.33477	0.00919	0.01665	-1.33477	0.03492	0.01665	0.00833	0.00833
TTA	TTC	AC	0.56659	0.03636	0.04763	-0.56659	0.06408	0.04763	0.02382	0.02382
TTG	TTT	GT	5.10716	0.00011	0.00057	-5.10716	0.01830	0.00057	0.00028	0.00028
TTG	TTC	GC	4.33898	0.00044	0.00193	-4.33898	0.03357	0.00193	0.00096	0.00096
TTG	TTA	GA	3.77239	0.00093	0.00360	-3.77239	0.04051	0.00360	0.00360	0.00360
TCT	TTT	CT	2.28099	0.04221	0.10723	-2.28099	0.41306	0.10723	0.05362	0.05362
TCC	TTC	CT	4.57977	0.00778	0.03598	-4.57977	0.75801	0.03598	0.01799	0.01799
TCC	TCT	CT	3.06696	0.00778	0.02501	-3.06696	0.16698	0.02501	0.02501	0.02501
TCA	TTA	CT	0.99833	0.06720	0.10623	-0.99833	0.18236	0.10623	0.05312	0.05312
TCA	TCT	AT	0.05211	0.01340	0.01375	-0.05211	0.01412	0.01375	0.01375	0.01375
TCA	TCC	AC	-3.01485	0.05301	0.00824	3.01485	0.00260	0.00824	0.00824	0.00824
TCG	TTG	CT	1.37528	0.00056	0.00102	-1.37528	0.00220	0.00102	0.00051	0.00051
TCG	TCT	GT	4.20145	0.00011	0.00047	-4.20145	0.00740	0.00047	0.00047	0.00047
TCG	TCC	GC	1.13450	0.00044	0.00073	-1.13450	0.00136	0.00073	0.00073	0.00073
TCG	TCA	GA	4.14934	0.00093	0.00393	-4.14934	0.05905	0.00393	0.00393	0.00393
TAT	TTT	AT	1.02622	0.01251	0.02001	-1.02622	0.03492	0.02001	0.01001	0.01001
TAT	TCT	AC	-1.25477	0.04951	0.02478	1.25477	0.01412	0.02478	0.01239	0.01239
TAC	TTC	AT	0.90539	0.02591	0.03939	-0.90539	0.06408	0.03939	0.01970	0.01970
TAC	TCC	AC	-3.67438	0.10252	0.00980	3.67438	0.00260	0.00980	0.00490	0.00490
TAC	TAT	CT	0.64735	0.12996	0.17653	-0.64735	0.24828	0.17653	0.17653	0.17653
TGT	TTT	GT	9.68511	0.00000	0.00000	-9.68511	0.01830	0.00001	0.00000	0.00001
TGT	TCT	GC	7.40412	0.00000	0.00000	-7.40412	0.00740	0.00003	0.00000	0.00002
TGT	TAT	GA	8.65889	0.00000	0.00000	-8.65889	0.05515	0.00008	0.00000	0.00004
TGC	TTC	GT	10.29221	0.00000	0.00000	-10.29221	0.03357	0.00001	0.00000	0.00001
TGC	TCC	GC	5.71244	0.00000	0.00000	-5.71244	0.00136	0.00003	0.00000	0.00001
TGC	TAC	GA	9.38682	0.00000	0.00000	-9.38682	0.11420	0.00009	0.00000	0.00004
TGC	TGT	CT	1.37528	0.00000	0.00000	-1.37528	0.00000	0.00000	0.00000	0.00000
TGG	TTG	GT	-4.91677	0.01329	0.00048	4.91677	0.00010	0.00048	0.00024	0.00024
TGG	TCG	GC	-6.29205	0.05257	0.00061	6.29205	0.00010	0.00061	0.00031	0.00031
TGG	TGT	GT	-9.49471	0.01329	0.00001	9.49471	0.00000	0.00000	0.00000	0.00000
TGG	TGC	GC	-10.87000	0.05257	0.00001	10.87000	0.00000	0.00000	0.00001	0.00000
CTT	TTT	CT	3.27952	0.01555	0.05299	-3.27952	0.41306	0.05299	0.02650	0.02650
CTC	TTC	CT	2.56487	0.05831	0.16203	-2.56487	0.75801	0.16203	0.08102	0.08102
CTC	CTT	CT	0.05353	0.05831	0.05989	-0.05353	0.06152	0.05989	0.05989	0.05989
CTA	TTA	CT	0.88147	0.07553	0.11365	-0.88147	0.18236	0.11365	0.11365	0.11365
CTA	CTT	AT	-1.06328	0.01506	0.00845	1.06328	0.00520	0.00845	0.00845	0.00845
CTA	CTC	AC	-1.11681	0.05958	0.03238	1.11681	0.01950	0.03238	0.03238	0.03238
CTG	TTG	CT	-5.22595	0.40875	0.01154	5.22595	0.00220	0.01154	0.01154	0.01154
CTG	CTT	GT	-3.39830	0.08151	0.00958	3.39830	0.00272	0.00958	0.00958	0.00958
CTG	CTC	GC	-3.45183	0.32246	0.03642	3.45183	0.01022	0.03642	0.03642	0.03642
CTG	CTA	GA	-2.33502	0.68558	0.17159	2.33502	0.06637	0.17159	0.17159	0.17159
CCT	TCT	CT	0.51863	0.09941	0.12741	-0.51863	0.16698	0.12741	0.06370	0.06370
CCT	CTT	CT	-0.47990	0.09941	0.07746	0.47990	0.06152	0.07746	0.03873	0.03873
CCC	TCC	CT	-1.36094	0.11996	0.05630	1.36094	0.03076	0.05630	0.02815	0.02815
CCC	CTC	CT	0.65396	0.11996	0.16343	-0.65396	0.23070	0.16343	0.08171	0.08171
CCC	CCT	CT	1.18739	0.11996	0.20495	-1.18739	0.39329	0.20495	0.20495	0.20495
CCA	TCA	CT	2.83887	0.01555	0.04689	-2.83887	0.26585	0.04689	0.02344	0.02344
CCA	CTA	CT	2.95573	0.01555	0.04849	-2.95573	0.29881	0.04849	0.02424	0.02424
CCA	CCT	AT	2.37235	0.00310	0.00811	-2.37235	0.03325	0.00811	0.00811	0.00811
CCA	CCC	AC	1.18496	0.01227	0.02094	-1.18496	0.04012	0.02094	0.02094	0.02094
CCG	TCG	CT	-1.95692	0.01555	0.00501	1.95692	0.00220	0.00501	0.00250	0.00250
CCG	CTG	CT	4.64431	0.01555	0.07292	-4.64431	1.61709	0.07292	0.03646	0.03646
CCG	CCT	GT	1.72590	0.00310	0.00651	-1.72590	0.01742	0.00651	0.00651	0.00651
CCG	CCC	GC	0.53851	0.01227	0.01587	-0.53851	0.02102	0.01587	0.01587	0.01587
CCG	CCA	GA	-0.64645	0.02608	0.01855	0.64645	0.01366	0.01855	0.01855	0.01855
CAT	TAT	CT	2.04223	0.03221	0.07559	-2.04223	0.24828	0.07559	0.03779	0.03779
CAT	CTT	AT	-0.21107	0.00642	0.00577	0.21107	0.00520	0.00577	0.00288	0.00288
CAT	CCT	AC	0.26883	0.02541	0.02898	-0.26883	0.03325	0.02898	0.01449	0.01449
CAC	TAC	CT	2.77016	0.03221	0.09519	-2.77016	0.51413	0.09519	0.04760	0.04760
CAC	CTC	AT	1.11068	0.00642	0.01064	-1.11068	0.01950	0.01064	0.00532	0.00532
CAC	CCC	AC	0.45672	0.02541	0.03165	-0.45672	0.04012	0.03165	0.01583	0.01583
CAC	CAT	CT	1.37528	0.03221	0.05928	-1.37528	0.12743	0.05928	0.05928	0.05928
CAA	CTA	AT	0.78543	0.01152	0.01663	-0.78543	0.02526	0.01663	0.00831	0.00831
CAA	CCA	AC	-2.17030	0.04556	0.01274	2.17030	0.00520	0.01274	0.00637	0.00637
CAA	CAT	AT	-0.06678	0.01152	0.01114	0.06678	0.01077	0.01114	0.00557	0.00557
CAA	CAC	AC	-1.44206	0.04556	0.02035	1.44206	0.01077	0.02035	0.01017	0.01017
CAG	CTG	AT	2.53343	0.01085	0.02987	-2.53343	0.13671	0.02987	0.01493	0.01493
CAG	CCG	AC	-2.11088	0.04294	0.01249	2.11088	0.00520	0.01249	0.00625	0.00625
CAG	CAT	GT	-0.65380	0.01085	0.00769	0.65380	0.00564	0.00769	0.00384	0.00384
CAG	CAC	GC	-2.02908	0.04294	0.01319	2.02908	0.00564	0.01319	0.00659	0.00659
CAG	CAA	GA	-0.58702	0.09129	0.06710	0.58702	0.05075	0.06710	0.06710	0.06710
CGT	TGT	CT	-6.56996	0.01611	0.00015	6.56996	0.00000	0.00000	0.00007	0.00000
CGT	CTT	GT	-0.16437	0.00321	0.00295	0.16437	0.00272	0.00295	0.00148	0.00148
CGT	CCT	GC	0.31553	0.01271	0.01482	-0.31553	0.01742	0.01482	0.00741	0.00741
CGT	CAT	GA	0.04670	0.02701	0.02765	-0.04670	0.02830	0.02765	0.01382	0.01382
CGC	TGC	CT	1.37528	0.00000	0.00000	-1.37528	0.00000	0.00000	0.00000	0.00000
CGC	CTC	GT	9.10263	0.00000	0.00000	-9.10263	0.01022	0.00001	0.00000	0.00001
CGC	CCC	GC	8.44866	0.00000	0.00000	-8.44866	0.02102	0.00004	0.00000	0.00002
CGC	CAC	GA	7.99194	0.00000	0.00000	-7.99194	0.02830	0.00008	0.00000	0.00004
CGC	CGT	CT	9.32052	0.00000	0.00000	-9.32052	0.06372	0.00005	0.00000	0.00005
CGA	CTA	GT	1.38218	0.00332	0.00613	-1.38218	0.01323	0.00613	0.00307	0.00307
CGA	CCA	GC	-1.57355	0.01314	0.00541	1.57355	0.00272	0.00541	0.00270	0.00270
CGA	CAA	GA	0.59675	0.02794	0.03711	-0.59675	0.05075	0.03711	0.01855	0.01855
CGA	CGT	AT	0.48327	0.00332	0.00419	-0.48327	0.00539	0.00419	0.00419	0.00419
CGA	CGC	AC	-8.83726	0.01314	0.00002	8.83726	0.00000	0.00000	0.00002	0.00000
CGG	TGG	CT	2.83057	0.01555	0.04677	-2.83057	0.26366	0.04677	0.02339	0.02339
CGG	CTG	GT	3.13975	0.00310	0.01018	-3.13975	0.07162	0.01018	0.00509	0.00509
CGG	CCG	GC	-1.50456	0.01227	0.00527	1.50456	0.00272	0.00527	0.00264	0.00264
CGG	CAG	GA	0.60632	0.02608	0.03478	-0.60632	0.04783	0.03478	0.01739	0.01739
CGG	CGT	GT	-0.09419	0.00310	0.00296	0.09419	0.00282	0.00296	0.00296	0.00296
CGG	CGC	GC	-9.41471	0.01227	0.00001	9.41471	0.00000	0.00000	0.00001	0.00000
CGG	CGA	GA	-0.57745	0.02608	0.01927	0.57745	0.01464	0.01927	0.01927	0.01927
ATT	TTT	AT	0.34644	0.02470	0.02922	-0.34644	0.03492	0.02922	0.01461	0.01461
ATT	CTT	AC	-2.93308	0.09770	0.01611	2.93308	0.00520	0.01611	0.00806	0.00806
ATC	TTC	AT	0.87591	0.02669	0.04006	-0.87591	0.06408	0.04006	0.02003	0.02003
ATC	CTC	AC	-1.68895	0.10559	0.04040	1.68895	0.01950	0.04040	0.02020	0.02020
ATC	ATT	CT	1.29766	0.13384	0.23896	-1.29766	0.48996	0.23896	0.23896	0.23896
ATA	TTA	AT	1.35249	0.00399	0.00727	-1.35249	0.01542	0.00727	0.00364	0.00364
ATA	CTA	AC	0.47102	0.01577	0.01978	-0.47102	0.02526	0.01978	0.00989	0.00989
ATA	ATT	AT	2.34082	0.00399	0.01033	-2.34082	0.04142	0.01033	0.01033	0.01033
ATA	ATC	AC	1.04316	0.01577	0.02540	-1.04316	0.04477	0.02540	0.02540	0.02540
ATG	TTG	AT	-4.82994	0.02326	0.00090	4.82994	0.00019	0.00090	0.00045	0.00045
ATG	CTG	AC	0.39601	0.09201	0.11142	-0.39601	0.13671	0.11142	0.05571	0.05571
ATG	ATT	GT	-0.06921	0.02326	0.02246	0.06921	0.02170	0.02246	0.01123	0.01123
ATG	ATC	GC	-1.36687	0.09201	0.04302	1.36687	0.02345	0.04302	0.02151	0.02151
ATG	ATA	GA	-2.41003	0.19561	0.04652	2.41003	0.01757	0.04652	0.02326	0.02326
ACT	TCT	AT	0.40525	0.00941	0.01145	-0.40525	0.01412	0.01145	0.00572	0.00572
ACT	CCT	AC	-0.11338	0.03724	0.03517	0.11338	0.03325	0.03517	0.01758	0.01758
ACT	ATT	CT	2.33980	0.04721	0.12223	-2.33980	0.48996	0.12223	0.06111	0.06111
ACC	TCC	AT	-1.76376	0.01517	0.00554	1.76376	0.00260	0.00554	0.00277	0.00277
ACC	CCC	AC	-0.40282	0.06002	0.04874	0.40282	0.04012	0.04874	0.02437	0.02437
ACC	ATC	CT	1.94010	0.07608	0.17238	-1.94010	0.52951	0.17238	0.08619	0.08619
ACC	ACT	CT	0.89795	0.07608	0.11529	-0.89795	0.18676	0.11529	0.11529	0.11529
ACA	TCA	AT	1.18582	0.00687	0.01172	-1.18582	0.02248	0.01172	0.00586	0.00586
ACA	CCA	AC	-1.65304	0.02716	0.01063	1.65304	0.00520	0.01063	0.00532	0.00532
ACA	ATA	CT	0.83167	0.03443	0.05071	-0.83167	0.07910	0.05071	0.02536	0.02536
ACA	ACT	AT	0.83268	0.00687	0.01012	-0.83268	0.01579	0.01012	0.01012	0.01012
ACA	ACC	AC	-0.06527	0.02716	0.02629	0.06527	0.02545	0.02629	0.02629	0.02629
ACG	TCG	AT	-3.12042	0.00421	0.00061	3.12042	0.00019	0.00061	0.00030	0.00030
ACG	CCG	AC	-1.16350	0.01665	0.00880	1.16350	0.00520	0.00880	0.00440	0.00440
ACG	ATG	CT	3.08480	0.02110	0.06822	-3.08480	0.46140	0.06822	0.03411	0.03411
ACG	ACT	GT	0.67579	0.00421	0.00579	-0.67579	0.00827	0.00579	0.00579	0.00579
ACG	ACC	GC	-0.22217	0.01665	0.01487	0.22217	0.01333	0.01487	0.01487	0.01487
ACG	ACA	GA	-0.15690	0.03540	0.03269	0.15690	0.03026	0.03269	0.03269	0.03269
AAT	TAT	AT	0.22728	0.01672	0.01869	-0.22728	0.02099	0.01869	0.00935	0.00935
AAT	CAT	AC	-1.81495	0.06616	0.02336	1.81495	0.01077	0.02336	0.01168	0.01168
AAT	ATT	AT	0.90706	0.01672	0.02544	-0.90706	0.04142	0.02544	0.01272	0.01272
AAT	ACT	AC	-1.43274	0.06616	0.02971	1.43274	0.01579	0.02971	0.01486	0.01486
AAC	TAC	AT	0.63977	0.02292	0.03103	-0.63977	0.04346	0.03103	0.01552	0.01552
AAC	CAC	AC	-2.13039	0.09069	0.02605	2.13039	0.01077	0.02605	0.01302	0.01302
AAC	ATC	AT	0.66925	0.02292	0.03144	-0.66925	0.04477	0.03144	0.01572	0.01572
AAC	ACC	AC	-1.27085	0.09069	0.04495	1.27085	0.02545	0.04495	0.02248	0.02248
AAC	AAT	CT	1.05984	0.11496	0.18645	-1.05984	0.33177	0.18645	0.18645	0.18645
AAA	CAA	AC	-1.01774	0.05345	0.03079	1.01774	0.01932	0.03079	0.01539	0.01539
AAA	ATA	AT	-0.70333	0.01351	0.00931	0.70333	0.00669	0.00931	0.00466	0.00466
AAA	ACA	AC	-1.53500	0.05345	0.02253	1.53500	0.01152	0.02253	0.01127	0.01127
AAA	AAT	AT	0.73043	0.01351	0.01904	-0.73043	0.02805	0.01904	0.00952	0.00952
AAA	AAC	AC	-0.32942	0.05345	0.04513	0.32942	0.03845	0.04513	0.02256	0.02256
AAG	CAG	AC	-2.45523	0.21205	0.04889	2.45523	0.01820	0.04889	0.02445	0.02445
AAG	ATG	AT	-0.31781	0.05360	0.04553	0.31781	0.03901	0.04553	0.02277	0.02277
AAG	ACG	AC	-3.40261	0.21205	0.02484	3.40261	0.00706	0.02484	0.01242	0.01242
AAG	AAT	GT	-1.29408	0.05360	0.02620	1.29408	0.01469	0.02620	0.01310	0.01310
AAG	AAC	GC	-2.35393	0.21205	0.05239	2.35393	0.02014	0.05239	0.02620	0.02620
AAG	AAA	GA	-2.02451	0.45084	0.13887	2.02451	0.05954	0.13887	0.13887	0.13887
AGT	TGT	AT	-7.86744	0.00498	0.00002	7.86744	0.00000	0.00000	0.00001	0.00000
AGT	CGT	AC	-1.29748	0.01972	0.00962	1.29748	0.00539	0.00962	0.00481	0.00481
AGT	ATT	GT	1.47123	0.00498	0.00952	-1.47123	0.02170	0.00952	0.00476	0.00476
AGT	ACT	GC	-0.86857	0.01972	0.01238	0.86857	0.00827	0.01238	0.00619	0.00619
AGT	AAT	GA	0.56417	0.04192	0.05485	-0.56417	0.07369	0.05485	0.02742	0.02742
AGC	TGC	AT	-9.20244	0.01894	0.00002	9.20244	0.00000	0.00000	0.00001	0.00000
AGC	CGC	AC	-10.57772	0.07492	0.00002	10.57772	0.00000	0.00000	0.00001	0.00000
AGC	ATC	GT	0.21385	0.01894	0.02103	-0.21385	0.02345	0.02103	0.01052	0.01052
AGC	ACC	GC	-1.72624	0.07492	0.02800	1.72624	0.01333	0.02800	0.01400	0.01400
AGC	AAC	GA	-0.45539	0.15929	0.12576	0.45539	0.10102	0.12576	0.06288	0.06288
AGC	AGT	CT	0.04028	0.09497	0.09689	-0.04028	0.09887	0.09689	0.09689	0.09689
AGA	CGA	AC	-1.78765	0.03330	0.01196	1.78765	0.00557	0.01196	0.01196	0.01196
AGA	ATA	GT	-0.87649	0.00842	0.00526	0.87649	0.00350	0.00526	0.00263	0.00263
AGA	ACA	GC	-1.70816	0.03330	0.01259	1.70816	0.00603	0.01259	0.00629	0.00629
AGA	AAA	GA	-0.17316	0.07079	0.06484	0.17316	0.05954	0.06484	0.03242	0.03242
AGA	AGT	AT	-0.00690	0.00842	0.00839	0.00690	0.00836	0.00839	0.00419	0.00419
AGA	AGC	AC	-0.04718	0.03330	0.03252	0.04718	0.03176	0.03252	0.01626	0.01626
AGG	TGG	AT	0.91021	0.00897	0.01366	-0.91021	0.02229	0.01366	0.00683	0.00683
AGG	CGG	AC	-1.92036	0.03549	0.01170	1.92036	0.00520	0.01170	0.01170	0.01170
AGG	ATG	GT	0.82338	0.00897	0.01316	-0.82338	0.02044	0.01316	0.00658	0.00658
AGG	ACG	GC	-2.26142	0.03549	0.00934	2.26142	0.00370	0.00934	0.00467	0.00467
AGG	AAG	GA	1.14119	0.07545	0.12652	-1.14119	0.23620	0.12652	0.06326	0.06326
AGG	AGT	GT	-0.71707	0.00897	0.00614	0.71707	0.00438	0.00614	0.00307	0.00307
AGG	AGC	GC	-0.75735	0.03549	0.02373	0.75735	0.01664	0.02373	0.01186	0.01186
AGG	AGA	GA	-0.71016	0.07545	0.05180	0.71016	0.03709	0.05180	0.05180	0.05180
GTT	TTT	GT	1.01282	0.00664	0.01057	-1.01282	0.01830	0.01057	0.00528	0.00528
GTT	CTT	GC	-2.26670	0.02629	0.00689	2.26670	0.00272	0.00689	0.00345	0.00345
GTT	ATT	GA	0.66638	0.05589	0.07656	-0.66638	0.10883	0.07656	0.03828	0.03828
GTC	TTC	GT	0.42096	0.02204	0.02700	-0.42096	0.03357	0.02700	0.01350	0.01350
GTC	CTC	GC	-2.14390	0.08719	0.02481	2.14390	0.01022	0.02481	0.01241	0.01241
GTC	ATC	GA	-0.45495	0.18537	0.14639	0.45495	0.11761	0.14639	0.07319	0.07319
GTC	GTT	CT	0.17632	0.11052	0.12055	-0.17632	0.13183	0.12055	0.12055	0.12055
GTA	TTA	GT	-0.21025	0.00997	0.00896	0.21025	0.00808	0.00896	0.00448	0.00448
GTA	CTA	GC	-1.09171	0.03943	0.02175	1.09171	0.01323	0.02175	0.01087	0.01087
GTA	ATA	GA	-1.56274	0.08383	0.03473	1.56274	0.01757	0.03473	0.01737	0.01737
GTA	GTT	AT	0.11170	0.00997	0.01053	-0.11170	0.01114	0.01053	0.01053	0.01053
GTA	GTC	AC	-0.06462	0.03943	0.03817	0.06462	0.03696	0.03817	0.03817	0.03817
GTG	TTG	GT	-6.14055	0.04518	0.00060	6.14055	0.00010	0.00060	0.00030	0.00030
GTG	CTG	GC	-0.91460	0.17875	0.10930	0.91460	0.07162	0.10930	0.05465	0.05465
GTG	ATG	GA	-1.31061	0.38005	0.18391	1.31061	0.10248	0.18391	0.09195	0.09195
GTG	GTT	GT	-2.04620	0.04518	0.01372	2.04620	0.00584	0.01372	0.01372	0.01372
GTG	GTC	GC	-2.22252	0.17875	0.04827	2.22252	0.01937	0.04827	0.04827	0.04827
GTG	GTA	GA	-2.15790	0.38005	0.10716	2.15790	0.04392	0.10716	0.10716	0.10716
GCT	TCT	GT	-0.82243	0.01683	0.01085	0.82243	0.00740	0.01085	0.00542	0.00542
GCT	CCT	GC	-1.34105	0.06659	0.03163	1.34105	0.01742	0.03163	0.01582	0.01582
GCT	ACT	GA	-1.22768	0.14159	0.07203	1.22768	0.04148	0.07203	0.03601	0.03601
GCT	GTT	CT	0.44575	0.08442	0.10462	-0.44575	0.13183	0.10462	0.05231	0.05231
GCC	TCC	GT	-2.97916	0.02680	0.00428	2.97916	0.00136	0.00428	0.00214	0.00214
GCC	CCC	GC	-1.61822	0.10603	0.04243	1.61822	0.02102	0.04243	0.02121	0.02121
GCC	ACC	GA	-1.21540	0.22542	0.11552	1.21540	0.06686	0.11552	0.05776	0.05776
GCC	GTC	CT	1.17965	0.13440	0.22890	-1.17965	0.43723	0.22890	0.11445	0.11445
GCC	GCT	CT	0.91022	0.13440	0.20472	-0.91022	0.33396	0.20472	0.20472	0.20472
GCA	TCA	GT	-0.76721	0.02536	0.01686	0.76721	0.01178	0.01686	0.00843	0.00843
GCA	CCA	GC	-3.60608	0.10033	0.01010	3.60608	0.00272	0.01010	0.00505	0.00505
GCA	ACA	GA	-1.95303	0.21331	0.06886	1.95303	0.03026	0.06886	0.03443	0.03443
GCA	GTA	CT	0.44137	0.12718	0.15730	-0.44137	0.19774	0.15730	0.07865	0.07865
GCA	GCT	AT	0.10733	0.02536	0.02675	-0.10733	0.02823	0.02675	0.02675	0.02675
GCA	GCC	AC	-0.80290	0.10033	0.06539	0.80290	0.04495	0.06539	0.06539	0.06539
GCG	TCG	GT	-4.17233	0.00631	0.00041	4.17233	0.00010	0.00041	0.00021	0.00021
GCG	CCG	GC	-2.21541	0.02497	0.00678	2.21541	0.00272	0.00678	0.00339	0.00339
GCG	ACG	GA	-1.05191	0.05310	0.02998	1.05191	0.01854	0.02998	0.01499	0.01499
GCG	GTG	CT	3.34350	0.03166	0.10972	-3.34350	0.89643	0.10972	0.05486	0.05486
GCG	GCT	GT	0.85155	0.00631	0.00938	-0.85155	0.01479	0.00938	0.00938	0.00938
GCG	GCC	GC	-0.05867	0.02497	0.02425	0.05867	0.02355	0.02425	0.02425	0.02425
GCG	GCA	GA	0.74422	0.05310	0.07528	-0.74422	0.11176	0.07528	0.07528	0.07528
GAT	TAT	GT	-1.69346	0.05980	0.02282	1.69346	0.01100	0.02282	0.01141	0.01141
GAT	CAT	GC	-3.73569	0.23659	0.02160	3.73569	0.00564	0.02160	0.01080	0.01080
GAT	AAT	GA	-1.92074	0.50301	0.16583	1.92074	0.07369	0.16583	0.08292	0.08292
GAT	GTT	AT	-1.68006	0.05980	0.02301	1.68006	0.01114	0.02301	0.01151	0.01151
GAT	GCT	AC	-2.12580	0.23659	0.06815	2.12580	0.02823	0.06815	0.03408	0.03408
GAC	TAC	GT	-1.29403	0.08306	0.04060	1.29403	0.02277	0.04060	0.02030	0.02030
GAC	CAC	GC	-4.06419	0.32859	0.02334	4.06419	0.00564	0.02334	0.01167	0.01167
GAC	AAC	GA	-1.93380	0.69862	0.22837	1.93380	0.10102	0.22837	0.11419	0.11419
GAC	GTC	AT	-0.80960	0.08306	0.05392	0.80960	0.03696	0.05392	0.02696	0.02696
GAC	GCC	AC	-1.98925	0.32859	0.10359	1.98925	0.04495	0.10359	0.05179	0.05179
GAC	GAT	CT	1.04678	0.41652	0.67188	-1.04678	1.18645	0.67188	0.67188	0.67188
GAA	CAA	GC	-2.75732	0.15948	0.02980	2.75732	0.01012	0.02980	0.01490	0.01490
GAA	AAA	GA	-1.73958	0.33906	0.12563	1.73958	0.05954	0.12563	0.06282	0.06282
GAA	GTA	AT	-0.88018	0.04031	0.02514	0.88018	0.01672	0.02514	0.01257	0.01257
GAA	GCA	AC	-1.32155	0.15948	0.07666	1.32155	0.04254	0.07666	0.03833	0.03833
GAA	GAT	AT	0.91158	0.04031	0.06144	-0.91158	0.10030	0.06144	0.03072	0.03072
GAA	GAC	AC	-0.13519	0.15948	0.14894	0.13519	0.13931	0.14894	0.07447	0.07447
GAG	CAG	GC	-3.97749	0.50910	0.03866	3.97749	0.00954	0.03866	0.01933	0.01933
GAG	AAG	GA	-1.52226	1.08240	0.45992	1.52226	0.23620	0.45992	0.22996	0.22996
GAG	GTG	AT	-0.52946	0.12868	0.09761	0.52946	0.07579	0.09761	0.04881	0.04881
GAG	GCG	AC	-3.87296	0.50910	0.04188	3.87296	0.01059	0.04188	0.02094	0.02094
GAG	GAT	GT	-0.89561	0.12868	0.07955	0.89561	0.05255	0.07955	0.03977	0.03977
GAG	GAC	GC	-1.94238	0.50910	0.16549	1.94238	0.07299	0.16549	0.08275	0.08275
GAG	GAA	GA	-1.80719	1.08240	0.38405	1.80719	0.17764	0.38405	0.38405	0.38405
GGT	TGT	GT	-9.20703	0.00997	0.00001	9.20703	0.00000	0.00000	0.00000	0.00000
GGT	CGT	GC	-2.63707	0.03943	0.00802	2.63707	0.00282	0.00802	0.00401	0.00401
GGT	AGT	GA	-1.33959	0.08383	0.03986	1.33959	0.02196	0.03986	0.01993	0.01993
GGT	GTT	GT	-0.53474	0.00997	0.00754	0.53474	0.00584	0.00754	0.00377	0.00377
GGT	GCT	GC	-0.98049	0.03943	0.02321	0.98049	0.01479	0.02321	0.01160	0.01160
GGT	GAT	GA	1.14531	0.08383	0.14081	-1.14531	0.26353	0.14081	0.07041	0.07041
GGC	TGC	GT	-9.81921	0.01838	0.00001	9.81921	0.00000	0.00000	0.00000	0.00000
GGC	CGC	GC	-11.19449	0.07273	0.00001	11.19449	0.00000	0.00000	0.00001	0.00000
GGC	AGC	GA	-0.61677	0.15463	0.11181	0.61677	0.08345	0.11181	0.05591	0.05591
GGC	GTC	GT	0.05204	0.01838	0.01887	-0.05204	0.01937	0.01887	0.00943	0.00943
GGC	GCC	GC	-1.12761	0.07273	0.03927	1.12761	0.02355	0.03927	0.01964	0.01964
GGC	GAC	GA	0.86164	0.15463	0.23070	-0.86164	0.36601	0.23070	0.11535	0.11535
GGC	GGT	CT	0.76310	0.09219	0.13180	-0.76310	0.19774	0.13180	0.13180	0.13180
GGA	CGA	GC	-2.47281	0.03461	0.00788	2.47281	0.00292	0.00788	0.00394	0.00394
GGA	AGA	GA	-0.68516	0.07359	0.05123	0.68516	0.03709	0.05123	0.02562	0.02562
GGA	GTA	GT	0.00108	0.00875	0.00875	-0.00108	0.00876	0.00875	0.00438	0.00438
GGA	GCA	GC	-0.44029	0.03461	0.02755	0.44029	0.02228	0.02755	0.01377	0.01377
GGA	GAA	GA	0.88126	0.07359	0.11072	-0.88126	0.17764	0.11072	0.05536	0.05536
GGA	GGT	AT	0.64753	0.00875	0.01188	-0.64753	0.01672	0.01188	0.01188	0.01188
GGA	GGC	AC	-0.11557	0.03461	0.03265	0.11557	0.03083	0.03265	0.03265	0.03265
GGG	TGG	GT	-0.42938	0.01794	0.01436	0.42938	0.01168	0.01436	0.00718	0.00718
GGG	CGG	GC	-3.25995	0.07098	0.00924	3.25995	0.00272	0.00924	0.00462	0.00462
GGG	AGG	GA	-1.33959	0.15090	0.07175	1.33959	0.03953	0.07175	0.03587	0.03587
GGG	GTG	GT	0.79439	0.01794	0.02600	-0.79439	0.03970	0.02600	0.01300	0.01300
GGG	GCG	GC	-2.54911	0.07098	0.01534	2.54911	0.00555	0.01534	0.00767	0.00767
GGG	GAG	GA	1.32386	0.15090	0.27221	-1.32386	0.56707	0.27221	0.13610	0.13610
GGG	GGT	GT	-0.71707	0.01794	0.01227	0.71707	0.00876	0.01227	0.01227	0.01227
GGG	GGC	GC	-1.48017	0.07098	0.03096	1.48017	0.01615	0.03096	0.03096	0.03096
GGG	GGA	GA	-1.36459	0.15090	0.07066	1.36459	0.03855	0.07066	0.07066	0.07066


Histograms
2Ns	FMut	FSub(CodonUsage)	FSubw(after w)

-10.66142	0.00540	0.00000	0.00000
-9.59528	0.00645	0.00001	0.00001
-8.52914	0.00206	0.00001	0.00000
-7.46299	0.00094	0.00000	0.00000
-6.39685	0.00263	0.00005	0.00004
-5.33071	0.01073	0.00051	0.00071
-4.26457	0.09477	0.00921	0.00712
-3.19843	0.10580	0.02493	0.02091
-2.13228	0.23343	0.11335	0.11066
-1.06614	0.29357	0.26794	0.28339
0.00000	0.10519	0.16801	0.15434
1.06614	0.10318	0.26794	0.28339
2.13228	0.02972	0.11335	0.11066
3.19843	0.00475	0.02493	0.02091
4.26457	0.00132	0.00921	0.00712
5.33071	0.00006	0.00051	0.00071
6.39685	0.00000	0.00005	0.00003
7.46299	0.00000	0.00000	0.00000
8.52914	0.00000	0.00000	0.00000
9.59528	0.00000	0.00000	0.00000
10.66142	0.00000	0.00000	0.00000

Proportion of advantageous (S > 0) mutations:
 0.18371

Proportions of good & bad mutations (|S| > 2.0000) among mutations:
0.01847  0.35017

mean |Ns| = 1.98267	mean Ns+ = 1.07670	mean Ns- = -2.18656

