Supplemental results for CODEML (seqf: /home/leticiamagpali/phd/evol_models/codeml/small_dataset/cml_align/MYL1_codon_aligned.phy  treef: /home/leticiamagpali/phd/evol_models/codeml/small_dataset/cml_trees/gene_trees/H1a_gene_trees/MYL1_tree_H1a.tre)

I	J	ij	2Ns_IJ	pMut_IJ	pSub_IJ	2Ns_JI	pMut_JI	pSub_JI

TTC	TTT	CT	1.18522	0.07479	0.12766	-1.18522	0.24466	0.12766	0.12766	0.12766
TTA	TTT	AT	2.51511	0.02121	0.05805	-2.51511	0.26237	0.05805	0.02902	0.02902
TTA	TTC	AC	1.32989	0.02687	0.04859	-1.32989	0.10159	0.04859	0.02429	0.02429
TTG	TTT	GT	2.27709	0.00490	0.01242	-2.27709	0.04772	0.01242	0.00621	0.00621
TTG	TTC	GC	1.09187	0.00620	0.01019	-1.09187	0.01848	0.01019	0.00510	0.00510
TTG	TTA	GA	-0.23802	0.02107	0.01866	0.23802	0.01660	0.01866	0.01866	0.01866
TCT	TTT	CT	1.18522	0.07479	0.12766	-1.18522	0.24466	0.12766	0.06383	0.06383
TCC	TTC	CT	0.10901	0.08495	0.08967	-0.10901	0.09474	0.08967	0.04483	0.04483
TCC	TCT	CT	0.10901	0.08495	0.08967	-0.10901	0.09474	0.08967	0.08967	0.08967
TCA	TTA	CT	1.29732	0.01307	0.02333	-1.29732	0.04783	0.02333	0.01167	0.01167
TCA	TCT	AT	2.62721	0.00734	0.02079	-2.62721	0.10159	0.02079	0.02079	0.02079
TCA	TCC	AC	2.51821	0.00930	0.02548	-2.51821	0.11540	0.02548	0.02548	0.02548
TCG	TTG	CT	7.91100	0.00000	0.00000	-7.91100	0.01104	0.00003	0.00000	0.00002
TCG	TCT	GT	9.00287	0.00000	0.00000	-9.00287	0.01848	0.00002	0.00000	0.00002
TCG	TCC	GC	8.89387	0.00000	0.00000	-8.89387	0.02099	0.00003	0.00000	0.00003
TCG	TCA	GA	6.37566	0.00000	0.00000	-6.37566	0.00575	0.00006	0.00000	0.00006
TAT	TTT	AT	2.23225	0.02815	0.07039	-2.23225	0.26237	0.07039	0.03519	0.03519
TAT	TCT	AC	1.04703	0.03566	0.05752	-1.04703	0.10159	0.05752	0.02876	0.02876
TAC	TTC	AT	5.51759	0.00041	0.00226	-5.51759	0.10159	0.00226	0.00113	0.00113
TAC	TCC	AC	5.40858	0.00052	0.00281	-5.40858	0.11540	0.00281	0.00140	0.00140
TAC	TAT	CT	4.47056	0.00073	0.00328	-4.47056	0.06346	0.00328	0.00328	0.00328
TGT	TTT	GT	9.95164	0.00000	0.00000	-9.95164	0.04772	0.00002	0.00000	0.00001
TGT	TCT	GC	8.76642	0.00000	0.00000	-8.76642	0.01848	0.00003	0.00000	0.00001
TGT	TAT	GA	7.71940	0.00000	0.00000	-7.71940	0.02203	0.00008	0.00000	0.00004
TGC	TTC	GT	1.10518	0.00612	0.01011	-1.10518	0.01848	0.01011	0.00506	0.00506
TGC	TCC	GC	0.99617	0.00775	0.01224	-0.99617	0.02099	0.01224	0.00612	0.00612
TGC	TAC	GA	-4.41240	0.02633	0.00143	4.41240	0.00032	0.00143	0.00071	0.00071
TGC	TGT	CT	-7.66124	0.01089	0.00004	7.66124	0.00000	0.00000	0.00004	0.00000
TGG	TTG	GT	0.05397	0.00204	0.00210	-0.05397	0.00215	0.00210	0.00105	0.00105
TGG	TCG	GC	-7.85703	0.00258	0.00001	7.85703	0.00000	0.00000	0.00000	0.00000
TGG	TGT	GT	-7.62058	0.00204	0.00001	7.62058	0.00000	0.00000	0.00000	0.00000
TGG	TGC	GC	0.04066	0.00258	0.00264	-0.04066	0.00269	0.00264	0.00132	0.00132
CTT	TTT	CT	1.21478	0.07261	0.12543	-1.21478	0.24466	0.12543	0.06271	0.06271
CTC	TTC	CT	0.79364	0.04284	0.06206	-0.79364	0.09474	0.06206	0.03103	0.03103
CTC	CTT	CT	0.76409	0.04284	0.06127	-0.76409	0.09198	0.06127	0.06127	0.06127
CTA	TTA	CT	-0.24312	0.06099	0.05388	0.24312	0.04783	0.05388	0.05388	0.05388
CTA	CTT	AT	1.05721	0.03427	0.05552	-1.05721	0.09863	0.05552	0.05552	0.05552
CTA	CTC	AC	0.29312	0.04341	0.05008	-0.29312	0.05819	0.05008	0.05008	0.05008
CTG	TTG	CT	-2.26907	0.10673	0.02793	2.26907	0.01104	0.02793	0.02793	0.02793
CTG	CTT	GT	-1.20676	0.05997	0.03089	1.20676	0.01794	0.03089	0.03089	0.03089
CTG	CTC	GC	-1.97084	0.07596	0.02424	1.97084	0.01058	0.02424	0.02424	0.02424
CTG	CTA	GA	-2.26397	0.25806	0.06777	2.26397	0.02682	0.06777	0.06777	0.06777
CCT	TCT	CT	-0.40693	0.14231	0.11532	0.40693	0.09474	0.11532	0.05766	0.05766
CCT	CTT	CT	-0.43649	0.14231	0.11351	0.43649	0.09198	0.11351	0.05675	0.05675
CCC	TCC	CT	0.10828	0.09657	0.10189	-0.10828	0.10761	0.10189	0.05095	0.05095
CCC	CTC	CT	-0.57636	0.09657	0.07140	0.57636	0.05427	0.07140	0.03570	0.03570
CCC	CCT	CT	0.62422	0.09657	0.12983	-0.62422	0.18027	0.12983	0.12983	0.12983
CCA	TCA	CT	-1.60056	0.08205	0.03320	1.60056	0.01656	0.03320	0.01660	0.01660
CCA	CTA	CT	-0.06012	0.08205	0.07961	0.06012	0.07726	0.07961	0.03980	0.03980
CCA	CCT	AT	1.43358	0.04610	0.08678	-1.43358	0.19332	0.08678	0.08678	0.08678
CCA	CCC	AC	0.80937	0.05839	0.08518	-0.80937	0.13118	0.08518	0.08518	0.08518
CCG	TCG	CT	-8.17207	0.01815	0.00004	8.17207	0.00000	0.00000	0.00002	0.00000
CCG	CTG	CT	2.00801	0.01815	0.04210	-2.00801	0.13521	0.04210	0.02105	0.02105
CCG	CCT	GT	1.23774	0.01020	0.01778	-1.23774	0.03516	0.01778	0.01778	0.01778
CCG	CCC	GC	0.61352	0.01292	0.01729	-0.61352	0.02386	0.01729	0.01729	0.01729
CCG	CCA	GA	-0.19584	0.04389	0.03973	0.19584	0.03608	0.03973	0.03973	0.03973
CAT	TAT	CT	0.62041	0.03413	0.04580	-0.62041	0.06346	0.04580	0.02290	0.02290
CAT	CTT	AT	1.63788	0.01917	0.03898	-1.63788	0.09863	0.03898	0.01949	0.01949
CAT	CCT	AC	2.07437	0.02429	0.05762	-2.07437	0.19332	0.05762	0.02881	0.02881
CAC	TAC	CT	-3.93794	0.04720	0.00369	3.93794	0.00092	0.00369	0.00185	0.00185
CAC	CTC	AT	0.78601	0.02652	0.03829	-0.78601	0.05819	0.03829	0.01914	0.01914
CAC	CCC	AC	1.36237	0.03359	0.06151	-1.36237	0.13118	0.06151	0.03076	0.03076
CAC	CAT	CT	-0.08779	0.04720	0.04515	0.08779	0.04323	0.04515	0.04515	0.04515
CAA	CTA	AT	0.96987	0.03141	0.04907	-0.96987	0.08285	0.04907	0.02453	0.02453
CAA	CCA	AC	1.02999	0.03979	0.06374	-1.02999	0.11146	0.06374	0.03187	0.03187
CAA	CAT	AT	0.38920	0.03141	0.03792	-0.38920	0.04636	0.03792	0.01896	0.01896
CAA	CAC	AC	0.47699	0.03979	0.05003	-0.47699	0.06411	0.05003	0.02502	0.02502
CAG	CTG	AT	1.11970	0.04732	0.07866	-1.11970	0.14499	0.07866	0.03933	0.03933
CAG	CCG	AC	-0.88831	0.05994	0.03721	0.88831	0.02466	0.03721	0.01861	0.01861
CAG	CAT	GT	-1.72494	0.04732	0.01770	1.72494	0.00843	0.01770	0.00885	0.00885
CAG	CAC	GC	-1.63715	0.05994	0.02370	1.63715	0.01166	0.02370	0.01185	0.01185
CAG	CAA	GA	-2.11414	0.20364	0.05912	2.11414	0.02459	0.05912	0.05912	0.05912
CGT	TGT	CT	-8.97854	0.04066	0.00005	8.97854	0.00000	0.00000	0.00002	0.00000
CGT	CTT	GT	-0.24168	0.02285	0.02020	0.24168	0.01794	0.02020	0.01010	0.01010
CGT	CCT	GC	0.19481	0.02894	0.03185	-0.19481	0.03516	0.03185	0.01592	0.01592
CGT	CAT	GA	-1.87956	0.09831	0.03329	1.87956	0.01501	0.03329	0.01664	0.01664
CGC	TGC	CT	8.13414	0.00000	0.00000	-8.13414	0.01380	0.00003	0.00000	0.00002
CGC	CTC	GT	8.44568	0.00000	0.00000	-8.44568	0.01058	0.00002	0.00000	0.00001
CGC	CCC	GC	9.02204	0.00000	0.00000	-9.02204	0.02386	0.00003	0.00000	0.00001
CGC	CAC	GA	7.65968	0.00000	0.00000	-7.65968	0.02076	0.00007	0.00000	0.00004
CGC	CGT	CT	9.45145	0.00000	0.00000	-9.45145	0.05151	0.00004	0.00000	0.00004
CGA	CTA	GT	1.99988	0.00204	0.00472	-1.99988	0.01507	0.00472	0.00236	0.00236
CGA	CCA	GC	2.06000	0.00258	0.00610	-2.06000	0.02027	0.00610	0.00305	0.00305
CGA	CAA	GA	1.03001	0.00878	0.01406	-1.03001	0.02459	0.01406	0.00703	0.00703
CGA	CGT	AT	3.29877	0.00204	0.00699	-3.29877	0.05523	0.00699	0.00699	0.00699
CGA	CGC	AC	-6.15268	0.00258	0.00003	6.15268	0.00000	0.00000	0.00003	0.00000
CGG	TGG	CT	-1.52141	0.02106	0.00895	1.52141	0.00460	0.00895	0.00448	0.00448
CGG	CTG	GT	0.80164	0.01183	0.01720	-0.80164	0.02637	0.01720	0.00860	0.00860
CGG	CCG	GC	-1.20637	0.01499	0.00772	1.20637	0.00449	0.00772	0.00386	0.00386
CGG	CAG	GA	-0.31806	0.05091	0.04324	0.31806	0.03704	0.04324	0.02162	0.02162
CGG	CGT	GT	-0.16344	0.01183	0.01089	0.16344	0.01005	0.01089	0.01089	0.01089
CGG	CGC	GC	-9.61489	0.01499	0.00001	9.61489	0.00000	0.00000	0.00001	0.00000
CGG	CGA	GA	-3.46221	0.05091	0.00571	3.46221	0.00160	0.00571	0.00571	0.00571
ATT	TTT	AT	1.81239	0.04283	0.09278	-1.81239	0.26237	0.09278	0.04639	0.04639
ATT	CTT	AC	0.59761	0.05426	0.07208	-0.59761	0.09863	0.07208	0.03604	0.03604
ATC	TTC	AT	1.29808	0.02774	0.04954	-1.29808	0.10159	0.04954	0.02477	0.02477
ATC	CTC	AC	0.50443	0.03514	0.04475	-0.50443	0.05819	0.04475	0.02237	0.02237
ATC	ATT	CT	0.67090	0.04937	0.06777	-0.67090	0.09658	0.06777	0.06777	0.06777
ATA	TTA	AT	2.34919	0.00490	0.01271	-2.34919	0.05129	0.01271	0.00636	0.00636
ATA	CTA	AC	2.59231	0.00620	0.01738	-2.59231	0.08285	0.01738	0.00869	0.00869
ATA	ATT	AT	3.05191	0.00490	0.01568	-3.05191	0.10357	0.01568	0.01568	0.01568
ATA	ATC	AC	2.38100	0.00620	0.01627	-2.38100	0.06707	0.01627	0.01627	0.01627
ATG	TTG	AT	-1.76214	0.06894	0.02518	1.76214	0.01184	0.02518	0.01259	0.01259
ATG	CTG	AC	0.50694	0.08733	0.11133	-0.50694	0.14499	0.11133	0.05567	0.05567
ATG	ATT	GT	-1.29744	0.06894	0.03363	1.29744	0.01884	0.03363	0.01681	0.01681
ATG	ATC	GC	-1.96834	0.08733	0.02791	1.96834	0.01220	0.02791	0.01396	0.01396
ATG	ATA	GA	-4.34935	0.29668	0.01688	4.34935	0.00383	0.01688	0.00844	0.00844
ACT	TCT	AT	5.51759	0.00041	0.00226	-5.51759	0.10159	0.00226	0.00113	0.00113
ACT	CCT	AC	5.92452	0.00052	0.00307	-5.92452	0.19332	0.00307	0.00153	0.00153
ACT	ATT	CT	4.89041	0.00073	0.00358	-4.89041	0.09658	0.00358	0.00179	0.00179
ACC	TCC	AT	0.93550	0.04528	0.06972	-0.93550	0.11540	0.06972	0.03486	0.03486
ACC	CCC	AC	0.82722	0.05736	0.08432	-0.82722	0.13118	0.08432	0.04216	0.04216
ACC	ATC	CT	-0.25357	0.08060	0.07081	0.25357	0.06254	0.07081	0.03540	0.03540
ACC	ACT	CT	-4.47308	0.08060	0.00416	4.47308	0.00092	0.00416	0.00416	0.00416
ACA	TCA	AT	-0.79112	0.03916	0.02569	0.79112	0.01775	0.02569	0.01285	0.01285
ACA	CCA	AC	0.80944	0.04961	0.07237	-0.80944	0.11146	0.07237	0.03618	0.03618
ACA	ATA	CT	-1.84299	0.06970	0.02417	1.84299	0.01104	0.02417	0.01208	0.01208
ACA	ACT	AT	-3.68149	0.03916	0.00372	3.68149	0.00099	0.00372	0.00372	0.00372
ACA	ACC	AC	0.79159	0.04961	0.07181	-0.79159	0.10948	0.07181	0.07181	0.07181
ACG	TCG	AT	-5.69308	0.00163	0.00003	5.69308	0.00000	0.00000	0.00002	0.00000
ACG	CCG	AC	2.47899	0.00207	0.00559	-2.47899	0.02466	0.00559	0.00280	0.00280
ACG	ATG	CT	3.98006	0.00290	0.01178	-3.98006	0.15544	0.01178	0.00589	0.00589
ACG	ACT	GT	-2.20779	0.00163	0.00045	2.20779	0.00018	0.00045	0.00045	0.00045
ACG	ACC	GC	2.26529	0.00207	0.00522	-2.26529	0.01991	0.00522	0.00522	0.00522
ACG	ACA	GA	1.47370	0.00702	0.01342	-1.47370	0.03065	0.01342	0.01342	0.01342
AAT	TAT	AT	-0.10878	0.07588	0.07183	0.10878	0.06806	0.07183	0.03591	0.03591
AAT	CAT	AC	-0.72920	0.09612	0.06530	0.72920	0.04636	0.06530	0.03265	0.03265
AAT	ATT	AT	0.31107	0.07588	0.08829	-0.31107	0.10357	0.08829	0.04415	0.04415
AAT	ACT	AC	-4.57934	0.09612	0.00456	4.57934	0.00099	0.00456	0.00228	0.00228
AAC	TAC	AT	-4.27044	0.07058	0.00427	4.27044	0.00099	0.00427	0.00214	0.00214
AAC	CAC	AC	-0.33250	0.08940	0.07536	0.33250	0.06411	0.07536	0.03768	0.03768
AAC	ATC	AT	-0.05093	0.07058	0.06879	0.05093	0.06707	0.06879	0.03440	0.03440
AAC	ACC	AC	0.20264	0.08940	0.09876	-0.20264	0.10948	0.09876	0.04938	0.04938
AAC	AAT	CT	0.30891	0.12561	0.14601	-0.30891	0.17108	0.14601	0.14601	0.14601
AAA	CAA	AC	0.10741	0.06821	0.07194	-0.10741	0.07595	0.07194	0.03597	0.03597
AAA	ATA	AT	-1.51504	0.05385	0.02298	1.51504	0.01184	0.02298	0.01149	0.01149
AAA	ACA	AC	0.32795	0.06821	0.08001	-0.32795	0.09469	0.08001	0.04000	0.04000
AAA	AAT	AT	1.22580	0.05385	0.09343	-1.22580	0.18346	0.09343	0.04672	0.04672
AAA	AAC	AC	0.91689	0.06821	0.10420	-0.91689	0.17064	0.10420	0.05210	0.05210
AAG	CAG	AC	-0.36833	0.16537	0.13678	0.36833	0.11441	0.13678	0.06839	0.06839
AAG	ATG	AT	0.24443	0.13054	0.14715	-0.24443	0.16669	0.14715	0.07357	0.07357
AAG	ACG	AC	-3.73562	0.16537	0.01510	3.73562	0.00395	0.01510	0.00755	0.00755
AAG	AAT	GT	-1.36407	0.13054	0.06115	1.36407	0.03337	0.06115	0.03057	0.03057
AAG	AAC	GC	-1.67298	0.16537	0.06392	1.67298	0.03104	0.06392	0.03196	0.03196
AAG	AAA	GA	-2.58987	0.56177	0.11802	2.58987	0.04215	0.11802	0.11802	0.11802
AGT	TGT	AT	0.88286	0.00000	0.00000	-0.88286	0.00000	0.00000	0.00000	0.00000
AGT	CGT	AC	9.86140	0.00000	0.00000	-9.86140	0.05523	0.00003	0.00000	0.00001
AGT	ATT	GT	9.02211	0.00000	0.00000	-9.02211	0.01884	0.00002	0.00000	0.00001
AGT	ACT	GC	4.13169	0.00000	0.00000	-4.13169	0.00018	0.00001	0.00000	0.00001
AGT	AAT	GA	8.71104	0.00000	0.00000	-8.71104	0.05939	0.00009	0.00000	0.00004
AGC	TGC	AT	-0.46954	0.02366	0.01854	0.46954	0.01480	0.01854	0.00927	0.00927
AGC	CGC	AC	-8.60368	0.02997	0.00005	8.60368	0.00000	0.00000	0.00002	0.00000
AGC	ATC	GT	-0.66243	0.02366	0.01668	0.66243	0.01220	0.01668	0.00834	0.00834
AGC	ACC	GC	-0.40886	0.02997	0.02426	0.40886	0.01991	0.02426	0.01213	0.01213
AGC	AAC	GA	-0.61150	0.10182	0.07384	0.61150	0.05524	0.07384	0.03692	0.03692
AGC	AGT	CT	-9.01363	0.04211	0.00005	9.01363	0.00000	0.00000	0.00005	0.00000
AGA	CGA	AC	-1.32768	0.01860	0.00891	1.32768	0.00493	0.00891	0.00891	0.00891
AGA	ATA	GT	-1.92011	0.01469	0.00484	1.92011	0.00215	0.00484	0.00242	0.00242
AGA	ACA	GC	-0.07712	0.01860	0.01790	0.07712	0.01722	0.01790	0.00895	0.00895
AGA	AAA	GA	-0.40507	0.06320	0.05126	0.40507	0.04215	0.05126	0.02563	0.02563
AGA	AGT	AT	-7.89031	0.01469	0.00004	7.89031	0.00000	0.00000	0.00002	0.00000
AGA	AGC	AC	1.12333	0.01860	0.03097	-1.12333	0.05721	0.03097	0.01548	0.01548
AGG	TGG	AT	-1.79817	0.02978	0.01063	1.79817	0.00493	0.01063	0.00531	0.00531
AGG	CGG	AC	-0.27676	0.03772	0.03274	0.27676	0.02860	0.03274	0.03274	0.03274
AGG	ATG	GT	0.01794	0.02978	0.03005	-0.01794	0.03032	0.03005	0.01502	0.01502
AGG	ACG	GC	-3.96211	0.03772	0.00290	3.96211	0.00072	0.00290	0.00145	0.00145
AGG	AAG	GA	-0.22649	0.12815	0.11419	0.22649	0.10218	0.11419	0.05709	0.05709
AGG	AGT	GT	-10.30160	0.02978	0.00001	10.30160	0.00000	0.00000	0.00001	0.00000
AGG	AGC	GC	-1.28797	0.03772	0.01851	1.28797	0.01041	0.01851	0.00925	0.00925
AGG	AGA	GA	-2.41129	0.12815	0.03045	2.41129	0.01150	0.03045	0.03045	0.03045
GTT	TTT	GT	0.01707	0.04691	0.04732	-0.01707	0.04772	0.04732	0.02366	0.02366
GTT	CTT	GC	-1.19771	0.05943	0.03078	1.19771	0.01794	0.03078	0.01539	0.01539
GTT	ATT	GA	-1.79533	0.20189	0.07218	1.79533	0.03353	0.07218	0.03609	0.03609
GTC	TTC	GT	-0.64112	0.03508	0.02503	0.64112	0.01848	0.02503	0.01252	0.01252
GTC	CTC	GC	-1.43476	0.04444	0.01993	1.43476	0.01058	0.01993	0.00997	0.00997
GTC	ATC	GA	-1.93919	0.15098	0.04918	1.93919	0.02171	0.04918	0.02459	0.02459
GTC	GTT	CT	0.52704	0.06244	0.08034	-0.52704	0.10577	0.08034	0.08034	0.08034
GTA	TTA	GT	-0.00575	0.00938	0.00936	0.00575	0.00933	0.00936	0.00468	0.00468
GTA	CTA	GC	0.23737	0.01189	0.01335	-0.23737	0.01507	0.01335	0.00668	0.00668
GTA	ATA	GA	-2.35494	0.04038	0.00997	2.35494	0.00383	0.00997	0.00498	0.00498
GTA	GTT	AT	2.49229	0.00938	0.02549	-2.49229	0.11343	0.02549	0.02549	0.02549
GTA	GTC	AC	1.96526	0.01189	0.02716	-1.96526	0.08482	0.02716	0.02716	0.02716
GTG	TTG	GT	-2.55610	0.02774	0.00597	2.55610	0.00215	0.00597	0.00298	0.00298
GTG	CTG	GC	-0.28702	0.03514	0.03034	0.28702	0.02637	0.03034	0.01517	0.01517
GTG	ATG	GA	-0.79396	0.11938	0.07819	0.79396	0.05396	0.07819	0.03910	0.03910
GTG	GTT	GT	-0.29607	0.02774	0.02384	0.29607	0.02063	0.02384	0.02384	0.02384
GTG	GTC	GC	-0.82311	0.03514	0.02264	0.82311	0.01543	0.02264	0.02264	0.02264
GTG	GTA	GA	-2.78837	0.11938	0.02182	2.78837	0.00734	0.02182	0.02182	0.02182
GCT	TCT	GT	-1.39078	0.07425	0.03422	1.39078	0.01848	0.03422	0.01711	0.01711
GCT	CCT	GC	-0.98384	0.09405	0.05525	0.98384	0.03516	0.05525	0.02763	0.02763
GCT	ACT	GA	-6.90836	0.31951	0.00221	6.90836	0.00032	0.00221	0.00110	0.00110
GCT	GTT	CT	-0.22262	0.13215	0.11798	0.22262	0.10577	0.11798	0.05899	0.05899
GCC	TCC	GT	-1.49305	0.09342	0.04042	1.49305	0.02099	0.04042	0.02021	0.02021
GCC	CCC	GC	-1.60132	0.11834	0.04786	1.60132	0.02386	0.04786	0.02393	0.02393
GCC	ACC	GA	-2.42855	0.40202	0.09440	2.42855	0.03544	0.09440	0.04720	0.04720
GCC	GTC	CT	-0.74292	0.16627	0.11209	0.74292	0.07910	0.11209	0.05604	0.05604
GCC	GCT	CT	0.00674	0.16627	0.16683	-0.00674	0.16740	0.16683	0.16683	0.16683
GCA	TCA	GT	-3.32929	0.09016	0.01115	3.32929	0.00323	0.01115	0.00558	0.00558
GCA	CCA	GC	-1.72872	0.11421	0.04261	1.72872	0.02027	0.04261	0.02130	0.02130
GCA	ACA	GA	-2.53817	0.38797	0.08448	2.53817	0.03065	0.08448	0.04224	0.04224
GCA	GTA	CT	-2.02622	0.16047	0.04937	2.02622	0.02115	0.04937	0.02469	0.02469
GCA	GCT	AT	0.68870	0.09016	0.12474	-0.68870	0.17951	0.12474	0.12474	0.12474
GCA	GCC	AC	0.68196	0.11421	0.15754	-0.68196	0.22587	0.15754	0.15754	0.15754
GCG	TCG	GT	-9.77234	0.01754	0.00001	9.77234	0.00000	0.00000	0.00000	0.00000
GCG	CCG	GC	-1.60027	0.02222	0.00899	1.60027	0.00449	0.00899	0.00450	0.00450
GCG	ACG	GA	-4.07926	0.07549	0.00530	4.07926	0.00128	0.00530	0.00265	0.00265
GCG	GTG	CT	0.69476	0.03122	0.04331	-0.69476	0.06254	0.04331	0.02166	0.02166
GCG	GCT	GT	0.62131	0.01754	0.02355	-0.62131	0.03265	0.02355	0.02355	0.02355
GCG	GCC	GC	0.61457	0.02222	0.02974	-0.61457	0.04108	0.02974	0.02974	0.02974
GCG	GCA	GA	-0.06739	0.07549	0.07297	0.06739	0.07057	0.07297	0.07297	0.07297
GAT	TAT	GT	-1.00623	0.03386	0.01963	1.00623	0.01238	0.01963	0.00982	0.00982
GAT	CAT	GC	-1.62664	0.04289	0.01707	1.62664	0.00843	0.01707	0.00854	0.00854
GAT	AAT	GA	-0.89745	0.14571	0.08998	0.89745	0.05939	0.08998	0.04499	0.04499
GAT	GTT	AT	1.20895	0.03386	0.05835	-1.20895	0.11343	0.05835	0.02918	0.02918
GAT	GCT	AC	1.43157	0.04289	0.08068	-1.43157	0.17951	0.08068	0.04034	0.04034
GAC	TAC	GT	-6.12977	0.08241	0.00110	6.12977	0.00018	0.00110	0.00055	0.00055
GAC	CAC	GC	-2.19183	0.10439	0.02877	2.19183	0.01166	0.02877	0.01439	0.01439
GAC	AAC	GA	-1.85933	0.35462	0.12166	1.85933	0.05524	0.12166	0.06083	0.06083
GAC	GTC	AT	0.02894	0.08241	0.08360	-0.02894	0.08482	0.08360	0.04180	0.04180
GAC	GCC	AC	0.77186	0.10439	0.14980	-0.77186	0.22587	0.14980	0.07490	0.07490
GAC	GAT	CT	-0.65297	0.14667	0.10396	0.65297	0.07634	0.10396	0.10396	0.10396
GAA	CAA	GC	-2.38403	0.14986	0.03628	2.38403	0.01381	0.03628	0.01814	0.01814
GAA	AAA	GA	-2.49143	0.50910	0.11449	2.49143	0.04215	0.11449	0.05725	0.05725
GAA	GTA	AT	-1.65153	0.11830	0.04635	1.65153	0.02269	0.04635	0.02318	0.02318
GAA	GCA	AC	0.37469	0.14986	0.17969	-0.37469	0.21798	0.17969	0.08984	0.08984
GAA	GAT	AT	-0.36818	0.11830	0.09786	0.36818	0.08187	0.09786	0.04893	0.04893
GAA	GAC	AC	0.28479	0.14986	0.17221	-0.28479	0.19924	0.17221	0.08611	0.08611
GAG	CAG	GC	-1.37326	0.08217	0.03827	1.37326	0.02081	0.03827	0.01914	0.01914
GAG	AAG	GA	-1.00494	0.27913	0.16198	1.00494	0.10218	0.16198	0.08099	0.08099
GAG	GTG	AT	0.03346	0.06486	0.06595	-0.03346	0.06707	0.06595	0.03298	0.03298
GAG	GCG	AC	-0.66130	0.08217	0.05797	0.66130	0.04241	0.05797	0.02899	0.02899
GAG	GAT	GT	-1.47156	0.06486	0.02844	1.47156	0.01489	0.02844	0.01422	0.01422
GAG	GAC	GC	-0.81859	0.08217	0.05307	0.81859	0.03624	0.05307	0.02654	0.02654
GAG	GAA	GA	-1.10338	0.27913	0.15290	1.10338	0.09260	0.15290	0.15290	0.15290
GGT	TGT	GT	-10.88634	0.05344	0.00001	10.88634	0.00000	0.00000	0.00001	0.00000
GGT	CGT	GC	-1.90780	0.06770	0.02251	1.90780	0.01005	0.02251	0.01125	0.01125
GGT	AGT	GA	-11.76919	0.22997	0.00002	11.76919	0.00000	0.00000	0.00001	0.00000
GGT	GTT	GT	-0.95176	0.05344	0.03198	0.95176	0.02063	0.03198	0.01599	0.01599
GGT	GCT	GC	-0.72914	0.06770	0.04599	0.72914	0.03265	0.04599	0.02299	0.02299
GGT	GAT	GA	-2.16071	0.22997	0.06472	2.16071	0.02650	0.06472	0.03236	0.03236
GGC	TGC	GT	-3.15040	0.06282	0.00886	3.15040	0.00269	0.00886	0.00443	0.00443
GGC	CGC	GC	-11.28454	0.07958	0.00001	11.28454	0.00000	0.00000	0.00001	0.00000
GGC	AGC	GA	-2.68086	0.27035	0.05330	2.68086	0.01852	0.05330	0.02665	0.02665
GGC	GTC	GT	-1.40410	0.06282	0.02872	1.40410	0.01543	0.02872	0.01436	0.01436
GGC	GCC	GC	-0.66118	0.07958	0.05615	0.66118	0.04108	0.05615	0.02808	0.02808
GGC	GAC	GA	-1.43304	0.27035	0.12140	1.43304	0.06450	0.12140	0.06070	0.06070
GGC	GGT	CT	0.07470	0.11182	0.11605	-0.07470	0.12049	0.11605	0.11605	0.11605
GGA	CGA	GC	-2.78072	0.01447	0.00266	2.78072	0.00090	0.00266	0.00133	0.00133
GGA	AGA	GA	-1.45304	0.04915	0.02180	1.45304	0.01150	0.02180	0.01090	0.01090
GGA	GTA	GT	-1.01821	0.01142	0.00658	1.01821	0.00413	0.00658	0.00329	0.00329
GGA	GCA	GC	1.00801	0.01447	0.02297	-1.00801	0.03965	0.02297	0.01148	0.01148
GGA	GAA	GA	0.63332	0.04915	0.06635	-0.63332	0.09260	0.06635	0.03318	0.03318
GGA	GGT	AT	2.42585	0.01142	0.03040	-2.42585	0.12921	0.03040	0.03040	0.03040
GGA	GGC	AC	2.35115	0.01447	0.03760	-2.35115	0.15190	0.03760	0.03760	0.03760
GGG	TGG	GT	-0.31067	0.00122	0.00104	0.31067	0.00090	0.00104	0.00052	0.00052
GGG	CGG	GC	1.21073	0.00155	0.00267	-1.21073	0.00520	0.00267	0.00134	0.00134
GGG	AGG	GA	1.48749	0.00527	0.01012	-1.48749	0.02331	0.01012	0.00506	0.00506
GGG	GTG	GT	2.29940	0.00122	0.00313	-2.29940	0.01220	0.00313	0.00156	0.00156
GGG	GCG	GC	1.60464	0.00155	0.00311	-1.60464	0.00771	0.00311	0.00156	0.00156
GGG	GAG	GA	2.26594	0.00527	0.01331	-2.26594	0.05077	0.01331	0.00666	0.00666
GGG	GGT	GT	2.95509	0.00122	0.00382	-2.95509	0.02350	0.00382	0.00382	0.00382
GGG	GGC	GC	2.88039	0.00155	0.00473	-2.88039	0.02763	0.00473	0.00473	0.00473
GGG	GGA	GA	0.52924	0.00527	0.00678	-0.52924	0.00894	0.00678	0.00678	0.00678


Histograms
2Ns	FMut	FSub(CodonUsage)	FSubw(after w)

-11.20876	0.01148	0.00000	0.00000
-10.08788	0.00523	0.00000	0.00000
-8.96700	0.01059	0.00002	0.00002
-7.84613	0.00367	0.00002	0.00001
-6.72525	0.01029	0.00010	0.00008
-5.60438	0.01894	0.00053	0.00042
-4.48350	0.03310	0.00281	0.00249
-3.36263	0.01956	0.00344	0.00418
-2.24175	0.22972	0.08781	0.08866
-1.12088	0.28513	0.23328	0.23409
0.00000	0.24261	0.34401	0.34013
1.12088	0.10367	0.23328	0.23409
2.24175	0.02478	0.08781	0.08866
3.36263	0.00070	0.00344	0.00418
4.48350	0.00045	0.00281	0.00249
5.60438	0.00006	0.00052	0.00041
6.72525	0.00001	0.00010	0.00008
7.84613	0.00000	0.00000	0.00000
8.96700	0.00000	0.00000	0.00000
10.08788	0.00000	0.00000	0.00000
11.20876	0.00000	0.00000	0.00000

Proportion of advantageous (S > 0) mutations:
 0.23615

Proportions of good & bad mutations (|S| > 2.0000) among mutations:
0.01735  0.28742

mean |Ns| = 1.73905	mean Ns+ = 0.77823	mean Ns- = -2.03609

