

TREE # 1

  0  0.0000   1656.937138  x:  0.00954   0.00732   0.00186   0.00191   0.00000   0.01360   0.00093   0.00624   0.01524   0.00889   0.01141   0.00630   0.00008   0.00477   0.00356   0.01829   0.01240   0.00402   0.00359   0.02700   0.03603   0.01909   0.00601   0.03852   0.02002   0.01106   0.01618   0.01734   0.01875   0.01829   0.03955   0.01601   0.01901   0.00896   0.00029   0.00602   0.05761   0.02251   0.02626   0.02061   0.01772   0.00694   0.01178   0.00727   0.01003   0.00126   0.00624   0.02839   0.00581   0.01135   0.00609   0.00754   0.01381   1.27341   1.00842   1.12694   1.18216   0.77207   0.25000   0.79131  
  1 99.0000   1656.934241  x:  0.00954   0.00732   0.00186   0.00191   0.00000   0.01360   0.00093   0.00624   0.01524   0.00889   0.01141   0.00630   0.00008   0.00477   0.00356   0.01829   0.01240   0.00402   0.00359   0.02700   0.03603   0.01909   0.00601   0.03852   0.02002   0.01106   0.01618   0.01734   0.01875   0.01829   0.03955   0.01601   0.01901   0.00896   0.00028   0.00602   0.05761   0.02251   0.02626   0.02061   0.01772   0.00694   0.01178   0.00726   0.01003   0.00126   0.00624   0.02839   0.00580   0.01135   0.00609   0.00754   0.01381   1.27341   1.00842   1.12694   1.18216   0.77207   0.25000   0.79131  
  2 886.4097   1656.689895  x:  0.00954   0.00724   0.00179   0.00185   0.00000   0.01358   0.00086   0.00618   0.01523   0.00889   0.01138   0.00622   0.00000   0.00470   0.00349   0.01830   0.01240   0.00401   0.00356   0.02699   0.03601   0.01910   0.00598   0.03853   0.02003   0.01105   0.01616   0.01735   0.01874   0.01826   0.03956   0.01596   0.01900   0.00894   0.00022   0.00595   0.05762   0.02250   0.02626   0.02061   0.01771   0.00694   0.01179   0.00720   0.01001   0.00119   0.00624   0.02839   0.00573   0.01132   0.00602   0.00753   0.01381   1.27341   1.00842   1.12695   1.18216   0.77207   0.24999   0.79132  
  3 22103.8126   1655.916526  x:  0.00954   0.00698   0.00152   0.00163   0.00000   0.01355   0.00059   0.00597   0.01522   0.00891   0.01131   0.00595   0.00000   0.00443   0.00322   0.01831   0.01240   0.00397   0.00356   0.02696   0.03596   0.01911   0.00591   0.03856   0.02004   0.01101   0.01613   0.01736   0.01872   0.01819   0.03957   0.01581   0.01899   0.00891   0.00000   0.00570   0.05762   0.02246   0.02625   0.02063   0.01769   0.00693   0.01180   0.00697   0.00996   0.00096   0.00625   0.02838   0.00546   0.01123   0.00580   0.00752   0.01379   1.27342   1.00843   1.12695   1.18217   0.77207   0.24995   0.79133  
  4 44580.4957   1654.265375  x:  0.00955   0.00639   0.00093   0.00116   0.00000   0.01345   0.00000   0.00552   0.01519   0.00904   0.01112   0.00536   0.00000   0.00384   0.00263   0.01833   0.01237   0.00388   0.00356   0.02688   0.03582   0.01916   0.00569   0.03864   0.02007   0.01090   0.01603   0.01737   0.01867   0.01797   0.03962   0.01543   0.01894   0.00882   0.00000   0.00516   0.05763   0.02237   0.02621   0.02066   0.01764   0.00697   0.01175   0.00647   0.00981   0.00043   0.00632   0.02835   0.00486   0.01098   0.00530   0.00757   0.01375   1.27344   1.00845   1.12697   1.18221   0.77207   0.24987   0.79137  
  5 96826.2921   1652.962909  x:  0.00952   0.00592   0.00046   0.00077   0.00000   0.01346   0.00000   0.00516   0.01520   0.00910   0.01098   0.00486   0.00000   0.00334   0.00215   0.01825   0.01245   0.00373   0.00356   0.02676   0.03559   0.01925   0.00533   0.03884   0.02001   0.01090   0.01597   0.01723   0.01865   0.01759   0.03972   0.01483   0.01893   0.00895   0.00000   0.00473   0.05770   0.02224   0.02612   0.02082   0.01761   0.00699   0.01187   0.00606   0.00978   0.00000   0.00594   0.02833   0.00441   0.01069   0.00489   0.00772   0.01374   1.27348   1.00853   1.12702   1.18232   0.77206   0.24976   0.79155  
  6 3251.3006   1651.753910  x:  0.00951   0.00545   0.00000   0.00038   0.00000   0.01353   0.00000   0.00484   0.01521   0.00906   0.01083   0.00436   0.00000   0.00285   0.00167   0.01818   0.01262   0.00349   0.00356   0.02667   0.03530   0.01936   0.00498   0.03906   0.01995   0.01097   0.01596   0.01717   0.01865   0.01727   0.03986   0.01406   0.01900   0.00905   0.00000   0.00432   0.05779   0.02208   0.02594   0.02108   0.01760   0.00690   0.01211   0.00564   0.00985   0.00000   0.00619   0.02830   0.00398   0.01057   0.00449   0.00759   0.01374   1.27354   1.00866   1.12710   1.18252   0.77203   0.24960   0.79187  
  7 2711.7298   1650.736794  x:  0.00954   0.00501   0.00000   0.00000   0.00000   0.01349   0.00000   0.00454   0.01518   0.00926   0.01064   0.00387   0.00000   0.00238   0.00121   0.01825   0.01275   0.00325   0.00357   0.02666   0.03509   0.01944   0.00480   0.03914   0.02000   0.01095   0.01595   0.01732   0.01864   0.01724   0.03997   0.01337   0.01910   0.00890   0.00000   0.00393   0.05785   0.02195   0.02576   0.02127   0.01760   0.00689   0.01206   0.00525   0.00984   0.00000   0.00611   0.02829   0.00360   0.01067   0.00410   0.00745   0.01374   1.27362   1.00883   1.12721   1.18276   0.77200   0.24943   0.79226  
  8 2537.4559   1648.365162  x:  0.00941   0.00387   0.00000   0.00000   0.00000   0.01324   0.00000   0.00380   0.01512   0.00937   0.00998   0.00258   0.00000   0.00113   0.00000   0.01835   0.01296   0.00271   0.00358   0.02671   0.03485   0.01947   0.00462   0.03906   0.02008   0.01069   0.01580   0.01732   0.01859   0.01750   0.04018   0.01205   0.01920   0.00864   0.00000   0.00292   0.05791   0.02173   0.02554   0.02137   0.01754   0.00695   0.01249   0.00421   0.00956   0.00000   0.00617   0.02827   0.00261   0.01068   0.00308   0.00782   0.01367   1.27382   1.00930   1.12750   1.18343   0.77190   0.24895   0.79333  
  9 3698.3000   1646.533914  x:  0.00951   0.00284   0.00000   0.00000   0.00000   0.01314   0.00000   0.00314   0.01511   0.00963   0.00952   0.00142   0.00000   0.00000   0.00000   0.01832   0.01314   0.00221   0.00359   0.02668   0.03480   0.01946   0.00455   0.03896   0.02008   0.01055   0.01570   0.01722   0.01852   0.01753   0.04028   0.01130   0.01917   0.00869   0.00000   0.00202   0.05791   0.02167   0.02560   0.02125   0.01747   0.00687   0.01264   0.00327   0.00937   0.00000   0.00616   0.02826   0.00173   0.01036   0.00217   0.00767   0.01361   1.27399   1.00970   1.12776   1.18401   0.77182   0.24851   0.79426  
 10 5613.4667   1644.661107  x:  0.00932   0.00158   0.00000   0.00000   0.00000   0.01308   0.00000   0.00234   0.01507   0.00988   0.00908   0.00000   0.00000   0.00000   0.00000   0.01835   0.01349   0.00167   0.00361   0.02657   0.03477   0.01947   0.00450   0.03899   0.02012   0.01051   0.01565   0.01736   0.01845   0.01726   0.04038   0.01074   0.01914   0.00854   0.00000   0.00092   0.05789   0.02167   0.02571   0.02116   0.01743   0.00695   0.01280   0.00214   0.00928   0.00000   0.00617   0.02823   0.00067   0.01002   0.00106   0.00764   0.01358   1.27420   1.01016   1.12805   1.18468   0.77173   0.24797   0.79534  
 11 11005.4608   1643.718131  x:  0.00948   0.00080   0.00000   0.00000   0.00000   0.01300   0.00000   0.00185   0.01505   0.00996   0.00886   0.00000   0.00000   0.00000   0.00000   0.01840   0.01363   0.00131   0.00362   0.02649   0.03471   0.01950   0.00442   0.03909   0.02016   0.01045   0.01559   0.01741   0.01842   0.01703   0.04042   0.01054   0.01913   0.00842   0.00000   0.00024   0.05789   0.02167   0.02574   0.02116   0.01740   0.00692   0.01291   0.00144   0.00922   0.00000   0.00618   0.02821   0.00000   0.00994   0.00038   0.00771   0.01356   1.27431   1.01042   1.12822   1.18506   0.77168   0.24762   0.79596  
 12 10880.2422   1643.454298  x:  0.00946   0.00054   0.00000   0.00000   0.00000   0.01297   0.00000   0.00168   0.01504   0.01002   0.00877   0.00000   0.00000   0.00000   0.00000   0.01842   0.01367   0.00124   0.00362   0.02648   0.03468   0.01951   0.00435   0.03913   0.02017   0.01040   0.01555   0.01738   0.01842   0.01698   0.04043   0.01053   0.01912   0.00841   0.00000   0.00000   0.05790   0.02164   0.02571   0.02118   0.01739   0.00690   0.01294   0.00121   0.00917   0.00000   0.00618   0.02821   0.00000   0.00995   0.00015   0.00769   0.01355   1.27435   1.01049   1.12826   1.18517   0.77166   0.24750   0.79614  
 13 5406.3219   1643.325396  x:  0.00945   0.00037   0.00000   0.00000   0.00000   0.01296   0.00000   0.00158   0.01504   0.01002   0.00875   0.00000   0.00000   0.00000   0.00000   0.01841   0.01368   0.00117   0.00362   0.02649   0.03464   0.01953   0.00431   0.03915   0.02018   0.01039   0.01554   0.01739   0.01842   0.01699   0.04043   0.01053   0.01911   0.00841   0.00000   0.00000   0.05791   0.02161   0.02569   0.02120   0.01739   0.00692   0.01294   0.00106   0.00915   0.00000   0.00618   0.02821   0.00000   0.00992   0.00000   0.00768   0.01354   1.27436   1.01052   1.12828   1.18522   0.77166   0.24741   0.79623  
 14 4068.7362   1643.098037  x:  0.00948   0.00000   0.00000   0.00000   0.00000   0.01296   0.00000   0.00134   0.01503   0.01006   0.00868   0.00000   0.00000   0.00000   0.00000   0.01840   0.01376   0.00113   0.00362   0.02649   0.03458   0.01956   0.00422   0.03915   0.02017   0.01039   0.01554   0.01742   0.01840   0.01703   0.04043   0.01050   0.01908   0.00840   0.00000   0.00000   0.05792   0.02155   0.02563   0.02125   0.01738   0.00692   0.01298   0.00074   0.00914   0.00000   0.00619   0.02821   0.00000   0.00983   0.00000   0.00770   0.01353   1.27439   1.01057   1.12832   1.18530   0.77165   0.24722   0.79640  
 15 3830.1897   1642.789038  x:  0.00943   0.00000   0.00000   0.00000   0.00000   0.01294   0.00000   0.00078   0.01503   0.01015   0.00864   0.00000   0.00000   0.00000   0.00000   0.01844   0.01377   0.00099   0.00362   0.02645   0.03454   0.01959   0.00418   0.03908   0.02018   0.01039   0.01554   0.01739   0.01837   0.01702   0.04046   0.01032   0.01908   0.00833   0.00000   0.00000   0.05793   0.02152   0.02562   0.02129   0.01737   0.00679   0.01300   0.00000   0.00915   0.00000   0.00619   0.02821   0.00000   0.00972   0.00000   0.00773   0.01354   1.27441   1.01063   1.12835   1.18538   0.77164   0.24681   0.79664  
 16 1250.3439   1642.565900  x:  0.00944   0.00000   0.00000   0.00000   0.00000   0.01290   0.00000   0.00000   0.01502   0.01020   0.00853   0.00000   0.00000   0.00000   0.00000   0.01847   0.01383   0.00087   0.00362   0.02640   0.03451   0.01958   0.00419   0.03903   0.02020   0.01036   0.01552   0.01736   0.01836   0.01694   0.04050   0.01005   0.01910   0.00832   0.00000   0.00000   0.05792   0.02152   0.02566   0.02130   0.01737   0.00685   0.01303   0.00000   0.00912   0.00000   0.00620   0.02820   0.00000   0.00969   0.00000   0.00772   0.01353   1.27444   1.01068   1.12838   1.18546   0.77164   0.24628   0.79690  
 17 1841.1386   1642.114630  x:  0.00938   0.00000   0.00000   0.00000   0.00000   0.01291   0.00000   0.00000   0.01503   0.01042   0.00791   0.00000   0.00000   0.00000   0.00000   0.01788   0.01447   0.00000   0.00361   0.02661   0.03453   0.01935   0.00418   0.03962   0.02026   0.01012   0.01533   0.01806   0.01838   0.01667   0.04081   0.00859   0.01920   0.00870   0.00000   0.00000   0.05785   0.02149   0.02582   0.02058   0.01709   0.00649   0.01299   0.00000   0.00854   0.00000   0.00622   0.02818   0.00000   0.00979   0.00000   0.00798   0.01333   1.27461   1.01093   1.12856   1.18590   0.77168   0.24323   0.79826  
 18 429.5365   1641.161999  x:  0.00959   0.00000   0.00000   0.00000   0.00000   0.01282   0.00000   0.00000   0.01499   0.01545   0.00618   0.00000   0.00000   0.00000   0.00000   0.01833   0.01726   0.00000   0.00358   0.03100   0.03574   0.01971   0.00516   0.04962   0.01892   0.00980   0.01334   0.01667   0.01977   0.01890   0.04293   0.00365   0.01915   0.00600   0.00000   0.00000   0.05809   0.02333   0.02594   0.01530   0.01655   0.00822   0.01766   0.00000   0.00930   0.00000   0.00643   0.02871   0.00000   0.00766   0.00000   0.00739   0.01307   1.27600   1.01277   1.12998   1.18911   0.77234   0.22440   0.80578  
 19 175.0110   1640.198064  x:  0.00980   0.00000   0.00000   0.00000   0.00000   0.00961   0.00000   0.00000   0.01419   0.01507   0.00699   0.00000   0.00000   0.00000   0.00000   0.02413   0.01881   0.00000   0.00352   0.03224   0.03760   0.01889   0.00610   0.05802   0.02027   0.00946   0.01299   0.01776   0.01829   0.02285   0.04504   0.00037   0.01934   0.01046   0.00000   0.00000   0.05898   0.02902   0.02797   0.01974   0.01838   0.00778   0.01701   0.00000   0.00795   0.00000   0.00658   0.02915   0.00000   0.00450   0.00000   0.00800   0.01395   1.27977   1.01796   1.13401   1.19778   0.77401   0.19076   0.82042  
 20 103.2308   1639.808692  x:  0.00980   0.00000   0.00000   0.00000   0.00000   0.01001   0.00000   0.00000   0.01429   0.01482   0.00685   0.00000   0.00000   0.00000   0.00000   0.02434   0.01853   0.00000   0.00350   0.03204   0.03786   0.01900   0.00565   0.05885   0.02020   0.00947   0.01309   0.01757   0.01796   0.02328   0.04533   0.00000   0.01919   0.01026   0.00000   0.00000   0.05919   0.02949   0.02843   0.01983   0.01836   0.00773   0.01676   0.00000   0.00788   0.00000   0.00659   0.02921   0.00000   0.00458   0.00000   0.00799   0.01395   1.28063   1.01914   1.13492   1.19975   0.77440   0.18339   0.82362  
 21 380.0704   1634.492161  x:  0.01003   0.00000   0.00000   0.00000   0.00000   0.00530   0.00000   0.00000   0.01493   0.01276   0.00986   0.00000   0.00000   0.00000   0.00000   0.02231   0.01409   0.00000   0.00321   0.02853   0.04062   0.02084   0.00000   0.06863   0.01931   0.00900   0.01435   0.01679   0.01756   0.02729   0.05075   0.00000   0.02230   0.00754   0.00000   0.00000   0.06312   0.03300   0.03177   0.01872   0.01718   0.00796   0.01525   0.00000   0.00906   0.00000   0.00665   0.02981   0.00000   0.00363   0.00000   0.00748   0.01363   1.29787   1.04300   1.15355   1.23993   0.78231   0.03380   0.88877  
 22 2284.8424   1633.499319  x:  0.01009   0.00000   0.00000   0.00000   0.00000   0.00937   0.00000   0.00000   0.01390   0.01361   0.00905   0.00000   0.00000   0.00000   0.00000   0.02334   0.01390   0.00000   0.00318   0.02848   0.03943   0.02131   0.00000   0.06858   0.02026   0.00747   0.01275   0.01773   0.01831   0.02623   0.05133   0.00000   0.02205   0.00817   0.00000   0.00000   0.06359   0.03182   0.03021   0.02018   0.01740   0.00796   0.01625   0.00000   0.00723   0.00000   0.00665   0.02959   0.00000   0.00264   0.00000   0.00751   0.01355   1.30136   1.04781   1.15737   1.24819   0.78392   0.00347   0.90214  
 23 666.4499   1633.092431  x:  0.01003   0.00000   0.00000   0.00000   0.00000   0.00894   0.00000   0.00000   0.01397   0.01356   0.00749   0.00000   0.00000   0.00000   0.00000   0.02335   0.01443   0.00000   0.00318   0.02829   0.03828   0.02157   0.00000   0.06854   0.01976   0.00826   0.01277   0.01769   0.01735   0.02577   0.05132   0.00000   0.02037   0.00833   0.00000   0.00000   0.06356   0.03095   0.02986   0.02076   0.01719   0.00772   0.01616   0.00000   0.00706   0.00000   0.00660   0.02937   0.00000   0.00288   0.00000   0.00755   0.01344   1.30190   1.04846   1.15791   1.24936   0.78409   0.00000   0.90398  
 24 168.9148   1632.735132  x:  0.00990   0.00000   0.00000   0.00000   0.00000   0.00926   0.00000   0.00000   0.01486   0.01211   0.00634   0.00000   0.00000   0.00000   0.00000   0.02207   0.01541   0.00000   0.00321   0.02721   0.03424   0.02073   0.00000   0.07061   0.01873   0.00620   0.01322   0.01646   0.01529   0.02560   0.05131   0.00000   0.01994   0.00689   0.00000   0.00000   0.06329   0.02882   0.02925   0.02205   0.01636   0.00721   0.01471   0.00000   0.00730   0.00000   0.00648   0.02856   0.00000   0.00180   0.00000   0.00733   0.01293   1.30262   1.04905   1.15841   1.25035   0.78379   0.00245   0.90521  
 25 78.6481   1632.497324  x:  0.00997   0.00000   0.00000   0.00000   0.00000   0.00969   0.00000   0.00000   0.01418   0.01245   0.00852   0.00000   0.00000   0.00000   0.00000   0.02140   0.01416   0.00000   0.00327   0.02533   0.02983   0.02115   0.00000   0.07289   0.01899   0.00591   0.01346   0.01653   0.01341   0.02612   0.05118   0.00000   0.01758   0.00677   0.00000   0.00000   0.06306   0.02634   0.03065   0.02211   0.01557   0.00761   0.01556   0.00000   0.00623   0.00000   0.00647   0.02811   0.00000   0.00215   0.00000   0.00701   0.01249   1.30388   1.05019   1.15930   1.25220   0.78341   0.00394   0.90782  
 26 80.4620   1632.385889  x:  0.00994   0.00000   0.00000   0.00000   0.00000   0.00985   0.00000   0.00000   0.01399   0.01211   0.00759   0.00000   0.00000   0.00000   0.00000   0.02162   0.01244   0.00000   0.00333   0.02483   0.02769   0.02168   0.00000   0.07417   0.01976   0.00716   0.01329   0.01666   0.01489   0.02643   0.05090   0.00000   0.01741   0.00706   0.00000   0.00000   0.06306   0.02478   0.03172   0.02179   0.01578   0.00755   0.01548   0.00000   0.00625   0.00000   0.00642   0.02822   0.00000   0.00186   0.00000   0.00692   0.01256   1.30496   1.05107   1.15999   1.25364   0.78306   0.00561   0.90987  
 27 58.3907   1632.261311  x:  0.00992   0.00000   0.00000   0.00000   0.00000   0.00972   0.00000   0.00000   0.01419   0.01152   0.00737   0.00000   0.00000   0.00000   0.00000   0.02244   0.01275   0.00000   0.00342   0.02517   0.02703   0.02313   0.00000   0.07425   0.01965   0.00576   0.01202   0.01731   0.01558   0.02659   0.05021   0.00000   0.01668   0.00754   0.00000   0.00000   0.06355   0.02299   0.03403   0.02141   0.01663   0.00726   0.01528   0.00000   0.00769   0.00000   0.00632   0.02911   0.00000   0.00204   0.00000   0.00676   0.01311   1.30772   1.05343   1.16184   1.25760   0.78250   0.00513   0.91582  
 28 42.1340   1631.901231  x:  0.00989   0.00000   0.00000   0.00000   0.00000   0.00945   0.00000   0.00000   0.01465   0.01060   0.00803   0.00000   0.00000   0.00000   0.00000   0.02382   0.01472   0.00000   0.00375   0.02708   0.02760   0.02426   0.00000   0.07365   0.01898   0.00668   0.01120   0.01753   0.01577   0.02604   0.04844   0.00000   0.01822   0.00636   0.00000   0.00000   0.06507   0.01996   0.03818   0.02197   0.01737   0.00672   0.01575   0.00000   0.00470   0.00000   0.00595   0.03098   0.00000   0.00187   0.00000   0.00586   0.01334   1.31654   1.06078   1.16762   1.27001   0.78060   0.00501   0.93445  
 29 110.9430   1631.201202  x:  0.00974   0.00000   0.00000   0.00000   0.00000   0.00892   0.00000   0.00000   0.01280   0.01122   0.00572   0.00000   0.00000   0.00000   0.00000   0.02470   0.01276   0.00000   0.00458   0.02943   0.03033   0.02126   0.00000   0.07235   0.02161   0.00550   0.01240   0.02016   0.01387   0.02431   0.04668   0.00000   0.01922   0.00623   0.00000   0.00000   0.06721   0.01936   0.04134   0.02403   0.01477   0.00613   0.01978   0.00000   0.00562   0.00000   0.00519   0.03175   0.00000   0.00183   0.00000   0.00393   0.01094   1.33523   1.07604   1.17964   1.29590   0.77648   0.00560   0.97352  
 30 237.4273   1630.765539  x:  0.00966   0.00000   0.00000   0.00000   0.00000   0.00844   0.00000   0.00000   0.01450   0.01038   0.00589   0.00000   0.00000   0.00000   0.00000   0.02522   0.01324   0.00000   0.00509   0.02775   0.03122   0.02053   0.00000   0.07107   0.02405   0.00483   0.01188   0.02105   0.01578   0.02388   0.04855   0.00000   0.01592   0.00537   0.00000   0.00000   0.06677   0.02311   0.03831   0.02257   0.01524   0.00553   0.02098   0.00000   0.00447   0.00000   0.00469   0.02943   0.00000   0.00171   0.00000   0.00270   0.01279   1.34754   1.08580   1.18738   1.31264   0.77373   0.00554   0.99914  
 31 207.9485   1630.639429  x:  0.00962   0.00000   0.00000   0.00000   0.00000   0.00846   0.00000   0.00000   0.01345   0.00972   0.00575   0.00000   0.00000   0.00000   0.00000   0.02668   0.01350   0.00000   0.00521   0.02670   0.03096   0.02199   0.00000   0.07057   0.02405   0.00527   0.01073   0.02131   0.01438   0.02382   0.04994   0.00000   0.01688   0.00591   0.00000   0.00000   0.06569   0.02434   0.03620   0.02031   0.01557   0.00526   0.02088   0.00000   0.00453   0.00000   0.00454   0.02866   0.00000   0.00162   0.00000   0.00244   0.01204   1.35130   1.08835   1.18946   1.31722   0.77276   0.00638   1.00653  
 32 101.9953   1630.616468  x:  0.00963   0.00000   0.00000   0.00000   0.00000   0.00845   0.00000   0.00000   0.01370   0.00974   0.00570   0.00000   0.00000   0.00000   0.00000   0.02753   0.01336   0.00000   0.00524   0.02672   0.03053   0.02223   0.00000   0.07047   0.02332   0.00489   0.01180   0.02158   0.01460   0.02361   0.05042   0.00000   0.01698   0.00617   0.00000   0.00000   0.06466   0.02452   0.03587   0.01985   0.01544   0.00526   0.02100   0.00000   0.00432   0.00000   0.00452   0.02915   0.00000   0.00162   0.00000   0.00243   0.01182   1.35232   1.08858   1.18972   1.31793   0.77242   0.00637   1.00829  
 33 22.1852   1630.578091  x:  0.00962   0.00000   0.00000   0.00000   0.00000   0.00846   0.00000   0.00000   0.01384   0.00955   0.00598   0.00000   0.00000   0.00000   0.00000   0.02814   0.01323   0.00000   0.00528   0.02736   0.02963   0.02109   0.00000   0.07036   0.02272   0.00521   0.01103   0.02172   0.01470   0.02333   0.05115   0.00000   0.01686   0.00600   0.00000   0.00000   0.06196   0.02468   0.03570   0.01992   0.01491   0.00526   0.02092   0.00000   0.00453   0.00000   0.00451   0.03035   0.00000   0.00164   0.00000   0.00240   0.01185   1.35471   1.08850   1.18994   1.31885   0.77156   0.00574   1.01202  
 34 20.2828   1630.495037  x:  0.00962   0.00000   0.00000   0.00000   0.00000   0.00831   0.00000   0.00000   0.01276   0.00969   0.00552   0.00000   0.00000   0.00000   0.00000   0.02685   0.01330   0.00000   0.00535   0.02752   0.02908   0.02152   0.00000   0.07085   0.02355   0.00491   0.01142   0.02154   0.01448   0.02330   0.05152   0.00000   0.01741   0.00557   0.00000   0.00000   0.05779   0.02483   0.03607   0.02076   0.01645   0.00517   0.02109   0.00000   0.00435   0.00000   0.00450   0.03053   0.00000   0.00172   0.00000   0.00249   0.01257   1.36066   1.08725   1.18980   1.31985   0.76920   0.00536   1.02040  
 35 27.0997   1630.316619  x:  0.00969   0.00000   0.00000   0.00000   0.00000   0.00830   0.00000   0.00000   0.01544   0.00991   0.00560   0.00000   0.00000   0.00000   0.00000   0.02733   0.01388   0.00000   0.00548   0.02689   0.02953   0.02307   0.00000   0.07196   0.02606   0.00502   0.01112   0.02146   0.01460   0.02319   0.05097   0.00000   0.01834   0.00563   0.00000   0.00000   0.05418   0.02406   0.03593   0.02182   0.01542   0.00528   0.02128   0.00000   0.00454   0.00000   0.00455   0.02866   0.00000   0.00184   0.00000   0.00290   0.01095   1.37459   1.08377   1.18910   1.32155   0.76354   0.00483   1.03962  
 36 71.1400   1629.706799  x:  0.00975   0.00000   0.00000   0.00000   0.00000   0.00838   0.00000   0.00000   0.01213   0.00866   0.00583   0.00000   0.00000   0.00000   0.00000   0.03134   0.01446   0.00000   0.00593   0.02551   0.03145   0.02184   0.00000   0.07562   0.02527   0.00478   0.01150   0.02106   0.01642   0.02066   0.04904   0.00000   0.01820   0.00517   0.00000   0.00000   0.05540   0.02157   0.03141   0.02162   0.01264   0.00529   0.01994   0.00000   0.00455   0.00000   0.00466   0.02464   0.00000   0.00218   0.00000   0.00405   0.01344   1.42186   1.07166   1.18651   1.32692   0.74437   0.00345   1.10428  
 37 168.0847   1629.229112  x:  0.00985   0.00000   0.00000   0.00000   0.00000   0.00847   0.00000   0.00000   0.01395   0.00893   0.00561   0.00000   0.00000   0.00000   0.00000   0.03238   0.01221   0.00000   0.00636   0.02547   0.03130   0.02012   0.00000   0.07757   0.02359   0.00490   0.01032   0.02255   0.01542   0.01760   0.04888   0.00000   0.01821   0.00465   0.00000   0.00000   0.06019   0.02219   0.02670   0.02142   0.01731   0.00543   0.02031   0.00000   0.00427   0.00000   0.00481   0.02571   0.00000   0.00236   0.00000   0.00499   0.01243   1.46020   1.06152   1.18419   1.33088   0.72876   0.00411   1.15602  
 38 418.9540   1629.042734  x:  0.00989   0.00000   0.00000   0.00000   0.00000   0.00849   0.00000   0.00000   0.01337   0.00880   0.00543   0.00000   0.00000   0.00000   0.00000   0.03143   0.01284   0.00000   0.00650   0.02626   0.02898   0.02205   0.00000   0.07692   0.02508   0.00477   0.01005   0.02223   0.01608   0.01650   0.05140   0.00000   0.01832   0.00426   0.00000   0.00000   0.06407   0.02545   0.02603   0.02191   0.01580   0.00550   0.02000   0.00000   0.00405   0.00000   0.00488   0.02930   0.00000   0.00247   0.00000   0.00545   0.01183   1.47516   1.05730   1.18311   1.33210   0.72279   0.00587   1.17534  
 39 142.6464   1629.022069  x:  0.00991   0.00000   0.00000   0.00000   0.00000   0.00850   0.00000   0.00000   0.01379   0.00901   0.00527   0.00000   0.00000   0.00000   0.00000   0.03164   0.01297   0.00000   0.00653   0.02648   0.02803   0.02162   0.00000   0.07660   0.02566   0.00479   0.01020   0.02231   0.01564   0.01643   0.05259   0.00000   0.01889   0.00442   0.00000   0.00000   0.06485   0.02541   0.02653   0.02153   0.01569   0.00553   0.02018   0.00000   0.00408   0.00000   0.00489   0.02903   0.00000   0.00250   0.00000   0.00554   0.01274   1.47699   1.05681   1.18300   1.33233   0.72230   0.00606   1.17731  
 40 25.4606   1629.014892  x:  0.00990   0.00000   0.00000   0.00000   0.00000   0.00850   0.00000   0.00000   0.01361   0.00900   0.00532   0.00000   0.00000   0.00000   0.00000   0.03175   0.01323   0.00000   0.00653   0.02661   0.02769   0.02126   0.00000   0.07643   0.02573   0.00479   0.01029   0.02222   0.01589   0.01644   0.05339   0.00000   0.01883   0.00438   0.00000   0.00000   0.06513   0.02529   0.02694   0.02149   0.01598   0.00551   0.02014   0.00000   0.00412   0.00000   0.00489   0.02856   0.00000   0.00252   0.00000   0.00555   0.01223   1.47783   1.05668   1.18301   1.33259   0.72231   0.00604   1.17791  
 41 11.8536   1629.003625  x:  0.00989   0.00000   0.00000   0.00000   0.00000   0.00852   0.00000   0.00000   0.01363   0.00915   0.00524   0.00000   0.00000   0.00000   0.00000   0.03149   0.01295   0.00000   0.00655   0.02670   0.02812   0.02162   0.00000   0.07629   0.02497   0.00478   0.00995   0.02259   0.01607   0.01636   0.05460   0.00000   0.01887   0.00436   0.00000   0.00000   0.06515   0.02512   0.02725   0.02206   0.01579   0.00555   0.02029   0.00000   0.00404   0.00000   0.00490   0.02801   0.00000   0.00252   0.00000   0.00555   0.01229   1.47988   1.05645   1.18314   1.33346   0.72300   0.00678   1.17813  
 42  5.2897   1628.912072  x:  0.00977   0.00000   0.00000   0.00000   0.00000   0.00866   0.00000   0.00000   0.01363   0.00916   0.00552   0.00000   0.00000   0.00000   0.00000   0.03139   0.01317   0.00000   0.00665   0.02673   0.03084   0.02200   0.00000   0.07628   0.02627   0.00502   0.01064   0.02226   0.01557   0.01504   0.05771   0.00000   0.01787   0.00447   0.00000   0.00000   0.06485   0.02244   0.02649   0.02232   0.01612   0.00563   0.02010   0.00000   0.00435   0.00000   0.00495   0.02954   0.00000   0.00240   0.00000   0.00558   0.01254   1.49902   1.05541   1.18506   1.34318   0.73062   0.00898   1.18036  
 43 15.5464   1628.346486  x:  0.00891   0.00000   0.00000   0.00000   0.00000   0.00900   0.00000   0.00000   0.01321   0.01129   0.00514   0.00000   0.00000   0.00000   0.00000   0.03030   0.01569   0.00000   0.00726   0.02069   0.02939   0.02153   0.00000   0.07360   0.02377   0.00587   0.01037   0.02482   0.01677   0.01187   0.05379   0.00000   0.01779   0.00489   0.00000   0.00000   0.06380   0.02395   0.02838   0.02254   0.01624   0.00602   0.02136   0.00000   0.00495   0.00000   0.00512   0.03074   0.00000   0.00224   0.00000   0.00557   0.01262   1.61700   1.04971   1.19753   1.40458   0.77899   0.01584   1.19453  
 44 95.6480   1628.205903  x:  0.00869   0.00000   0.00000   0.00000   0.00000   0.00909   0.00000   0.00000   0.01321   0.01125   0.00561   0.00000   0.00000   0.00000   0.00000   0.03010   0.01552   0.00000   0.00739   0.02377   0.02822   0.02271   0.00000   0.07252   0.02355   0.00615   0.01088   0.02495   0.01628   0.00965   0.05192   0.00000   0.01710   0.00487   0.00000   0.00000   0.06333   0.02525   0.02860   0.02224   0.01633   0.00614   0.02114   0.00000   0.00529   0.00000   0.00516   0.02886   0.00000   0.00212   0.00000   0.00552   0.01283   1.64669   1.04846   1.20084   1.42045   0.79126   0.01691   1.19858  
 45 263.9906   1627.538487  x:  0.00847   0.00000   0.00000   0.00000   0.00000   0.01122   0.00000   0.00000   0.01491   0.00866   0.00493   0.00000   0.00000   0.00000   0.00000   0.02582   0.01510   0.00000   0.00774   0.02409   0.02685   0.02405   0.00000   0.07160   0.02123   0.00723   0.01304   0.02321   0.01708   0.01142   0.05117   0.00000   0.01945   0.00457   0.00000   0.00000   0.06528   0.02330   0.02686   0.02512   0.01647   0.00519   0.02022   0.00000   0.00649   0.00000   0.00463   0.02799   0.00000   0.00331   0.00000   0.00376   0.01317   1.73249   1.03210   1.22483   1.53043   0.86844   0.02683   1.25030  
 46  3.4811   1625.232849  x:  0.01007   0.00000   0.00000   0.00000   0.00000   0.01037   0.00000   0.00000   0.01399   0.01303   0.00405   0.00000   0.00000   0.00000   0.00000   0.02144   0.01556   0.00000   0.00789   0.02576   0.02544   0.02424   0.00000   0.05059   0.02131   0.00794   0.01188   0.01857   0.01790   0.01200   0.04847   0.00000   0.01581   0.00845   0.00000   0.00000   0.06438   0.01905   0.02524   0.02589   0.01648   0.00306   0.01995   0.00000   0.00563   0.00000   0.00689   0.02866   0.00000   0.00359   0.00000   0.00410   0.01196   1.58045   1.07010   1.41246   1.98097   1.23723   0.05665   1.56153  
 47  2.6256   1624.539366  x:  0.00934   0.00000   0.00000   0.00000   0.00000   0.00985   0.00000   0.00000   0.01418   0.01128   0.00318   0.00000   0.00000   0.00000   0.00000   0.02260   0.01529   0.00000   0.00727   0.02331   0.02326   0.02392   0.00000   0.04757   0.02279   0.00771   0.01148   0.02041   0.01772   0.00779   0.04849   0.00000   0.01683   0.00658   0.00000   0.00000   0.06375   0.01523   0.02282   0.02667   0.01598   0.00351   0.02070   0.00000   0.00528   0.00000   0.00677   0.02795   0.00000   0.00398   0.00000   0.00414   0.01175   1.45123   1.20267   1.49143   2.11852   1.40479   0.07068   1.55643  
 48  3.1847   1624.158676  x:  0.00809   0.00000   0.00000   0.00000   0.00000   0.01031   0.00000   0.00000   0.01455   0.01017   0.00377   0.00000   0.00000   0.00000   0.00000   0.02107   0.01544   0.00000   0.00669   0.02269   0.02498   0.02463   0.00000   0.04450   0.02219   0.00841   0.01246   0.02232   0.01689   0.00886   0.04884   0.00000   0.01637   0.00580   0.00000   0.00000   0.06394   0.01722   0.02735   0.02496   0.01618   0.00512   0.02094   0.00000   0.00587   0.00000   0.00677   0.02833   0.00000   0.00391   0.00000   0.00464   0.01231   1.38790   1.27603   1.51576   2.18068   1.43312   0.07147   1.65976  
 49  2.1415   1623.800546  x:  0.00823   0.00000   0.00000   0.00000   0.00000   0.01018   0.00000   0.00000   0.01430   0.00949   0.00381   0.00000   0.00000   0.00000   0.00000   0.02054   0.01544   0.00000   0.00505   0.02356   0.02366   0.02419   0.00000   0.03920   0.02323   0.00798   0.01171   0.02300   0.01648   0.01028   0.04701   0.00000   0.01593   0.00550   0.00000   0.00000   0.06253   0.01516   0.02591   0.02411   0.01572   0.00598   0.02162   0.00000   0.00515   0.00000   0.00643   0.02774   0.00000   0.00398   0.00000   0.00479   0.01190   1.51884   1.37628   1.53906   2.21104   1.45889   0.07384   1.67713  
 50  1.3735   1623.443560  x:  0.00979   0.00000   0.00000   0.00000   0.00000   0.00970   0.00000   0.00000   0.01423   0.00955   0.00524   0.00000   0.00000   0.00000   0.00000   0.01972   0.01510   0.00000   0.00340   0.02260   0.02347   0.02391   0.00000   0.04335   0.02400   0.00733   0.01148   0.02237   0.01675   0.00867   0.04591   0.00000   0.01766   0.00551   0.00000   0.00000   0.06223   0.01348   0.02676   0.02473   0.01544   0.00675   0.02081   0.00000   0.00499   0.00000   0.00581   0.02786   0.00000   0.00418   0.00000   0.00408   0.01180   1.54731   1.42766   1.58725   2.31440   1.42974   0.06692   1.74956  
 51  0.7518   1623.087139  x:  0.01060   0.00000   0.00000   0.00000   0.00000   0.00935   0.00000   0.00000   0.01397   0.00832   0.00601   0.00000   0.00000   0.00000   0.00000   0.01986   0.01336   0.00000   0.00586   0.02177   0.02369   0.02285   0.00000   0.04598   0.02466   0.00662   0.01113   0.02164   0.01603   0.00881   0.04592   0.00000   0.01841   0.00453   0.00000   0.00000   0.06073   0.01563   0.02719   0.02239   0.01483   0.00667   0.01987   0.00000   0.00473   0.00000   0.00492   0.02725   0.00000   0.00439   0.00000   0.00484   0.01166   1.60662   1.56030   1.73459   2.60948   1.51589   0.07351   1.79676  
 52  1.3159   1622.702377  x:  0.00795   0.00000   0.00000   0.00000   0.00000   0.00880   0.00000   0.00000   0.01364   0.00897   0.00563   0.00000   0.00000   0.00000   0.00000   0.02320   0.01319   0.00000   0.00481   0.02224   0.02295   0.02301   0.00000   0.04879   0.02476   0.00632   0.01140   0.02305   0.01597   0.01044   0.04542   0.00000   0.01849   0.00356   0.00000   0.00000   0.05928   0.01629   0.02469   0.02284   0.01457   0.00580   0.01922   0.00000   0.00519   0.00000   0.00516   0.02620   0.00000   0.00461   0.00000   0.00493   0.01180   1.63214   1.69649   1.90660   2.93348   1.46892   0.07218   1.87048  
 53  0.7573   1622.533500  x:  0.00797   0.00000   0.00000   0.00000   0.00000   0.00943   0.00000   0.00000   0.01367   0.00836   0.00427   0.00000   0.00000   0.00000   0.00000   0.02298   0.01319   0.00000   0.00412   0.02270   0.02477   0.02220   0.00000   0.04990   0.02464   0.00632   0.01122   0.02237   0.01607   0.00981   0.04543   0.00000   0.01776   0.00452   0.00000   0.00000   0.05835   0.01776   0.02636   0.02182   0.01448   0.00578   0.01866   0.00000   0.00487   0.00000   0.00500   0.02659   0.00000   0.00495   0.00000   0.00506   0.01141   1.65987   1.79188   1.97675   3.07507   1.46665   0.07707   1.93426  
 54  1.1169   1622.313308  x:  0.00949   0.00000   0.00000   0.00000   0.00000   0.00910   0.00000   0.00000   0.01354   0.00920   0.00474   0.00000   0.00000   0.00000   0.00000   0.02270   0.01415   0.00000   0.00447   0.02314   0.02413   0.02308   0.00000   0.05003   0.02356   0.00648   0.01170   0.02323   0.01683   0.01057   0.04706   0.00000   0.01767   0.00571   0.00000   0.00000   0.05943   0.01775   0.02461   0.02443   0.01516   0.00572   0.01961   0.00000   0.00559   0.00000   0.00493   0.02661   0.00000   0.00504   0.00000   0.00509   0.01192   1.66885   1.97345   2.10950   3.36982   1.58775   0.09605   2.08486  
 55  0.9796   1622.160185  x:  0.01030   0.00000   0.00000   0.00000   0.00000   0.00905   0.00000   0.00000   0.01390   0.00894   0.00453   0.00000   0.00000   0.00000   0.00000   0.02270   0.01416   0.00000   0.00387   0.02270   0.02489   0.02315   0.00000   0.04818   0.02382   0.00641   0.01179   0.02365   0.01626   0.00987   0.04815   0.00000   0.01742   0.00468   0.00000   0.00000   0.05997   0.01699   0.02705   0.02387   0.01514   0.00490   0.02002   0.00000   0.00540   0.00000   0.00571   0.02719   0.00000   0.00517   0.00000   0.00522   0.01210   1.69838   1.99292   2.19146   3.78193   1.66036   0.10573   2.15962  
 56  0.8458   1622.058742  x:  0.00952   0.00000   0.00000   0.00000   0.00000   0.00890   0.00000   0.00000   0.01396   0.00928   0.00455   0.00000   0.00000   0.00000   0.00000   0.02166   0.01432   0.00000   0.00476   0.02284   0.02444   0.02292   0.00000   0.04732   0.02431   0.00619   0.01147   0.02287   0.01638   0.00937   0.04803   0.00000   0.01748   0.00496   0.00000   0.00000   0.06032   0.01527   0.02695   0.02421   0.01507   0.00559   0.01972   0.00000   0.00493   0.00000   0.00614   0.02741   0.00000   0.00529   0.00000   0.00489   0.01186   1.72409   2.05106   2.27708   4.14236   1.62086   0.10313   2.18051  
 57  1.2375   1622.006558  x:  0.00886   0.00000   0.00000   0.00000   0.00000   0.00873   0.00000   0.00000   0.01392   0.00894   0.00470   0.00000   0.00000   0.00000   0.00000   0.02151   0.01431   0.00000   0.00434   0.02276   0.02371   0.02297   0.00000   0.04714   0.02444   0.00621   0.01127   0.02261   0.01638   0.00931   0.04758   0.00000   0.01737   0.00503   0.00000   0.00000   0.06074   0.01578   0.02620   0.02398   0.01511   0.00562   0.02059   0.00000   0.00481   0.00000   0.00504   0.02732   0.00000   0.00522   0.00000   0.00506   0.01180   1.74093   2.05320   2.32292   4.43371   1.64451   0.10458   2.20043  
 58  0.4928   1621.961641  x:  0.00932   0.00000   0.00000   0.00000   0.00000   0.00917   0.00000   0.00000   0.01398   0.00924   0.00445   0.00000   0.00000   0.00000   0.00000   0.02172   0.01428   0.00000   0.00433   0.02288   0.02359   0.02332   0.00000   0.04799   0.02421   0.00662   0.01155   0.02259   0.01642   0.00958   0.04625   0.00000   0.01743   0.00464   0.00000   0.00000   0.06082   0.01693   0.02568   0.02311   0.01503   0.00580   0.02014   0.00000   0.00504   0.00000   0.00522   0.02701   0.00000   0.00516   0.00000   0.00473   0.01173   1.76985   2.13115   2.38075   4.78100   1.64338   0.10435   2.22621  
 59  0.4242   1621.939199  x:  0.00889   0.00000   0.00000   0.00000   0.00000   0.00931   0.00000   0.00000   0.01397   0.00897   0.00477   0.00000   0.00000   0.00000   0.00000   0.02199   0.01415   0.00000   0.00444   0.02292   0.02409   0.02330   0.00000   0.04860   0.02392   0.00663   0.01152   0.02251   0.01654   0.00971   0.04678   0.00000   0.01765   0.00484   0.00000   0.00000   0.06084   0.01667   0.02581   0.02325   0.01514   0.00536   0.02033   0.00000   0.00514   0.00000   0.00558   0.02718   0.00000   0.00499   0.00000   0.00464   0.01180   1.78991   2.18605   2.43381   5.03328   1.65500   0.10467   2.23081  
 60  0.2776   1621.926620  x:  0.00927   0.00000   0.00000   0.00000   0.00000   0.00927   0.00000   0.00000   0.01393   0.00889   0.00471   0.00000   0.00000   0.00000   0.00000   0.02218   0.01421   0.00000   0.00445   0.02291   0.02422   0.02322   0.00000   0.04827   0.02376   0.00664   0.01146   0.02275   0.01652   0.00973   0.04728   0.00000   0.01750   0.00478   0.00000   0.00000   0.06060   0.01629   0.02603   0.02338   0.01513   0.00522   0.02054   0.00000   0.00517   0.00000   0.00533   0.02725   0.00000   0.00478   0.00000   0.00471   0.01187   1.79490   2.20008   2.48055   5.22001   1.61297   0.09967   2.19166  
 61  0.2659   1621.917430  x:  0.00932   0.00000   0.00000   0.00000   0.00000   0.00919   0.00000   0.00000   0.01384   0.00908   0.00462   0.00000   0.00000   0.00000   0.00000   0.02223   0.01423   0.00000   0.00437   0.02303   0.02425   0.02306   0.00000   0.04848   0.02391   0.00657   0.01134   0.02274   0.01649   0.00979   0.04754   0.00000   0.01742   0.00482   0.00000   0.00000   0.06051   0.01619   0.02619   0.02343   0.01507   0.00557   0.02020   0.00000   0.00504   0.00000   0.00535   0.02731   0.00000   0.00463   0.00000   0.00467   0.01181   1.80070   2.19117   2.50706   5.35872   1.62464   0.09997   2.17117  
 62  0.3256   1621.910106  x:  0.00919   0.00000   0.00000   0.00000   0.00000   0.00928   0.00000   0.00000   0.01391   0.00927   0.00464   0.00000   0.00000   0.00000   0.00000   0.02172   0.01428   0.00000   0.00434   0.02286   0.02403   0.02308   0.00000   0.04799   0.02404   0.00656   0.01139   0.02255   0.01649   0.00946   0.04720   0.00000   0.01746   0.00483   0.00000   0.00000   0.06064   0.01652   0.02624   0.02354   0.01505   0.00544   0.02008   0.00000   0.00502   0.00000   0.00535   0.02729   0.00000   0.00452   0.00000   0.00465   0.01181   1.79986   2.22366   2.52639   5.44789   1.60910   0.09826   2.13435  
 63  0.1222   1621.908014  x:  0.00918   0.00000   0.00000   0.00000   0.00000   0.00923   0.00000   0.00000   0.01395   0.00906   0.00460   0.00000   0.00000   0.00000   0.00000   0.02179   0.01428   0.00000   0.00431   0.02283   0.02394   0.02316   0.00000   0.04809   0.02403   0.00657   0.01146   0.02257   0.01646   0.00955   0.04694   0.00000   0.01745   0.00488   0.00000   0.00000   0.06073   0.01648   0.02606   0.02355   0.01511   0.00551   0.02010   0.00000   0.00506   0.00000   0.00545   0.02721   0.00000   0.00451   0.00000   0.00468   0.01180   1.79614   2.23007   2.52517   5.44775   1.59664   0.09686   2.10970  
 64  0.0295   1621.907324  x:  0.00915   0.00000   0.00000   0.00000   0.00000   0.00925   0.00000   0.00000   0.01396   0.00913   0.00461   0.00000   0.00000   0.00000   0.00000   0.02190   0.01426   0.00000   0.00431   0.02285   0.02409   0.02319   0.00000   0.04809   0.02396   0.00660   0.01151   0.02251   0.01646   0.00958   0.04695   0.00000   0.01748   0.00486   0.00000   0.00000   0.06077   0.01639   0.02608   0.02349   0.01512   0.00551   0.02003   0.00000   0.00508   0.00000   0.00538   0.02724   0.00000   0.00454   0.00000   0.00470   0.01181   1.79451   2.23732   2.52469   5.42815   1.59372   0.09667   2.10154  
 65  0.0273   1621.907098  x:  0.00916   0.00000   0.00000   0.00000   0.00000   0.00923   0.00000   0.00000   0.01395   0.00913   0.00462   0.00000   0.00000   0.00000   0.00000   0.02189   0.01425   0.00000   0.00430   0.02285   0.02407   0.02317   0.00000   0.04807   0.02395   0.00659   0.01150   0.02253   0.01646   0.00957   0.04708   0.00000   0.01749   0.00486   0.00000   0.00000   0.06073   0.01647   0.02608   0.02349   0.01510   0.00553   0.02006   0.00000   0.00508   0.00000   0.00540   0.02725   0.00000   0.00458   0.00000   0.00470   0.01181   1.79509   2.23731   2.52882   5.41331   1.59068   0.09630   2.09797  
 66  0.0138   1621.907043  x:  0.00917   0.00000   0.00000   0.00000   0.00000   0.00923   0.00000   0.00000   0.01395   0.00914   0.00462   0.00000   0.00000   0.00000   0.00000   0.02187   0.01427   0.00000   0.00430   0.02285   0.02405   0.02317   0.00000   0.04811   0.02397   0.00659   0.01148   0.02254   0.01646   0.00958   0.04704   0.00000   0.01747   0.00486   0.00000   0.00000   0.06072   0.01644   0.02613   0.02352   0.01511   0.00552   0.02008   0.00000   0.00507   0.00000   0.00540   0.02725   0.00000   0.00461   0.00000   0.00470   0.01181   1.79526   2.23860   2.52957   5.41629   1.59082   0.09621   2.09745  
 67  0.0026   1621.907022  x:  0.00917   0.00000   0.00000   0.00000   0.00000   0.00923   0.00000   0.00000   0.01395   0.00914   0.00462   0.00000   0.00000   0.00000   0.00000   0.02188   0.01427   0.00000   0.00430   0.02285   0.02407   0.02317   0.00000   0.04808   0.02398   0.00659   0.01148   0.02254   0.01646   0.00958   0.04704   0.00000   0.01747   0.00486   0.00000   0.00000   0.06073   0.01645   0.02610   0.02351   0.01511   0.00552   0.02008   0.00000   0.00507   0.00000   0.00540   0.02725   0.00000   0.00462   0.00000   0.00470   0.01181   1.79534   2.23860   2.52899   5.42543   1.59054   0.09610   2.09680  
 68  0.0065   1621.907018  x:  0.00917   0.00000   0.00000   0.00000   0.00000   0.00924   0.00000   0.00000   0.01395   0.00914   0.00462   0.00000   0.00000   0.00000   0.00000   0.02187   0.01427   0.00000   0.00430   0.02285   0.02406   0.02318   0.00000   0.04809   0.02397   0.00659   0.01149   0.02254   0.01646   0.00957   0.04705   0.00000   0.01747   0.00486   0.00000   0.00000   0.06073   0.01644   0.02610   0.02351   0.01511   0.00552   0.02008   0.00000   0.00508   0.00000   0.00540   0.02725   0.00000   0.00462   0.00000   0.00470   0.01181   1.79552   2.23837   2.52975   5.42864   1.59060   0.09610   2.09687  
 69  0.0033   1621.907017  x:  0.00917   0.00000   0.00000   0.00000   0.00000   0.00924   0.00000   0.00000   0.01395   0.00914   0.00462   0.00000   0.00000   0.00000   0.00000   0.02188   0.01427   0.00000   0.00430   0.02285   0.02406   0.02318   0.00000   0.04809   0.02397   0.00659   0.01149   0.02254   0.01646   0.00958   0.04704   0.00000   0.01748   0.00486   0.00000   0.00000   0.06073   0.01644   0.02610   0.02351   0.01511   0.00552   0.02008   0.00000   0.00508   0.00000   0.00540   0.02725   0.00000   0.00463   0.00000   0.00470   0.01181   1.79552   2.23821   2.52974   5.42918   1.59050   0.09611   2.09678  
 70  0.0006   1621.907017  x:  0.00917   0.00000   0.00000   0.00000   0.00000   0.00924   0.00000   0.00000   0.01395   0.00914   0.00462   0.00000   0.00000   0.00000   0.00000   0.02188   0.01427   0.00000   0.00430   0.02285   0.02406   0.02318   0.00000   0.04809   0.02397   0.00659   0.01149   0.02254   0.01646   0.00958   0.04704   0.00000   0.01748   0.00486   0.00000   0.00000   0.06073   0.01644   0.02610   0.02351   0.01511   0.00552   0.02008   0.00000   0.00508   0.00000   0.00540   0.02725   0.00000   0.00463   0.00000   0.00470   0.01181   1.79554   2.23815   2.52976   5.42927   1.59048   0.09611   2.09677  
 71  0.0001   1621.907017  x:  0.00917   0.00000   0.00000   0.00000   0.00000   0.00923   0.00000   0.00000   0.01395   0.00914   0.00462   0.00000   0.00000   0.00000   0.00000   0.02188   0.01427   0.00000   0.00430   0.02285   0.02406   0.02318   0.00000   0.04809   0.02397   0.00659   0.01149   0.02254   0.01646   0.00958   0.04704   0.00000   0.01748   0.00486   0.00000   0.00000   0.06073   0.01644   0.02610   0.02351   0.01511   0.00552   0.02008   0.00000   0.00508   0.00000   0.00540   0.02725   0.00000   0.00463   0.00000   0.00470   0.01181   1.79554   2.23815   2.52976   5.42929   1.59047   0.09611   2.09677  
 72  0.0001   1621.907017  x:  0.00917   0.00000   0.00000   0.00000   0.00000   0.00923   0.00000   0.00000   0.01395   0.00914   0.00462   0.00000   0.00000   0.00000   0.00000   0.02188   0.01427   0.00000   0.00430   0.02285   0.02406   0.02318   0.00000   0.04809   0.02397   0.00659   0.01149   0.02254   0.01646   0.00958   0.04704   0.00000   0.01748   0.00486   0.00000   0.00000   0.06073   0.01644   0.02610   0.02351   0.01511   0.00552   0.02008   0.00000   0.00508   0.00000   0.00540   0.02725   0.00000   0.00463   0.00000   0.00470   0.01181   1.79554   2.23815   2.52976   5.42929   1.59047   0.09611   2.09677  
 73  0.0000   1621.907017  x:  0.00917   0.00000   0.00000   0.00000   0.00000   0.00923   0.00000   0.00000   0.01395   0.00914   0.00462   0.00000   0.00000   0.00000   0.00000   0.02188   0.01427   0.00000   0.00430   0.02285   0.02406   0.02318   0.00000   0.04809   0.02397   0.00659   0.01149   0.02254   0.01646   0.00958   0.04704   0.00000   0.01748   0.00486   0.00000   0.00000   0.06073   0.01644   0.02610   0.02351   0.01511   0.00552   0.02008   0.00000   0.00508   0.00000   0.00540   0.02725   0.00000   0.00463   0.00000   0.00470   0.01181   1.79554   2.23815   2.52976   5.42929   1.59047   0.09611   2.09677  
check convergence!
