

TREE # 1

  0  0.0000   8518.080951  x:  0.01753   0.01694   0.01179   0.01037   0.01488   0.01960   0.03412   0.03528   0.01234   0.01816   0.01898   0.01573   0.02114   0.01005   0.01880   0.03213   0.02481   0.02095   0.02308   0.01014   0.02428   0.02191   0.01952   0.01771   0.00000   0.00661   0.02098   0.02500   0.00999   1.11741   0.77861   0.88356   0.96624   1.14397   0.06892   0.10700   1.13213   1.65438  
  1 99.0000   8424.935949  x:  0.00452   0.00155   0.00483   0.00314   0.00348   0.01284   0.02680   0.03428   0.00488   0.01024   0.00878   0.00552   0.00946   0.01208   0.01125   0.02916   0.01588   0.01126   0.01087   0.01149   0.01193   0.00727   0.00745   0.00553   0.06287   0.00785   0.01128   0.01792   0.00192   1.11827   0.77867   0.88358   0.96628   1.14487   0.06812   0.09959   1.13248   1.65431  
  2 6200.4066   8413.642661  x:  0.00363   0.00000   0.00497   0.00403   0.00321   0.01243   0.02606   0.03415   0.00485   0.00974   0.00807   0.00488   0.00844   0.01223   0.01079   0.02887   0.01514   0.01048   0.00957   0.01165   0.01084   0.00590   0.00644   0.00434   0.06340   0.00768   0.01008   0.01738   0.00433   1.11838   0.77868   0.88359   0.96628   1.14498   0.06802   0.09883   1.13248   1.65431  
  3 4195.9589   8397.232956  x:  0.00201   0.00000   0.00600   0.00683   0.00308   0.01135   0.02339   0.03363   0.00536   0.00836   0.00620   0.00333   0.00528   0.01273   0.00957   0.02778   0.01248   0.00811   0.00485   0.01229   0.00736   0.00177   0.00353   0.00123   0.06104   0.00695   0.00570   0.01572   0.00226   1.11881   0.77872   0.88361   0.96630   1.14543   0.06761   0.09602   1.13243   1.65428  
  4 4184.9144   8392.426858  x:  0.00338   0.00000   0.00618   0.00639   0.00258   0.01067   0.02139   0.03323   0.00540   0.00757   0.00558   0.00296   0.00411   0.01307   0.00888   0.02693   0.01075   0.00690   0.00148   0.01289   0.00577   0.00331   0.00337   0.00167   0.06031   0.00670   0.00321   0.01475   0.00220   1.11917   0.77874   0.88363   0.96631   1.14580   0.06726   0.09376   1.13237   1.65425  
  5 2242.6141   8390.586758  x:  0.00296   0.00000   0.00613   0.00543   0.00268   0.01029   0.01982   0.03289   0.00540   0.00724   0.00575   0.00330   0.00456   0.01334   0.00862   0.02623   0.00978   0.00664   0.00040   0.01354   0.00578   0.00267   0.00414   0.00212   0.05990   0.00670   0.00319   0.01414   0.00229   1.11951   0.77877   0.88365   0.96632   1.14615   0.06694   0.09168   1.13229   1.65423  
  6 1213.5711   8388.272914  x:  0.00267   0.00000   0.00610   0.00392   0.00275   0.00946   0.01648   0.03216   0.00541   0.00652   0.00583   0.00362   0.00483   0.01390   0.00804   0.02476   0.00772   0.00602   0.00139   0.01490   0.00553   0.00211   0.00499   0.00261   0.05910   0.00667   0.00269   0.01281   0.00241   1.12025   0.77883   0.88370   0.96634   1.14692   0.06622   0.08710   1.13213   1.65418  
  7 3166.4206   8385.479888  x:  0.00252   0.00000   0.00609   0.00457   0.00336   0.00894   0.01251   0.03120   0.00534   0.00623   0.00596   0.00345   0.00489   0.01455   0.00793   0.02285   0.00603   0.00646   0.00137   0.01665   0.00633   0.00322   0.00433   0.00197   0.05880   0.00681   0.00466   0.01145   0.00227   1.12149   0.77892   0.88377   0.96637   1.14822   0.06502   0.07949   1.13185   1.65410  
  8 1809.9207   8379.471569  x:  0.00490   0.00000   0.00686   0.00557   0.00230   0.01032   0.00901   0.02959   0.00529   0.00759   0.00660   0.00295   0.00512   0.01538   0.00934   0.01965   0.00755   0.00857   0.00123   0.01985   0.00766   0.00152   0.00319   0.00328   0.05895   0.00712   0.00402   0.01122   0.00237   1.12504   0.77919   0.88399   0.96647   1.15197   0.06155   0.05771   1.13099   1.65387  
  9 1686.7577   8359.333866  x:  0.00223   0.00000   0.00818   0.00663   0.00286   0.01351   0.00827   0.02677   0.00542   0.00963   0.00720   0.00270   0.00538   0.01673   0.01151   0.01423   0.01038   0.01042   0.00126   0.02602   0.00806   0.00337   0.00529   0.00273   0.05842   0.00747   0.00127   0.01144   0.00208   1.13439   0.77990   0.88454   0.96673   1.16194   0.05233   0.00000   1.12869   1.65324  
 10 6316.8557   8358.730339  x:  0.00239   0.00000   0.00853   0.00645   0.00275   0.01430   0.00878   0.02609   0.00545   0.00990   0.00713   0.00267   0.00510   0.01708   0.01184   0.01320   0.01076   0.01034   0.00128   0.02782   0.00747   0.00337   0.00566   0.00265   0.05797   0.00752   0.00190   0.01150   0.00206   1.13769   0.78015   0.88474   0.96683   1.16547   0.04906   0.00000   1.12788   1.65302  
 11 1144.1172   8355.702648  x:  0.00390   0.00000   0.00816   0.00582   0.00431   0.01648   0.01078   0.02424   0.00485   0.01022   0.00781   0.00377   0.00666   0.01810   0.01266   0.01434   0.01022   0.01076   0.00119   0.03567   0.00861   0.00326   0.00437   0.00187   0.05587   0.00803   0.00148   0.01159   0.00207   1.15564   0.78152   0.88578   0.96735   1.18480   0.03116   0.00000   1.12343   1.65182  
 12 1735.4849   8351.230935  x:  0.00246   0.00000   0.00729   0.00640   0.00231   0.01835   0.01097   0.02388   0.00427   0.01051   0.00809   0.00258   0.00678   0.01819   0.01344   0.01819   0.01023   0.01204   0.00129   0.04445   0.01055   0.00377   0.00361   0.00488   0.05191   0.00831   0.00188   0.01274   0.00178   1.18220   0.78354   0.88733   0.96812   1.21346   0.00462   0.00000   1.11687   1.65004  
 13 4616.4400   8346.729322  x:  0.00419   0.00000   0.00559   0.00809   0.00321   0.01825   0.00897   0.02722   0.00566   0.01115   0.00795   0.00290   0.00525   0.01636   0.01376   0.02025   0.01180   0.01456   0.00139   0.04879   0.01241   0.00318   0.00734   0.00510   0.04895   0.00805   0.00204   0.01391   0.00154   1.21150   0.78578   0.88901   0.96899   1.24520  -0.02476   0.00000   1.10969   1.64806  
 14 4156.3400   8339.118705  x:  0.00458   0.00000   0.00679   0.00552   0.00125   0.01581   0.00752   0.03372   0.00609   0.01261   0.00898   0.00439   0.00746   0.01223   0.01392   0.01670   0.01447   0.01906   0.00136   0.04758   0.01455   0.00379   0.00543   0.00417   0.04295   0.00758   0.00217   0.01434   0.00133   1.25451   0.78906   0.89146   0.97030   1.29193  -0.06800   0.00000   1.09931   1.64514  
 15 4435.9734   8336.343227  x:  0.00453   0.00000   0.00747   0.00427   0.00367   0.01472   0.00720   0.03584   0.00558   0.01332   0.00937   0.00331   0.00786   0.01100   0.01407   0.01459   0.01552   0.02110   0.00142   0.04557   0.01522   0.00373   0.00397   0.00612   0.04045   0.00759   0.00228   0.01428   0.00133   1.27451   0.79059   0.89260   0.97092   1.31369  -0.08813   0.00000   1.09454   1.64377  
 16 9550.5404   8331.086146  x:  0.00547   0.00000   0.00718   0.00642   0.00326   0.01355   0.00885   0.03392   0.00392   0.01467   0.01092   0.00239   0.00943   0.01421   0.01454   0.01121   0.01395   0.02456   0.00181   0.03690   0.01750   0.00312   0.00505   0.00878   0.03674   0.00882   0.00210   0.01078   0.00107   1.30641   0.79302   0.89438   0.97193   1.34848  -0.12028   0.00000   1.08719   1.64157  
 17 3639.3643   8326.908767  x:  0.00532   0.00000   0.00813   0.00508   0.00341   0.01527   0.00721   0.02839   0.00604   0.01669   0.01147   0.00416   0.00864   0.01759   0.01613   0.01171   0.01385   0.02768   0.00198   0.02734   0.01840   0.00315   0.00455   0.00978   0.03401   0.00915   0.00231   0.00942   0.00109   1.33241   0.79501   0.89582   0.97278   1.37682  -0.14645   0.00000   1.08141   1.63977  
 18 4248.7063   8326.079435  x:  0.00569   0.00000   0.00815   0.00431   0.00329   0.01557   0.00656   0.02616   0.00483   0.01655   0.01127   0.00305   0.00889   0.01733   0.01636   0.01193   0.01386   0.02854   0.00194   0.02534   0.01874   0.00307   0.00511   0.00883   0.03313   0.00863   0.00235   0.01050   0.00109   1.33741   0.79540   0.89609   0.97296   1.38227  -0.15146   0.00000   1.08047   1.63940  
 19 1218.6406   8325.725608  x:  0.00568   0.00000   0.00775   0.00473   0.00325   0.01524   0.00683   0.02449   0.00512   0.01560   0.01087   0.00367   0.00893   0.01604   0.01604   0.01137   0.01357   0.02918   0.00198   0.02488   0.01887   0.00300   0.00502   0.00929   0.03306   0.00788   0.00233   0.01124   0.00107   1.33978   0.79559   0.89619   0.97309   1.38482  -0.15376   0.00000   1.08041   1.63920  
 20 294.6110   8325.078725  x:  0.00567   0.00000   0.00758   0.00421   0.00316   0.01502   0.00739   0.02318   0.00571   0.01422   0.01033   0.00317   0.00857   0.01449   0.01567   0.01160   0.01415   0.03111   0.00192   0.02501   0.01876   0.00294   0.00517   0.00912   0.03261   0.00853   0.00226   0.00936   0.00108   1.34435   0.79598   0.89636   0.97342   1.38966  -0.15802   0.00000   1.08103   1.63876  
 21 229.9349   8322.512497  x:  0.00530   0.00000   0.00896   0.00494   0.00343   0.01532   0.00689   0.02270   0.00319   0.01075   0.00991   0.00526   0.00870   0.01462   0.01390   0.01273   0.01524   0.03539   0.00202   0.02548   0.01498   0.00306   0.00546   0.00930   0.03200   0.01029   0.00225   0.00869   0.00104   1.36265   0.79753   0.89698   0.97481   1.40904  -0.17497   0.00000   1.08430   1.63690  
 22 716.2522   8315.437546  x:  0.00482   0.00000   0.00765   0.00443   0.00342   0.01572   0.00741   0.02389   0.00581   0.00556   0.00965   0.00373   0.01029   0.01917   0.01089   0.01274   0.01331   0.04433   0.00201   0.02709   0.00844   0.00323   0.00526   0.00826   0.03027   0.01132   0.00187   0.01178   0.00120   1.41234   0.80176   0.89864   0.97864   1.46160  -0.22088   0.00000   1.09368   1.63184  
 23 3573.1414   8303.330025  x:  0.00346   0.00000   0.00602   0.00265   0.00331   0.01401   0.00919   0.02455   0.00326   0.01150   0.00743   0.00496   0.00620   0.02042   0.00999   0.01299   0.00800   0.05055   0.00174   0.03044   0.00458   0.00303   0.00518   0.00709   0.02725   0.00671   0.00135   0.01170   0.00161   1.49802   0.80906   0.90147   0.98534   1.55215  -0.29989   0.00000   1.11064   1.62304  
 24 5443.9107   8270.952349  x:  0.00295   0.00000   0.02085   0.00411   0.00309   0.01219   0.01014   0.02414   0.00534   0.01149   0.00293   0.00242   0.00337   0.01948   0.01064   0.01340   0.00404   0.03407   0.00123   0.03631   0.01049   0.00313   0.00792   0.00438   0.02299   0.00256   0.00060   0.01177   0.00209   1.74097   0.82977   0.90943   1.00443   1.80881  -0.52370   0.00000   1.16000   1.59804  
 25 10236.8378   8250.251943  x:  0.00212   0.00000   0.02169   0.00599   0.00282   0.01005   0.00879   0.02129   0.00667   0.01393   0.00894   0.00056   0.00185   0.01499   0.01140   0.01330   0.00459   0.01884   0.00097   0.03942   0.00949   0.00343   0.00804   0.00214   0.01920   0.00593   0.00018   0.01255   0.00234   1.89822   0.84317   0.91456   1.01682   1.97479  -0.66840   0.00000   1.19228   1.58183  
 26 39999.8614   8244.554330  x:  0.00197   0.00000   0.02055   0.00680   0.00286   0.01003   0.00798   0.02068   0.00699   0.01475   0.00845   0.00006   0.00339   0.01415   0.01175   0.01344   0.00587   0.01464   0.00098   0.03998   0.00839   0.00363   0.00790   0.00184   0.01820   0.00560   0.00022   0.01177   0.00233   1.93470   0.84628   0.91576   1.01970   2.01321  -0.70189   0.00000   1.19986   1.57808  
 27 42181.1368   8235.373518  x:  0.00135   0.00000   0.01549   0.00703   0.00274   0.01040   0.00669   0.02033   0.00619   0.01396   0.00565   0.00047   0.00380   0.01430   0.01365   0.01235   0.00940   0.00641   0.00082   0.04073   0.00872   0.00386   0.00687   0.00111   0.01524   0.00642   0.00019   0.01103   0.00234   2.00136   0.85197   0.91793   1.02497   2.08334  -0.76298   0.00000   1.21389   1.57120  
 28 42924.6595   8234.526591  x:  0.00126   0.00000   0.01472   0.00699   0.00272   0.01189   0.00655   0.02073   0.00586   0.01304   0.00679   0.00043   0.00340   0.01428   0.01344   0.01215   0.00986   0.00559   0.00080   0.04062   0.00894   0.00386   0.00669   0.00102   0.01498   0.00482   0.00022   0.01026   0.00236   2.00768   0.85250   0.91814   1.02549   2.08974  -0.76851   0.00000   1.21561   1.57053  
 29 1986.1194   8234.290105  x:  0.00125   0.00000   0.01450   0.00706   0.00269   0.01356   0.00643   0.02116   0.00578   0.01310   0.00654   0.00042   0.00347   0.01354   0.01327   0.01191   0.00908   0.00544   0.00082   0.04037   0.00899   0.00381   0.00670   0.00107   0.01486   0.00526   0.00019   0.01021   0.00237   2.00973   0.85267   0.91819   1.02572   2.09126  -0.76970   0.00000   1.21715   1.57028  
 30 275.1837   8215.776808  x:  0.00139   0.00000   0.01534   0.00754   0.00281   0.01398   0.00682   0.02287   0.00586   0.01201   0.00766   0.00052   0.00410   0.01223   0.01909   0.01292   0.00679   0.00590   0.00096   0.03960   0.00775   0.00381   0.00721   0.00134   0.00256   0.00516   0.00034   0.01041   0.00242   2.14343   0.86351   0.92088   1.04641   2.14175  -0.79426   0.00000   1.40227   1.55094  
 31 178.6785   8215.071194  x:  0.00142   0.00000   0.01527   0.00740   0.00281   0.01413   0.00686   0.02256   0.00596   0.01283   0.00741   0.00049   0.00391   0.01269   0.01599   0.01280   0.00758   0.00573   0.00092   0.03964   0.00849   0.00383   0.00711   0.00129   0.00177   0.00543   0.00036   0.01062   0.00240   2.15033   0.86406   0.92104   1.04748   2.14428  -0.79546   0.00000   1.41176   1.54994  
 32 1132.6291   8193.071265  x:  0.00191   0.00000   0.01698   0.00768   0.00324   0.01737   0.00830   0.02500   0.00723   0.01766   0.00795   0.00067   0.00446   0.01324   0.00539   0.01475   0.00872   0.00508   0.00106   0.03886   0.01135   0.00420   0.00789   0.00148   0.00507   0.00872   0.00077   0.01326   0.00228   2.74827   0.90596   0.95251   1.12731   2.29925  -0.85841   0.00000   2.06129   1.47354  
 33 70.3980   8181.270815  x:  0.00200   0.00000   0.01204   0.00685   0.00352   0.02020   0.00871   0.02856   0.00617   0.01464   0.00783   0.00072   0.00443   0.01780   0.00998   0.01511   0.01292   0.01008   0.00113   0.04102   0.01271   0.00475   0.00770   0.00211   0.00533   0.00737   0.00062   0.01326   0.00213   2.87863   0.83423   0.95371   1.47558   2.65488  -0.92560   0.00000   2.64348   1.24917  
 34 12.8829   8180.805560  x:  0.00201   0.00000   0.01164   0.00678   0.00354   0.02043   0.00875   0.02885   0.00608   0.01439   0.00781   0.00072   0.00443   0.01817   0.01036   0.01514   0.01327   0.01049   0.00114   0.04119   0.01282   0.00480   0.00768   0.00216   0.00536   0.00726   0.00061   0.01326   0.00212   2.88955   0.82844   0.95393   1.50407   2.68385  -0.93093   0.00427   2.69097   1.23076  
 35 3792.5628   8166.807230  x:  0.00236   0.00000   0.00894   0.00623   0.00329   0.01735   0.01021   0.03115   0.00489   0.01158   0.00618   0.00046   0.00300   0.01887   0.01448   0.01550   0.01240   0.00751   0.00106   0.02999   0.01433   0.00432   0.00672   0.00165   0.00561   0.00880   0.00068   0.01426   0.00243   3.41385   0.95991   1.19900   1.69060   2.69280  -0.67552   0.00000   2.78656   0.99772  
 36 21.4237   8149.577767  x:  0.00318   0.00000   0.00877   0.00838   0.00344   0.01330   0.01145   0.03196   0.00569   0.01128   0.00946   0.00094   0.00640   0.01562   0.01359   0.01874   0.01180   0.00836   0.00149   0.01281   0.01084   0.00422   0.00648   0.00270   0.00436   0.00483   0.00041   0.01210   0.00289   3.88263   1.11181   1.62084   2.16453   2.94766  -0.34372   0.00000   3.06211   0.23995  
 37  6.6617   8144.736881  x:  0.00305   0.00000   0.00837   0.00871   0.00342   0.01330   0.01143   0.03191   0.00579   0.01113   0.00931   0.00099   0.00643   0.01415   0.01386   0.01898   0.01077   0.00819   0.00150   0.01191   0.01016   0.00422   0.00644   0.00256   0.00418   0.00558   0.00054   0.01219   0.00300   3.86830   1.05357   1.70772   2.26875   3.00265  -0.38247   0.00000   3.13822   0.00000  
 38  4.0385   8138.618084  x:  0.00299   0.00000   0.00592   0.00906   0.00354   0.01284   0.01173   0.03213   0.00602   0.00900   0.00896   0.00115   0.00671   0.01265   0.01315   0.02046   0.01042   0.00950   0.00144   0.01710   0.00742   0.00439   0.00586   0.00260   0.00368   0.00508   0.00063   0.01221   0.00288   3.68959   1.64722   1.85809   2.42986   3.03062  -0.79242   0.00000   3.62947   0.00000  
 39  3.8689   8137.395728  x:  0.00297   0.00000   0.00526   0.00916   0.00357   0.01271   0.01181   0.03220   0.00608   0.00843   0.00887   0.00120   0.00679   0.01224   0.01296   0.02085   0.01033   0.00985   0.00142   0.01849   0.00669   0.00444   0.00570   0.00261   0.00355   0.00495   0.00066   0.01221   0.00285   3.64178   1.80609   1.89826   2.47306   3.03807  -0.90218   0.00701   3.76098   0.00000  
 40 14463.3341   8128.714475  x:  0.00295   0.00000   0.00531   0.00934   0.00348   0.00891   0.01266   0.03227   0.00641   0.00572   0.00772   0.00127   0.00638   0.01028   0.01161   0.02266   0.00813   0.00759   0.00125   0.01946   0.00365   0.00415   0.00475   0.00190   0.00315   0.00515   0.00076   0.01283   0.00288   3.78111   1.84743   1.27272   3.15670   2.77011  -1.29437   0.00745   4.08910   0.00000  
 41  8.3328   8118.766216  x:  0.00270   0.00000   0.00667   0.00732   0.00307   0.00721   0.01512   0.03221   0.00522   0.00305   0.00673   0.00136   0.00582   0.01330   0.00900   0.02356   0.00710   0.00730   0.00112   0.01478   0.00824   0.00352   0.00366   0.00196   0.00358   0.00693   0.00107   0.01448   0.00397   3.60438   1.87306   1.16493   3.54673   2.40445  -2.09316   0.01390   4.77319   0.00000  
 42  1.9407   8112.526116  x:  0.00270   0.00000   0.00827   0.00662   0.00299   0.00745   0.01653   0.03071   0.00557   0.00873   0.00579   0.00148   0.00536   0.01346   0.00724   0.02556   0.00608   0.00658   0.00115   0.01159   0.00874   0.00288   0.00354   0.00213   0.00388   0.00788   0.00136   0.01522   0.00453   3.42884   1.62015   1.58004   4.00173   2.06474  -2.69053   0.01765   5.31097   0.00000  
 43  3.0199   8108.105654  x:  0.00307   0.00000   0.00562   0.00623   0.00278   0.01228   0.01638   0.02866   0.00542   0.00887   0.00497   0.00168   0.00457   0.01116   0.00707   0.02609   0.00829   0.00906   0.00120   0.00997   0.00790   0.00222   0.00404   0.00217   0.00392   0.00782   0.00169   0.01364   0.00520   3.35363   1.50174   1.26124   3.79567   1.68179  -3.09745   0.01657   5.66280   0.00000  
 44  1.0425   8103.901218  x:  0.00393   0.00000   0.00799   0.00573   0.00273   0.01399   0.01704   0.02722   0.00603   0.00794   0.00590   0.00195   0.00464   0.01007   0.01023   0.02751   0.00908   0.00808   0.00129   0.01342   0.00634   0.00180   0.00522   0.00276   0.00367   0.00779   0.00204   0.01285   0.00571   3.24090   1.19317   1.55667   3.73078   1.27413  -3.56508   0.01714   6.21131   0.00000  
 45  2.1419   8096.339694  x:  0.00375   0.00000   0.00438   0.00499   0.00239   0.01172   0.01685   0.02520   0.00704   0.00826   0.00749   0.00245   0.00502   0.01231   0.01297   0.02821   0.00752   0.00790   0.00133   0.01562   0.00404   0.00233   0.00480   0.00358   0.00289   0.00777   0.00281   0.01138   0.00657   2.99930   1.99672   1.22493   4.16947   0.25439  -4.58255   0.01526   7.23120   0.00000  
 46  1.7807   8090.514189  x:  0.00316   0.00000   0.00362   0.00361   0.00218   0.00876   0.01712   0.02594   0.00687   0.00677   0.00782   0.00281   0.00492   0.01180   0.01160   0.02835   0.00721   0.00977   0.00117   0.01335   0.00377   0.00263   0.00440   0.00170   0.00219   0.00710   0.00336   0.01081   0.00713   2.88320   1.69316   1.85554   4.45815  -0.88487  -5.60177   0.01057   8.11887   0.00000  
 47  3.2084   8084.460672  x:  0.00263   0.00000   0.00967   0.00276   0.00250   0.00665   0.01789   0.02834   0.00699   0.00717   0.00859   0.00327   0.00510   0.01083   0.01163   0.02914   0.00711   0.01039   0.00114   0.01242   0.00483   0.00315   0.00516   0.00078   0.00153   0.00686   0.00412   0.01175   0.00777   2.80649   1.97200   1.53788   4.43345  -2.26133  -6.87156   0.01066   9.30419   0.00000  
 48  4.4362   8084.100631  x:  0.00259   0.00053   0.01014   0.00269   0.00253   0.00649   0.01795   0.02853   0.00700   0.00720   0.00865   0.00331   0.00512   0.01076   0.01163   0.02920   0.00711   0.01044   0.00114   0.01235   0.00491   0.00319   0.00521   0.00071   0.00148   0.00684   0.00418   0.01183   0.00783   2.80052   1.99368   1.51319   4.43153  -2.36834  -6.97027   0.01067   9.39634   0.00000  
 49 641061.3649   8080.159435  x:  0.00267   0.00000   0.00965   0.00322   0.00269   0.00595   0.01788   0.02890   0.00669   0.00739   0.00856   0.00348   0.00501   0.01121   0.01135   0.02934   0.00793   0.00915   0.00119   0.01241   0.00583   0.00326   0.00487   0.00220   0.00140   0.00660   0.00450   0.01185   0.00816   2.80910   1.81014   1.47716   4.33145  -2.94532  -7.49403   0.01056   9.88090   0.00000  
 50  4.2200   8071.555651  x:  0.00371   0.00000   0.00875   0.00569   0.00317   0.01243   0.01779   0.03106   0.00533   0.00702   0.00823   0.00423   0.00568   0.01528   0.01064   0.03114   0.00670   0.00678   0.00122   0.01475   0.00783   0.00329   0.00465   0.00191   0.00142   0.00646   0.00573   0.01422   0.00882   2.83593   1.22916   1.39025   3.85972  -5.25726  -9.74523   0.01584  12.05018   0.00000  
 51  5.9015   8066.630165  x:  0.00349   0.00000   0.00978   0.00703   0.00372   0.01440   0.01740   0.03218   0.00573   0.00615   0.00723   0.00511   0.00558   0.01495   0.01099   0.03212   0.01060   0.00910   0.00130   0.01315   0.00668   0.00289   0.00520   0.00304   0.00161   0.00732   0.00714   0.01452   0.00914   2.72609   2.04322   1.47886   3.94439  -7.64434  -12.11302   0.02202  14.37751   0.00000  
 52  3.5282   8062.421507  x:  0.00357   0.00000   0.00762   0.00779   0.00385   0.01289   0.01717   0.03306   0.00638   0.00779   0.00737   0.00588   0.00608   0.01309   0.01259   0.03316   0.01088   0.00971   0.00125   0.01539   0.00750   0.00240   0.00556   0.00254   0.00179   0.00819   0.00842   0.01568   0.00914   2.93187   1.98342   1.18960   3.21228  -9.86101  -14.04992   0.02208  16.48298   0.00000  
 53  4.9889   8058.047483  x:  0.00401   0.00000   0.00575   0.00795   0.00406   0.00999   0.01812   0.03488   0.00730   0.00855   0.00762   0.00685   0.00669   0.01464   0.01396   0.03586   0.01190   0.00988   0.00129   0.01435   0.00659   0.00229   0.00574   0.00222   0.00191   0.00875   0.00994   0.01708   0.00862   3.06374   1.35653   1.22165   1.79416  -12.71764  -17.09526   0.02738  19.70636   0.00000  
 54  5.6446   8054.228947  x:  0.00423   0.00000   0.00813   0.00723   0.00383   0.01207   0.01858   0.03424   0.00768   0.00857   0.00876   0.00816   0.00694   0.01597   0.01304   0.03753   0.01023   0.01065   0.00131   0.01642   0.00536   0.00293   0.00562   0.00286   0.00136   0.00929   0.01215   0.01643   0.00781   2.76200   0.87096   1.32602   1.34531  -16.46017  -20.80581   0.02824  23.54284   0.00000  
 55  3.8404   8051.893925  x:  0.00480   0.00000   0.00880   0.00659   0.00359   0.01397   0.01931   0.03428   0.00761   0.00946   0.01014   0.00916   0.00758   0.01559   0.01373   0.03886   0.00861   0.01055   0.00134   0.01847   0.00657   0.00289   0.00623   0.00291   0.00140   0.00997   0.01385   0.01708   0.00691   2.61186   1.31397   1.20437   1.87963  -19.40375  -23.80282   0.03024  26.59665   0.00000  
 56  4.8918   8049.719602  x:  0.00524   0.00000   0.00950   0.00675   0.00371   0.01509   0.02040   0.03657   0.00783   0.00995   0.01123   0.01062   0.00840   0.01650   0.01588   0.04137   0.00946   0.01101   0.00146   0.01713   0.00664   0.00273   0.00716   0.00284   0.00187   0.01098   0.01631   0.01825   0.00513   2.85122   1.30516   1.13793   1.29736  -23.96102  -28.27780   0.03150  31.30476   0.00000  
 57  6.8037   8048.521476  x:  0.00556   0.00000   0.00946   0.00688   0.00369   0.01520   0.02136   0.03805   0.00773   0.01042   0.01175   0.01163   0.00881   0.01693   0.01633   0.04320   0.01069   0.01128   0.00154   0.01684   0.00681   0.00257   0.00782   0.00254   0.00226   0.01151   0.01801   0.01875   0.00390   3.00493   1.20854   1.29748   1.77770  -27.19824  -31.54155   0.03190  34.68499   0.00000  
 58  6.7271   8047.907414  x:  0.00554   0.00000   0.00912   0.00808   0.00375   0.01479   0.02180   0.03957   0.00730   0.01067   0.01180   0.01239   0.00911   0.01643   0.01658   0.04410   0.01191   0.01283   0.00164   0.01818   0.00632   0.00271   0.00813   0.00286   0.00203   0.01199   0.01931   0.01835   0.00421   3.00863   1.08867   1.34726   1.59617  -29.55214  -33.94929   0.03169  37.17303   0.00000  
 59  2.0714   8047.609460  x:  0.00545   0.00000   0.00925   0.00877   0.00385   0.01504   0.02202   0.04050   0.00721   0.01061   0.01189   0.01282   0.00931   0.01679   0.01716   0.04447   0.01239   0.01360   0.00170   0.01854   0.00614   0.00275   0.00828   0.00309   0.00189   0.01239   0.02008   0.01831   0.00439   3.03980   1.11536   1.38537   1.61647  -30.97161  -35.29546   0.02987  38.56128   0.00000  
 60  2.8108   8047.273487  x:  0.00559   0.00000   0.00971   0.00920   0.00411   0.01598   0.02322   0.04245   0.00771   0.01090   0.01245   0.01390   0.00987   0.01822   0.01921   0.04626   0.01261   0.01425   0.00176   0.01886   0.00650   0.00267   0.00848   0.00330   0.00187   0.01336   0.02208   0.01939   0.00425   3.09682   1.11980   1.23581   1.39702  -34.65237  -38.98139   0.02815  42.38953   0.00000  
 61  2.7228   8047.162204  x:  0.00573   0.00000   0.00980   0.00921   0.00423   0.01627   0.02362   0.04280   0.00804   0.01097   0.01253   0.01407   0.00998   0.01852   0.01957   0.04671   0.01269   0.01422   0.00175   0.01928   0.00677   0.00268   0.00843   0.00325   0.00198   0.01357   0.02247   0.01993   0.00458   3.09086   1.08001   1.25724   1.50135  -35.42475  -39.74832   0.02725  43.19110   0.00000  
 62  0.8959   8047.049551  x:  0.00607   0.00000   0.01046   0.00910   0.00446   0.01698   0.02420   0.04332   0.00877   0.01111   0.01273   0.01426   0.01016   0.01852   0.01970   0.04773   0.01287   0.01414   0.00173   0.02011   0.00650   0.00273   0.00840   0.00320   0.00225   0.01374   0.02297   0.02082   0.00475   3.07267   1.12380   1.31161   1.51223  -36.43236  -40.74823   0.02775  44.30796   0.00000  
 63  0.5136   8046.933964  x:  0.00641   0.00000   0.01086   0.00932   0.00473   0.01747   0.02523   0.04513   0.00931   0.01172   0.01331   0.01459   0.01061   0.01898   0.02015   0.04958   0.01328   0.01454   0.00176   0.02068   0.00644   0.00263   0.00885   0.00313   0.00250   0.01406   0.02383   0.02182   0.00469   3.17720   1.06392   1.30075   1.45211  -38.27628  -42.53975   0.02802  46.31146   0.00000  
 64  0.8934   8046.750176  x:  0.00680   0.00000   0.01111   0.00959   0.00497   0.01787   0.02667   0.04746   0.00960   0.01273   0.01411   0.01449   0.01115   0.01948   0.02035   0.05213   0.01351   0.01512   0.00185   0.02107   0.00645   0.00266   0.00952   0.00326   0.00262   0.01418   0.02427   0.02258   0.00487   3.25728   1.01058   1.25040   1.37878  -39.64894  -43.92111   0.02974  47.99272   0.00000  
 65  0.6761   8046.426844  x:  0.00724   0.00000   0.01164   0.01045   0.00530   0.01939   0.02898   0.05128   0.00978   0.01405   0.01538   0.01426   0.01208   0.02106   0.02130   0.05639   0.01416   0.01674   0.00204   0.02245   0.00660   0.00284   0.01052   0.00392   0.00259   0.01488   0.02522   0.02340   0.00505   3.24635   1.11641   1.30515   1.47095  -42.40481  -46.58996   0.02999  51.20549   0.00000  
 66  1.3191   8046.047288  x:  0.00733   0.00000   0.01141   0.01075   0.00524   0.02008   0.03073   0.05306   0.00951   0.01491   0.01590   0.01276   0.01242   0.02266   0.02211   0.06013   0.01461   0.01771   0.00217   0.02267   0.00656   0.00263   0.01099   0.00456   0.00242   0.01543   0.02449   0.02309   0.00468   3.13344   1.08397   1.34464   1.56781  -42.48420  -46.68486   0.02948  51.83123   0.00000  
 67  0.1857   8045.609842  x:  0.00786   0.00000   0.01192   0.01100   0.00548   0.02123   0.03294   0.05529   0.01071   0.01575   0.01641   0.01089   0.01294   0.02415   0.02411   0.06529   0.01607   0.01837   0.00223   0.02397   0.00633   0.00265   0.01107   0.00455   0.00293   0.01652   0.02375   0.02453   0.00438   3.18803   0.99131   1.24906   1.35411  -43.03168  -47.14858   0.02753  53.14695   0.00000  
 68  0.4668   8045.370509  x:  0.00775   0.00000   0.01160   0.01063   0.00519   0.02063   0.03183   0.05261   0.01084   0.01484   0.01559   0.00925   0.01241   0.02300   0.02404   0.06425   0.01608   0.01750   0.00211   0.02379   0.00650   0.00274   0.01011   0.00412   0.00305   0.01645   0.02167   0.02417   0.00451   3.13580   1.03946   1.22852   1.32295  -39.75310  -43.90993   0.02697  49.99749   0.00000  
 69  3.2023   8045.021163  x:  0.00795   0.00000   0.01177   0.01115   0.00499   0.02013   0.03037   0.05061   0.01094   0.01357   0.01559   0.00868   0.01247   0.02096   0.02371   0.06356   0.01568   0.01720   0.00201   0.02420   0.00694   0.00267   0.00966   0.00352   0.00314   0.01696   0.02151   0.02440   0.00483   3.17518   1.11733   1.39428   1.64322  -40.00481  -44.16576   0.02849  50.42095   0.00000  
 70  0.1541   8044.493493  x:  0.00770   0.00000   0.01196   0.01241   0.00457   0.01901   0.02869   0.04941   0.01023   0.01211   0.01599   0.00663   0.01269   0.02084   0.02423   0.06470   0.01518   0.01790   0.00206   0.02293   0.00626   0.00259   0.00964   0.00352   0.00267   0.01819   0.02094   0.02316   0.00426   3.22203   1.07572   1.29209   1.53409  -41.06584  -45.28534   0.02934  52.29201   0.00000  
 71  0.6587   8044.161903  x:  0.00758   0.00000   0.01214   0.01273   0.00485   0.01900   0.02783   0.05041   0.01013   0.01202   0.01665   0.00738   0.01307   0.02169   0.02406   0.06409   0.01454   0.01828   0.00208   0.02284   0.00658   0.00279   0.01010   0.00367   0.00243   0.01864   0.02293   0.02336   0.00463   3.21077   1.00282   1.22016   1.24903  -45.01319  -49.27672   0.03023  56.54563   0.00000  
 72  2.9920   8043.762860  x:  0.00758   0.00000   0.01235   0.01218   0.00521   0.01960   0.02686   0.05066   0.01091   0.01205   0.01710   0.00491   0.01319   0.02269   0.02357   0.06516   0.01444   0.01773   0.00200   0.02307   0.00692   0.00279   0.01006   0.00360   0.00277   0.01924   0.02257   0.02410   0.00496   3.18440   0.96998   1.27149   1.30767  -46.93708  -51.23683   0.03052  59.63856   0.00000  
 73  1.5836   8043.406006  x:  0.00702   0.00000   0.01210   0.01046   0.00557   0.01969   0.02489   0.05021   0.01109   0.01257   0.01672   0.00540   0.01263   0.02270   0.02162   0.06100   0.01420   0.01623   0.00188   0.02197   0.00655   0.00261   0.01007   0.00364   0.00300   0.01806   0.02352   0.02385   0.00474   3.27654   1.00344   1.29280   1.36039  -48.54072  -52.89320   0.03044  61.37815   0.00000  
 74  1.3902   8043.216474  x:  0.00649   0.00000   0.01104   0.00981   0.00522   0.01884   0.02335   0.04853   0.01033   0.01262   0.01595   0.00407   0.01205   0.02117   0.02070   0.05819   0.01445   0.01565   0.00185   0.02121   0.00643   0.00269   0.00965   0.00360   0.00283   0.01710   0.02215   0.02233   0.00448   3.31687   1.02458   1.28927   1.34098  -46.64492  -51.04049   0.02954  59.73231   0.00000  
 75  1.6952   8043.108859  x:  0.00628   0.00000   0.01023   0.00961   0.00478   0.01803   0.02297   0.04709   0.00947   0.01264   0.01524   0.00464   0.01166   0.01947   0.02019   0.05538   0.01427   0.01543   0.00186   0.02087   0.00653   0.00273   0.00935   0.00354   0.00250   0.01598   0.02168   0.02110   0.00457   3.31133   1.03075   1.32347   1.40125  -44.80335  -49.22347   0.02910  57.44303   0.00000  
 76  2.4605   8043.010833  x:  0.00642   0.00000   0.01038   0.00926   0.00452   0.01785   0.02320   0.04582   0.00950   0.01249   0.01488   0.00410   0.01153   0.01910   0.02009   0.05411   0.01343   0.01490   0.00182   0.02063   0.00659   0.00266   0.00899   0.00333   0.00234   0.01516   0.02114   0.02081   0.00495   3.25471   1.02645   1.32245   1.39396  -44.12085  -48.57859   0.02953  56.88447   0.00000  
 77  0.3944   8042.960039  x:  0.00617   0.00000   0.01015   0.00877   0.00419   0.01714   0.02248   0.04376   0.00912   0.01200   0.01410   0.00400   0.01106   0.01846   0.01947   0.05109   0.01276   0.01417   0.00177   0.01972   0.00649   0.00265   0.00854   0.00309   0.00217   0.01407   0.02051   0.01987   0.00483   3.24417   1.03722   1.31873   1.39523  -42.68993  -47.18027   0.02959  55.31149   0.00000  
 78  1.8242   8042.930575  x:  0.00624   0.00000   0.01036   0.00902   0.00428   0.01734   0.02335   0.04448   0.00923   0.01212   0.01420   0.00420   0.01123   0.01934   0.01980   0.05178   0.01281   0.01455   0.00180   0.01974   0.00643   0.00268   0.00877   0.00319   0.00222   0.01409   0.02088   0.02009   0.00461   3.25754   1.02805   1.30860   1.36121  -43.48189  -47.96068   0.02982  56.16765   0.00000  
 79  1.2227   8042.903323  x:  0.00627   0.00000   0.01035   0.00940   0.00439   0.01728   0.02380   0.04453   0.00941   0.01189   0.01410   0.00399   0.01131   0.01956   0.01988   0.05180   0.01299   0.01483   0.00180   0.02003   0.00656   0.00271   0.00882   0.00315   0.00237   0.01413   0.02099   0.02037   0.00459   3.28488   1.03027   1.33487   1.39020  -44.12673  -48.59991   0.03008  57.00487   0.00000  
 80  0.6272   8042.891935  x:  0.00623   0.00000   0.01015   0.00932   0.00437   0.01717   0.02403   0.04415   0.00936   0.01191   0.01383   0.00401   0.01117   0.01924   0.01971   0.05086   0.01301   0.01476   0.00179   0.02003   0.00655   0.00269   0.00874   0.00318   0.00236   0.01372   0.02079   0.02021   0.00470   3.28117   1.03586   1.33466   1.40254  -43.66180  -48.14137   0.02993  56.49198   0.00000  
 81  0.5481   8042.879235  x:  0.00616   0.00000   0.01009   0.00934   0.00444   0.01707   0.02376   0.04362   0.00935   0.01164   0.01385   0.00407   0.01105   0.01891   0.01954   0.05004   0.01292   0.01464   0.00177   0.01982   0.00646   0.00265   0.00869   0.00326   0.00235   0.01390   0.02069   0.02014   0.00470   3.27018   1.03218   1.30356   1.37755  -43.44977  -47.94014   0.02999  56.24369   0.00000  
 82  0.1113   8042.864998  x:  0.00621   0.00000   0.00998   0.00925   0.00449   0.01717   0.02402   0.04353   0.00935   0.01170   0.01399   0.00387   0.01099   0.01887   0.01946   0.04972   0.01300   0.01460   0.00176   0.01982   0.00653   0.00270   0.00874   0.00333   0.00239   0.01405   0.02028   0.02013   0.00459   3.25211   1.02892   1.30216   1.37016  -42.87404  -47.36201   0.03007  55.70373   0.00000  
 83  0.3847   8042.844962  x:  0.00629   0.00000   0.01009   0.00921   0.00451   0.01708   0.02407   0.04331   0.00930   0.01156   0.01415   0.00408   0.01094   0.01902   0.01927   0.04865   0.01282   0.01445   0.00174   0.01966   0.00659   0.00273   0.00874   0.00319   0.00236   0.01422   0.02006   0.02004   0.00461   3.24626   1.03714   1.33667   1.40094  -42.45200  -46.93720   0.03023  55.22044   0.00000  
 84  0.2327   8042.822714  x:  0.00629   0.00000   0.01006   0.00927   0.00445   0.01687   0.02399   0.04353   0.00913   0.01167   0.01429   0.00386   0.01092   0.01912   0.01926   0.04821   0.01282   0.01451   0.00174   0.01956   0.00646   0.00267   0.00874   0.00312   0.00223   0.01448   0.01963   0.01970   0.00471   3.26504   1.03904   1.34088   1.40457  -42.06953  -46.55576   0.02983  54.94940   0.00000  
 85  0.2460   8042.779321  x:  0.00632   0.00000   0.01016   0.00907   0.00458   0.01718   0.02420   0.04449   0.00966   0.01224   0.01449   0.00401   0.01100   0.01937   0.01959   0.04866   0.01306   0.01446   0.00173   0.02029   0.00645   0.00262   0.00867   0.00302   0.00239   0.01506   0.01975   0.02033   0.00466   3.31021   1.02072   1.31674   1.37296  -43.13463  -47.61990   0.02939  56.38283   0.00000  
 86  0.4302   8042.647152  x:  0.00622   0.00000   0.01018   0.00984   0.00422   0.01707   0.02475   0.04455   0.00970   0.01241   0.01443   0.00411   0.01114   0.01879   0.02035   0.04849   0.01262   0.01504   0.00182   0.02093   0.00654   0.00274   0.00842   0.00305   0.00216   0.01576   0.01907   0.02030   0.00444   3.32496   1.03356   1.31630   1.41320  -44.58581  -49.09805   0.03033  58.80985   0.00000  
 87  0.7437   8042.357043  x:  0.00600   0.00000   0.01066   0.00967   0.00431   0.01820   0.02445   0.04595   0.01007   0.01344   0.01427   0.00418   0.01116   0.01931   0.02015   0.04996   0.01321   0.01471   0.00197   0.01987   0.00630   0.00275   0.00866   0.00347   0.00242   0.01589   0.01722   0.02100   0.00475   3.35732   1.01346   1.38766   1.39881  -46.98188  -51.50257   0.03216  63.29569   0.00000  
 88  1.0873   8042.187394  x:  0.00618   0.00000   0.01061   0.01016   0.00417   0.01821   0.02456   0.04555   0.00995   0.01309   0.01391   0.00487   0.01133   0.01889   0.02114   0.05202   0.01378   0.01494   0.00201   0.01975   0.00663   0.00264   0.00868   0.00329   0.00265   0.01584   0.01592   0.02132   0.00474   3.41544   0.93923   1.32068   1.23747  -47.87052  -52.41159   0.03226  65.29436   0.00000  
 89  1.0348   8042.053898  x:  0.00618   0.00000   0.01032   0.00975   0.00437   0.01791   0.02370   0.04419   0.00930   0.01216   0.01380   0.00508   0.01122   0.01908   0.02041   0.05129   0.01361   0.01471   0.00190   0.01940   0.00665   0.00265   0.00895   0.00322   0.00281   0.01481   0.01495   0.02045   0.00462   3.44844   0.98912   1.31697   1.36666  -47.97859  -52.57554   0.03137  66.07999   0.00000  
 90  0.3550   8042.017701  x:  0.00627   0.00000   0.01019   0.00937   0.00445   0.01762   0.02349   0.04350   0.00919   0.01185   0.01390   0.00484   0.01112   0.01883   0.01986   0.05058   0.01320   0.01454   0.00180   0.01973   0.00651   0.00269   0.00886   0.00314   0.00281   0.01434   0.01449   0.02007   0.00468   3.42195   0.99536   1.33120   1.33040  -47.08686  -51.69384   0.03090  65.17575   0.00000  
 91  0.9945   8042.011688  x:  0.00624   0.00000   0.01010   0.00934   0.00444   0.01748   0.02352   0.04361   0.00923   0.01188   0.01398   0.00479   0.01114   0.01869   0.01981   0.05090   0.01297   0.01461   0.00179   0.01979   0.00652   0.00268   0.00880   0.00318   0.00279   0.01433   0.01451   0.02010   0.00467   3.41479   0.97891   1.33547   1.32290  -46.93315  -51.53544   0.03097  64.94763   0.00000  
 92  0.1988   8042.009973  x:  0.00621   0.00000   0.01006   0.00931   0.00443   0.01736   0.02354   0.04360   0.00924   0.01182   0.01397   0.00484   0.01111   0.01867   0.01979   0.05088   0.01290   0.01461   0.00177   0.01966   0.00653   0.00268   0.00874   0.00319   0.00282   0.01431   0.01440   0.02010   0.00467   3.41560   0.98872   1.33044   1.32857  -46.84650  -51.44961   0.03095  64.89144   0.00000  
 93  0.0721   8042.009578  x:  0.00621   0.00000   0.01007   0.00929   0.00444   0.01733   0.02355   0.04368   0.00926   0.01183   0.01398   0.00485   0.01110   0.01870   0.01977   0.05092   0.01293   0.01462   0.00176   0.01963   0.00652   0.00269   0.00873   0.00319   0.00283   0.01433   0.01447   0.02010   0.00467   3.41435   0.98773   1.33145   1.32755  -46.91213  -51.51585   0.03094  64.93833   0.00000  
 94  0.0658   8042.009465  x:  0.00620   0.00000   0.01006   0.00928   0.00443   0.01729   0.02355   0.04363   0.00924   0.01181   0.01396   0.00484   0.01108   0.01866   0.01975   0.05084   0.01294   0.01461   0.00175   0.01961   0.00652   0.00268   0.00872   0.00318   0.00284   0.01433   0.01442   0.02007   0.00468   3.41290   0.98699   1.33272   1.32810  -46.86664  -51.47198   0.03095  64.90891   0.00000  
 95  0.0502   8042.009431  x:  0.00620   0.00000   0.01006   0.00928   0.00442   0.01729   0.02354   0.04362   0.00923   0.01180   0.01396   0.00483   0.01107   0.01866   0.01974   0.05086   0.01294   0.01461   0.00175   0.01961   0.00652   0.00268   0.00872   0.00318   0.00284   0.01433   0.01444   0.02005   0.00467   3.41234   0.98788   1.33205   1.32779  -46.86674  -51.47200   0.03096  64.89832   0.00000  
 96  0.0058   8042.009417  x:  0.00620   0.00000   0.01006   0.00928   0.00442   0.01730   0.02356   0.04363   0.00923   0.01181   0.01396   0.00484   0.01107   0.01866   0.01974   0.05086   0.01294   0.01460   0.00175   0.01961   0.00652   0.00268   0.00872   0.00318   0.00284   0.01434   0.01443   0.02005   0.00468   3.41300   0.98748   1.33176   1.32767  -46.87148  -51.47668   0.03096  64.90771   0.00000  
 97  0.0048   8042.009413  x:  0.00620   0.00000   0.01006   0.00928   0.00442   0.01730   0.02356   0.04363   0.00923   0.01180   0.01396   0.00484   0.01106   0.01866   0.01974   0.05087   0.01294   0.01460   0.00175   0.01962   0.00652   0.00268   0.00872   0.00318   0.00284   0.01434   0.01443   0.02005   0.00468   3.41354   0.98736   1.33196   1.32752  -46.88262  -51.48783   0.03095  64.92112   0.00000  
 98  0.0124   8042.009412  x:  0.00620   0.00000   0.01006   0.00928   0.00442   0.01730   0.02356   0.04363   0.00923   0.01180   0.01396   0.00484   0.01106   0.01866   0.01974   0.05088   0.01294   0.01460   0.00175   0.01962   0.00652   0.00268   0.00872   0.00318   0.00284   0.01434   0.01444   0.02006   0.00468   3.41370   0.98743   1.33219   1.32766  -46.89354  -51.49888   0.03096  64.93527   0.00000  
 99  0.0087   8042.009411  x:  0.00620   0.00000   0.01006   0.00928   0.00442   0.01730   0.02356   0.04362   0.00923   0.01180   0.01396   0.00484   0.01106   0.01866   0.01974   0.05088   0.01294   0.01460   0.00175   0.01961   0.00652   0.00268   0.00872   0.00318   0.00284   0.01434   0.01444   0.02006   0.00468   3.41356   0.98743   1.33201   1.32770  -46.88953  -51.49491   0.03095  64.92997   0.00000  
100  0.0032   8042.009411  x:  0.00620   0.00000   0.01006   0.00928   0.00442   0.01730   0.02356   0.04362   0.00923   0.01180   0.01396   0.00484   0.01106   0.01866   0.01974   0.05088   0.01294   0.01460   0.00175   0.01962   0.00652   0.00268   0.00872   0.00318   0.00284   0.01434   0.01444   0.02006   0.00468   3.41357   0.98743   1.33201   1.32767  -46.88984  -51.49520   0.03095  64.93033   0.00000  
101  0.0017   8042.009411  x:  0.00620   0.00000   0.01006   0.00928   0.00442   0.01730   0.02356   0.04362   0.00923   0.01180   0.01396   0.00484   0.01106   0.01866   0.01974   0.05088   0.01294   0.01460   0.00175   0.01962   0.00652   0.00268   0.00872   0.00318   0.00284   0.01434   0.01444   0.02006   0.00468   3.41358   0.98742   1.33201   1.32765  -46.89017  -51.49552   0.03095  64.93072   0.00000  
102  0.0020   8042.009411  x:  0.00620   0.00000   0.01006   0.00928   0.00442   0.01730   0.02356   0.04362   0.00923   0.01180   0.01396   0.00484   0.01106   0.01866   0.01974   0.05088   0.01294   0.01460   0.00175   0.01962   0.00652   0.00268   0.00872   0.00318   0.00284   0.01434   0.01444   0.02006   0.00468   3.41358   0.98742   1.33201   1.32764  -46.89032  -51.49566   0.03095  64.93090   0.00000  
103  0.0015   8042.009411  x:  0.00620   0.00000   0.01006   0.00928   0.00442   0.01730   0.02356   0.04362   0.00923   0.01180   0.01396   0.00484   0.01106   0.01866   0.01974   0.05088   0.01294   0.01460   0.00175   0.01962   0.00652   0.00268   0.00872   0.00318   0.00284   0.01434   0.01444   0.02006   0.00468   3.41358   0.98742   1.33201   1.32763  -46.89041  -51.49575   0.03096  64.93101   0.00000  
104  0.0013   8042.009411  x:  0.00620   0.00000   0.01006   0.00928   0.00442   0.01730   0.02356   0.04362   0.00923   0.01180   0.01396   0.00484   0.01106   0.01866   0.01974   0.05088   0.01294   0.01460   0.00175   0.01962   0.00652   0.00268   0.00872   0.00318   0.00284   0.01434   0.01444   0.02006   0.00468   3.41359   0.98742   1.33201   1.32763  -46.89047  -51.49581   0.03096  64.93108   0.00000  
105  0.0010   8042.009411  x:  0.00620   0.00000   0.01006   0.00928   0.00442   0.01730   0.02356   0.04362   0.00923   0.01180   0.01396   0.00484   0.01106   0.01866   0.01974   0.05088   0.01294   0.01460   0.00175   0.01962   0.00652   0.00268   0.00872   0.00318   0.00284   0.01434   0.01444   0.02006   0.00468   3.41359   0.98742   1.33201   1.32762  -46.89052  -51.49586   0.03096  64.93115   0.00000  
106  0.0008   8042.009411  x:  0.00620   0.00000   0.01006   0.00928   0.00442   0.01730   0.02356   0.04362   0.00923   0.01180   0.01396   0.00484   0.01106   0.01866   0.01974   0.05088   0.01294   0.01460   0.00175   0.01962   0.00652   0.00268   0.00872   0.00318   0.00284   0.01434   0.01444   0.02006   0.00468   3.41359   0.98742   1.33201   1.32762  -46.89055  -51.49588   0.03096  64.93118   0.00000  
107  0.0006   8042.009411  x:  0.00620   0.00000   0.01006   0.00928   0.00442   0.01730   0.02356   0.04362   0.00923   0.01180   0.01396   0.00484   0.01106   0.01866   0.01974   0.05088   0.01294   0.01460   0.00175   0.01962   0.00652   0.00268   0.00872   0.00318   0.00284   0.01434   0.01444   0.02006   0.00468   3.41359   0.98742   1.33202   1.32762  -46.89057  -51.49590   0.03096  64.93121   0.00000  
108  0.0004   8042.009411  x:  0.00620   0.00000   0.01006   0.00928   0.00442   0.01730   0.02356   0.04362   0.00923   0.01180   0.01396   0.00484   0.01106   0.01866   0.01974   0.05088   0.01294   0.01460   0.00175   0.01962   0.00652   0.00268   0.00872   0.00318   0.00284   0.01434   0.01444   0.02006   0.00468   3.41359   0.98741   1.33202   1.32762  -46.89058  -51.49592   0.03096  64.93123   0.00000  
109  0.0003   8042.009411  x:  0.00620   0.00000   0.01006   0.00928   0.00442   0.01730   0.02356   0.04362   0.00923   0.01180   0.01396   0.00484   0.01106   0.01866   0.01974   0.05088   0.01294   0.01460   0.00175   0.01962   0.00652   0.00268   0.00872   0.00318   0.00284   0.01434   0.01444   0.02006   0.00468   3.41359   0.98741   1.33202   1.32761  -46.89059  -51.49593   0.03096  64.93124   0.00000  
110  0.0002   8042.009411  x:  0.00620   0.00000   0.01006   0.00928   0.00442   0.01730   0.02356   0.04362   0.00923   0.01180   0.01396   0.00484   0.01106   0.01866   0.01974   0.05088   0.01294   0.01460   0.00175   0.01962   0.00652   0.00268   0.00872   0.00318   0.00284   0.01434   0.01444   0.02006   0.00468   3.41360   0.98741   1.33202   1.32761  -46.89059  -51.49593   0.03096  64.93124   0.00000  
111  0.0001   8042.009411  x:  0.00620   0.00000   0.01006   0.00928   0.00442   0.01730   0.02356   0.04362   0.00923   0.01180   0.01396   0.00484   0.01106   0.01866   0.01974   0.05088   0.01294   0.01460   0.00175   0.01962   0.00652   0.00268   0.00872   0.00318   0.00284   0.01434   0.01444   0.02006   0.00468   3.41360   0.98741   1.33202   1.32761  -46.89060  -51.49593   0.03096  64.93125   0.00000  