Supplemental results for CODEML (seqf: /home/leticiamagpali/phd/evol_models/codeml/big_dataset/cml_align/OTOF_codon_aligned.phy  treef: /home/leticiamagpali/phd/evol_models/codeml/big_dataset/cml_trees/gene_trees/H1c_gene_trees/OTOF_tree_H1c.tre)

I	J	ij	2Ns_IJ	pMut_IJ	pSub_IJ	2Ns_JI	pMut_JI	pSub_JI

TTC	TTT	CT	-0.61077	0.07850	0.05695	0.61077	0.04262	0.05695	0.05695	0.05695
TTA	TTT	AT	6.62039	0.00001	0.00008	-6.62039	0.00954	0.00008	0.00004	0.00004
TTA	TTC	AC	7.23116	0.00002	0.00017	-7.23116	0.03218	0.00017	0.00008	0.00008
TTG	TTT	GT	1.25962	0.00268	0.00471	-1.25962	0.00944	0.00471	0.00235	0.00235
TTG	TTC	GC	1.87039	0.00490	0.01084	-1.87039	0.03182	0.01084	0.00542	0.00542
TTG	TTA	GA	-5.36078	0.01899	0.00048	5.36078	0.00009	0.00048	0.00048	0.00048
TCT	TTT	CT	1.45506	0.00995	0.01888	-1.45506	0.04262	0.01888	0.00944	0.00944
TCC	TTC	CT	0.71517	0.07029	0.09839	-0.71517	0.14371	0.09839	0.04920	0.04920
TCC	TCT	CT	-1.35066	0.07029	0.03319	1.35066	0.01821	0.03319	0.03319	0.03319
TCA	TTA	CT	-5.01748	0.01463	0.00049	5.01748	0.00010	0.00049	0.00024	0.00024
TCA	TCT	AT	0.14785	0.00352	0.00378	-0.14785	0.00408	0.00378	0.00378	0.00378
TCA	TCC	AC	1.49851	0.00644	0.01243	-1.49851	0.02882	0.01243	0.01243	0.01243
TCG	TTG	CT	0.72847	0.00984	0.01386	-0.72847	0.02039	0.01386	0.00693	0.00693
TCG	TCT	GT	0.53302	0.00237	0.00305	-0.53302	0.00403	0.00305	0.00305	0.00305
TCG	TCC	GC	1.88368	0.00433	0.00962	-1.88368	0.02850	0.00962	0.00962	0.00962
TCG	TCA	GA	0.38517	0.01678	0.02022	-0.38517	0.02466	0.02022	0.02022	0.02022
TAT	TTT	AT	1.12733	0.00309	0.00515	-1.12733	0.00954	0.00515	0.00258	0.00258
TAT	TCT	AC	-0.32773	0.00566	0.00478	0.32773	0.00408	0.00478	0.00239	0.00239
TAC	TTC	AT	0.63387	0.01707	0.02305	-0.63387	0.03218	0.02305	0.01153	0.01153
TAC	TCC	AC	-0.08130	0.03126	0.03001	0.08130	0.02882	0.03001	0.01500	0.01500
TAC	TAT	CT	-1.10423	0.07101	0.03888	1.10423	0.02354	0.03888	0.03888	0.03888
TGT	TTT	GT	1.92241	0.00138	0.00311	-1.92241	0.00944	0.00311	0.00155	0.00155
TGT	TCT	GC	0.46734	0.00253	0.00316	-0.46734	0.00403	0.00316	0.00158	0.00158
TGT	TAT	GA	0.79508	0.00979	0.01419	-0.79508	0.02168	0.01419	0.00709	0.00709
TGC	TTC	GT	1.61337	0.00634	0.01277	-1.61337	0.03182	0.01277	0.00639	0.00639
TGC	TCC	GC	0.89820	0.01161	0.01759	-0.89820	0.02850	0.01759	0.00879	0.00879
TGC	TAC	GA	0.97950	0.04496	0.07051	-0.97950	0.11972	0.07051	0.03526	0.03526
TGC	TGT	CT	-0.91980	0.02637	0.01607	0.91980	0.01051	0.01607	0.01607	0.01607
TGG	TTG	GT	-0.75684	0.00962	0.00644	0.75684	0.00452	0.00644	0.00322	0.00322
TGG	TCG	GC	-1.48530	0.01762	0.00766	1.48530	0.00399	0.00766	0.00383	0.00383
TGG	TGT	GT	-1.41963	0.00962	0.00436	1.41963	0.00233	0.00436	0.00218	0.00218
TGG	TGC	GC	-0.49982	0.01762	0.01358	0.49982	0.01069	0.01358	0.00679	0.00679
CTT	TTT	CT	2.05196	0.00548	0.01289	-2.05196	0.04262	0.01289	0.00645	0.00645
CTC	TTC	CT	0.88271	0.05945	0.08949	-0.88271	0.14371	0.08949	0.04475	0.04475
CTC	CTT	CT	-1.78002	0.05945	0.02146	1.78002	0.01002	0.02146	0.02146	0.02146
CTA	TTA	CT	-4.01530	0.00537	0.00040	4.01530	0.00010	0.00040	0.00040	0.00040
CTA	CTT	AT	0.55313	0.00129	0.00168	-0.55313	0.00225	0.00168	0.00168	0.00168
CTA	CTC	AC	2.33315	0.00236	0.00611	-2.33315	0.02437	0.00611	0.00611	0.00611
CTG	TTG	CT	-2.04711	0.15793	0.04793	2.04711	0.02039	0.04793	0.04793	0.04793
CTG	CTT	GT	-2.83946	0.03798	0.00669	2.83946	0.00222	0.00669	0.00669	0.00669
CTG	CTC	GC	-1.05944	0.06953	0.03908	1.05944	0.02410	0.03908	0.03908	0.03908
CTG	CTA	GA	-3.39259	0.26929	0.03178	3.39259	0.00905	0.03178	0.03178	0.03178
CCT	TCT	CT	-0.41647	0.02762	0.02226	0.41647	0.01821	0.02226	0.01113	0.01113
CCT	CTT	CT	-1.01337	0.02762	0.01595	1.01337	0.01002	0.01595	0.00797	0.00797
CCC	TCC	CT	0.40361	0.08595	0.10446	-0.40361	0.12868	0.10446	0.05223	0.05223
CCC	CTC	CT	0.23607	0.08595	0.09649	-0.23607	0.10883	0.09649	0.04825	0.04825
CCC	CCT	CT	-0.53058	0.08595	0.06515	0.53058	0.05056	0.06515	0.06515	0.06515
CCA	TCA	CT	0.31211	0.01960	0.02282	-0.31211	0.02678	0.02282	0.01141	0.01141
CCA	CTA	CT	-0.69007	0.01960	0.01361	0.69007	0.00983	0.01361	0.00681	0.00681
CCA	CCT	AT	0.87643	0.00471	0.00708	-0.87643	0.01132	0.00708	0.00708	0.00708
CCA	CCC	AC	1.40701	0.00863	0.01608	-1.40701	0.03524	0.01608	0.01608	0.01608
CCG	TCG	CT	-0.12144	0.02034	0.01913	0.12144	0.01802	0.01913	0.00957	0.00957
CCG	CTG	CT	2.65414	0.02034	0.05808	-2.65414	0.28914	0.05808	0.02904	0.02904
CCG	CCT	GT	0.82805	0.00489	0.00719	-0.82805	0.01120	0.00719	0.00719	0.00719
CCG	CCC	GC	1.35863	0.00896	0.01638	-1.35863	0.03485	0.01638	0.01638	0.01638
CCG	CCA	GA	-0.04838	0.03469	0.03385	0.04838	0.03305	0.03385	0.03385	0.03385
CAT	TAT	CT	1.98694	0.00323	0.00743	-1.98694	0.02354	0.00743	0.00372	0.00372
CAT	CTT	AT	1.06231	0.00078	0.00126	-1.06231	0.00225	0.00126	0.00063	0.00063
CAT	CCT	AC	2.07568	0.00142	0.00337	-2.07568	0.01132	0.00337	0.00169	0.00169
CAC	TAC	CT	1.38668	0.03249	0.06006	-1.38668	0.13000	0.06006	0.03003	0.03003
CAC	CTC	AT	1.13784	0.00781	0.01308	-1.13784	0.02437	0.01308	0.00654	0.00654
CAC	CCC	AC	0.90177	0.01430	0.02171	-0.90177	0.03524	0.02171	0.01085	0.01085
CAC	CAT	CT	-1.70449	0.03249	0.01231	1.70449	0.00591	0.01231	0.01231	0.01231
CAA	CTA	AT	0.27087	0.00168	0.00192	-0.27087	0.00220	0.00192	0.00096	0.00096
CAA	CCA	AC	0.96094	0.00307	0.00478	-0.96094	0.00804	0.00478	0.00239	0.00239
CAA	CAT	AT	-0.23831	0.00168	0.00149	0.23831	0.00132	0.00149	0.00074	0.00074
CAA	CAC	AC	1.46618	0.00307	0.00586	-1.46618	0.01332	0.00586	0.00293	0.00293
CAG	CTG	AT	1.38938	0.01614	0.02987	-1.38938	0.06475	0.02987	0.01493	0.01493
CAG	CCG	AC	-1.26476	0.02955	0.01470	1.26476	0.00834	0.01470	0.00735	0.00735
CAG	CAT	GT	-2.51239	0.01614	0.00358	2.51239	0.00131	0.00358	0.00179	0.00179
CAG	CAC	GC	-0.80790	0.02955	0.01920	0.80790	0.01317	0.01920	0.00960	0.00960
CAG	CAA	GA	-2.27408	0.11444	0.02985	2.27408	0.01177	0.02985	0.02985	0.02985
CGT	TGT	CT	0.90948	0.00423	0.00644	-0.90948	0.01051	0.00644	0.00322	0.00322
CGT	CTT	GT	0.77993	0.00102	0.00147	-0.77993	0.00222	0.00147	0.00073	0.00073
CGT	CCT	GC	1.79329	0.00186	0.00401	-1.79329	0.01120	0.00401	0.00200	0.00200
CGT	CAT	GA	-0.28239	0.00722	0.00625	0.28239	0.00544	0.00625	0.00312	0.00312
CGC	TGC	CT	0.13890	0.04201	0.04499	-0.13890	0.04827	0.04499	0.02250	0.02250
CGC	CTC	GT	0.86956	0.01010	0.01512	-0.86956	0.02410	0.01512	0.00756	0.00756
CGC	CCC	GC	0.63350	0.01849	0.02497	-0.63350	0.03485	0.02497	0.01248	0.01248
CGC	CAC	GA	-0.26827	0.07163	0.06245	0.26827	0.05477	0.06245	0.03123	0.03123
CGC	CGT	CT	-1.69038	0.04201	0.01606	1.69038	0.00775	0.01606	0.01606	0.01606
CGA	CTA	GT	0.01848	0.00214	0.00216	-0.01848	0.00218	0.00216	0.00108	0.00108
CGA	CCA	GC	0.70854	0.00391	0.00546	-0.70854	0.00795	0.00546	0.00273	0.00273
CGA	CAA	GA	-0.25240	0.01516	0.01332	0.25240	0.01177	0.01332	0.00666	0.00666
CGA	CGT	AT	-0.20832	0.00214	0.00192	0.20832	0.00174	0.00192	0.00192	0.00192
CGA	CGC	AC	1.48206	0.00391	0.00750	-1.48206	0.01722	0.00750	0.00750	0.00750
CGG	TGG	CT	0.20127	0.05992	0.06615	-0.20127	0.07328	0.06615	0.03308	0.03308
CGG	CTG	GT	1.49155	0.01441	0.02773	-1.49155	0.06403	0.02773	0.01387	0.01387
CGG	CCG	GC	-1.16259	0.02638	0.01395	1.16259	0.00825	0.01395	0.00698	0.00698
CGG	CAG	GA	0.10217	0.10217	0.10748	-0.10217	0.11316	0.10748	0.05374	0.05374
CGG	CGT	GT	-2.12783	0.01441	0.00414	2.12783	0.00172	0.00414	0.00414	0.00414
CGG	CGC	GC	-0.43745	0.02638	0.02103	0.43745	0.01703	0.02103	0.02103	0.02103
CGG	CGA	GA	-1.91951	0.10217	0.03371	1.91951	0.01499	0.03371	0.03371	0.03371
ATT	TTT	AT	0.39154	0.00645	0.00780	-0.39154	0.00954	0.00780	0.00390	0.00390
ATT	CTT	AC	-1.66041	0.01181	0.00460	1.66041	0.00225	0.00460	0.00230	0.00230
ATC	TTC	AT	0.36750	0.02229	0.02663	-0.36750	0.03218	0.02663	0.01332	0.01332
ATC	CTC	AC	-0.51521	0.04080	0.03119	0.51521	0.02437	0.03119	0.01559	0.01559
ATC	ATT	CT	-0.63482	0.09268	0.06636	0.63482	0.04912	0.06636	0.06636	0.06636
ATA	TTA	AT	-4.03107	0.00122	0.00009	4.03107	0.00002	0.00009	0.00004	0.00004
ATA	CTA	AC	-0.01576	0.00224	0.00222	0.01576	0.00220	0.00222	0.00111	0.00111
ATA	ATT	AT	2.19778	0.00122	0.00302	-2.19778	0.01100	0.00302	0.00302	0.00302
ATA	ATC	AC	2.83260	0.00224	0.00673	-2.83260	0.03800	0.00673	0.00673	0.00673
ATG	TTG	AT	-1.30979	0.01692	0.00819	1.30979	0.00457	0.00819	0.00410	0.00410
ATG	CTG	AC	0.73732	0.03098	0.04379	-0.73732	0.06475	0.04379	0.02189	0.02189
ATG	ATT	GT	-0.44172	0.01692	0.01346	0.44172	0.01088	0.01346	0.00673	0.00673
ATG	ATC	GC	0.19310	0.03098	0.03406	-0.19310	0.03758	0.03406	0.01703	0.01703
ATG	ATA	GA	-2.63950	0.11998	0.02435	2.63950	0.00857	0.02435	0.01217	0.01217
ACT	TCT	AT	0.11239	0.00364	0.00385	-0.11239	0.00408	0.00385	0.00193	0.00193
ACT	CCT	AC	0.52886	0.00667	0.00859	-0.52886	0.01132	0.00859	0.00430	0.00430
ACT	ATT	CT	1.17591	0.01516	0.02578	-1.17591	0.04912	0.02578	0.01289	0.01289
ACC	TCC	AT	0.90166	0.01170	0.01775	-0.90166	0.02882	0.01775	0.00888	0.00888
ACC	CCC	AC	0.49806	0.02142	0.02719	-0.49806	0.03524	0.02719	0.01359	0.01359
ACC	ATC	CT	1.24934	0.04865	0.08520	-1.24934	0.16968	0.08520	0.04260	0.04260
ACC	ACT	CT	-0.56139	0.04865	0.03626	0.56139	0.02775	0.03626	0.03626	0.03626
ACA	TCA	AT	0.75097	0.00283	0.00403	-0.75097	0.00600	0.00403	0.00201	0.00201
ACA	CCA	AC	0.43886	0.00518	0.00640	-0.43886	0.00804	0.00640	0.00320	0.00320
ACA	ATA	CT	-0.23544	0.01177	0.01044	0.23544	0.00930	0.01044	0.00522	0.00522
ACA	ACT	AT	0.78643	0.00283	0.00409	-0.78643	0.00621	0.00409	0.00409	0.00409
ACA	ACC	AC	1.34782	0.00518	0.00944	-1.34782	0.01995	0.00944	0.00944	0.00944
ACG	TCG	AT	-0.71214	0.00822	0.00564	0.71214	0.00403	0.00564	0.00282	0.00282
ACG	CCG	AC	-0.59070	0.01506	0.01105	0.59070	0.00834	0.01105	0.00552	0.00552
ACG	ATG	CT	1.32612	0.03420	0.06175	-1.32612	0.12883	0.06175	0.03088	0.03088
ACG	ACT	GT	-0.29151	0.00822	0.00708	0.29151	0.00614	0.00708	0.00708	0.00708
ACG	ACC	GC	0.26988	0.01506	0.01718	-0.26988	0.01972	0.01718	0.01718	0.01718
ACG	ACA	GA	-1.07794	0.05832	0.03243	1.07794	0.01985	0.03243	0.03243	0.03243
AAT	TAT	AT	0.47921	0.00326	0.00411	-0.47921	0.00527	0.00411	0.00205	0.00205
AAT	CAT	AC	-1.50774	0.00598	0.00256	1.50774	0.00132	0.00256	0.00128	0.00128
AAT	ATT	AT	1.21499	0.00326	0.00564	-1.21499	0.01100	0.00564	0.00282	0.00282
AAT	ACT	AC	0.03908	0.00598	0.00609	-0.03908	0.00621	0.00609	0.00305	0.00305
AAC	TAC	AT	0.48066	0.01800	0.02268	-0.48066	0.02911	0.02268	0.01134	0.01134
AAC	CAC	AC	-0.90602	0.03296	0.02025	0.90602	0.01332	0.02025	0.01013	0.01013
AAC	ATC	AT	0.74703	0.01800	0.02556	-0.74703	0.03800	0.02556	0.01278	0.01278
AAC	ACC	AC	-0.50230	0.03296	0.02537	0.50230	0.01995	0.02537	0.01269	0.01269
AAC	AAT	CT	-1.10278	0.07487	0.04103	1.10278	0.02485	0.04103	0.04103	0.04103
AAA	CAA	AC	-1.19009	0.00941	0.00490	1.19009	0.00286	0.00490	0.00245	0.00245
AAA	ATA	AT	-0.90346	0.00514	0.00316	0.90346	0.00208	0.00316	0.00158	0.00158
AAA	ACA	AC	-0.66801	0.00941	0.00662	0.66801	0.00483	0.00662	0.00331	0.00331
AAA	AAT	AT	0.07933	0.00514	0.00535	-0.07933	0.00557	0.00535	0.00267	0.00267
AAA	AAC	AC	1.18211	0.00941	0.01605	-1.18211	0.03070	0.01605	0.00802	0.00802
AAG	CAG	AC	-0.84888	0.06431	0.04083	0.84888	0.02752	0.04083	0.02041	0.02041
AAG	ATG	AT	-0.19682	0.03513	0.03178	0.19682	0.02885	0.03178	0.01589	0.01589
AAG	ACG	AC	-1.52294	0.06431	0.02731	1.52294	0.01402	0.02731	0.01366	0.01366
AAG	AAT	GT	-1.85353	0.03513	0.01210	1.85353	0.00550	0.01210	0.00605	0.00605
AAG	AAC	GC	-0.75076	0.06431	0.04316	0.75076	0.03035	0.04316	0.02158	0.02158
AAG	AAA	GA	-1.93286	0.24908	0.08147	1.93286	0.03605	0.08147	0.08147	0.08147
AGT	TGT	AT	0.13284	0.00206	0.00220	-0.13284	0.00235	0.00220	0.00110	0.00110
AGT	CGT	AC	-0.77664	0.00377	0.00250	0.77664	0.00174	0.00250	0.00125	0.00125
AGT	ATT	GT	1.66370	0.00206	0.00423	-1.66370	0.01088	0.00423	0.00211	0.00211
AGT	ACT	GC	0.48779	0.00377	0.00477	-0.48779	0.00614	0.00477	0.00238	0.00238
AGT	AAT	GA	0.44871	0.01461	0.01814	-0.44871	0.02289	0.01814	0.00907	0.00907
AGC	TGC	AT	0.17340	0.00909	0.00990	-0.17340	0.01081	0.00990	0.00495	0.00495
AGC	CGC	AC	0.03450	0.01664	0.01693	-0.03450	0.01722	0.01693	0.00846	0.00846
AGC	ATC	GT	1.41928	0.00909	0.01702	-1.41928	0.03758	0.01702	0.00851	0.00851
AGC	ACC	GC	0.16994	0.01664	0.01809	-0.16994	0.01972	0.01809	0.00905	0.00905
AGC	AAC	GA	0.67225	0.06445	0.08852	-0.67225	0.12623	0.08852	0.04426	0.04426
AGC	AGT	CT	-0.87924	0.03780	0.02359	0.87924	0.01569	0.02359	0.02359	0.02359
AGA	CGA	AC	3.54882	0.00010	0.00038	-3.54882	0.00364	0.00038	0.00038	0.00038
AGA	ATA	GT	3.58306	0.00006	0.00021	-3.58306	0.00206	0.00021	0.00011	0.00011
AGA	ACA	GC	3.81850	0.00010	0.00041	-3.81850	0.00477	0.00041	0.00020	0.00020
AGA	AAA	GA	4.48651	0.00041	0.00184	-4.48651	0.03605	0.00184	0.00092	0.00092
AGA	AGT	AT	4.11714	0.00006	0.00024	-4.11714	0.00351	0.00024	0.00012	0.00012
AGA	AGC	AC	4.99638	0.00010	0.00053	-4.99638	0.01550	0.00053	0.00026	0.00026
AGG	TGG	AT	3.16419	0.00069	0.00229	-3.16419	0.01641	0.00229	0.00115	0.00115
AGG	CGG	AC	2.96291	0.00127	0.00397	-2.96291	0.02457	0.00397	0.00397	0.00397
AGG	ATG	GT	3.71715	0.00069	0.00264	-3.71715	0.02853	0.00264	0.00132	0.00132
AGG	ACG	GC	2.39103	0.00127	0.00334	-2.39103	0.01387	0.00334	0.00167	0.00167
AGG	AAG	GA	3.91396	0.00492	0.01963	-3.91396	0.24630	0.01963	0.00982	0.00982
AGG	AGT	GT	1.61172	0.00069	0.00140	-1.61172	0.00347	0.00140	0.00070	0.00070
AGG	AGC	GC	2.49096	0.00127	0.00345	-2.49096	0.01532	0.00345	0.00172	0.00172
AGG	AGA	GA	-2.50541	0.00492	0.00110	2.50541	0.00040	0.00110	0.00110	0.00110
GTT	TTT	GT	4.04425	0.00017	0.00068	-4.04425	0.00944	0.00068	0.00034	0.00034
GTT	CTT	GC	1.99229	0.00030	0.00070	-1.99229	0.00222	0.00070	0.00035	0.00035
GTT	ATT	GA	3.65270	0.00117	0.00440	-3.65270	0.04524	0.00440	0.00220	0.00220
GTC	TTC	GT	0.77968	0.01459	0.02101	-0.77968	0.03182	0.02101	0.01051	0.01051
GTC	CTC	GC	-0.10304	0.02672	0.02536	0.10304	0.02410	0.02536	0.01268	0.01268
GTC	ATC	GA	0.41218	0.10348	0.12627	-0.41218	0.15627	0.12627	0.06313	0.06313
GTC	GTT	CT	-3.87534	0.06069	0.00498	3.87534	0.00126	0.00498	0.00498	0.00498
GTA	TTA	GT	-4.95404	0.00304	0.00011	4.95404	0.00002	0.00011	0.00005	0.00005
GTA	CTA	GC	-0.93874	0.00557	0.00336	0.93874	0.00218	0.00336	0.00168	0.00168
GTA	ATA	GA	-0.92297	0.02156	0.01312	0.92297	0.00857	0.01312	0.00656	0.00656
GTA	GTT	AT	-2.37790	0.00304	0.00074	2.37790	0.00028	0.00074	0.00074	0.00074
GTA	GTC	AC	1.49744	0.00557	0.01074	-1.49744	0.02488	0.01074	0.01074	0.01074
GTG	TTG	GT	-1.84500	0.02857	0.00989	1.84500	0.00452	0.00989	0.00495	0.00495
GTG	CTG	GC	0.20211	0.05231	0.05778	-0.20211	0.06403	0.05778	0.02889	0.02889
GTG	ATG	GA	-0.53521	0.20262	0.15321	0.53521	0.11864	0.15321	0.07661	0.07661
GTG	GTT	GT	-4.62963	0.02857	0.00130	4.62963	0.00028	0.00130	0.00130	0.00130
GTG	GTC	GC	-0.75429	0.05231	0.03504	0.75429	0.02460	0.03504	0.03504	0.03504
GTG	GTA	GA	-2.25173	0.20262	0.05365	2.25173	0.02132	0.05365	0.05365	0.05365
GCT	TCT	GT	0.18291	0.00336	0.00368	-0.18291	0.00403	0.00368	0.00184	0.00184
GCT	CCT	GC	0.59938	0.00615	0.00817	-0.59938	0.01120	0.00817	0.00409	0.00409
GCT	ACT	GA	0.07052	0.02381	0.02466	-0.07052	0.02555	0.02466	0.01233	0.01233
GCT	GTT	CT	-2.40627	0.01397	0.00333	2.40627	0.00126	0.00333	0.00167	0.00167
GCC	TCC	GT	0.39337	0.01923	0.02326	-0.39337	0.02850	0.02326	0.01163	0.01163
GCC	CCC	GC	-0.01024	0.03520	0.03502	0.01024	0.03485	0.03502	0.01751	0.01751
GCC	ACC	GA	-0.50829	0.13635	0.10462	0.50829	0.08202	0.10462	0.05231	0.05231
GCC	GTC	CT	0.32887	0.07997	0.09384	-0.32887	0.11111	0.09384	0.04692	0.04692
GCC	GCT	CT	-1.14020	0.07997	0.04286	1.14020	0.02557	0.04286	0.04286	0.04286
GCA	TCA	GT	0.88714	0.00244	0.00368	-0.88714	0.00593	0.00368	0.00184	0.00184
GCA	CCA	GC	0.57502	0.00447	0.00588	-0.57502	0.00795	0.00588	0.00294	0.00294
GCA	ACA	GA	0.13617	0.01732	0.01853	-0.13617	0.01985	0.01853	0.00926	0.00926
GCA	GTA	CT	0.82370	0.01016	0.01491	-0.82370	0.02315	0.01491	0.00745	0.00745
GCA	GCT	AT	0.85207	0.00244	0.00363	-0.85207	0.00573	0.00363	0.00363	0.00363
GCA	GCC	AC	1.99227	0.00447	0.01032	-1.99227	0.03279	0.01032	0.01032	0.01032
GCG	TCG	GT	0.01321	0.00394	0.00396	-0.01321	0.00399	0.00396	0.00198	0.00198
GCG	CCG	GC	0.13465	0.00721	0.00770	-0.13465	0.00825	0.00770	0.00385	0.00385
GCG	ACG	GA	0.72535	0.02792	0.03926	-0.72535	0.05767	0.03926	0.01963	0.01963
GCG	GTG	CT	2.58668	0.01638	0.04580	-2.58668	0.21755	0.04580	0.02290	0.02290
GCG	GCT	GT	0.36332	0.00394	0.00470	-0.36332	0.00566	0.00470	0.00470	0.00470
GCG	GCC	GC	1.50352	0.00721	0.01394	-1.50352	0.03242	0.01394	0.01394	0.01394
GCG	GCA	GA	-0.48875	0.02792	0.02165	0.48875	0.01713	0.02165	0.02165	0.02165
GAT	TAT	GT	-0.44214	0.00811	0.00645	0.44214	0.00521	0.00645	0.00322	0.00322
GAT	CAT	GC	-2.42908	0.01485	0.00349	2.42908	0.00131	0.00349	0.00174	0.00174
GAT	AAT	GA	-0.92134	0.05751	0.03503	0.92134	0.02289	0.03503	0.01751	0.01751
GAT	GTT	AT	-3.35905	0.00811	0.00098	3.35905	0.00028	0.00098	0.00049	0.00049
GAT	GCT	AC	-0.95278	0.01485	0.00888	0.95278	0.00573	0.00888	0.00444	0.00444
GAC	TAC	GT	-0.30337	0.03899	0.03338	0.30337	0.02879	0.03338	0.01669	0.01669
GAC	CAC	GC	-1.69004	0.07138	0.02730	1.69004	0.01317	0.02730	0.01365	0.01365
GAC	AAC	GA	-0.78403	0.27649	0.18212	0.78403	0.12623	0.18212	0.09106	0.09106
GAC	GTC	AT	-0.44917	0.03899	0.03089	0.44917	0.02488	0.03089	0.01544	0.01544
GAC	GCC	AC	-0.77804	0.07138	0.04718	0.77804	0.03279	0.04718	0.02359	0.02359
GAC	GAT	CT	-0.96546	0.16215	0.09628	0.96546	0.06175	0.09628	0.09628	0.09628
GAA	CAA	GC	-1.82698	0.01760	0.00616	1.82698	0.00283	0.00616	0.00308	0.00308
GAA	AAA	GA	-0.63688	0.06816	0.04874	0.63688	0.03605	0.04874	0.02437	0.02437
GAA	GTA	AT	-0.61737	0.00961	0.00695	0.61737	0.00518	0.00695	0.00347	0.00347
GAA	GCA	AC	-1.44106	0.01760	0.00786	1.44106	0.00416	0.00786	0.00393	0.00393
GAA	GAT	AT	0.36379	0.00961	0.01147	-0.36379	0.01383	0.01147	0.00573	0.00573
GAA	GAC	AC	1.32925	0.01760	0.03181	-1.32925	0.06648	0.03181	0.01590	0.01590
GAG	CAG	GC	-0.99292	0.07344	0.04292	0.99292	0.02721	0.04292	0.02146	0.02146
GAG	AAG	GA	-0.14404	0.28446	0.26446	0.14404	0.24630	0.26446	0.13223	0.13223
GAG	GTG	AT	0.19435	0.04012	0.04414	-0.19435	0.04872	0.04414	0.02207	0.02207
GAG	GCG	AC	-2.39233	0.07344	0.01768	2.39233	0.00671	0.01768	0.00884	0.00884
GAG	GAT	GT	-1.07623	0.04012	0.02233	1.07623	0.01367	0.02233	0.01116	0.01116
GAG	GAC	GC	-0.11077	0.07344	0.06945	0.11077	0.06574	0.06945	0.03472	0.03472
GAG	GAA	GA	-1.44002	0.28446	0.12718	1.44002	0.06739	0.12718	0.12718	0.12718
GGT	TGT	GT	0.42585	0.00152	0.00187	-0.42585	0.00233	0.00187	0.00093	0.00093
GGT	CGT	GC	-0.48362	0.00278	0.00216	0.48362	0.00172	0.00216	0.00108	0.00108
GGT	AGT	GA	0.29301	0.01078	0.01244	-0.29301	0.01445	0.01244	0.00622	0.00622
GGT	GTT	GT	-1.69599	0.00152	0.00058	1.69599	0.00028	0.00058	0.00029	0.00029
GGT	GCT	GC	0.71029	0.00278	0.00389	-0.71029	0.00566	0.00389	0.00194	0.00194
GGT	GAT	GA	1.66307	0.01078	0.02212	-1.66307	0.05687	0.02212	0.01106	0.01106
GGC	TGC	GT	-0.75890	0.02283	0.01525	0.75890	0.01069	0.01525	0.00763	0.00763
GGC	CGC	GC	-0.89780	0.04180	0.02581	0.89780	0.01703	0.02581	0.01290	0.01290
GGC	AGC	GA	-0.93231	0.16190	0.09799	0.93231	0.06373	0.09799	0.04899	0.04899
GGC	GTC	GT	0.07479	0.02283	0.02370	-0.07479	0.02460	0.02370	0.01185	0.01185
GGC	GCC	GC	-0.25407	0.04180	0.03671	0.25407	0.03242	0.03671	0.01836	0.01836
GGC	GAC	GA	0.52396	0.16190	0.20800	-0.52396	0.27340	0.20800	0.10400	0.10400
GGC	GGT	CT	-2.10456	0.09495	0.02774	2.10456	0.01157	0.02774	0.02774	0.02774
GGA	CGA	GC	-0.30548	0.00489	0.00418	0.30548	0.00360	0.00418	0.00209	0.00209
GGA	AGA	GA	-3.85430	0.01894	0.00158	3.85430	0.00040	0.00158	0.00079	0.00079
GGA	GTA	GT	0.65174	0.00267	0.00364	-0.65174	0.00513	0.00364	0.00182	0.00182
GGA	GCA	GC	-0.17196	0.00489	0.00448	0.17196	0.00412	0.00448	0.00224	0.00224
GGA	GAA	GA	1.26910	0.01894	0.03344	-1.26910	0.06739	0.03344	0.01672	0.01672
GGA	GGT	AT	-0.03017	0.00267	0.00263	0.03017	0.00259	0.00263	0.00263	0.00263
GGA	GGC	AC	2.07439	0.00489	0.01160	-2.07439	0.03893	0.01160	0.01160	0.01160
GGG	TGG	GT	0.34595	0.01148	0.01358	-0.34595	0.01623	0.01358	0.00679	0.00679
GGG	CGG	GC	0.14468	0.02102	0.02258	-0.14468	0.02429	0.02258	0.01129	0.01129
GGG	AGG	GA	-2.81823	0.08142	0.01457	2.81823	0.00486	0.01457	0.00729	0.00729
GGG	GTG	GT	1.43412	0.01148	0.02162	-1.43412	0.04818	0.02162	0.01081	0.01081
GGG	GCG	GC	-1.15256	0.02102	0.01118	1.15256	0.00664	0.01118	0.00559	0.00559
GGG	GAG	GA	1.23977	0.08142	0.14206	-1.23977	0.28128	0.14206	0.07103	0.07103
GGG	GGT	GT	-1.49953	0.01148	0.00495	1.49953	0.00256	0.00495	0.00495	0.00495
GGG	GGC	GC	0.60504	0.02102	0.02802	-0.60504	0.03850	0.02802	0.02802	0.02802
GGG	GGA	GA	-1.46935	0.08142	0.03575	1.46935	0.01873	0.03575	0.03575	0.03575


Histograms
2Ns	FMut	FSub(CodonUsage)	FSubw(after w)

-6.88682	0.00256	0.00002	0.00002
-6.19814	0.00000	0.00000	0.00000
-5.50946	0.00117	0.00004	0.00006
-4.82078	0.00600	0.00033	0.00035
-4.13209	0.02150	0.00218	0.00211
-3.44341	0.02292	0.00333	0.00473
-2.75473	0.05279	0.01339	0.01203
-2.06605	0.08892	0.03400	0.04916
-1.37736	0.16982	0.10252	0.11541
-0.68868	0.25882	0.22937	0.21879
0.00000	0.18197	0.22962	0.19465
0.68868	0.13238	0.22937	0.21879
1.37736	0.04480	0.10252	0.11541
2.06605	0.01142	0.03400	0.04916
2.75473	0.00369	0.01339	0.01203
3.44341	0.00074	0.00333	0.00473
4.13209	0.00043	0.00218	0.00211
4.82078	0.00006	0.00033	0.00035
5.50946	0.00001	0.00004	0.00006
6.19814	0.00000	0.00000	0.00000
6.88682	0.00000	0.00002	0.00002

Proportion of advantageous (S > 0) mutations:
 0.27659

Proportions of good & bad mutations (|S| > 2.0000) among mutations:
0.01056  0.15709

mean |Ns| = 1.16174	mean Ns+ = 0.71368	mean Ns- = -1.33306

