

TREE # 1

  0  0.0000  28403.160896  x:  0.01425   0.02192   0.00788   0.01242   0.01615   0.00770   0.00526   0.00500   0.01494   0.00237   0.00686   0.01044   0.00158   0.00377   0.00958   0.00823   0.00922   0.00561   0.00919   0.00924   0.00511   0.01072   0.00804   0.01187   0.00807   0.00879   0.01092   0.01127   0.00718   0.00593   0.00836   0.00533   0.00544   0.00562   0.00754   0.00513   0.00851   0.02227   0.01749   0.01607   0.01051   0.00770   0.00697   0.01006   0.01018   0.01624   0.01490   0.02119   0.01591   0.00987   0.01599   0.00000   0.00913   0.01955   0.01314   1.07107   0.93256   0.86817   1.03148   0.61284   0.25000   0.76325  
  1 99.0000  28403.078836  x:  0.01425   0.02192   0.00788   0.01242   0.01615   0.00769   0.00526   0.00500   0.01494   0.00237   0.00686   0.01044   0.00158   0.00377   0.00958   0.00823   0.00922   0.00561   0.00919   0.00924   0.00511   0.01072   0.00804   0.01187   0.00807   0.00879   0.01092   0.01127   0.00717   0.00593   0.00836   0.00533   0.00544   0.00562   0.00754   0.00513   0.00851   0.02227   0.01749   0.01607   0.01051   0.00770   0.00697   0.01006   0.01018   0.01624   0.01490   0.02119   0.01591   0.00987   0.01599   0.00000   0.00913   0.01955   0.01314   1.07107   0.93256   0.86817   1.03148   0.61284   0.25000   0.76325  
  2 17754.2226  28204.419155  x:  0.01355   0.02148   0.00637   0.01043   0.01600   0.00698   0.00474   0.00410   0.01390   0.00579   0.00788   0.00735   0.00886   0.00604   0.00442   0.00448   0.00576   0.00408   0.00639   0.00760   0.00543   0.00906   0.00474   0.00936   0.00719   0.00449   0.01082   0.01089   0.00506   0.00201   0.00456   0.00000   0.00535   0.00313   0.00477   0.00187   0.00766   0.02200   0.01740   0.01541   0.00636   0.00759   0.00702   0.00691   0.00810   0.01481   0.01470   0.02079   0.01416   0.00888   0.01651   0.00000   0.00529   0.01911   0.01221   1.07177   0.93258   0.86823   1.03145   0.61308   0.24890   0.76248  
  3 24927.8955  28143.313782  x:  0.01320   0.02126   0.00562   0.00946   0.01593   0.00662   0.00452   0.00372   0.01339   0.00739   0.00833   0.00584   0.01232   0.00708   0.00189   0.00265   0.00407   0.00333   0.00502   0.00680   0.00557   0.00825   0.00313   0.00814   0.00676   0.00240   0.01075   0.01071   0.00403   0.00012   0.00272   0.00049   0.00529   0.00193   0.00343   0.00032   0.00724   0.02187   0.01736   0.01510   0.00432   0.00751   0.00702   0.00537   0.00708   0.01412   0.01461   0.02060   0.01330   0.00839   0.01674   0.00000   0.00339   0.01889   0.01175   1.07212   0.93259   0.86826   1.03144   0.61320   0.24836   0.76210  
  4 98975.7189  28119.479084  x:  0.01298   0.02111   0.00514   0.00883   0.01588   0.00637   0.00445   0.00362   0.01303   0.00822   0.00854   0.00489   0.01430   0.00758   0.00036   0.00152   0.00306   0.00285   0.00413   0.00628   0.00562   0.00775   0.00215   0.00738   0.00646   0.00113   0.01068   0.01057   0.00340   0.00118   0.00164   0.00072   0.00519   0.00124   0.00261   0.00010   0.00696   0.02179   0.01733   0.01489   0.00302   0.00742   0.00696   0.00441   0.00643   0.01367   0.01454   0.02047   0.01275   0.00806   0.01684   0.00000   0.00214   0.01875   0.01144   1.07236   0.93259   0.86828   1.03143   0.61327   0.24800   0.76185  
  5 52756.9175  28115.447293  x:  0.01292   0.02108   0.00503   0.00870   0.01587   0.00631   0.00444   0.00362   0.01295   0.00839   0.00857   0.00469   0.01472   0.00767   0.00015   0.00129   0.00285   0.00275   0.00394   0.00617   0.00563   0.00764   0.00195   0.00721   0.00639   0.00089   0.01066   0.01054   0.00326   0.00126   0.00143   0.00076   0.00515   0.00111   0.00244   0.00041   0.00690   0.02177   0.01732   0.01485   0.00273   0.00739   0.00694   0.00420   0.00629   0.01357   0.01452   0.02044   0.01263   0.00799   0.01686   0.00000   0.00187   0.01872   0.01138   1.07241   0.93259   0.86828   1.03143   0.61329   0.24792   0.76180  
  6 70365.9641  28106.928961  x:  0.01279   0.02100   0.00476   0.00834   0.01584   0.00615   0.00445   0.00366   0.01272   0.00877   0.00863   0.00416   0.01575   0.00787   0.00083   0.00077   0.00236   0.00249   0.00344   0.00588   0.00564   0.00737   0.00150   0.00679   0.00621   0.00045   0.01060   0.01045   0.00293   0.00152   0.00100   0.00085   0.00506   0.00089   0.00206   0.00070   0.00674   0.02172   0.01730   0.01474   0.00200   0.00731   0.00688   0.00368   0.00592   0.01331   0.01448   0.02037   0.01231   0.00779   0.01689   0.00000   0.00113   0.01863   0.01120   1.07255   0.93260   0.86829   1.03142   0.61334   0.24769   0.76164  
  7 34831.8334  28097.411502  x:  0.01261   0.02089   0.00442   0.00786   0.01580   0.00592   0.00456   0.00392   0.01239   0.00904   0.00857   0.00356   0.01690   0.00791   0.00099   0.00076   0.00201   0.00221   0.00283   0.00552   0.00561   0.00706   0.00129   0.00628   0.00597   0.00145   0.01048   0.01030   0.00261   0.00167   0.00114   0.00092   0.00485   0.00112   0.00183   0.00081   0.00651   0.02165   0.01727   0.01460   0.00116   0.00713   0.00672   0.00312   0.00546   0.01296   0.01441   0.02028   0.01188   0.00752   0.01687   0.00000   0.00014   0.01852   0.01095   1.07277   0.93260   0.86831   1.03141   0.61341   0.24736   0.76141  
  8 14419.8822  28090.799569  x:  0.01233   0.02071   0.00396   0.00717   0.01574   0.00555   0.00479   0.00439   0.01185   0.00925   0.00837   0.00286   0.01849   0.00776   0.00107   0.00136   0.00198   0.00194   0.00209   0.00503   0.00551   0.00667   0.00158   0.00560   0.00560   0.00152   0.01025   0.01006   0.00235   0.00179   0.00169   0.00098   0.00446   0.00161   0.00186   0.00088   0.00618   0.02155   0.01723   0.01442   0.00047   0.00680   0.00641   0.00254   0.00484   0.01243   0.01430   0.02013   0.01122   0.00712   0.01676   0.00000   0.00089   0.01835   0.01059   1.07312   0.93261   0.86834   1.03140   0.61353   0.24681   0.76102  
  9 8947.6724  28084.535938  x:  0.01193   0.02045   0.00342   0.00625   0.01565   0.00504   0.00511   0.00499   0.01103   0.00929   0.00798   0.00228   0.02058   0.00730   0.00111   0.00173   0.00231   0.00179   0.00146   0.00444   0.00537   0.00625   0.00208   0.00479   0.00510   0.00126   0.00990   0.00970   0.00227   0.00187   0.00215   0.00102   0.00385   0.00206   0.00209   0.00092   0.00571   0.02140   0.01716   0.01421   0.00176   0.00629   0.00592   0.00220   0.00411   0.01168   0.01415   0.01992   0.01031   0.00656   0.01653   0.00000   0.00070   0.01811   0.01008   1.07369   0.93262   0.86839   1.03137   0.61372   0.24593   0.76040  
 10 9894.0766  28077.012234  x:  0.01136   0.02006   0.00311   0.00519   0.01554   0.00435   0.00543   0.00550   0.00973   0.00863   0.00719   0.00303   0.02339   0.00593   0.00106   0.00155   0.00309   0.00220   0.00258   0.00403   0.00516   0.00602   0.00248   0.00428   0.00451   0.00097   0.00930   0.00912   0.00279   0.00186   0.00214   0.00103   0.00290   0.00207   0.00252   0.00089   0.00508   0.02116   0.01708   0.01386   0.00129   0.00543   0.00507   0.00316   0.00369   0.01056   0.01391   0.01960   0.00905   0.00587   0.01596   0.00000   0.00029   0.01775   0.00940   1.07477   0.93264   0.86848   1.03133   0.61408   0.24426   0.75923  
 11 5495.9214  28073.315220  x:  0.01104   0.01978   0.00334   0.00500   0.01550   0.00414   0.00541   0.00541   0.00894   0.00766   0.00671   0.00329   0.02543   0.00466   0.00113   0.00094   0.00307   0.00227   0.00256   0.00415   0.00512   0.00599   0.00214   0.00456   0.00441   0.00171   0.00891   0.00878   0.00285   0.00189   0.00164   0.00104   0.00271   0.00157   0.00240   0.00093   0.00482   0.02098   0.01706   0.01366   0.00162   0.00503   0.00466   0.00327   0.00400   0.00990   0.01375   0.01940   0.00843   0.00565   0.01544   0.00000   0.00106   0.01751   0.00907   1.07578   0.93265   0.86856   1.03129   0.61442   0.24268   0.75812  
 12 4552.2037  28068.138749  x:  0.01071   0.01943   0.00383   0.00540   0.01546   0.00419   0.00526   0.00506   0.00814   0.00543   0.00621   0.00338   0.02796   0.00267   0.00110   0.00178   0.00286   0.00210   0.00211   0.00457   0.00517   0.00611   0.00182   0.00535   0.00453   0.00138   0.00840   0.00841   0.00266   0.00185   0.00175   0.00103   0.00293   0.00133   0.00224   0.00091   0.00473   0.02075   0.01705   0.01339   0.00154   0.00475   0.00435   0.00303   0.00469   0.00923   0.01358   0.01916   0.00804   0.00567   0.01453   0.00000   0.00070   0.01723   0.00881   1.07757   0.93268   0.86871   1.03121   0.61502   0.23985   0.75617  
 13 5189.8500  28063.317620  x:  0.01056   0.01917   0.00382   0.00587   0.01541   0.00434   0.00524   0.00500   0.00804   0.00254   0.00625   0.00310   0.02987   0.00247   0.00102   0.00082   0.00274   0.00194   0.00209   0.00468   0.00517   0.00625   0.00241   0.00564   0.00460   0.00115   0.00804   0.00827   0.00249   0.00179   0.00208   0.00100   0.00298   0.00209   0.00238   0.00086   0.00484   0.02056   0.01706   0.01319   0.00137   0.00483   0.00438   0.00281   0.00476   0.00905   0.01348   0.01901   0.00821   0.00585   0.01359   0.00000   0.00058   0.01704   0.00872   1.07983   0.93272   0.86889   1.03111   0.61578   0.23624   0.75373  
 14 4195.6939  28060.089607  x:  0.01052   0.01904   0.00365   0.00601   0.01537   0.00437   0.00527   0.00505   0.00826   0.00091   0.00647   0.00302   0.03088   0.00298   0.00105   0.00118   0.00277   0.00195   0.00236   0.00458   0.00515   0.00622   0.00234   0.00550   0.00456   0.00126   0.00793   0.00826   0.00248   0.00181   0.00179   0.00101   0.00288   0.00189   0.00225   0.00087   0.00491   0.02045   0.01706   0.01308   0.00145   0.00489   0.00444   0.00284   0.00458   0.00910   0.01344   0.01896   0.00841   0.00590   0.01304   0.00000   0.00064   0.01695   0.00869   1.08156   0.93275   0.86903   1.03104   0.61636   0.23344   0.75186  
 15 6580.6820  28038.564209  x:  0.01048   0.01838   0.00299   0.00745   0.01498   0.00445   0.00558   0.00560   0.01108   0.00076   0.00845   0.00304   0.03345   0.00148   0.00112   0.00089   0.00309   0.00136   0.00382   0.00420   0.00506   0.00491   0.00153   0.00470   0.00412   0.00143   0.00765   0.00811   0.00213   0.00189   0.00355   0.00107   0.00233   0.00061   0.00202   0.00093   0.00541   0.01983   0.01707   0.01229   0.00179   0.00478   0.00414   0.00281   0.00411   0.01022   0.01327   0.01881   0.01044   0.00626   0.00851   0.00000   0.00092   0.01656   0.00876   1.09770   0.93299   0.87034   1.03034   0.62181   0.20706   0.73453  
 16 5104.5656  28008.124275  x:  0.01022   0.01754   0.00329   0.00857   0.01443   0.00418   0.00559   0.00550   0.01317   0.00138   0.00949   0.00366   0.03519   0.00145   0.00115   0.00143   0.00268   0.00223   0.00406   0.00418   0.00506   0.00356   0.00064   0.00475   0.00362   0.00143   0.00719   0.00760   0.00222   0.00201   0.00217   0.00112   0.00213   0.00335   0.00170   0.00097   0.00537   0.01903   0.01699   0.01115   0.00212   0.00389   0.00310   0.00301   0.00466   0.01094   0.01304   0.01861   0.01186   0.00608   0.00407   0.00000   0.00114   0.01600   0.00853   1.12329   0.93338   0.87241   1.02923   0.63048   0.16497   0.70707  
 17 37440.8623  27942.150351  x:  0.00976   0.01624   0.00392   0.01004   0.01349   0.00394   0.00559   0.00527   0.01606   0.00200   0.01058   0.00439   0.03793   0.00113   0.00130   0.00210   0.00211   0.00251   0.00382   0.00432   0.00511   0.00228   0.00450   0.00513   0.00320   0.00183   0.00659   0.00676   0.00229   0.00224   0.00021   0.00124   0.00225   0.00337   0.00110   0.00108   0.00510   0.01772   0.01686   0.00938   0.00208   0.00278   0.00205   0.00310   0.00566   0.01181   0.01273   0.01836   0.01367   0.00564   0.00224   0.00000   0.00098   0.01511   0.00806   1.17170   0.93412   0.87632   1.02714   0.64689   0.08522   0.65512  
 18 111005.6970  27845.681357  x:  0.00919   0.01490   0.00469   0.01118   0.01252   0.00354   0.00545   0.00473   0.01853   0.00204   0.01135   0.00545   0.04064   0.00181   0.00145   0.00227   0.00131   0.00327   0.00367   0.00446   0.00520   0.00146   0.00570   0.00562   0.00273   0.00195   0.00591   0.00584   0.00249   0.00248   0.00098   0.00136   0.00221   0.00334   0.00040   0.00121   0.00459   0.01639   0.01670   0.00760   0.00234   0.00167   0.00111   0.00349   0.00682   0.01240   0.01243   0.01809   0.01508   0.00498   0.00215   0.00000   0.00101   0.01418   0.00744   1.22337   0.93491   0.88049   1.02490   0.66442   0.00000   0.59966  
 19 578825.9045  27842.473322  x:  0.00893   0.01432   0.00490   0.01168   0.01209   0.00337   0.00546   0.00464   0.01967   0.00202   0.01173   0.00580   0.04185   0.00174   0.00150   0.00235   0.00119   0.00348   0.00358   0.00445   0.00522   0.00139   0.00586   0.00574   0.00252   0.00203   0.00560   0.00546   0.00249   0.00257   0.00095   0.00141   0.00210   0.00343   0.00092   0.00125   0.00438   0.01580   0.01664   0.00685   0.00240   0.00152   0.00116   0.00356   0.00722   0.01266   0.01230   0.01796   0.01573   0.00469   0.00231   0.00000   0.00103   0.01377   0.00715   1.24748   0.93527   0.88244   1.02386   0.67260   0.00000   0.57379  
 20 139245.0982  27836.357480  x:  0.00855   0.01349   0.00512   0.01236   0.01149   0.00315   0.00559   0.00471   0.02131   0.00202   0.01220   0.00627   0.04371   0.00131   0.00157   0.00245   0.00155   0.00372   0.00355   0.00438   0.00520   0.00178   0.00607   0.00581   0.00232   0.00212   0.00519   0.00500   0.00250   0.00269   0.00082   0.00148   0.00188   0.00390   0.00053   0.00131   0.00408   0.01494   0.01655   0.00596   0.00252   0.00187   0.00155   0.00369   0.00768   0.01299   0.01211   0.01778   0.01663   0.00430   0.00256   0.00000   0.00110   0.01318   0.00672   1.28524   0.93585   0.88549   1.02223   0.68542   0.00000   0.53325  
 21 223629.6185  27830.177682  x:  0.00842   0.01321   0.00516   0.01273   0.01127   0.00335   0.00577   0.00500   0.02225   0.00196   0.01214   0.00651   0.04528   0.00115   0.00161   0.00247   0.00193   0.00354   0.00364   0.00438   0.00512   0.00188   0.00611   0.00589   0.00289   0.00218   0.00526   0.00525   0.00252   0.00277   0.00075   0.00152   0.00207   0.00409   0.00061   0.00134   0.00403   0.01449   0.01652   0.00642   0.00256   0.00219   0.00080   0.00374   0.00787   0.01300   0.01205   0.01764   0.01704   0.00437   0.00233   0.00000   0.00114   0.01293   0.00656   1.31913   0.93636   0.88822   1.02076   0.69692   0.00000   0.49684  
 22 80196.9239  27823.842609  x:  0.00833   0.01307   0.00520   0.01305   0.01115   0.00363   0.00598   0.00537   0.02303   0.00190   0.01179   0.00684   0.04698   0.00103   0.00165   0.00250   0.00208   0.00324   0.00385   0.00444   0.00499   0.00147   0.00625   0.00602   0.00347   0.00225   0.00545   0.00566   0.00259   0.00286   0.00075   0.00157   0.00227   0.00425   0.00060   0.00139   0.00404   0.01414   0.01648   0.00727   0.00264   0.00189   0.00132   0.00389   0.00807   0.01284   0.01199   0.01748   0.01730   0.00456   0.00176   0.00000   0.00119   0.01274   0.00647   1.35809   0.93695   0.89137   1.01908   0.71014   0.00000   0.45497  
 23 217275.8920  27821.595210  x:  0.00843   0.01322   0.00509   0.01338   0.01127   0.00374   0.00603   0.00555   0.02332   0.00187   0.01170   0.00691   0.04766   0.00077   0.00166   0.00258   0.00182   0.00298   0.00423   0.00451   0.00490   0.00138   0.00623   0.00604   0.00320   0.00228   0.00552   0.00580   0.00254   0.00288   0.00063   0.00158   0.00214   0.00457   0.00048   0.00140   0.00430   0.01420   0.01649   0.00760   0.00275   0.00149   0.00126   0.00392   0.00803   0.01282   0.01199   0.01743   0.01750   0.00487   0.00201   0.00000   0.00125   0.01282   0.00665   1.37055   0.93714   0.89237   1.01854   0.71435   0.00000   0.44157  
 24 54758.9084  27819.216677  x:  0.00859   0.01354   0.00499   0.01383   0.01154   0.00369   0.00600   0.00563   0.02332   0.00201   0.01135   0.00705   0.04827   0.00087   0.00169   0.00270   0.00136   0.00254   0.00465   0.00469   0.00480   0.00169   0.00635   0.00618   0.00242   0.00232   0.00546   0.00573   0.00240   0.00292   0.00063   0.00160   0.00182   0.00468   0.00048   0.00142   0.00463   0.01446   0.01649   0.00777   0.00288   0.00161   0.00121   0.00390   0.00806   0.01261   0.01196   0.01735   0.01756   0.00523   0.00182   0.00000   0.00131   0.01301   0.00693   1.38306   0.93733   0.89338   1.01800   0.71855   0.00000   0.42810  
 25 44993.1764  27818.185240  x:  0.00869   0.01377   0.00490   0.01418   0.01174   0.00357   0.00591   0.00557   0.02320   0.00206   0.01116   0.00709   0.04848   0.00094   0.00170   0.00272   0.00153   0.00235   0.00484   0.00476   0.00478   0.00132   0.00635   0.00626   0.00219   0.00235   0.00536   0.00557   0.00231   0.00294   0.00060   0.00161   0.00179   0.00475   0.00047   0.00143   0.00480   0.01471   0.01647   0.00763   0.00291   0.00182   0.00118   0.00384   0.00805   0.01248   0.01193   0.01731   0.01759   0.00535   0.00187   0.00000   0.00133   0.01316   0.00711   1.38777   0.93740   0.89376   1.01780   0.72011   0.00000   0.42303  
 26 18800.8808  27810.922248  x:  0.00881   0.01404   0.00468   0.01459   0.01199   0.00337   0.00577   0.00544   0.02303   0.00213   0.01105   0.00703   0.04857   0.00101   0.00171   0.00272   0.00176   0.00234   0.00496   0.00471   0.00479   0.00156   0.00633   0.00619   0.00243   0.00237   0.00524   0.00537   0.00226   0.00295   0.00059   0.00162   0.00192   0.00473   0.00047   0.00143   0.00493   0.01508   0.01644   0.00728   0.00291   0.00150   0.00117   0.00370   0.00790   0.01236   0.01191   0.01728   0.01763   0.00535   0.00180   0.00301   0.00134   0.01336   0.00727   1.39088   0.93744   0.89401   1.01767   0.72110   0.00000   0.41967  
 27 10890.6912  27809.556478  x:  0.00897   0.01436   0.00446   0.01480   0.01220   0.00335   0.00560   0.00519   0.02280   0.00208   0.01099   0.00690   0.04858   0.00075   0.00172   0.00274   0.00139   0.00280   0.00501   0.00456   0.00488   0.00147   0.00640   0.00597   0.00258   0.00240   0.00537   0.00537   0.00252   0.00296   0.00062   0.00162   0.00198   0.00471   0.00048   0.00144   0.00497   0.01550   0.01639   0.00693   0.00295   0.00174   0.00117   0.00372   0.00758   0.01234   0.01195   0.01732   0.01762   0.00519   0.00175   0.00316   0.00137   0.01360   0.00743   1.39348   0.93748   0.89421   1.01757   0.72189   0.00000   0.41685  
 28 5281.3257  27807.689964  x:  0.00928   0.01500   0.00412   0.01576   0.01272   0.00335   0.00530   0.00478   0.02221   0.00217   0.01076   0.00664   0.04878   0.00076   0.00174   0.00273   0.00184   0.00314   0.00508   0.00448   0.00500   0.00157   0.00640   0.00582   0.00256   0.00247   0.00540   0.00523   0.00260   0.00299   0.00062   0.00163   0.00199   0.00463   0.00049   0.00146   0.00518   0.01644   0.01629   0.00621   0.00293   0.00145   0.00113   0.00357   0.00714   0.01221   0.01199   0.01737   0.01770   0.00504   0.00161   0.00295   0.00139   0.01411   0.00781   1.40174   0.93759   0.89487   1.01722   0.72447   0.00000   0.40792  
 29 16035.6299  27799.849279  x:  0.00893   0.01502   0.00405   0.01956   0.01293   0.00410   0.00608   0.00545   0.01966   0.00260   0.01091   0.00624   0.04846   0.00109   0.00171   0.00279   0.00146   0.00388   0.00493   0.00425   0.00501   0.00144   0.00631   0.00554   0.00318   0.00248   0.00489   0.00554   0.00213   0.00294   0.00051   0.00161   0.00110   0.00436   0.00043   0.00144   0.00438   0.01843   0.01574   0.00633   0.00293   0.00146   0.00115   0.00433   0.00608   0.01236   0.01197   0.01759   0.01828   0.00376   0.00175   0.00284   0.00142   0.01444   0.00723   1.41604   0.93776   0.89596   1.01668   0.72818   0.00000   0.39230  
 30 4735.7294  27793.218226  x:  0.00847   0.01472   0.00390   0.02262   0.01274   0.00400   0.00668   0.00604   0.01717   0.00283   0.01126   0.00591   0.04784   0.00123   0.00169   0.00275   0.00128   0.00442   0.00489   0.00383   0.00490   0.00147   0.00613   0.00489   0.00240   0.00254   0.00481   0.00566   0.00219   0.00290   0.00044   0.00159   0.00275   0.00410   0.00039   0.00142   0.00357   0.01988   0.01527   0.00675   0.00293   0.00145   0.00115   0.00496   0.00494   0.01256   0.01192   0.01780   0.01866   0.00324   0.00183   0.00273   0.00150   0.01445   0.00649   1.42914   0.93791   0.89696   1.01620   0.73139   0.00000   0.37799  
 31 24293.4485  27777.707272  x:  0.00780   0.01354   0.00408   0.02572   0.01128   0.00217   0.00631   0.00543   0.01296   0.00301   0.01250   0.00526   0.04606   0.00137   0.00166   0.00266   0.00150   0.00541   0.00402   0.00329   0.00483   0.00144   0.00597   0.00355   0.00210   0.00255   0.00664   0.00574   0.00367   0.00282   0.00042   0.00155   0.00194   0.00359   0.00042   0.00139   0.00313   0.02065   0.01489   0.00782   0.00267   0.00146   0.00116   0.00490   0.00383   0.01318   0.01190   0.01819   0.01855   0.00567   0.00192   0.00271   0.00143   0.01363   0.00554   1.44890   0.93810   0.89842   1.01551   0.73547   0.00000   0.35630  
 32 13277.8166  27731.893142  x:  0.00818   0.01192   0.00217   0.02454   0.00819   0.00567   0.00428   0.00456   0.00572   0.00331   0.01552   0.00428   0.04022   0.00171   0.00158   0.00274   0.00126   0.00583   0.00537   0.00301   0.00442   0.00138   0.00551   0.00179   0.00235   0.00251   0.00776   0.00464   0.00324   0.00264   0.00041   0.00142   0.00216   0.00320   0.00044   0.00131   0.00597   0.01821   0.01546   0.00737   0.00266   0.00166   0.00126   0.00328   0.00371   0.01388   0.01228   0.01827   0.01501   0.00562   0.00209   0.00256   0.00145   0.01121   0.00683   1.49665   0.93850   0.90189   1.01395   0.74405   0.00000   0.30386  
 33 14720.6941  27668.288820  x:  0.00928   0.01263   0.00166   0.01954   0.00804   0.00432   0.00414   0.00482   0.00237   0.00313   0.01930   0.00168   0.03257   0.00193   0.00132   0.00246   0.00116   0.00656   0.00583   0.00217   0.00481   0.00136   0.00466   0.00688   0.00220   0.00207   0.00886   0.00667   0.00294   0.00218   0.00043   0.00118   0.00215   0.00233   0.00047   0.00109   0.00687   0.01559   0.01585   0.00691   0.00224   0.00177   0.00133   0.00188   0.00161   0.01441   0.01275   0.01855   0.00945   0.00413   0.00233   0.00235   0.00116   0.01040   0.00812   1.56347   0.93903   0.90670   1.01181   0.75535   0.00000   0.23039  
 34 48593.9786  27585.112037  x:  0.01002   0.01465   0.00194   0.01390   0.00978   0.00319   0.00437   0.00477   0.00394   0.00205   0.02101   0.00078   0.02428   0.00202   0.00096   0.00175   0.00123   0.00668   0.00353   0.00281   0.00510   0.00153   0.00381   0.00507   0.00215   0.00140   0.00931   0.00746   0.00234   0.00159   0.00051   0.00086   0.00217   0.00150   0.00053   0.00079   0.00657   0.01553   0.01580   0.00761   0.00146   0.00188   0.00141   0.00185   0.00375   0.01320   0.01320   0.01892   0.00286   0.00317   0.00264   0.00201   0.00065   0.01130   0.00868   1.63835   0.93961   0.91207   1.00943   0.76789   0.00000   0.14812  
 35 99473.1966  27559.505682  x:  0.01028   0.01570   0.00194   0.01029   0.01074   0.00313   0.00431   0.00446   0.00398   0.00166   0.02092   0.00341   0.02107   0.00207   0.00081   0.00144   0.00111   0.00596   0.00157   0.00270   0.00526   0.00167   0.00345   0.00450   0.00246   0.00115   0.00928   0.00757   0.00184   0.00136   0.00054   0.00074   0.00224   0.00128   0.00055   0.00067   0.00617   0.01562   0.01583   0.00765   0.00119   0.00196   0.00147   0.00124   0.00287   0.01212   0.01336   0.01901   0.00325   0.00329   0.00280   0.00177   0.00048   0.01196   0.00883   1.67080   0.93987   0.91441   1.00839   0.77349   0.00000   0.11272  
 36 101761.7660  27543.352435  x:  0.01010   0.01599   0.00251   0.00708   0.01106   0.00382   0.00402   0.00365   0.00384   0.00162   0.01979   0.00208   0.01911   0.00207   0.00074   0.00133   0.00108   0.00511   0.00102   0.00288   0.00544   0.00173   0.00307   0.00426   0.00254   0.00104   0.00911   0.00723   0.00207   0.00123   0.00052   0.00067   0.00224   0.00112   0.00056   0.00061   0.00536   0.01565   0.01586   0.00752   0.00100   0.00198   0.00148   0.00245   0.00256   0.01097   0.01339   0.01903   0.00554   0.00367   0.00284   0.00174   0.00041   0.01234   0.00849   1.68788   0.93999   0.91562   1.00786   0.77624   0.00000   0.09457  
 37 41459.3615  27539.697913  x:  0.00986   0.01588   0.00265   0.00651   0.01103   0.00395   0.00400   0.00335   0.00401   0.00166   0.01904   0.00177   0.01866   0.00212   0.00073   0.00136   0.00101   0.00492   0.00179   0.00286   0.00559   0.00173   0.00302   0.00422   0.00269   0.00102   0.00915   0.00716   0.00220   0.00121   0.00052   0.00065   0.00226   0.00115   0.00055   0.00060   0.00476   0.01593   0.01581   0.00745   0.00105   0.00199   0.00149   0.00157   0.00263   0.01063   0.01337   0.01908   0.00608   0.00374   0.00287   0.00168   0.00041   0.01252   0.00810   1.69265   0.94003   0.91596   1.00770   0.77721   0.00000   0.08991  
 38 17285.7327  27537.429656  x:  0.00966   0.01530   0.00229   0.00610   0.01043   0.00487   0.00395   0.00332   0.00456   0.00159   0.01791   0.00175   0.01837   0.00210   0.00070   0.00126   0.00114   0.00509   0.00155   0.00264   0.00588   0.00171   0.00292   0.00458   0.00218   0.00097   0.00982   0.00757   0.00252   0.00116   0.00052   0.00063   0.00211   0.00103   0.00056   0.00058   0.00431   0.01617   0.01591   0.00734   0.00096   0.00200   0.00148   0.00131   0.00263   0.01091   0.01342   0.01930   0.00609   0.00371   0.00285   0.00184   0.00037   0.01263   0.00776   1.69309   0.94001   0.91596   1.00771   0.77713   0.00000   0.09107  
 39 2208.9170  27532.393444  x:  0.00958   0.01443   0.00187   0.00598   0.00960   0.00477   0.00379   0.00343   0.00511   0.00162   0.01571   0.00182   0.01824   0.00216   0.00068   0.00123   0.00094   0.00443   0.00175   0.00255   0.00630   0.00171   0.00279   0.00475   0.00256   0.00095   0.01101   0.00773   0.00157   0.00112   0.00049   0.00061   0.00228   0.00115   0.00054   0.00056   0.00419   0.01661   0.01623   0.00628   0.00103   0.00203   0.00148   0.00183   0.00221   0.01170   0.01342   0.01970   0.00575   0.00403   0.00286   0.00178   0.00041   0.01295   0.00761   1.69851   0.94006   0.91635   1.00751   0.77884   0.00271   0.08952  
 40 3797.6365  27523.762987  x:  0.01005   0.01374   0.00293   0.00561   0.00931   0.00405   0.00440   0.00423   0.00496   0.00147   0.01326   0.00176   0.01817   0.00224   0.00059   0.00106   0.00080   0.00344   0.00164   0.00255   0.00639   0.00171   0.00247   0.00418   0.00280   0.00080   0.01199   0.00775   0.00234   0.00100   0.00043   0.00055   0.00230   0.00108   0.00051   0.00049   0.00505   0.01655   0.01689   0.00560   0.00094   0.00198   0.00146   0.00155   0.00226   0.01360   0.01343   0.02026   0.00613   0.00284   0.00286   0.00175   0.00034   0.01327   0.00834   1.70580   0.94013   0.91685   1.00725   0.78146   0.00998   0.09033  
 41 6022.9369  27512.307203  x:  0.01037   0.01400   0.00170   0.00532   0.01057   0.00324   0.00439   0.00278   0.00459   0.00156   0.01232   0.00162   0.01812   0.00216   0.00061   0.00106   0.00095   0.00412   0.00159   0.00202   0.00599   0.00177   0.00259   0.00407   0.00280   0.00083   0.01083   0.00724   0.00165   0.00102   0.00048   0.00056   0.00223   0.00098   0.00053   0.00051   0.00479   0.01577   0.01716   0.00729   0.00087   0.00199   0.00149   0.00147   0.00280   0.01540   0.01328   0.02042   0.00665   0.00250   0.00290   0.00165   0.00033   0.01319   0.00859   1.71546   0.94022   0.91751   1.00689   0.78524   0.02102   0.09232  
 42 7007.1196  27504.895428  x:  0.01031   0.01474   0.00163   0.00523   0.01159   0.00377   0.00390   0.00326   0.00459   0.00169   0.01260   0.00145   0.01781   0.00222   0.00059   0.00106   0.00089   0.00481   0.00146   0.00289   0.00571   0.00177   0.00255   0.00404   0.00301   0.00082   0.00902   0.00664   0.00207   0.00100   0.00046   0.00055   0.00232   0.00078   0.00053   0.00049   0.00414   0.01529   0.01703   0.00745   0.00082   0.00200   0.00151   0.00123   0.00194   0.01569   0.01313   0.02012   0.00613   0.00394   0.00294   0.00155   0.00031   0.01292   0.00839   1.72272   0.94028   0.91801   1.00661   0.78813   0.02893   0.09385  
 43 10430.6755  27501.479274  x:  0.01013   0.01547   0.00209   0.00521   0.01164   0.00415   0.00341   0.00345   0.00451   0.00171   0.01361   0.00154   0.01763   0.00225   0.00061   0.00111   0.00086   0.00454   0.00153   0.00183   0.00577   0.00179   0.00259   0.00410   0.00306   0.00085   0.00867   0.00700   0.00218   0.00102   0.00047   0.00056   0.00236   0.00085   0.00054   0.00051   0.00399   0.01550   0.01676   0.00718   0.00086   0.00202   0.00153   0.00135   0.00226   0.01477   0.01311   0.01970   0.00593   0.00446   0.00296   0.00151   0.00033   0.01282   0.00812   1.72609   0.94030   0.91823   1.00649   0.78947   0.03222   0.09497  
 44 5160.6552  27496.448755  x:  0.00961   0.01665   0.00171   0.00501   0.01081   0.00419   0.00337   0.00309   0.00441   0.00168   0.01616   0.00175   0.01722   0.00228   0.00065   0.00123   0.00085   0.00390   0.00160   0.00266   0.00613   0.00181   0.00268   0.00419   0.00302   0.00090   0.00912   0.00804   0.00251   0.00108   0.00049   0.00058   0.00236   0.00107   0.00055   0.00054   0.00413   0.01623   0.01612   0.00686   0.00095   0.00206   0.00154   0.00151   0.00257   0.01190   0.01311   0.01870   0.00599   0.00417   0.00303   0.00149   0.00037   0.01263   0.00746   1.73179   0.94033   0.91859   1.00630   0.79174   0.03721   0.09774  
 45 5875.2314  27494.443609  x:  0.00955   0.01670   0.00218   0.00504   0.01031   0.00429   0.00383   0.00299   0.00476   0.00166   0.01685   0.00169   0.01695   0.00227   0.00066   0.00123   0.00091   0.00451   0.00159   0.00259   0.00609   0.00181   0.00274   0.00435   0.00297   0.00090   0.00963   0.00748   0.00211   0.00108   0.00051   0.00058   0.00237   0.00100   0.00056   0.00054   0.00463   0.01651   0.01594   0.00720   0.00094   0.00208   0.00156   0.00145   0.00221   0.01010   0.01312   0.01826   0.00603   0.00410   0.00305   0.00148   0.00035   0.01266   0.00772   1.73495   0.94034   0.91879   1.00621   0.79291   0.03862   0.09904  
 46 3277.3631  27493.519397  x:  0.00963   0.01655   0.00178   0.00514   0.01030   0.00414   0.00384   0.00344   0.00485   0.00169   0.01699   0.00165   0.01687   0.00234   0.00064   0.00122   0.00085   0.00469   0.00156   0.00248   0.00599   0.00181   0.00271   0.00459   0.00312   0.00088   0.00983   0.00704   0.00222   0.00106   0.00050   0.00058   0.00243   0.00095   0.00055   0.00053   0.00478   0.01663   0.01589   0.00724   0.00094   0.00208   0.00157   0.00141   0.00245   0.00926   0.01311   0.01809   0.00623   0.00416   0.00308   0.00140   0.00034   0.01283   0.00798   1.73802   0.94035   0.91899   1.00610   0.79396   0.03884   0.09871  
 47 3716.3279  27490.111927  x:  0.01013   0.01508   0.00187   0.00505   0.01112   0.00412   0.00271   0.00334   0.00507   0.00165   0.01729   0.00169   0.01636   0.00236   0.00065   0.00123   0.00083   0.00411   0.00158   0.00253   0.00559   0.00186   0.00267   0.00457   0.00322   0.00088   0.01031   0.00696   0.00243   0.00107   0.00050   0.00057   0.00239   0.00105   0.00056   0.00053   0.00408   0.01659   0.01582   0.00754   0.00094   0.00210   0.00159   0.00147   0.00208   0.00814   0.01311   0.01794   0.00612   0.00366   0.00315   0.00133   0.00035   0.01360   0.00868   1.74972   0.94036   0.91969   1.00578   0.79779   0.03722   0.10142  
 48 2427.4150  27482.531746  x:  0.01112   0.01299   0.00189   0.00366   0.01280   0.00456   0.00413   0.00270   0.00455   0.00156   0.01766   0.00173   0.01510   0.00245   0.00061   0.00119   0.00074   0.00356   0.00152   0.00248   0.00551   0.00188   0.00251   0.00424   0.00336   0.00082   0.01107   0.00750   0.00238   0.00100   0.00051   0.00053   0.00250   0.00104   0.00056   0.00050   0.00289   0.01664   0.01581   0.00677   0.00092   0.00217   0.00162   0.00145   0.00239   0.00702   0.01315   0.01778   0.00595   0.00430   0.00324   0.00126   0.00032   0.01504   0.00959   1.77776   0.94035   0.92133   1.00502   0.80690   0.03232   0.10924  
 49 13041.4166  27467.208059  x:  0.01094   0.01349   0.00216   0.00138   0.01345   0.00416   0.00339   0.00305   0.00438   0.00148   0.01632   0.00158   0.01323   0.00255   0.00053   0.00105   0.00072   0.00369   0.00140   0.00260   0.00671   0.00197   0.00232   0.00381   0.00359   0.00068   0.01131   0.00812   0.00170   0.00086   0.00056   0.00046   0.00264   0.00079   0.00059   0.00043   0.00393   0.01717   0.01598   0.00684   0.00080   0.00225   0.00169   0.00112   0.00252   0.00676   0.01301   0.01753   0.00641   0.00429   0.00342   0.00104   0.00023   0.01587   0.00841   1.82809   0.94034   0.92429   1.00365   0.82310   0.02277   0.12143  
 50 18743.9501  27456.292693  x:  0.01071   0.01540   0.00165   0.00136   0.01349   0.00399   0.00384   0.00193   0.00508   0.00163   0.01404   0.00155   0.01176   0.00281   0.00048   0.00100   0.00045   0.00229   0.00127   0.00193   0.00738   0.00210   0.00199   0.00356   0.00429   0.00062   0.01112   0.00804   0.00273   0.00078   0.00050   0.00041   0.00280   0.00080   0.00057   0.00039   0.00460   0.01589   0.01653   0.00678   0.00075   0.00231   0.00177   0.00117   0.00178   0.00581   0.01288   0.01696   0.00623   0.00413   0.00364   0.00069   0.00024   0.01584   0.00779   1.87120   0.94035   0.92686   1.00246   0.83682   0.01488   0.12876  
 51 41623.9985  27451.382364  x:  0.01091   0.01764   0.00174   0.00156   0.01309   0.00388   0.00367   0.00222   0.00508   0.00154   0.01273   0.00147   0.01109   0.00286   0.00043   0.00090   0.00046   0.00242   0.00127   0.00204   0.00742   0.00211   0.00188   0.00293   0.00425   0.00055   0.01221   0.00856   0.00223   0.00070   0.00050   0.00037   0.00278   0.00069   0.00057   0.00036   0.00305   0.01384   0.01694   0.00649   0.00070   0.00234   0.00178   0.00103   0.00186   0.00526   0.01312   0.01653   0.00667   0.00391   0.00371   0.00065   0.00020   0.01549   0.00846   1.88941   0.94031   0.92788   1.00201   0.84234   0.01125   0.13396  
 52 13347.4789  27451.095931  x:  0.01078   0.01798   0.00175   0.00144   0.01299   0.00396   0.00370   0.00221   0.00507   0.00151   0.01281   0.00149   0.01110   0.00286   0.00043   0.00089   0.00045   0.00228   0.00127   0.00205   0.00709   0.00211   0.00185   0.00304   0.00429   0.00054   0.01252   0.00819   0.00224   0.00070   0.00050   0.00037   0.00277   0.00072   0.00057   0.00035   0.00278   0.01400   0.01686   0.00652   0.00070   0.00234   0.00178   0.00105   0.00187   0.00551   0.01321   0.01647   0.00663   0.00385   0.00371   0.00064   0.00020   0.01546   0.00852   1.89065   0.94028   0.92792   1.00201   0.84250   0.01103   0.13421  
 53 1129.6223  27450.975685  x:  0.01055   0.01803   0.00176   0.00146   0.01322   0.00401   0.00370   0.00220   0.00508   0.00150   0.01276   0.00148   0.01108   0.00286   0.00043   0.00089   0.00045   0.00232   0.00127   0.00207   0.00661   0.00211   0.00185   0.00306   0.00429   0.00054   0.01273   0.00824   0.00220   0.00069   0.00050   0.00037   0.00277   0.00071   0.00057   0.00035   0.00291   0.01389   0.01683   0.00640   0.00069   0.00234   0.00178   0.00103   0.00188   0.00551   0.01331   0.01647   0.00665   0.00384   0.00371   0.00064   0.00019   0.01546   0.00832   1.89138   0.94021   0.92788   1.00207   0.84202   0.01098   0.13432  
 54 307.4084  27449.187466  x:  0.00928   0.01813   0.00175   0.00156   0.01463   0.00436   0.00378   0.00237   0.00497   0.00147   0.01282   0.00153   0.01105   0.00287   0.00044   0.00089   0.00048   0.00209   0.00134   0.00205   0.00804   0.00212   0.00184   0.00306   0.00422   0.00055   0.01382   0.00760   0.00221   0.00071   0.00050   0.00037   0.00275   0.00078   0.00058   0.00036   0.00304   0.01337   0.01641   0.00650   0.00072   0.00236   0.00179   0.00112   0.00183   0.00557   0.01400   0.01684   0.00658   0.00369   0.00373   0.00066   0.00021   0.01532   0.00823   1.90708   0.93815   0.92643   1.00389   0.82661   0.01070   0.13462  
 55 393.6242  27402.002241  x:  0.01064   0.01980   0.00137   0.00169   0.01472   0.00464   0.00403   0.00255   0.00526   0.00171   0.00845   0.00149   0.01225   0.00296   0.00045   0.00080   0.00117   0.00130   0.00133   0.00196   0.00627   0.00269   0.00153   0.00291   0.00477   0.00058   0.01432   0.01003   0.00265   0.00074   0.00041   0.00040   0.00303   0.00080   0.00092   0.00037   0.00368   0.01814   0.01276   0.00720   0.00066   0.00291   0.00218   0.00116   0.00168   0.00556   0.01598   0.01905   0.00653   0.00418   0.00429   0.00000   0.00023   0.01198   0.01097   2.26445   0.89282   0.89541   1.04373   0.49025   0.00390   0.12663  
 56 8928.2170  27378.701385  x:  0.01187   0.02185   0.00154   0.00220   0.01313   0.00560   0.00421   0.00280   0.00441   0.00181   0.00791   0.00149   0.01303   0.00299   0.00048   0.00081   0.00159   0.00095   0.00137   0.00203   0.00578   0.00301   0.00143   0.00290   0.00498   0.00064   0.01550   0.00959   0.00295   0.00081   0.00038   0.00043   0.00307   0.00087   0.00112   0.00040   0.00356   0.01837   0.01842   0.00829   0.00064   0.00321   0.00240   0.00126   0.00169   0.00638   0.01425   0.01770   0.00611   0.00436   0.00463   0.00000   0.00025   0.01959   0.00820   2.47671   0.86576   0.87682   1.06752   0.28948   0.00000   0.12234  
 57 65166.3464  27378.332758  x:  0.01104   0.02184   0.00152   0.00218   0.01325   0.00559   0.00420   0.00278   0.00443   0.00182   0.00792   0.00148   0.01301   0.00300   0.00048   0.00081   0.00160   0.00101   0.00136   0.00203   0.00571   0.00301   0.00144   0.00289   0.00499   0.00064   0.01547   0.00981   0.00297   0.00081   0.00038   0.00043   0.00309   0.00087   0.00113   0.00040   0.00351   0.01867   0.01920   0.00827   0.00064   0.00322   0.00241   0.00125   0.00169   0.00638   0.01350   0.01760   0.00612   0.00439   0.00465   0.00000   0.00025   0.01941   0.00880   2.48019   0.86532   0.87651   1.06791   0.28641   0.00000   0.12210  
 58 1495.8245  27378.299819  x:  0.01119   0.02184   0.00152   0.00218   0.01339   0.00561   0.00420   0.00280   0.00444   0.00182   0.00795   0.00149   0.01300   0.00300   0.00048   0.00081   0.00160   0.00100   0.00137   0.00203   0.00572   0.00301   0.00144   0.00290   0.00499   0.00064   0.01556   0.00977   0.00296   0.00081   0.00038   0.00043   0.00309   0.00087   0.00113   0.00040   0.00347   0.01879   0.01954   0.00826   0.00064   0.00322   0.00241   0.00126   0.00169   0.00633   0.01346   0.01763   0.00612   0.00437   0.00465   0.00000   0.00025   0.01912   0.00868   2.48044   0.86526   0.87645   1.06797   0.28616   0.00000   0.12212  
 59 147.6774  27378.289767  x:  0.01115   0.02182   0.00152   0.00218   0.01338   0.00558   0.00420   0.00280   0.00445   0.00182   0.00795   0.00148   0.01300   0.00300   0.00048   0.00081   0.00160   0.00100   0.00137   0.00203   0.00572   0.00301   0.00144   0.00290   0.00499   0.00064   0.01552   0.00979   0.00296   0.00081   0.00038   0.00043   0.00309   0.00087   0.00113   0.00040   0.00346   0.01883   0.01966   0.00826   0.00064   0.00322   0.00241   0.00125   0.00169   0.00633   0.01368   0.01755   0.00613   0.00437   0.00465   0.00000   0.00025   0.01910   0.00871   2.48047   0.86518   0.87633   1.06806   0.28619   0.00000   0.12211  
 60 24.9395  27372.056663  x:  0.01038   0.02209   0.00163   0.00206   0.01249   0.00546   0.00415   0.00270   0.00442   0.00180   0.00823   0.00154   0.01124   0.00299   0.00050   0.00083   0.00152   0.00102   0.00136   0.00212   0.00531   0.00298   0.00152   0.00303   0.00500   0.00064   0.01471   0.00968   0.00297   0.00081   0.00047   0.00043   0.00309   0.00085   0.00110   0.00041   0.00321   0.01872   0.02074   0.00830   0.00066   0.00317   0.00239   0.00127   0.00179   0.00549   0.01495   0.02275   0.00609   0.00445   0.00459   0.00000   0.00025   0.01975   0.00893   2.47658   0.79519   0.77327   1.14353   0.32784   0.00000   0.12474  
 61 47.8771  27362.714933  x:  0.01099   0.02148   0.00167   0.00218   0.01337   0.00543   0.00412   0.00275   0.00453   0.00184   0.00711   0.00155   0.00849   0.00309   0.00050   0.00081   0.00141   0.00119   0.00137   0.00214   0.00588   0.00298   0.00158   0.00301   0.00504   0.00063   0.01537   0.00960   0.00291   0.00080   0.00057   0.00042   0.00313   0.00077   0.00107   0.00040   0.00340   0.01887   0.01951   0.00826   0.00066   0.00317   0.00239   0.00128   0.00183   0.00632   0.01379   0.01881   0.00626   0.00438   0.00471   0.00000   0.00024   0.01908   0.00866   2.47266   0.69805   0.63029   1.24826   0.38608   0.00000   0.12659  
 62 22857.4201  27323.735353  x:  0.01085   0.02126   0.00188   0.00234   0.01367   0.00540   0.00407   0.00279   0.00468   0.00192   0.00484   0.00164   0.00042   0.00324   0.00052   0.00079   0.00132   0.00122   0.00141   0.00230   0.00603   0.00310   0.00167   0.00313   0.00529   0.00061   0.01549   0.00956   0.00291   0.00078   0.00084   0.00040   0.00326   0.00067   0.00112   0.00041   0.00344   0.01986   0.01929   0.00853   0.00069   0.00328   0.00248   0.00135   0.00202   0.00658   0.01369   0.01902   0.00660   0.00453   0.00502   0.00000   0.00024   0.01928   0.00856   2.43738   0.74574   0.70425   1.33059   0.48902   0.00000   0.13702  
 63 19.3370  27304.010495  x:  0.01245   0.02203   0.00224   0.00236   0.01436   0.00542   0.00427   0.00293   0.00586   0.00171   0.00567   0.00195   0.00044   0.00350   0.00064   0.00095   0.00112   0.00271   0.00164   0.00271   0.00586   0.00331   0.00198   0.00369   0.00535   0.00082   0.01561   0.01024   0.00297   0.00093   0.00085   0.00047   0.00343   0.00084   0.00123   0.00050   0.00388   0.01881   0.01925   0.00929   0.00093   0.00356   0.00269   0.00154   0.00240   0.00770   0.01460   0.02198   0.00753   0.00485   0.00546   0.00000   0.00039   0.02019   0.00936   2.59155   0.85859   0.46956   0.83396   0.38962   0.00000   0.14809  
 64  5.1697  27292.614586  x:  0.01342   0.02241   0.00245   0.00239   0.01492   0.00541   0.00440   0.00303   0.00658   0.00158   0.00612   0.00213   0.00078   0.00365   0.00070   0.00104   0.00100   0.00353   0.00177   0.00295   0.00582   0.00344   0.00213   0.00399   0.00539   0.00094   0.01573   0.01065   0.00298   0.00102   0.00085   0.00052   0.00352   0.00096   0.00131   0.00055   0.00418   0.01825   0.01901   0.00974   0.00106   0.00374   0.00282   0.00165   0.00261   0.00844   0.01496   0.02303   0.00812   0.00504   0.00574   0.00000   0.00048   0.02062   0.00981   2.66876   0.59407   0.58750   0.60606   0.33737   0.00000   0.15508  
 65 46.4294  27280.937664  x:  0.01437   0.02197   0.00275   0.00274   0.01612   0.00483   0.00460   0.00338   0.00762   0.00125   0.00867   0.00232   0.00038   0.00373   0.00071   0.00117   0.00072   0.00405   0.00191   0.00326   0.00604   0.00363   0.00223   0.00426   0.00537   0.00092   0.01475   0.01096   0.00266   0.00098   0.00086   0.00048   0.00356   0.00118   0.00139   0.00055   0.00460   0.01848   0.01723   0.01044   0.00113   0.00393   0.00297   0.00171   0.00286   0.00995   0.01421   0.02046   0.00898   0.00512   0.00611   0.00000   0.00046   0.02061   0.01011   2.81049   0.86747   0.94996   1.65205   0.30317   0.00000   0.16419  
 66  9.7999  27252.484235  x:  0.01047   0.02000   0.00326   0.00388   0.01580   0.00317   0.00464   0.00406   0.00804   0.00083   0.00908   0.00245   0.00091   0.00326   0.00053   0.00110   0.00070   0.00148   0.00196   0.00362   0.00526   0.00410   0.00180   0.00434   0.00555   0.00048   0.00909   0.01029   0.00188   0.00060   0.00120   0.00028   0.00338   0.00129   0.00159   0.00041   0.00441   0.02431   0.01595   0.01165   0.00092   0.00410   0.00315   0.00170   0.00326   0.00989   0.01342   0.01878   0.00973   0.00530   0.00650   0.00000   0.00006   0.02036   0.00939   2.86877   0.96488   0.88322   1.44687   0.35889   0.00000   0.18438  
 67  1.0073  27245.766656  x:  0.00993   0.01983   0.00320   0.00388   0.01556   0.00290   0.00485   0.00438   0.00826   0.00078   0.00931   0.00252   0.00019   0.00314   0.00056   0.00108   0.00087   0.00106   0.00208   0.00363   0.00453   0.00423   0.00160   0.00430   0.00542   0.00062   0.00750   0.01011   0.00189   0.00059   0.00129   0.00027   0.00327   0.00129   0.00164   0.00043   0.00433   0.02442   0.01604   0.01188   0.00098   0.00415   0.00319   0.00187   0.00322   0.00958   0.01322   0.01819   0.00978   0.00523   0.00664   0.00000   0.00030   0.02020   0.00917   2.87979   0.92583   0.85219   1.30917   0.37268   0.00000   0.18632  
 68  1.4822  27240.635916  x:  0.00980   0.01959   0.00318   0.00381   0.01530   0.00285   0.00507   0.00470   0.00858   0.00077   0.00770   0.00266   0.00108   0.00304   0.00064   0.00107   0.00108   0.00115   0.00228   0.00369   0.00389   0.00436   0.00142   0.00437   0.00515   0.00092   0.00614   0.00960   0.00195   0.00065   0.00136   0.00029   0.00310   0.00115   0.00169   0.00049   0.00420   0.02383   0.01615   0.01217   0.00112   0.00422   0.00325   0.00219   0.00329   0.00931   0.01275   0.01718   0.00984   0.00517   0.00682   0.00000   0.00065   0.01968   0.00863   2.91885   1.00097   0.90291   1.44846   0.38753   0.00000   0.18894  
 69  1.8568  27228.833055  x:  0.01005   0.01972   0.00314   0.00407   0.01469   0.00384   0.00529   0.00484   0.00857   0.00112   0.00544   0.00283   0.00058   0.00297   0.00082   0.00156   0.00148   0.00242   0.00239   0.00384   0.00491   0.00467   0.00138   0.00474   0.00453   0.00118   0.00666   0.00696   0.00194   0.00076   0.00139   0.00031   0.00255   0.00080   0.00177   0.00061   0.00382   0.02310   0.01671   0.01301   0.00107   0.00442   0.00343   0.00270   0.00368   0.00868   0.01235   0.01801   0.00917   0.00512   0.00739   0.00000   0.00044   0.01795   0.00702   3.07586   0.95627   0.91737   1.33489   0.36366   0.00000   0.19181  
 70  0.3562  27219.168908  x:  0.01024   0.01943   0.00268   0.00419   0.01492   0.00384   0.00577   0.00522   0.00916   0.00116   0.00751   0.00286   0.00038   0.00286   0.00099   0.00164   0.00204   0.00139   0.00247   0.00369   0.00525   0.00500   0.00183   0.00434   0.00379   0.00144   0.00709   0.00646   0.00207   0.00089   0.00156   0.00033   0.00194   0.00130   0.00180   0.00075   0.00389   0.02024   0.01805   0.01287   0.00108   0.00454   0.00357   0.00293   0.00369   0.00895   0.01276   0.01915   0.00887   0.00500   0.00805   0.00000   0.00016   0.01628   0.00788   3.19627   0.75194   0.82309   0.95499   0.43576   0.00000   0.19763  
 71  0.5719  27214.677543  x:  0.00963   0.01888   0.00276   0.00475   0.01529   0.00354   0.00557   0.00519   0.00920   0.00066   0.00753   0.00279   0.00067   0.00293   0.00097   0.00126   0.00205   0.00113   0.00225   0.00375   0.00601   0.00516   0.00160   0.00398   0.00353   0.00147   0.00834   0.00674   0.00166   0.00072   0.00161   0.00021   0.00180   0.00145   0.00179   0.00073   0.00378   0.02114   0.01712   0.01270   0.00120   0.00457   0.00366   0.00270   0.00391   0.00964   0.01329   0.02052   0.00888   0.00504   0.00864   0.00000   0.00054   0.01613   0.00798   3.32311   0.69261   0.81091   0.85524   0.54084   0.00000   0.21361  
 72  0.2769  27207.267868  x:  0.01014   0.01802   0.00259   0.00518   0.01529   0.00294   0.00559   0.00560   0.00953   0.00124   0.00686   0.00279   0.00053   0.00313   0.00095   0.00107   0.00232   0.00196   0.00223   0.00368   0.00484   0.00538   0.00156   0.00387   0.00310   0.00130   0.00739   0.00873   0.00192   0.00054   0.00179   0.00010   0.00192   0.00153   0.00177   0.00073   0.00396   0.02003   0.01527   0.01227   0.00128   0.00459   0.00381   0.00287   0.00381   0.01054   0.01384   0.02063   0.00889   0.00498   0.00981   0.00000   0.00069   0.01716   0.00811   3.52658   0.68944   0.89261   0.97618   0.83071   0.00000   0.24349  
 73  0.3581  27202.666420  x:  0.00972   0.01785   0.00277   0.00564   0.01510   0.00283   0.00536   0.00557   0.00959   0.00147   0.00643   0.00281   0.00045   0.00336   0.00111   0.00136   0.00247   0.00151   0.00211   0.00371   0.00455   0.00556   0.00175   0.00417   0.00339   0.00136   0.00750   0.00891   0.00211   0.00088   0.00196   0.00040   0.00222   0.00119   0.00173   0.00088   0.00394   0.02059   0.01465   0.01170   0.00136   0.00457   0.00393   0.00273   0.00400   0.01063   0.01368   0.01925   0.00894   0.00490   0.01084   0.00000   0.00075   0.01751   0.00832   3.69359   0.75194   0.94595   1.06625   1.11658   0.00000   0.27656  
 74  0.5025  27197.685313  x:  0.00987   0.01871   0.00283   0.00586   0.01444   0.00363   0.00524   0.00538   0.00902   0.00086   0.00761   0.00276   0.00035   0.00336   0.00103   0.00121   0.00268   0.00173   0.00206   0.00367   0.00478   0.00563   0.00125   0.00441   0.00352   0.00121   0.00695   0.00745   0.00209   0.00075   0.00191   0.00037   0.00230   0.00101   0.00172   0.00083   0.00395   0.02185   0.01646   0.01174   0.00117   0.00448   0.00400   0.00266   0.00399   0.00956   0.01317   0.01815   0.00838   0.00480   0.01158   0.00000   0.00074   0.01714   0.00769   3.87796   0.75803   0.96761   1.09067   1.27029   0.00000   0.30722  
 75  0.2526  27194.844956  x:  0.00986   0.01919   0.00285   0.00569   0.01468   0.00384   0.00521   0.00523   0.00862   0.00117   0.00688   0.00269   0.00048   0.00326   0.00097   0.00138   0.00264   0.00100   0.00209   0.00361   0.00527   0.00563   0.00154   0.00428   0.00358   0.00117   0.00729   0.00727   0.00185   0.00065   0.00184   0.00032   0.00223   0.00104   0.00174   0.00079   0.00402   0.02156   0.01789   0.01164   0.00109   0.00439   0.00401   0.00248   0.00383   0.00901   0.01299   0.01853   0.00838   0.00480   0.01196   0.00000   0.00072   0.01679   0.00797   4.00836   0.76227   0.97301   1.13182   1.31160   0.00000   0.33229  
 76  0.1649  27192.617789  x:  0.01020   0.01974   0.00271   0.00537   0.01501   0.00371   0.00536   0.00530   0.00821   0.00074   0.00645   0.00257   0.00044   0.00307   0.00092   0.00134   0.00256   0.00152   0.00218   0.00348   0.00494   0.00551   0.00175   0.00388   0.00346   0.00111   0.00764   0.00744   0.00172   0.00065   0.00174   0.00033   0.00203   0.00132   0.00176   0.00077   0.00406   0.02096   0.01773   0.01171   0.00099   0.00423   0.00398   0.00240   0.00339   0.00846   0.01301   0.01934   0.00831   0.00474   0.01232   0.00000   0.00064   0.01707   0.00779   4.13639   0.75311   0.97516   1.13823   1.36285   0.00000   0.35939  
 77  0.1663  27190.087899  x:  0.00983   0.01941   0.00275   0.00514   0.01521   0.00321   0.00534   0.00518   0.00767   0.00120   0.00733   0.00249   0.00048   0.00286   0.00082   0.00137   0.00233   0.00160   0.00222   0.00346   0.00520   0.00530   0.00162   0.00396   0.00360   0.00112   0.00735   0.00761   0.00192   0.00057   0.00155   0.00027   0.00191   0.00098   0.00176   0.00070   0.00401   0.02077   0.01609   0.01172   0.00099   0.00398   0.00391   0.00230   0.00315   0.00842   0.01328   0.02002   0.00827   0.00466   0.01284   0.00000   0.00053   0.01730   0.00779   4.30646   0.74460   0.95213   1.06785   1.50276   0.00000   0.40569  
 78  0.1997  27188.326993  x:  0.01008   0.01857   0.00279   0.00481   0.01511   0.00306   0.00535   0.00507   0.00794   0.00096   0.00673   0.00255   0.00042   0.00269   0.00079   0.00129   0.00206   0.00137   0.00229   0.00357   0.00494   0.00504   0.00142   0.00429   0.00365   0.00117   0.00719   0.00779   0.00215   0.00063   0.00138   0.00023   0.00203   0.00115   0.00174   0.00069   0.00424   0.01970   0.01616   0.01177   0.00114   0.00378   0.00377   0.00234   0.00331   0.00890   0.01328   0.01934   0.00850   0.00493   0.01303   0.00000   0.00034   0.01666   0.00838   4.37645   0.75781   0.95351   1.08899   1.60712   0.00000   0.44021  
 79  0.1110  27187.258648  x:  0.01002   0.01865   0.00276   0.00464   0.01490   0.00339   0.00539   0.00506   0.00806   0.00098   0.00723   0.00259   0.00048   0.00246   0.00081   0.00126   0.00179   0.00141   0.00229   0.00361   0.00465   0.00481   0.00168   0.00429   0.00362   0.00125   0.00752   0.00760   0.00202   0.00075   0.00132   0.00023   0.00213   0.00114   0.00175   0.00070   0.00404   0.02060   0.01631   0.01195   0.00121   0.00372   0.00365   0.00238   0.00342   0.00920   0.01307   0.01853   0.00855   0.00496   0.01281   0.00000   0.00025   0.01658   0.00803   4.36813   0.76616   0.94868   1.09813   1.58774   0.00000   0.45390  
 80  0.0279  27186.679702  x:  0.00995   0.01878   0.00266   0.00466   0.01474   0.00342   0.00544   0.00512   0.00834   0.00097   0.00725   0.00261   0.00052   0.00234   0.00084   0.00129   0.00174   0.00147   0.00226   0.00357   0.00514   0.00471   0.00173   0.00414   0.00357   0.00122   0.00713   0.00745   0.00191   0.00081   0.00136   0.00024   0.00217   0.00121   0.00174   0.00071   0.00390   0.02114   0.01687   0.01188   0.00119   0.00371   0.00357   0.00242   0.00349   0.00956   0.01309   0.01893   0.00861   0.00495   0.01278   0.00000   0.00028   0.01689   0.00775   4.35688   0.76085   0.95328   1.09866   1.66635   0.00000   0.47089  
 81  0.0799  27185.950277  x:  0.01000   0.01926   0.00255   0.00456   0.01458   0.00351   0.00552   0.00521   0.00872   0.00094   0.00710   0.00272   0.00053   0.00223   0.00086   0.00141   0.00177   0.00147   0.00227   0.00353   0.00511   0.00455   0.00144   0.00411   0.00347   0.00113   0.00780   0.00737   0.00204   0.00081   0.00140   0.00024   0.00212   0.00109   0.00171   0.00072   0.00386   0.02109   0.01702   0.01178   0.00110   0.00382   0.00345   0.00268   0.00363   0.00956   0.01305   0.01915   0.00839   0.00483   0.01251   0.00000   0.00034   0.01737   0.00792   4.31047   0.74435   0.94317   1.05700   1.69190   0.00000   0.49179  
 82  0.0386  27184.908048  x:  0.01009   0.01927   0.00269   0.00460   0.01457   0.00333   0.00543   0.00517   0.00897   0.00102   0.00677   0.00272   0.00042   0.00209   0.00088   0.00124   0.00179   0.00150   0.00212   0.00352   0.00502   0.00436   0.00162   0.00437   0.00368   0.00107   0.00721   0.00742   0.00192   0.00075   0.00147   0.00022   0.00210   0.00126   0.00167   0.00071   0.00395   0.02113   0.01622   0.01168   0.00101   0.00404   0.00330   0.00265   0.00383   0.00925   0.01312   0.01910   0.00808   0.00489   0.01219   0.00000   0.00036   0.01719   0.00804   4.26762   0.73723   0.93644   1.00540   1.77271   0.00000   0.54101  
 83  0.0442  27184.109697  x:  0.01018   0.01908   0.00274   0.00465   0.01512   0.00327   0.00535   0.00514   0.00890   0.00090   0.00724   0.00266   0.00045   0.00215   0.00092   0.00129   0.00191   0.00148   0.00213   0.00347   0.00487   0.00428   0.00168   0.00426   0.00373   0.00115   0.00738   0.00786   0.00198   0.00070   0.00154   0.00024   0.00212   0.00113   0.00163   0.00073   0.00400   0.02073   0.01656   0.01141   0.00113   0.00419   0.00322   0.00256   0.00375   0.00917   0.01319   0.01897   0.00794   0.00477   0.01204   0.00000   0.00042   0.01672   0.00803   4.25296   0.74635   0.97172   1.10523   1.87764   0.00000   0.58767  
 84  0.0949  27184.104613  x:  0.01018   0.01907   0.00274   0.00465   0.01513   0.00326   0.00535   0.00514   0.00890   0.00090   0.00726   0.00265   0.00045   0.00215   0.00092   0.00129   0.00191   0.00148   0.00213   0.00347   0.00486   0.00428   0.00169   0.00426   0.00373   0.00115   0.00738   0.00787   0.00199   0.00070   0.00154   0.00024   0.00212   0.00113   0.00163   0.00073   0.00400   0.02072   0.01657   0.01141   0.00113   0.00419   0.00322   0.00256   0.00375   0.00917   0.01319   0.01897   0.00794   0.00476   0.01203   0.00000   0.00042   0.01671   0.00803   4.25253   0.74661   0.97275   1.10814   1.88070   0.00056   0.58903  
 85 152.5264  27183.741199  x:  0.01008   0.01901   0.00274   0.00471   0.01512   0.00331   0.00535   0.00516   0.00877   0.00093   0.00722   0.00262   0.00045   0.00218   0.00093   0.00132   0.00192   0.00148   0.00216   0.00348   0.00493   0.00430   0.00162   0.00420   0.00367   0.00117   0.00733   0.00778   0.00198   0.00069   0.00156   0.00024   0.00211   0.00115   0.00163   0.00073   0.00402   0.02076   0.01664   0.01149   0.00116   0.00423   0.00322   0.00251   0.00371   0.00914   0.01318   0.01905   0.00794   0.00478   0.01193   0.00000   0.00041   0.01670   0.00799   4.23927   0.75558   0.97216   1.10632   1.88258   0.00000   0.59909  
 86  0.0335  27183.133828  x:  0.00992   0.01896   0.00269   0.00495   0.01479   0.00341   0.00536   0.00524   0.00834   0.00098   0.00716   0.00256   0.00047   0.00236   0.00094   0.00133   0.00197   0.00147   0.00230   0.00353   0.00503   0.00445   0.00155   0.00416   0.00347   0.00125   0.00737   0.00736   0.00201   0.00069   0.00162   0.00027   0.00212   0.00118   0.00167   0.00074   0.00410   0.02079   0.01666   0.01184   0.00119   0.00432   0.00328   0.00240   0.00358   0.00916   0.01314   0.01916   0.00806   0.00487   0.01158   0.00000   0.00041   0.01696   0.00794   4.18935   0.76241   0.96168   1.07664   1.89617   0.00000   0.63685  
 87  0.0684  27182.981217  x:  0.00992   0.01892   0.00268   0.00502   0.01478   0.00341   0.00536   0.00526   0.00826   0.00096   0.00717   0.00255   0.00047   0.00239   0.00094   0.00134   0.00198   0.00145   0.00234   0.00354   0.00494   0.00445   0.00157   0.00415   0.00344   0.00127   0.00746   0.00739   0.00199   0.00067   0.00164   0.00026   0.00212   0.00114   0.00166   0.00073   0.00410   0.02075   0.01667   0.01187   0.00119   0.00432   0.00327   0.00239   0.00355   0.00918   0.01313   0.01912   0.00810   0.00488   0.01155   0.00000   0.00039   0.01692   0.00791   4.19418   0.76207   0.96228   1.07183   1.97272   0.00000   0.66707  
 88  0.1495  27182.874958  x:  0.00991   0.01887   0.00267   0.00513   0.01477   0.00342   0.00536   0.00529   0.00813   0.00093   0.00720   0.00253   0.00045   0.00245   0.00094   0.00136   0.00200   0.00142   0.00239   0.00355   0.00479   0.00445   0.00160   0.00411   0.00339   0.00129   0.00761   0.00743   0.00197   0.00065   0.00167   0.00025   0.00212   0.00109   0.00166   0.00073   0.00409   0.02070   0.01667   0.01192   0.00119   0.00432   0.00325   0.00238   0.00349   0.00923   0.01310   0.01905   0.00816   0.00488   0.01152   0.00000   0.00036   0.01685   0.00786   4.20234   0.76149   0.96330   1.06372   2.10197   0.00531   0.71810  
 89 1033.0116  27182.474046  x:  0.01001   0.01894   0.00263   0.00521   0.01459   0.00331   0.00537   0.00527   0.00823   0.00093   0.00715   0.00257   0.00045   0.00255   0.00090   0.00134   0.00195   0.00148   0.00236   0.00360   0.00508   0.00441   0.00157   0.00424   0.00354   0.00123   0.00736   0.00776   0.00196   0.00068   0.00162   0.00023   0.00217   0.00115   0.00164   0.00071   0.00404   0.02050   0.01673   0.01201   0.00110   0.00420   0.00322   0.00243   0.00352   0.00945   0.01315   0.01900   0.00833   0.00502   0.01142   0.00000   0.00028   0.01681   0.00797   4.22224   0.73476   0.96012   1.05475   2.38713   0.01457   0.83218  
 90  0.1562  27182.233567  x:  0.01009   0.01912   0.00263   0.00528   0.01461   0.00337   0.00541   0.00533   0.00838   0.00100   0.00712   0.00262   0.00051   0.00260   0.00089   0.00129   0.00196   0.00152   0.00226   0.00360   0.00497   0.00447   0.00161   0.00422   0.00358   0.00116   0.00743   0.00757   0.00198   0.00072   0.00163   0.00024   0.00212   0.00123   0.00165   0.00071   0.00402   0.02070   0.01657   0.01203   0.00107   0.00410   0.00326   0.00250   0.00359   0.00938   0.01315   0.01894   0.00827   0.00499   0.01138   0.00000   0.00033   0.01681   0.00794   4.22906   0.74670   0.96076   1.05934   2.60559   0.02142   0.91297  
 91  0.1579  27182.089317  x:  0.00997   0.01915   0.00266   0.00517   0.01477   0.00340   0.00542   0.00533   0.00845   0.00095   0.00708   0.00265   0.00050   0.00258   0.00090   0.00133   0.00194   0.00148   0.00219   0.00358   0.00499   0.00457   0.00161   0.00416   0.00353   0.00117   0.00725   0.00750   0.00199   0.00075   0.00159   0.00025   0.00207   0.00116   0.00168   0.00072   0.00400   0.02083   0.01654   0.01200   0.00112   0.00405   0.00333   0.00255   0.00362   0.00923   0.01321   0.01919   0.00812   0.00489   0.01133   0.00000   0.00036   0.01689   0.00792   4.22080   0.75346   0.95455   1.05951   2.63016   0.02064   0.92850  
 92  0.0234  27181.988336  x:  0.00993   0.01905   0.00268   0.00510   0.01488   0.00336   0.00539   0.00530   0.00841   0.00096   0.00711   0.00263   0.00046   0.00261   0.00089   0.00134   0.00195   0.00146   0.00217   0.00356   0.00501   0.00466   0.00158   0.00417   0.00352   0.00120   0.00739   0.00750   0.00195   0.00075   0.00154   0.00025   0.00208   0.00114   0.00170   0.00072   0.00402   0.02075   0.01663   0.01194   0.00117   0.00397   0.00341   0.00252   0.00359   0.00915   0.01316   0.01916   0.00811   0.00486   0.01128   0.00000   0.00035   0.01688   0.00791   4.22190   0.75544   0.95069   1.06638   2.77804   0.02526   0.99061  
 93  0.1166  27181.925462  x:  0.01002   0.01897   0.00268   0.00498   0.01483   0.00336   0.00538   0.00526   0.00841   0.00099   0.00715   0.00260   0.00046   0.00257   0.00088   0.00132   0.00196   0.00146   0.00220   0.00354   0.00501   0.00473   0.00158   0.00421   0.00351   0.00122   0.00741   0.00754   0.00196   0.00073   0.00150   0.00025   0.00212   0.00117   0.00173   0.00072   0.00406   0.02067   0.01674   0.01189   0.00117   0.00397   0.00348   0.00248   0.00358   0.00919   0.01311   0.01907   0.00811   0.00487   0.01121   0.00000   0.00036   0.01688   0.00794   4.20112   0.75828   0.94188   1.06212   2.74372   0.02358   0.98777  
 94  0.0301  27181.889345  x:  0.01005   0.01900   0.00266   0.00494   0.01471   0.00339   0.00539   0.00526   0.00843   0.00096   0.00713   0.00260   0.00046   0.00254   0.00088   0.00133   0.00196   0.00146   0.00223   0.00354   0.00497   0.00478   0.00161   0.00422   0.00351   0.00121   0.00732   0.00757   0.00200   0.00072   0.00148   0.00024   0.00212   0.00116   0.00175   0.00072   0.00404   0.02076   0.01665   0.01191   0.00113   0.00397   0.00353   0.00249   0.00359   0.00930   0.01315   0.01910   0.00812   0.00488   0.01115   0.00000   0.00036   0.01689   0.00793   4.18948   0.75241   0.93347   1.04597   2.79106   0.02520   1.01361  
 95  0.0457  27181.874815  x:  0.00999   0.01908   0.00267   0.00495   0.01472   0.00337   0.00539   0.00525   0.00842   0.00097   0.00710   0.00260   0.00047   0.00252   0.00089   0.00133   0.00196   0.00148   0.00223   0.00356   0.00496   0.00481   0.00159   0.00421   0.00353   0.00121   0.00741   0.00752   0.00196   0.00072   0.00148   0.00025   0.00211   0.00116   0.00176   0.00073   0.00401   0.02085   0.01656   0.01192   0.00112   0.00400   0.00356   0.00248   0.00360   0.00932   0.01317   0.01909   0.00812   0.00490   0.01118   0.00000   0.00037   0.01687   0.00792   4.19035   0.75098   0.93366   1.04577   2.79916   0.02533   1.02207  
 96  0.0071  27181.859686  x:  0.01000   0.01910   0.00265   0.00496   0.01480   0.00338   0.00541   0.00527   0.00840   0.00096   0.00711   0.00261   0.00047   0.00248   0.00090   0.00132   0.00198   0.00148   0.00223   0.00357   0.00500   0.00482   0.00160   0.00419   0.00354   0.00120   0.00742   0.00757   0.00197   0.00072   0.00149   0.00025   0.00210   0.00115   0.00177   0.00073   0.00401   0.02078   0.01661   0.01194   0.00112   0.00404   0.00359   0.00249   0.00359   0.00931   0.01316   0.01905   0.00811   0.00491   0.01125   0.00000   0.00036   0.01684   0.00795   4.19762   0.75794   0.93752   1.05326   2.83036   0.02607   1.04293  
 97  0.0176  27181.846615  x:  0.01002   0.01905   0.00266   0.00498   0.01479   0.00338   0.00540   0.00528   0.00840   0.00097   0.00713   0.00261   0.00047   0.00246   0.00090   0.00133   0.00197   0.00146   0.00222   0.00358   0.00495   0.00480   0.00158   0.00420   0.00355   0.00119   0.00736   0.00754   0.00198   0.00072   0.00150   0.00025   0.00211   0.00115   0.00176   0.00074   0.00403   0.02075   0.01666   0.01195   0.00114   0.00408   0.00361   0.00248   0.00358   0.00928   0.01318   0.01913   0.00813   0.00492   0.01130   0.00000   0.00035   0.01685   0.00794   4.19755   0.75235   0.93871   1.05339   2.85425   0.02655   1.06038  
 98  0.0164  27181.830225  x:  0.01002   0.01900   0.00267   0.00499   0.01473   0.00336   0.00537   0.00527   0.00843   0.00096   0.00713   0.00261   0.00047   0.00246   0.00090   0.00132   0.00195   0.00147   0.00221   0.00357   0.00501   0.00475   0.00161   0.00423   0.00354   0.00120   0.00740   0.00754   0.00199   0.00072   0.00150   0.00024   0.00214   0.00115   0.00175   0.00074   0.00404   0.02078   0.01660   0.01192   0.00115   0.00408   0.00360   0.00250   0.00360   0.00926   0.01314   0.01908   0.00816   0.00490   0.01136   0.00000   0.00035   0.01693   0.00793   4.18328   0.75339   0.93874   1.05072   2.88591   0.02724   1.08142  
 99  0.0138  27181.817412  x:  0.01002   0.01903   0.00266   0.00501   0.01473   0.00337   0.00538   0.00528   0.00842   0.00098   0.00711   0.00261   0.00047   0.00247   0.00089   0.00132   0.00193   0.00148   0.00221   0.00355   0.00497   0.00473   0.00159   0.00419   0.00350   0.00120   0.00739   0.00757   0.00197   0.00072   0.00149   0.00025   0.00211   0.00116   0.00173   0.00074   0.00403   0.02076   0.01664   0.01190   0.00113   0.00405   0.00360   0.00251   0.00358   0.00926   0.01316   0.01910   0.00815   0.00488   0.01144   0.00000   0.00036   0.01686   0.00793   4.17530   0.75325   0.93769   1.04791   2.90436   0.02764   1.09454  
100  0.0112  27181.811345  x:  0.01000   0.01906   0.00267   0.00501   0.01475   0.00337   0.00539   0.00526   0.00841   0.00096   0.00712   0.00261   0.00047   0.00250   0.00088   0.00133   0.00194   0.00147   0.00222   0.00354   0.00497   0.00473   0.00159   0.00419   0.00353   0.00120   0.00739   0.00752   0.00198   0.00072   0.00149   0.00024   0.00211   0.00116   0.00173   0.00074   0.00403   0.02075   0.01663   0.01189   0.00112   0.00403   0.00360   0.00249   0.00358   0.00927   0.01317   0.01910   0.00814   0.00489   0.01151   0.00000   0.00036   0.01686   0.00793   4.17155   0.75400   0.93831   1.05176   2.90656   0.02762   1.09940  
101  0.0050  27181.809377  x:  0.01001   0.01905   0.00266   0.00500   0.01477   0.00337   0.00540   0.00526   0.00842   0.00097   0.00713   0.00261   0.00047   0.00250   0.00089   0.00133   0.00195   0.00147   0.00223   0.00355   0.00498   0.00474   0.00160   0.00420   0.00353   0.00120   0.00738   0.00755   0.00198   0.00072   0.00149   0.00025   0.00211   0.00116   0.00173   0.00074   0.00403   0.02076   0.01663   0.01190   0.00113   0.00402   0.00360   0.00249   0.00358   0.00929   0.01316   0.01908   0.00814   0.00490   0.01154   0.00000   0.00036   0.01688   0.00793   4.16989   0.75323   0.93705   1.04903   2.91663   0.02793   1.10490  
102  0.0073  27181.808509  x:  0.01002   0.01905   0.00266   0.00499   0.01477   0.00337   0.00540   0.00527   0.00842   0.00097   0.00713   0.00261   0.00047   0.00250   0.00089   0.00133   0.00195   0.00147   0.00223   0.00356   0.00497   0.00474   0.00160   0.00421   0.00353   0.00120   0.00739   0.00755   0.00197   0.00072   0.00150   0.00025   0.00211   0.00116   0.00173   0.00074   0.00403   0.02078   0.01663   0.01192   0.00113   0.00401   0.00358   0.00250   0.00359   0.00929   0.01316   0.01909   0.00812   0.00490   0.01156   0.00000   0.00036   0.01688   0.00793   4.16864   0.75331   0.93609   1.04795   2.91106   0.02776   1.10282  
103  0.0037  27181.807771  x:  0.01002   0.01905   0.00266   0.00498   0.01476   0.00337   0.00540   0.00527   0.00842   0.00097   0.00713   0.00261   0.00047   0.00250   0.00089   0.00133   0.00196   0.00147   0.00223   0.00357   0.00497   0.00475   0.00160   0.00420   0.00353   0.00120   0.00739   0.00755   0.00197   0.00072   0.00150   0.00025   0.00211   0.00116   0.00173   0.00073   0.00403   0.02078   0.01663   0.01194   0.00113   0.00401   0.00357   0.00249   0.00359   0.00928   0.01316   0.01910   0.00812   0.00490   0.01156   0.00000   0.00036   0.01687   0.00793   4.16751   0.75370   0.93558   1.04873   2.91702   0.02793   1.10530  
104  0.0035  27181.807214  x:  0.01001   0.01905   0.00266   0.00498   0.01476   0.00337   0.00539   0.00527   0.00842   0.00097   0.00712   0.00261   0.00047   0.00250   0.00089   0.00133   0.00196   0.00147   0.00222   0.00356   0.00498   0.00475   0.00160   0.00420   0.00353   0.00120   0.00738   0.00755   0.00197   0.00072   0.00150   0.00025   0.00211   0.00116   0.00173   0.00073   0.00402   0.02077   0.01663   0.01193   0.00113   0.00402   0.00356   0.00249   0.00359   0.00929   0.01316   0.01909   0.00813   0.00489   0.01156   0.00000   0.00036   0.01687   0.00793   4.16660   0.75399   0.93554   1.04881   2.91421   0.02780   1.10454  
105  0.0012  27181.807194  x:  0.01001   0.01905   0.00266   0.00498   0.01476   0.00337   0.00539   0.00527   0.00842   0.00097   0.00712   0.00261   0.00047   0.00250   0.00089   0.00133   0.00196   0.00147   0.00222   0.00356   0.00498   0.00475   0.00160   0.00420   0.00353   0.00120   0.00738   0.00755   0.00197   0.00072   0.00150   0.00025   0.00211   0.00116   0.00173   0.00073   0.00403   0.02078   0.01663   0.01193   0.00113   0.00402   0.00356   0.00249   0.00359   0.00929   0.01316   0.01909   0.00813   0.00489   0.01156   0.00000   0.00036   0.01687   0.00793   4.16679   0.75392   0.93546   1.04869   2.91551   0.02784   1.10502  
106  0.0030  27181.807192  x:  0.01001   0.01905   0.00266   0.00498   0.01476   0.00337   0.00539   0.00527   0.00842   0.00097   0.00712   0.00261   0.00047   0.00250   0.00089   0.00133   0.00196   0.00147   0.00222   0.00356   0.00498   0.00475   0.00160   0.00420   0.00353   0.00120   0.00738   0.00755   0.00197   0.00072   0.00150   0.00025   0.00211   0.00116   0.00173   0.00073   0.00403   0.02078   0.01663   0.01193   0.00113   0.00402   0.00356   0.00249   0.00359   0.00929   0.01316   0.01909   0.00813   0.00490   0.01156   0.00000   0.00036   0.01687   0.00793   4.16685   0.75389   0.93541   1.04863   2.91585   0.02785   1.10514  
107  0.0021  27181.807190  x:  0.01001   0.01905   0.00266   0.00498   0.01476   0.00337   0.00539   0.00527   0.00842   0.00097   0.00712   0.00261   0.00047   0.00250   0.00089   0.00133   0.00196   0.00147   0.00222   0.00356   0.00498   0.00475   0.00160   0.00420   0.00353   0.00120   0.00738   0.00755   0.00197   0.00072   0.00150   0.00025   0.00211   0.00116   0.00173   0.00073   0.00403   0.02078   0.01663   0.01193   0.00113   0.00402   0.00356   0.00249   0.00359   0.00929   0.01316   0.01909   0.00813   0.00490   0.01156   0.00000   0.00036   0.01687   0.00793   4.16690   0.75386   0.93535   1.04856   2.91615   0.02786   1.10525  
108  0.0018  27181.807188  x:  0.01001   0.01905   0.00266   0.00498   0.01476   0.00337   0.00539   0.00527   0.00842   0.00097   0.00712   0.00261   0.00047   0.00250   0.00089   0.00133   0.00196   0.00147   0.00222   0.00356   0.00498   0.00475   0.00160   0.00420   0.00353   0.00120   0.00738   0.00755   0.00198   0.00072   0.00150   0.00025   0.00211   0.00116   0.00173   0.00073   0.00403   0.02078   0.01663   0.01193   0.00113   0.00402   0.00356   0.00249   0.00359   0.00929   0.01316   0.01909   0.00813   0.00490   0.01157   0.00000   0.00036   0.01687   0.00793   4.16694   0.75385   0.93530   1.04852   2.91633   0.02787   1.10531  
109  0.0014  27181.807187  x:  0.01001   0.01905   0.00266   0.00498   0.01476   0.00337   0.00539   0.00527   0.00842   0.00097   0.00712   0.00261   0.00047   0.00250   0.00089   0.00133   0.00196   0.00147   0.00222   0.00356   0.00498   0.00475   0.00160   0.00420   0.00353   0.00120   0.00739   0.00755   0.00198   0.00072   0.00150   0.00025   0.00211   0.00116   0.00173   0.00073   0.00403   0.02078   0.01663   0.01193   0.00113   0.00402   0.00356   0.00249   0.00359   0.00929   0.01316   0.01909   0.00813   0.00490   0.01157   0.00000   0.00036   0.01687   0.00793   4.16697   0.75384   0.93526   1.04847   2.91647   0.02788   1.10535  
110  0.0011  27181.807186  x:  0.01001   0.01905   0.00266   0.00498   0.01476   0.00337   0.00539   0.00527   0.00842   0.00097   0.00712   0.00261   0.00047   0.00250   0.00089   0.00133   0.00196   0.00147   0.00222   0.00356   0.00498   0.00475   0.00160   0.00420   0.00353   0.00120   0.00739   0.00755   0.00198   0.00072   0.00150   0.00025   0.00211   0.00116   0.00173   0.00073   0.00403   0.02078   0.01663   0.01193   0.00113   0.00402   0.00356   0.00249   0.00359   0.00929   0.01316   0.01909   0.00813   0.00490   0.01157   0.00000   0.00036   0.01687   0.00793   4.16698   0.75383   0.93522   1.04844   2.91657   0.02788   1.10539  
111  0.0008  27181.807186  x:  0.01001   0.01905   0.00266   0.00498   0.01476   0.00337   0.00539   0.00527   0.00842   0.00097   0.00712   0.00261   0.00047   0.00250   0.00089   0.00133   0.00196   0.00147   0.00222   0.00356   0.00498   0.00475   0.00160   0.00420   0.00353   0.00120   0.00739   0.00755   0.00198   0.00072   0.00150   0.00025   0.00211   0.00116   0.00173   0.00073   0.00403   0.02078   0.01663   0.01193   0.00113   0.00402   0.00356   0.00249   0.00359   0.00929   0.01316   0.01909   0.00813   0.00490   0.01157   0.00000   0.00036   0.01687   0.00793   4.16699   0.75382   0.93520   1.04842   2.91664   0.02788   1.10541  
112  0.0007  27181.807185  x:  0.01001   0.01905   0.00266   0.00498   0.01476   0.00337   0.00539   0.00527   0.00842   0.00097   0.00712   0.00261   0.00047   0.00250   0.00089   0.00133   0.00196   0.00147   0.00222   0.00356   0.00498   0.00475   0.00160   0.00420   0.00353   0.00120   0.00739   0.00755   0.00198   0.00072   0.00150   0.00025   0.00211   0.00116   0.00173   0.00073   0.00403   0.02078   0.01663   0.01193   0.00113   0.00402   0.00356   0.00249   0.00359   0.00929   0.01316   0.01909   0.00813   0.00490   0.01157   0.00000   0.00036   0.01687   0.00793   4.16700   0.75382   0.93518   1.04840   2.91669   0.02789   1.10543  
113  0.0005  27181.807185  x:  0.01001   0.01905   0.00266   0.00498   0.01476   0.00337   0.00540   0.00527   0.00842   0.00097   0.00712   0.00261   0.00047   0.00250   0.00089   0.00133   0.00196   0.00147   0.00222   0.00356   0.00498   0.00475   0.00160   0.00420   0.00353   0.00120   0.00739   0.00755   0.00198   0.00072   0.00150   0.00025   0.00211   0.00116   0.00173   0.00073   0.00403   0.02078   0.01663   0.01193   0.00113   0.00402   0.00356   0.00249   0.00359   0.00929   0.01316   0.01909   0.00813   0.00490   0.01157   0.00000   0.00036   0.01687   0.00793   4.16700   0.75381   0.93516   1.04839   2.91673   0.02789   1.10544  
114  0.0004  27181.807185  x:  0.01001   0.01905   0.00266   0.00498   0.01476   0.00337   0.00540   0.00527   0.00842   0.00097   0.00712   0.00261   0.00047   0.00250   0.00089   0.00133   0.00196   0.00147   0.00222   0.00356   0.00498   0.00475   0.00160   0.00420   0.00353   0.00120   0.00739   0.00755   0.00198   0.00072   0.00150   0.00025   0.00211   0.00116   0.00173   0.00073   0.00403   0.02078   0.01663   0.01193   0.00113   0.00402   0.00356   0.00249   0.00359   0.00929   0.01316   0.01909   0.00813   0.00490   0.01157   0.00000   0.00036   0.01687   0.00793   4.16700   0.75381   0.93515   1.04838   2.91676   0.02789   1.10545  
115  0.0003  27181.807185  x:  0.01001   0.01905   0.00266   0.00498   0.01476   0.00337   0.00540   0.00527   0.00842   0.00097   0.00712   0.00261   0.00047   0.00250   0.00089   0.00133   0.00196   0.00147   0.00222   0.00356   0.00498   0.00475   0.00160   0.00420   0.00353   0.00120   0.00739   0.00755   0.00198   0.00072   0.00150   0.00025   0.00211   0.00116   0.00173   0.00073   0.00403   0.02078   0.01663   0.01193   0.00113   0.00402   0.00356   0.00249   0.00359   0.00929   0.01316   0.01909   0.00813   0.00490   0.01157   0.00000   0.00036   0.01687   0.00793   4.16700   0.75381   0.93514   1.04837   2.91679   0.02789   1.10546  
116  0.0003  27181.807185  x:  0.01001   0.01905   0.00266   0.00498   0.01476   0.00337   0.00540   0.00527   0.00842   0.00097   0.00712   0.00261   0.00047   0.00250   0.00089   0.00133   0.00196   0.00147   0.00222   0.00356   0.00498   0.00475   0.00160   0.00420   0.00353   0.00120   0.00739   0.00755   0.00198   0.00072   0.00150   0.00025   0.00211   0.00116   0.00173   0.00073   0.00403   0.02078   0.01663   0.01193   0.00113   0.00402   0.00356   0.00249   0.00359   0.00929   0.01316   0.01909   0.00813   0.00490   0.01157   0.00000   0.00036   0.01687   0.00793   4.16700   0.75381   0.93513   1.04836   2.91680   0.02789   1.10546  
117  0.0002  27181.807185  x:  0.01001   0.01905   0.00266   0.00498   0.01476   0.00337   0.00540   0.00527   0.00842   0.00097   0.00712   0.00261   0.00047   0.00250   0.00089   0.00133   0.00196   0.00147   0.00222   0.00356   0.00498   0.00475   0.00160   0.00420   0.00353   0.00120   0.00739   0.00755   0.00198   0.00072   0.00150   0.00025   0.00211   0.00116   0.00173   0.00073   0.00403   0.02078   0.01663   0.01193   0.00113   0.00402   0.00356   0.00249   0.00359   0.00929   0.01316   0.01909   0.00813   0.00490   0.01157   0.00000   0.00036   0.01687   0.00793   4.16700   0.75380   0.93513   1.04836   2.91682   0.02789   1.10547  
118  0.0002  27181.807185  x:  0.01001   0.01905   0.00266   0.00498   0.01476   0.00337   0.00540   0.00527   0.00842   0.00097   0.00712   0.00261   0.00047   0.00250   0.00089   0.00133   0.00196   0.00147   0.00222   0.00356   0.00498   0.00475   0.00160   0.00420   0.00353   0.00120   0.00739   0.00755   0.00198   0.00072   0.00150   0.00025   0.00211   0.00116   0.00173   0.00073   0.00403   0.02078   0.01663   0.01193   0.00113   0.00402   0.00356   0.00249   0.00359   0.00929   0.01316   0.01909   0.00813   0.00490   0.01157   0.00000   0.00036   0.01687   0.00793   4.16700   0.75380   0.93512   1.04835   2.91683   0.02789   1.10547  
119  0.0002  27181.807185  x:  0.01001   0.01905   0.00266   0.00498   0.01476   0.00337   0.00540   0.00527   0.00842   0.00097   0.00712   0.00261   0.00047   0.00250   0.00089   0.00133   0.00196   0.00147   0.00222   0.00356   0.00498   0.00476   0.00160   0.00420   0.00353   0.00120   0.00739   0.00755   0.00198   0.00072   0.00150   0.00025   0.00211   0.00116   0.00173   0.00073   0.00403   0.02078   0.01663   0.01193   0.00113   0.00402   0.00356   0.00249   0.00359   0.00929   0.01316   0.01909   0.00813   0.00490   0.01157   0.00000   0.00036   0.01687   0.00793   4.16700   0.75380   0.93512   1.04835   2.91683   0.02789   1.10547  
120  0.0001  27181.807184  x:  0.01001   0.01905   0.00266   0.00498   0.01476   0.00337   0.00540   0.00527   0.00842   0.00097   0.00712   0.00261   0.00047   0.00250   0.00089   0.00133   0.00196   0.00147   0.00222   0.00356   0.00498   0.00476   0.00160   0.00420   0.00353   0.00120   0.00739   0.00755   0.00198   0.00072   0.00150   0.00025   0.00211   0.00116   0.00173   0.00073   0.00403   0.02078   0.01663   0.01193   0.00113   0.00402   0.00356   0.00249   0.00359   0.00929   0.01316   0.01909   0.00813   0.00490   0.01157   0.00000   0.00036   0.01687   0.00793   4.16699   0.75380   0.93511   1.04834   2.91684   0.02789   1.10547  
121  0.0001  27181.807184  x:  0.01001   0.01905   0.00266   0.00498   0.01476   0.00337   0.00540   0.00527   0.00842   0.00097   0.00712   0.00261   0.00047   0.00250   0.00089   0.00133   0.00196   0.00147   0.00222   0.00356   0.00498   0.00476   0.00160   0.00420   0.00353   0.00120   0.00739   0.00755   0.00198   0.00072   0.00150   0.00025   0.00211   0.00116   0.00173   0.00073   0.00403   0.02078   0.01663   0.01193   0.00113   0.00402   0.00356   0.00249   0.00359   0.00929   0.01316   0.01909   0.00813   0.00490   0.01157   0.00000   0.00036   0.01687   0.00793   4.16699   0.75380   0.93511   1.04834   2.91684   0.02789   1.10547  
122  0.0001  27181.807184  x:  0.01001   0.01905   0.00266   0.00498   0.01476   0.00337   0.00540   0.00527   0.00842   0.00097   0.00712   0.00261   0.00047   0.00250   0.00089   0.00133   0.00196   0.00147   0.00222   0.00356   0.00498   0.00476   0.00160   0.00420   0.00353   0.00120   0.00739   0.00755   0.00198   0.00072   0.00150   0.00025   0.00211   0.00116   0.00173   0.00073   0.00403   0.02077   0.01663   0.01193   0.00113   0.00402   0.00356   0.00249   0.00359   0.00929   0.01316   0.01909   0.00813   0.00490   0.01157   0.00000   0.00036   0.01687   0.00793   4.16699   0.75380   0.93511   1.04834   2.91685   0.02789   1.10547  
123  0.0001  27181.807184  x:  0.01001   0.01905   0.00266   0.00498   0.01476   0.00337   0.00540   0.00527   0.00842   0.00097   0.00712   0.00261   0.00047   0.00250   0.00089   0.00133   0.00196   0.00147   0.00222   0.00356   0.00498   0.00476   0.00160   0.00420   0.00353   0.00120   0.00739   0.00755   0.00198   0.00072   0.00150   0.00025   0.00211   0.00116   0.00173   0.00073   0.00403   0.02077   0.01663   0.01193   0.00113   0.00402   0.00356   0.00249   0.00359   0.00929   0.01316   0.01909   0.00813   0.00490   0.01157   0.00000   0.00036   0.01687   0.00793   4.16699   0.75380   0.93511   1.04834   2.91685   0.02789   1.10547  
124  0.0001  27181.807184  x:  0.01001   0.01905   0.00266   0.00498   0.01476   0.00337   0.00540   0.00527   0.00842   0.00097   0.00712   0.00261   0.00047   0.00250   0.00089   0.00133   0.00196   0.00147   0.00222   0.00356   0.00498   0.00476   0.00160   0.00420   0.00353   0.00120   0.00739   0.00755   0.00198   0.00072   0.00150   0.00025   0.00211   0.00116   0.00173   0.00073   0.00403   0.02077   0.01663   0.01193   0.00113   0.00402   0.00356   0.00249   0.00359   0.00929   0.01316   0.01909   0.00813   0.00490   0.01157   0.00000   0.00036   0.01687   0.00793   4.16699   0.75380   0.93511   1.04834   2.91685   0.02789   1.10547  
125  0.0001  27181.807184  x:  0.01001   0.01905   0.00266   0.00498   0.01476   0.00337   0.00540   0.00527   0.00842   0.00097   0.00712   0.00261   0.00047   0.00250   0.00089   0.00133   0.00196   0.00147   0.00222   0.00356   0.00498   0.00476   0.00160   0.00420   0.00353   0.00120   0.00739   0.00755   0.00198   0.00072   0.00150   0.00025   0.00211   0.00116   0.00173   0.00073   0.00403   0.02077   0.01663   0.01192   0.00113   0.00402   0.00356   0.00249   0.00359   0.00929   0.01316   0.01909   0.00813   0.00490   0.01157   0.00000   0.00036   0.01687   0.00793   4.16698   0.75380   0.93510   1.04833   2.91686   0.02789   1.10547  