

TREE # 1

  0  0.0000  10867.927293  x:  0.00939   0.00489   0.01127   0.00745   0.01006   0.01200   0.00454   0.00879   0.00927   0.00820   0.00077   0.00019   0.00699   0.02126   0.00011   0.00427   0.00540   0.00436   0.00447   0.00242   0.00309   0.00005   0.00165   0.00862   0.00210   0.00586   0.00445   0.00218   0.01174   0.00320   0.00251   0.00106   0.00235   0.01402   0.00041   0.00221   0.00000   0.00577   0.02098   0.02286   0.01576   0.00605   0.01562   0.00100   0.01373   0.02021   0.02583   0.01410   0.01170   0.01385   0.01842   0.01915   0.00579   0.01352   0.02001   0.92300   0.54281   0.96691   0.71460   1.10701   0.00969   0.25546  
  1 99.0000  10861.586973  x:  0.00940   0.00489   0.01127   0.00745   0.01006   0.01201   0.00454   0.00880   0.00927   0.00822   0.00081   0.00016   0.00698   0.02126   0.00018   0.00428   0.00539   0.00435   0.00447   0.00243   0.00309   0.00031   0.00163   0.00862   0.00209   0.00586   0.00444   0.00219   0.01174   0.00320   0.00249   0.00110   0.00233   0.01403   0.00046   0.00219   0.00295   0.00578   0.02098   0.02286   0.01576   0.00605   0.01562   0.00107   0.01373   0.02021   0.02583   0.01410   0.01170   0.01385   0.01842   0.01915   0.00577   0.01353   0.02001   0.92301   0.54281   0.96691   0.71460   1.10701   0.00969   0.25545  
  2 183451.5762  10855.457033  x:  0.00943   0.00489   0.01125   0.00750   0.01006   0.01205   0.00459   0.00887   0.00924   0.00832   0.00110   0.00000   0.00694   0.02128   0.00055   0.00435   0.00529   0.00426   0.00448   0.00251   0.00305   0.00063   0.00151   0.00864   0.00205   0.00586   0.00442   0.00229   0.01175   0.00322   0.00234   0.00138   0.00220   0.01404   0.00078   0.00205   0.00292   0.00583   0.02098   0.02287   0.01581   0.00607   0.01561   0.00156   0.01376   0.02018   0.02583   0.01412   0.01168   0.01381   0.01842   0.01916   0.00565   0.01359   0.02003   0.92304   0.54281   0.96691   0.71460   1.10702   0.00968   0.25540  
  3 8167.4851  10848.595010  x:  0.00958   0.00487   0.01114   0.00772   0.01006   0.01226   0.00478   0.00920   0.00915   0.00876   0.00160   0.00000   0.00672   0.02139   0.00000   0.00465   0.00484   0.00383   0.00448   0.00282   0.00289   0.00048   0.00093   0.00870   0.00187   0.00584   0.00431   0.00265   0.01179   0.00331   0.00159   0.00200   0.00153   0.01410   0.00049   0.00146   0.00293   0.00605   0.02097   0.02291   0.01604   0.00614   0.01556   0.00226   0.01385   0.02008   0.02581   0.01418   0.01161   0.01365   0.01846   0.01918   0.00510   0.01386   0.02013   0.92317   0.54281   0.96691   0.71460   1.10705   0.00966   0.25519  
  4 5632.0064  10845.350609  x:  0.00969   0.00486   0.01107   0.00788   0.01005   0.01240   0.00491   0.00943   0.00907   0.00906   0.00175   0.00000   0.00656   0.02148   0.00018   0.00486   0.00451   0.00352   0.00447   0.00301   0.00278   0.00022   0.00050   0.00875   0.00175   0.00583   0.00424   0.00289   0.01183   0.00338   0.00101   0.00228   0.00101   0.01415   0.00016   0.00104   0.00295   0.00622   0.02097   0.02293   0.01621   0.00618   0.01552   0.00244   0.01391   0.02000   0.02580   0.01423   0.01157   0.01354   0.01849   0.01919   0.00469   0.01406   0.02020   0.92328   0.54281   0.96691   0.71460   1.10707   0.00964   0.25502  
  5 18411.9005  10842.371645  x:  0.00979   0.00484   0.01099   0.00803   0.01004   0.01254   0.00503   0.00965   0.00900   0.00935   0.00174   0.00000   0.00639   0.02156   0.00021   0.00505   0.00418   0.00322   0.00446   0.00318   0.00267   0.00006   0.00014   0.00880   0.00165   0.00582   0.00416   0.00309   0.01187   0.00344   0.00041   0.00242   0.00048   0.01419   0.00030   0.00065   0.00296   0.00637   0.02096   0.02296   0.01637   0.00622   0.01549   0.00235   0.01397   0.01992   0.02579   0.01428   0.01152   0.01342   0.01851   0.01921   0.00428   0.01426   0.02028   0.92338   0.54281   0.96691   0.71460   1.10709   0.00962   0.25486  
  6 20106.4096  10840.702837  x:  0.00984   0.00484   0.01096   0.00810   0.01004   0.01261   0.00509   0.00975   0.00897   0.00948   0.00171   0.00000   0.00632   0.02160   0.00021   0.00514   0.00403   0.00308   0.00445   0.00326   0.00262   0.00010   0.00000   0.00882   0.00160   0.00582   0.00413   0.00318   0.01189   0.00347   0.00013   0.00247   0.00023   0.01421   0.00030   0.00048   0.00296   0.00644   0.02096   0.02297   0.01645   0.00624   0.01547   0.00229   0.01400   0.01989   0.02579   0.01431   0.01150   0.01337   0.01852   0.01922   0.00409   0.01435   0.02031   0.92342   0.54282   0.96691   0.71461   1.10710   0.00962   0.25479  
  7 68659.8530  10839.837440  x:  0.00986   0.00484   0.01094   0.00813   0.01004   0.01264   0.00511   0.00980   0.00895   0.00954   0.00171   0.00000   0.00628   0.02162   0.00021   0.00518   0.00396   0.00302   0.00445   0.00329   0.00260   0.00011   0.00002   0.00883   0.00158   0.00582   0.00412   0.00323   0.01190   0.00348   0.00000   0.00249   0.00011   0.01422   0.00031   0.00041   0.00296   0.00647   0.02095   0.02298   0.01648   0.00625   0.01546   0.00227   0.01401   0.01987   0.02579   0.01432   0.01149   0.01335   0.01853   0.01922   0.00400   0.01439   0.02032   0.92345   0.54282   0.96691   0.71461   1.10711   0.00961   0.25475  
  8 39887.7587  10839.321840  x:  0.00988   0.00483   0.01092   0.00816   0.01004   0.01267   0.00513   0.00984   0.00894   0.00959   0.00170   0.00000   0.00625   0.02163   0.00021   0.00522   0.00390   0.00297   0.00445   0.00331   0.00258   0.00011   0.00002   0.00884   0.00157   0.00581   0.00410   0.00326   0.01191   0.00349   0.00000   0.00251   0.00000   0.01423   0.00031   0.00043   0.00296   0.00650   0.02095   0.02298   0.01651   0.00625   0.01545   0.00226   0.01402   0.01985   0.02579   0.01433   0.01148   0.01332   0.01854   0.01923   0.00393   0.01442   0.02034   0.92347   0.54282   0.96691   0.71461   1.10711   0.00961   0.25472  
  9 17713.6862  10834.465991  x:  0.01022   0.00482   0.01060   0.00861   0.00999   0.01320   0.00518   0.01043   0.00851   0.01040   0.00159   0.00000   0.00562   0.02211   0.00020   0.00562   0.00261   0.00270   0.00465   0.00298   0.00258   0.00009   0.00000   0.00899   0.00219   0.00579   0.00403   0.00307   0.01210   0.00374   0.00000   0.00165   0.00000   0.01441   0.00029   0.00026   0.00296   0.00683   0.02088   0.02311   0.01717   0.00632   0.01527   0.00289   0.01430   0.01945   0.02573   0.01452   0.01129   0.01278   0.01867   0.01948   0.00159   0.01526   0.02067   0.92409   0.54282   0.96691   0.71462   1.10725   0.00950   0.25373  
 10 3893.0018  10834.465991  x:  0.01022   0.00482   0.01060   0.00861   0.00999   0.01320   0.00518   0.01043   0.00851   0.01040   0.00159   0.00000   0.00562   0.02211   0.00020   0.00562   0.00261   0.00270   0.00465   0.00298   0.00258   0.00009   0.00000   0.00899   0.00219   0.00579   0.00403   0.00307   0.01210   0.00374   0.00000   0.00165   0.00000   0.01441   0.00029   0.00026   0.00296   0.00683   0.02088   0.02311   0.01717   0.00632   0.01527   0.00289   0.01430   0.01945   0.02573   0.01452   0.01129   0.01278   0.01867   0.01948   0.00159   0.01526   0.02067   0.92409   0.54282   0.96691   0.71462   1.10725   0.00950   0.25373  
 11 3385.4974  10828.524975  x:  0.01024   0.00482   0.01059   0.00863   0.00999   0.01322   0.00519   0.01045   0.00850   0.01044   0.00165   0.00000   0.00561   0.02212   0.00050   0.00564   0.00257   0.00267   0.00465   0.00301   0.00256   0.00197   0.00078   0.00900   0.00215   0.00579   0.00402   0.00309   0.01210   0.00374   0.00000   0.00180   0.00000   0.01441   0.00080   0.00047   0.00290   0.00685   0.02088   0.02312   0.01720   0.00633   0.01527   0.00298   0.01431   0.01943   0.02573   0.01452   0.01128   0.01276   0.01867   0.01949   0.00151   0.01530   0.02069   0.92411   0.54282   0.96691   0.71462   1.10726   0.00949   0.25369  
 12 22412.3622  10823.250083  x:  0.01036   0.00481   0.01048   0.00880   0.00998   0.01341   0.00531   0.01070   0.00841   0.01074   0.00235   0.00000   0.00543   0.02228   0.00153   0.00584   0.00221   0.00235   0.00461   0.00324   0.00243   0.00200   0.00000   0.00905   0.00184   0.00578   0.00393   0.00332   0.01216   0.00374   0.00000   0.00289   0.00000   0.01448   0.00162   0.00092   0.00241   0.00701   0.02086   0.02316   0.01742   0.00636   0.01521   0.00373   0.01440   0.01930   0.02571   0.01459   0.01122   0.01258   0.01872   0.01958   0.00075   0.01557   0.02080   0.92432   0.54282   0.96691   0.71463   1.10730   0.00946   0.25337  
 13 3228.5109  10821.019492  x:  0.01047   0.00481   0.01039   0.00896   0.00997   0.01358   0.00539   0.01092   0.00832   0.01099   0.00253   0.00000   0.00515   0.02243   0.00155   0.00602   0.00196   0.00216   0.00457   0.00338   0.00235   0.00216   0.00000   0.00910   0.00167   0.00577   0.00387   0.00348   0.01222   0.00375   0.00000   0.00311   0.00000   0.01454   0.00138   0.00051   0.00198   0.00715   0.02084   0.02320   0.01763   0.00639   0.01516   0.00417   0.01447   0.01916   0.02570   0.01465   0.01116   0.01242   0.01876   0.01969   0.00000   0.01584   0.02090   0.92453   0.54282   0.96691   0.71463   1.10735   0.00942   0.25303  
 14 2616.0919  10819.210915  x:  0.01077   0.00480   0.01013   0.00937   0.00993   0.01404   0.00558   0.01148   0.00811   0.01163   0.00255   0.00000   0.00430   0.02290   0.00116   0.00646   0.00155   0.00191   0.00449   0.00359   0.00221   0.00234   0.00000   0.00924   0.00154   0.00576   0.00377   0.00378   0.01236   0.00376   0.00000   0.00303   0.00000   0.01471   0.00072   0.00127   0.00090   0.00749   0.02077   0.02332   0.01821   0.00645   0.01499   0.00488   0.01468   0.01875   0.02565   0.01482   0.01101   0.01195   0.01888   0.02007   0.00000   0.01658   0.02120   0.92517   0.54283   0.96691   0.71464   1.10749   0.00931   0.25200  
 15 2792.4471  10817.908628  x:  0.01108   0.00481   0.00985   0.00978   0.00988   0.01455   0.00570   0.01204   0.00790   0.01224   0.00228   0.00000   0.00342   0.02349   0.00076   0.00689   0.00156   0.00200   0.00445   0.00363   0.00220   0.00219   0.00000   0.00938   0.00171   0.00574   0.00372   0.00395   0.01252   0.00377   0.00000   0.00253   0.00000   0.01490   0.00147   0.00126   0.00047   0.00782   0.02069   0.02347   0.01886   0.00648   0.01481   0.00521   0.01490   0.01824   0.02560   0.01500   0.01086   0.01143   0.01903   0.02053   0.00000   0.01742   0.02155   0.92600   0.54284   0.96692   0.71466   1.10768   0.00916   0.25067  
 16 2214.5681  10815.870058  x:  0.01172   0.00486   0.00930   0.01063   0.00978   0.01561   0.00587   0.01316   0.00750   0.01347   0.00192   0.00000   0.00195   0.02486   0.00128   0.00775   0.00181   0.00226   0.00443   0.00361   0.00225   0.00194   0.00000   0.00965   0.00203   0.00572   0.00366   0.00418   0.01283   0.00377   0.00000   0.00186   0.00000   0.01531   0.00153   0.00129   0.00176   0.00845   0.02049   0.02379   0.02024   0.00650   0.01439   0.00559   0.01538   0.01711   0.02549   0.01539   0.01056   0.01033   0.01937   0.02156   0.00000   0.01925   0.02232   0.92795   0.54286   0.96692   0.71471   1.10812   0.00882   0.24754  
 17 3347.3928  10813.239423  x:  0.01217   0.00503   0.00895   0.01122   0.00965   0.01658   0.00553   0.01384   0.00740   0.01413   0.00172   0.00000   0.00188   0.02692   0.00206   0.00823   0.00285   0.00297   0.00471   0.00290   0.00271   0.00151   0.00000   0.00981   0.00253   0.00576   0.00388   0.00361   0.01305   0.00376   0.00000   0.00267   0.00000   0.01573   0.00108   0.00100   0.00101   0.00869   0.02019   0.02420   0.02167   0.00631   0.01396   0.00384   0.01583   0.01565   0.02536   0.01571   0.01041   0.00938   0.01980   0.02284   0.00000   0.02133   0.02321   0.93112   0.54289   0.96692   0.71478   1.10883   0.00826   0.24241  
 18 1808.9070  10809.945738  x:  0.01216   0.00528   0.00916   0.01121   0.00950   0.01711   0.00488   0.01360   0.00784   0.01374   0.00342   0.00000   0.00246   0.02990   0.00162   0.00801   0.00237   0.00212   0.00489   0.00339   0.00247   0.00104   0.00000   0.00973   0.00152   0.00585   0.00399   0.00284   0.01303   0.00378   0.00000   0.00197   0.00000   0.01605   0.00121   0.00103   0.00118   0.00827   0.01980   0.02468   0.02288   0.00590   0.01371   0.00242   0.01626   0.01429   0.02524   0.01583   0.01065   0.00931   0.02032   0.02411   0.00000   0.02345   0.02411   0.93660   0.54294   0.96693   0.71491   1.11007   0.00728   0.23346  
 19 1899.3632  10801.771158  x:  0.01162   0.00564   0.01001   0.01048   0.00917   0.01748   0.00410   0.01214   0.00890   0.01185   0.00254   0.00000   0.00414   0.03653   0.00000   0.00680   0.00158   0.00173   0.00503   0.00365   0.00205   0.00084   0.00000   0.00935   0.00174   0.00598   0.00428   0.00243   0.01275   0.00380   0.00000   0.00315   0.00000   0.01644   0.00147   0.00117   0.00200   0.00694   0.01904   0.02562   0.02476   0.00516   0.01359   0.00405   0.01699   0.01232   0.02504   0.01579   0.01138   0.01011   0.02132   0.02637   0.00000   0.02733   0.02572   0.95034   0.54308   0.96694   0.71524   1.11319   0.00483   0.21095  
 20 4840.8751  10796.552799  x:  0.01107   0.00591   0.01081   0.00974   0.00889   0.01765   0.00361   0.01075   0.00982   0.01010   0.00125   0.00000   0.00541   0.04226   0.00057   0.00566   0.00078   0.00144   0.00508   0.00397   0.00162   0.00073   0.00000   0.00899   0.00198   0.00609   0.00446   0.00228   0.01248   0.00382   0.00000   0.00257   0.00000   0.01673   0.00150   0.00112   0.00177   0.00578   0.01843   0.02641   0.02623   0.00458   0.01357   0.00546   0.01757   0.01085   0.02488   0.01570   0.01205   0.01099   0.02215   0.02822   0.00000   0.03052   0.02702   0.96258   0.54320   0.96695   0.71554   1.11598   0.00264   0.19087  
 21 37959.2417  10785.949790  x:  0.01004   0.00593   0.01209   0.00826   0.00850   0.01734   0.00497   0.00854   0.01091   0.00781   0.00294   0.00000   0.00670   0.05279   0.00070   0.00397   0.00401   0.00304   0.00513   0.00433   0.00192   0.00175   0.00000   0.00850   0.00184   0.00612   0.00427   0.00420   0.01201   0.00386   0.00000   0.00117   0.00000   0.01694   0.00116   0.00111   0.00120   0.00489   0.01777   0.02765   0.02813   0.00442   0.01393   0.00801   0.01832   0.00989   0.02475   0.01540   0.01304   0.01289   0.02339   0.03078   0.00000   0.03558   0.02887   0.98770   0.54346   0.96697   0.71616   1.12173  -0.00187   0.14944  
 22 14994.8371  10741.397190  x:  0.00804   0.00458   0.01467   0.00513   0.00851   0.01364   0.00935   0.00658   0.01177   0.00839   0.00083   0.00000   0.00419   0.07864   0.00064   0.00432   0.00337   0.00162   0.00390   0.00463   0.00330   0.00422   0.00000   0.00827   0.00029   0.00587   0.00277   0.00622   0.01137   0.00402   0.00000   0.00266   0.00000   0.01606   0.00159   0.00124   0.00176   0.00856   0.01846   0.02962   0.02853   0.00691   0.01639   0.00418   0.01841   0.01512   0.02526   0.01415   0.01456   0.01873   0.02505   0.03347   0.00000   0.04372   0.03078   1.06153   0.54424   0.96695   0.71803   1.13877  -0.01523   0.02666  
 23 13578.9692  10736.050551  x:  0.00773   0.00434   0.01520   0.00471   0.00858   0.01284   0.01005   0.00639   0.01192   0.00859   0.00127   0.00000   0.00373   0.08408   0.00064   0.00445   0.00277   0.00129   0.00368   0.00471   0.00342   0.00473   0.00000   0.00826   0.00179   0.00584   0.00266   0.00645   0.01127   0.00405   0.00000   0.00280   0.00000   0.01584   0.00158   0.00120   0.00184   0.00921   0.01865   0.02998   0.02845   0.00736   0.01692   0.00349   0.01838   0.01632   0.02539   0.01390   0.01485   0.01998   0.02534   0.03389   0.00000   0.04525   0.03108   1.07756   0.54442   0.96695   0.71845   1.14248  -0.01813   0.00000  
 24 99468.3535  10730.486365  x:  0.00832   0.00437   0.01565   0.00654   0.00907   0.01181   0.00921   0.00790   0.01176   0.00914   0.00220   0.00000   0.00390   0.09248   0.00060   0.00488   0.00106   0.00407   0.00399   0.00355   0.00302   0.00520   0.00000   0.00842   0.00165   0.00596   0.00406   0.00536   0.01143   0.00391   0.00000   0.00235   0.00000   0.01536   0.00154   0.00117   0.00184   0.00891   0.01914   0.03013   0.02717   0.00722   0.01760   0.00402   0.01792   0.01840   0.02570   0.01374   0.01488   0.02161   0.02533   0.03349   0.00000   0.04624   0.03071   1.10582   0.54473   0.96690   0.71921   1.14898  -0.02319   0.00000  
 25 6567.8826  10722.138461  x:  0.01019   0.00483   0.01525   0.00924   0.01015   0.01188   0.00594   0.01048   0.01081   0.01002   0.00203   0.00000   0.00448   0.10309   0.00072   0.00553   0.00414   0.00212   0.00472   0.00337   0.00164   0.00520   0.00000   0.00896   0.00176   0.00619   0.00486   0.00294   0.01213   0.00383   0.00000   0.00160   0.00000   0.01483   0.00137   0.00122   0.00153   0.00702   0.01998   0.02970   0.02426   0.00602   0.01795   0.00604   0.01691   0.02059   0.02619   0.01414   0.01410   0.02271   0.02463   0.03141   0.00000   0.04561   0.02914   1.14747   0.54522   0.96680   0.72038   1.15854  -0.03058   0.00000  
 26 7611.4055  10714.603533  x:  0.01125   0.00501   0.01292   0.00939   0.01057   0.01478   0.00342   0.01038   0.00929   0.00926   0.00205   0.00000   0.00383   0.10980   0.00070   0.00471   0.00387   0.00281   0.00547   0.00506   0.00465   0.00423   0.00000   0.00925   0.00202   0.00609   0.00358   0.00507   0.01276   0.00404   0.00000   0.00143   0.00000   0.01517   0.00118   0.00117   0.00138   0.00440   0.02047   0.02845   0.02150   0.00445   0.01674   0.00653   0.01594   0.01921   0.02649   0.01534   0.01230   0.02077   0.02314   0.02803   0.00000   0.04212   0.02666   1.18505   0.54570   0.96663   0.72154   1.16710  -0.03710   0.00000  
 27 4521.1089  10705.155595  x:  0.01145   0.00539   0.00963   0.00875   0.01007   0.01831   0.00637   0.00919   0.00843   0.00741   0.00225   0.00000   0.00431   0.11526   0.00061   0.00349   0.00376   0.00355   0.00408   0.00403   0.00219   0.00224   0.00000   0.00893   0.00224   0.00611   0.00386   0.00543   0.01290   0.00364   0.00000   0.00096   0.00000   0.01604   0.00095   0.00109   0.00117   0.00462   0.02071   0.02655   0.01924   0.00425   0.01445   0.00742   0.01512   0.01441   0.02658   0.01662   0.01027   0.01630   0.02103   0.02355   0.00000   0.03547   0.02335   1.22992   0.54629   0.96637   0.72299   1.17725  -0.04475   0.00000  
 28 5919.7737  10700.797331  x:  0.00999   0.00580   0.01007   0.00819   0.00881   0.01824   0.00491   0.00815   0.01002   0.00827   0.00242   0.00000   0.00361   0.11519   0.00069   0.00503   0.00420   0.00416   0.00548   0.00443   0.00164   0.00176   0.00000   0.00816   0.00229   0.00611   0.00455   0.00514   0.01195   0.00412   0.00000   0.00076   0.00000   0.01641   0.00079   0.00105   0.00101   0.00519   0.01995   0.02570   0.02025   0.00596   0.01363   0.00836   0.01553   0.01036   0.02617   0.01607   0.01125   0.01332   0.02038   0.02259   0.00000   0.03014   0.02251   1.25255   0.54661   0.96618   0.72381   1.18233  -0.04849   0.00000  
 29 2882.9572  10698.283434  x:  0.00962   0.00608   0.01095   0.00892   0.00814   0.01775   0.00510   0.00927   0.01074   0.00786   0.00251   0.00000   0.00218   0.11316   0.00077   0.00361   0.00441   0.00413   0.00508   0.00479   0.00182   0.00191   0.00000   0.00812   0.00233   0.00614   0.00458   0.00460   0.01157   0.00335   0.00000   0.00104   0.00000   0.01663   0.00073   0.00101   0.00098   0.00444   0.01897   0.02546   0.02204   0.00509   0.01334   0.00828   0.01632   0.00863   0.02559   0.01552   0.01234   0.01146   0.02044   0.02348   0.00000   0.02645   0.02298   1.26628   0.54682   0.96601   0.72438   1.18537  -0.05066   0.00000  
 30 2245.0187  10696.342274  x:  0.00988   0.00606   0.01126   0.00925   0.00795   0.01771   0.00526   0.00970   0.01071   0.00775   0.00262   0.00000   0.00355   0.11008   0.00069   0.00360   0.00420   0.00371   0.00456   0.00417   0.00275   0.00190   0.00000   0.00840   0.00232   0.00610   0.00408   0.00460   0.01169   0.00391   0.00000   0.00067   0.00000   0.01691   0.00079   0.00102   0.00098   0.00479   0.01810   0.02553   0.02416   0.00394   0.01316   0.00866   0.01724   0.00864   0.02495   0.01527   0.01293   0.01002   0.02079   0.02499   0.00000   0.02375   0.02403   1.27760   0.54700   0.96583   0.72489   1.18785  -0.05237   0.00000  
 31 2354.4838  10694.389836  x:  0.01061   0.00600   0.01102   0.00937   0.00827   0.01834   0.00473   0.00890   0.01016   0.00716   0.00259   0.00000   0.00392   0.10572   0.00066   0.00413   0.00426   0.00423   0.00424   0.00470   0.00131   0.00181   0.00000   0.00861   0.00236   0.00610   0.00394   0.00517   0.01213   0.00417   0.00000   0.00080   0.00000   0.01723   0.00077   0.00098   0.00098   0.00428   0.01732   0.02584   0.02633   0.00357   0.01306   0.00831   0.01808   0.00951   0.02433   0.01544   0.01300   0.00971   0.02133   0.02695   0.00000   0.02197   0.02538   1.28894   0.54719   0.96562   0.72547   1.19028  -0.05398   0.00000  
 32 2260.6156  10692.305408  x:  0.01138   0.00611   0.01034   0.00940   0.00887   0.01950   0.00487   0.00783   0.00958   0.00687   0.00267   0.00000   0.00415   0.09911   0.00067   0.00345   0.00431   0.00412   0.00533   0.00498   0.00176   0.00145   0.00000   0.00844   0.00232   0.00627   0.00508   0.00455   0.01256   0.00294   0.00000   0.00072   0.00000   0.01752   0.00072   0.00093   0.00094   0.00425   0.01697   0.02639   0.02838   0.00470   0.01306   0.00867   0.01865   0.00999   0.02381   0.01604   0.01248   0.01095   0.02201   0.02906   0.00000   0.02136   0.02687   1.30271   0.54744   0.96531   0.72623   1.19316  -0.05580   0.00000  
 33 2328.6479  10689.765479  x:  0.01112   0.00645   0.00978   0.00886   0.00906   0.02100   0.00505   0.00797   0.00988   0.00715   0.00282   0.00000   0.00394   0.08890   0.00071   0.00247   0.00440   0.00429   0.00590   0.00499   0.00165   0.00137   0.00000   0.00780   0.00228   0.00638   0.00580   0.00367   0.01239   0.00516   0.00000   0.00080   0.00000   0.01767   0.00068   0.00088   0.00093   0.00414   0.01742   0.02718   0.02946   0.00405   0.01302   0.00880   0.01854   0.00858   0.02356   0.01687   0.01143   0.01380   0.02277   0.03095   0.00000   0.02311   0.02811   1.32144   0.54778   0.96483   0.72734   1.19697  -0.05809   0.00000  
 34 2346.0437  10687.322421  x:  0.01030   0.00683   0.00979   0.00840   0.00864   0.02219   0.00500   0.00857   0.01068   0.00651   0.00296   0.00000   0.00435   0.07886   0.00071   0.00408   0.00441   0.00433   0.00544   0.00461   0.00175   0.00141   0.00000   0.00754   0.00225   0.00636   0.00568   0.00352   0.01192   0.00407   0.00000   0.00075   0.00000   0.01774   0.00070   0.00086   0.00096   0.00365   0.01798   0.02787   0.02972   0.00293   0.01291   0.00882   0.01814   0.00692   0.02361   0.01736   0.01071   0.01591   0.02335   0.03219   0.00000   0.02609   0.02885   1.33935   0.54812   0.96435   0.72844   1.20052  -0.06016   0.00000  
 35 4066.0923  10685.339703  x:  0.00962   0.00714   0.01030   0.00867   0.00769   0.02295   0.00379   0.00888   0.01161   0.00679   0.00299   0.00000   0.00531   0.07109   0.00066   0.00300   0.00444   0.00454   0.00460   0.00436   0.00120   0.00126   0.00000   0.00792   0.00227   0.00624   0.00483   0.00409   0.01155   0.00318   0.00000   0.00064   0.00000   0.01784   0.00071   0.00086   0.00096   0.00400   0.01821   0.02823   0.02952   0.00354   0.01264   0.00879   0.01781   0.00670   0.02394   0.01728   0.01079   0.01580   0.02360   0.03260   0.00000   0.02959   0.02897   1.35333   0.54839   0.96394   0.72935   1.20320  -0.06164   0.00000  
 36 2976.3408  10683.365273  x:  0.00956   0.00759   0.01120   0.00978   0.00664   0.02338   0.00452   0.00818   0.01271   0.00591   0.00289   0.00000   0.00570   0.06321   0.00066   0.00310   0.00449   0.00462   0.00464   0.00508   0.00150   0.00105   0.00000   0.00829   0.00232   0.00629   0.00490   0.00347   0.01141   0.00377   0.00000   0.00067   0.00000   0.01799   0.00069   0.00085   0.00096   0.00313   0.01780   0.02829   0.02892   0.00417   0.01219   0.00883   0.01763   0.00765   0.02444   0.01666   0.01178   0.01374   0.02357   0.03242   0.00000   0.03423   0.02855   1.36836   0.54869   0.96346   0.73039   1.20594  -0.06303   0.00000  
 37 2478.2473  10682.439797  x:  0.01005   0.00769   0.01144   0.00979   0.00698   0.02334   0.00457   0.00735   0.01288   0.00597   0.00283   0.00000   0.00590   0.05992   0.00064   0.00285   0.00442   0.00465   0.00535   0.00553   0.00131   0.00130   0.00000   0.00806   0.00233   0.00640   0.00546   0.00332   0.01167   0.00347   0.00000   0.00069   0.00000   0.01805   0.00072   0.00087   0.00098   0.00375   0.01731   0.02815   0.02846   0.00310   0.01212   0.00872   0.01771   0.00768   0.02459   0.01625   0.01247   0.01237   0.02343   0.03214   0.00000   0.03647   0.02820   1.37573   0.54883   0.96320   0.73093   1.20719  -0.06359   0.00000  
 38 1831.8598  10681.744044  x:  0.01058   0.00740   0.01132   0.00894   0.00796   0.02265   0.00463   0.00761   0.01246   0.00633   0.00284   0.00000   0.00620   0.05809   0.00061   0.00274   0.00429   0.00446   0.00532   0.00525   0.00121   0.00140   0.00000   0.00758   0.00228   0.00644   0.00601   0.00365   0.01202   0.00345   0.00000   0.00065   0.00000   0.01802   0.00077   0.00089   0.00101   0.00300   0.01657   0.02783   0.02826   0.00336   0.01251   0.00859   0.01805   0.00728   0.02455   0.01589   0.01311   0.01147   0.02323   0.03184   0.00000   0.03788   0.02791   1.38165   0.54896   0.96295   0.73142   1.20806  -0.06385   0.00000  
 39 950.7867  10681.106718  x:  0.01088   0.00701   0.01112   0.00836   0.00866   0.02174   0.00417   0.00809   0.01190   0.00543   0.00290   0.00000   0.00601   0.05692   0.00063   0.00276   0.00439   0.00451   0.00497   0.00534   0.00137   0.00123   0.00000   0.00740   0.00225   0.00644   0.00631   0.00363   0.01218   0.00364   0.00000   0.00066   0.00000   0.01795   0.00074   0.00088   0.00098   0.00354   0.01598   0.02744   0.02816   0.00360   0.01289   0.00869   0.01851   0.00703   0.02437   0.01569   0.01358   0.01118   0.02298   0.03158   0.00000   0.03877   0.02764   1.38744   0.54908   0.96269   0.73194   1.20881  -0.06396   0.00000  
 40 1176.6100  10679.480605  x:  0.01046   0.00619   0.01058   0.00794   0.00878   0.01964   0.00417   0.00750   0.01077   0.00619   0.00294   0.00000   0.00585   0.05543   0.00067   0.00274   0.00461   0.00491   0.00443   0.00572   0.00155   0.00064   0.00000   0.00797   0.00224   0.00630   0.00593   0.00305   0.01186   0.00344   0.00000   0.00067   0.00000   0.01789   0.00064   0.00085   0.00090   0.00351   0.01516   0.02644   0.02829   0.00297   0.01305   0.00902   0.01973   0.00698   0.02363   0.01582   0.01400   0.01159   0.02238   0.03109   0.00000   0.03973   0.02715   1.40196   0.54939   0.96197   0.73331   1.21049  -0.06397   0.00000  
 41 1258.6577  10675.212081  x:  0.00961   0.00535   0.00857   0.00900   0.00818   0.01640   0.00406   0.00703   0.00814   0.00597   0.00290   0.00000   0.00662   0.05268   0.00060   0.00276   0.00425   0.00469   0.00512   0.00575   0.00142   0.00143   0.00000   0.00942   0.00222   0.00610   0.00446   0.00215   0.01115   0.00346   0.00000   0.00074   0.00000   0.01823   0.00080   0.00094   0.00100   0.00340   0.01422   0.02383   0.02939   0.00371   0.01205   0.00857   0.02277   0.00596   0.02161   0.01733   0.01333   0.01214   0.02071   0.02988   0.00000   0.04135   0.02601   1.44521   0.55031   0.95981   0.73746   1.21538  -0.06384   0.00000  
 42 3898.3548  10666.050186  x:  0.00823   0.00773   0.00880   0.01083   0.00826   0.01242   0.00499   0.00840   0.00852   0.00594   0.00228   0.00000   0.00766   0.04778   0.00049   0.00289   0.00407   0.00313   0.00752   0.00491   0.00105   0.00083   0.00000   0.00850   0.00211   0.00641   0.00531   0.00660   0.01033   0.00359   0.00000   0.00098   0.00000   0.01864   0.00104   0.00107   0.00123   0.00377   0.01482   0.01968   0.03175   0.00341   0.01051   0.00724   0.02779   0.00731   0.01822   0.01944   0.01158   0.01368   0.01800   0.02769   0.00000   0.04249   0.02421   1.54598   0.55246   0.95470   0.74723   1.22656  -0.06320   0.00000  
 43 7432.6763  10643.274900  x:  0.01005   0.00985   0.01079   0.00873   0.01002   0.01522   0.00425   0.00692   0.01283   0.00834   0.00262   0.00000   0.00736   0.03959   0.00057   0.00380   0.00382   0.00313   0.00171   0.00411   0.00332   0.00179   0.00000   0.00583   0.00160   0.00602   0.00408   0.00453   0.01260   0.00340   0.00000   0.00147   0.00000   0.01863   0.00130   0.00128   0.00142   0.00465   0.01830   0.01772   0.03468   0.00478   0.01230   0.00683   0.03333   0.00955   0.01705   0.02017   0.00921   0.01379   0.01612   0.02428   0.00000   0.04121   0.02247   1.76044   0.55699   0.94379   0.76810   1.25019  -0.06155   0.00000  
 44 11631.5101  10626.628907  x:  0.01047   0.00743   0.01143   0.00472   0.00972   0.01801   0.00533   0.00913   0.01391   0.00873   0.00274   0.00000   0.00723   0.03383   0.00059   0.00407   0.00325   0.00324   0.00501   0.00273   0.00264   0.00160   0.00000   0.00854   0.00125   0.00526   0.00108   0.00372   0.01343   0.00306   0.00000   0.00172   0.00000   0.01766   0.00147   0.00139   0.00155   0.00499   0.02043   0.02023   0.03477   0.00514   0.01499   0.00675   0.03418   0.01097   0.01950   0.01832   0.01003   0.01310   0.01741   0.02295   0.00000   0.03902   0.02257   1.91658   0.56025   0.93585   0.78332   1.26737  -0.06025   0.00000  
 45 23546.0065  10615.107797  x:  0.00936   0.00311   0.01086   0.00320   0.00749   0.02042   0.00563   0.01036   0.01276   0.00964   0.00248   0.00000   0.00817   0.02901   0.00053   0.00441   0.00313   0.00214   0.00482   0.00324   0.00295   0.00180   0.00000   0.01218   0.00086   0.00461   0.00482   0.00523   0.01302   0.00328   0.00000   0.00201   0.00000   0.01659   0.00171   0.00153   0.00171   0.00540   0.02198   0.02375   0.03378   0.00526   0.01673   0.00605   0.03307   0.01126   0.02265   0.01621   0.01104   0.01230   0.01954   0.02258   0.00000   0.03664   0.02341   2.05256   0.56307   0.92894   0.79659   1.28232  -0.05906   0.00000  
 46 37911.5997  10605.356509  x:  0.00864   0.00178   0.01028   0.00745   0.00869   0.02057   0.00672   0.00918   0.00954   0.01055   0.00206   0.00000   0.00922   0.02520   0.00044   0.00498   0.00300   0.00111   0.00428   0.00347   0.00342   0.00152   0.00000   0.01136   0.00078   0.00597   0.00398   0.00738   0.01208   0.00372   0.00000   0.00230   0.00000   0.01516   0.00191   0.00161   0.00187   0.00627   0.02146   0.02802   0.03086   0.00632   0.01860   0.00530   0.02888   0.00897   0.02623   0.01316   0.01312   0.01253   0.02246   0.02361   0.00000   0.03410   0.02513   2.15947   0.56524   0.92352   0.80704   1.29408  -0.05805   0.00000  
 47 17797.9772  10601.237256  x:  0.00826   0.00558   0.00948   0.00688   0.00833   0.01945   0.00715   0.00954   0.00657   0.01129   0.00193   0.00000   0.00981   0.02358   0.00041   0.00530   0.00290   0.00114   0.00375   0.00445   0.00368   0.00153   0.00000   0.01118   0.00071   0.00586   0.00390   0.00754   0.01107   0.00376   0.00000   0.00242   0.00000   0.01482   0.00197   0.00162   0.00189   0.00680   0.02015   0.03026   0.02881   0.00692   0.01797   0.00526   0.02497   0.00871   0.02788   0.01257   0.01374   0.01176   0.02412   0.02515   0.00000   0.03285   0.02659   2.20871   0.56620   0.92103   0.81187   1.29952  -0.05753   0.00000  
 48 10680.7910  10597.084623  x:  0.00871   0.00444   0.00817   0.00602   0.00734   0.01675   0.00690   0.00986   0.00695   0.01164   0.00215   0.00000   0.00940   0.02238   0.00045   0.00543   0.00284   0.00092   0.00357   0.00418   0.00388   0.00152   0.00000   0.00840   0.00060   0.00567   0.00340   0.00737   0.01073   0.00362   0.00000   0.00249   0.00000   0.01552   0.00198   0.00159   0.00188   0.00704   0.01735   0.03158   0.02635   0.00721   0.01455   0.00562   0.01832   0.00968   0.02826   0.01439   0.01282   0.01024   0.02533   0.02801   0.00000   0.03187   0.02860   2.24845   0.56689   0.91906   0.81580   1.30396  -0.05699   0.00000  
 49 4109.8854  10596.613879  x:  0.00860   0.00416   0.00913   0.00596   0.00830   0.01646   0.00717   0.01000   0.00714   0.01178   0.00206   0.00000   0.00966   0.02224   0.00044   0.00549   0.00285   0.00105   0.00351   0.00471   0.00392   0.00151   0.00000   0.00934   0.00062   0.00562   0.00338   0.00733   0.01131   0.00365   0.00000   0.00251   0.00000   0.01579   0.00199   0.00159   0.00188   0.00718   0.01690   0.03128   0.02608   0.00748   0.01383   0.00564   0.01663   0.00935   0.02770   0.01450   0.01230   0.01020   0.02521   0.02843   0.00000   0.03173   0.02897   2.25331   0.56691   0.91884   0.81630   1.30456  -0.05685   0.00000  
 50 767.0442  10596.545412  x:  0.00859   0.00422   0.00922   0.00595   0.00834   0.01653   0.00707   0.00979   0.00706   0.01173   0.00213   0.00000   0.00943   0.02223   0.00046   0.00549   0.00283   0.00094   0.00351   0.00433   0.00393   0.00151   0.00000   0.00960   0.00059   0.00559   0.00343   0.00738   0.01130   0.00370   0.00000   0.00251   0.00000   0.01585   0.00199   0.00159   0.00188   0.00715   0.01688   0.03104   0.02607   0.00745   0.01389   0.00567   0.01615   0.00934   0.02735   0.01428   0.01229   0.01019   0.02508   0.02855   0.00000   0.03176   0.02906   2.25401   0.56687   0.91883   0.81639   1.30469  -0.05678   0.00000  
 51 200.1495  10596.462944  x:  0.00865   0.00417   0.00900   0.00591   0.00815   0.01679   0.00712   0.00991   0.00703   0.01175   0.00210   0.00000   0.00954   0.02224   0.00045   0.00549   0.00283   0.00099   0.00354   0.00450   0.00391   0.00151   0.00000   0.00951   0.00060   0.00573   0.00341   0.00734   0.01114   0.00367   0.00000   0.00251   0.00000   0.01586   0.00198   0.00158   0.00188   0.00717   0.01701   0.03050   0.02615   0.00746   0.01425   0.00566   0.01547   0.00939   0.02659   0.01379   0.01245   0.01019   0.02482   0.02869   0.00000   0.03181   0.02926   2.25473   0.56671   0.91886   0.81652   1.30492  -0.05657   0.00066  
 52 131.7298  10596.402743  x:  0.00851   0.00417   0.00903   0.00599   0.00814   0.01694   0.00716   0.00992   0.00699   0.01176   0.00209   0.00000   0.00954   0.02223   0.00045   0.00549   0.00283   0.00098   0.00357   0.00451   0.00389   0.00151   0.00000   0.00941   0.00061   0.00526   0.00341   0.00734   0.01130   0.00367   0.00000   0.00251   0.00000   0.01569   0.00198   0.00158   0.00188   0.00718   0.01704   0.03036   0.02593   0.00748   0.01439   0.00564   0.01547   0.00937   0.02638   0.01407   0.01276   0.01019   0.02480   0.02876   0.00000   0.03178   0.02943   2.25511   0.56641   0.91897   0.81666   1.30526  -0.05625   0.00199  
 53 74.9243  10596.308168  x:  0.00848   0.00420   0.00911   0.00592   0.00811   0.01700   0.00715   0.00991   0.00703   0.01177   0.00209   0.00000   0.00946   0.02222   0.00045   0.00551   0.00282   0.00098   0.00353   0.00444   0.00390   0.00152   0.00000   0.00955   0.00060   0.00580   0.00342   0.00735   0.01138   0.00369   0.00000   0.00250   0.00000   0.01550   0.00197   0.00157   0.00187   0.00719   0.01702   0.03033   0.02554   0.00751   0.01435   0.00562   0.01574   0.00937   0.02634   0.01451   0.01302   0.01017   0.02486   0.02883   0.00000   0.03173   0.02966   2.25569   0.56583   0.91918   0.81691   1.30591  -0.05565   0.00440  
 54 218.1079  10596.227461  x:  0.00886   0.00420   0.00909   0.00593   0.00822   0.01673   0.00715   0.00986   0.00720   0.01176   0.00206   0.00000   0.00943   0.02220   0.00045   0.00551   0.00281   0.00098   0.00352   0.00445   0.00391   0.00152   0.00000   0.00966   0.00060   0.00562   0.00342   0.00738   0.01103   0.00370   0.00000   0.00250   0.00000   0.01576   0.00197   0.00157   0.00187   0.00718   0.01699   0.03047   0.02546   0.00752   0.01415   0.00559   0.01604   0.00932   0.02667   0.01413   0.01261   0.01025   0.02496   0.02879   0.00000   0.03168   0.02967   2.25625   0.56520   0.91941   0.81719   1.30668  -0.05505   0.00627  
 55 148.7066  10596.165887  x:  0.00844   0.00417   0.00912   0.00592   0.00822   0.01658   0.00709   0.00989   0.00699   0.01172   0.00206   0.00000   0.00937   0.02218   0.00045   0.00549   0.00282   0.00099   0.00355   0.00443   0.00389   0.00152   0.00000   0.00944   0.00060   0.00566   0.00342   0.00729   0.01134   0.00368   0.00000   0.00249   0.00000   0.01612   0.00196   0.00156   0.00186   0.00715   0.01700   0.03059   0.02575   0.00744   0.01412   0.00558   0.01602   0.00945   0.02703   0.01383   0.01225   0.01022   0.02497   0.02870   0.00000   0.03170   0.02948   2.25684   0.56456   0.91964   0.81747   1.30753  -0.05451   0.00713  
 56 108.8327  10595.873062  x:  0.00871   0.00431   0.00890   0.00602   0.00821   0.01600   0.00707   0.00979   0.00715   0.01166   0.00193   0.00000   0.00927   0.02209   0.00043   0.00547   0.00279   0.00099   0.00346   0.00441   0.00390   0.00155   0.00000   0.00965   0.00061   0.00569   0.00343   0.00739   0.01144   0.00370   0.00000   0.00245   0.00000   0.01657   0.00192   0.00153   0.00185   0.00712   0.01688   0.03079   0.02743   0.00722   0.01472   0.00538   0.01485   0.00953   0.02822   0.01458   0.01270   0.01065   0.02478   0.02833   0.00000   0.03164   0.02812   2.26058   0.56088   0.92097   0.81911   1.31276  -0.05163   0.00823  
 57 129.6491  10595.058628  x:  0.00839   0.00383   0.00969   0.00579   0.00910   0.01623   0.00693   0.00981   0.00628   0.01153   0.00174   0.00000   0.00866   0.02193   0.00042   0.00544   0.00271   0.00108   0.00341   0.00417   0.00381   0.00163   0.00000   0.00916   0.00060   0.00562   0.00341   0.00706   0.00978   0.00369   0.00000   0.00233   0.00000   0.01503   0.00179   0.00140   0.00178   0.00704   0.01707   0.03070   0.02817   0.00702   0.01385   0.00503   0.01435   0.01020   0.02860   0.01471   0.01285   0.01077   0.02444   0.02870   0.00000   0.03145   0.02706   2.27149   0.55043   0.92472   0.82381   1.32784  -0.04364   0.00835  
 58 442.2996  10593.009640  x:  0.00829   0.00410   0.00864   0.00574   0.00889   0.01496   0.00681   0.00956   0.00706   0.01128   0.00114   0.00000   0.00721   0.02148   0.00037   0.00546   0.00250   0.00116   0.00327   0.00379   0.00370   0.00177   0.00000   0.00949   0.00061   0.00555   0.00339   0.00696   0.01128   0.00379   0.00000   0.00208   0.00000   0.01230   0.00147   0.00110   0.00162   0.00689   0.01701   0.03050   0.02660   0.00683   0.01322   0.00404   0.01463   0.01063   0.02805   0.01314   0.01275   0.01176   0.02414   0.03017   0.00000   0.03060   0.02668   2.29881   0.52442   0.93408   0.83552   1.36559  -0.02379   0.00728  
 59 2365.6301  10592.004412  x:  0.00841   0.00397   0.00944   0.00574   0.00855   0.01449   0.00683   0.00949   0.00674   0.01120   0.00081   0.00000   0.00652   0.02123   0.00034   0.00550   0.00240   0.00123   0.00332   0.00364   0.00358   0.00184   0.00000   0.00940   0.00061   0.00555   0.00342   0.00686   0.01091   0.00385   0.00000   0.00194   0.00000   0.01462   0.00131   0.00094   0.00154   0.00687   0.01714   0.03038   0.02450   0.00679   0.01473   0.00351   0.01517   0.01082   0.02725   0.01365   0.01265   0.01190   0.02426   0.03065   0.00000   0.03005   0.02753   2.31280   0.51112   0.93888   0.84152   1.38499  -0.01362   0.00631  
 60 2293.7726  10591.984629  x:  0.00819   0.00400   0.00921   0.00577   0.00880   0.01448   0.00681   0.00950   0.00690   0.01119   0.00081   0.00000   0.00649   0.02123   0.00035   0.00549   0.00241   0.00124   0.00331   0.00364   0.00359   0.00185   0.00000   0.00947   0.00060   0.00555   0.00343   0.00683   0.01079   0.00385   0.00000   0.00194   0.00000   0.01472   0.00130   0.00094   0.00153   0.00685   0.01715   0.03038   0.02451   0.00677   0.01476   0.00351   0.01516   0.01091   0.02722   0.01369   0.01270   0.01183   0.02436   0.03049   0.00000   0.03005   0.02773   2.31307   0.51083   0.93900   0.84164   1.38546  -0.01336   0.00628  
 61 101.8001  10591.970232  x:  0.00826   0.00400   0.00923   0.00575   0.00878   0.01437   0.00678   0.00947   0.00684   0.01117   0.00080   0.00000   0.00646   0.02122   0.00034   0.00548   0.00241   0.00124   0.00330   0.00362   0.00359   0.00184   0.00000   0.00944   0.00060   0.00555   0.00343   0.00682   0.01082   0.00385   0.00000   0.00194   0.00000   0.01468   0.00130   0.00095   0.00153   0.00683   0.01730   0.03036   0.02466   0.00675   0.01465   0.00349   0.01507   0.01090   0.02717   0.01370   0.01274   0.01182   0.02461   0.02997   0.00000   0.03007   0.02817   2.31320   0.51055   0.93918   0.84176   1.38609  -0.01299   0.00627  
 62 41.6401  10591.948820  x:  0.00823   0.00401   0.00931   0.00578   0.00868   0.01452   0.00679   0.00950   0.00687   0.01118   0.00079   0.00000   0.00647   0.02124   0.00034   0.00548   0.00241   0.00124   0.00331   0.00361   0.00358   0.00185   0.00000   0.00942   0.00061   0.00555   0.00343   0.00683   0.01078   0.00385   0.00000   0.00194   0.00000   0.01453   0.00130   0.00095   0.00153   0.00686   0.01677   0.03030   0.02471   0.00674   0.01481   0.00347   0.01505   0.01094   0.02715   0.01371   0.01253   0.01189   0.02476   0.02965   0.00000   0.03008   0.02831   2.31324   0.50994   0.93969   0.84202   1.38779  -0.01190   0.00632  
 63 29.7330  10589.628988  x:  0.00837   0.00396   0.00897   0.00570   0.00861   0.01563   0.00684   0.00980   0.00676   0.01137   0.00086   0.00000   0.00648   0.02341   0.00036   0.00561   0.00247   0.00126   0.00314   0.00353   0.00366   0.00185   0.00000   0.00930   0.00040   0.00550   0.00337   0.00687   0.01106   0.00381   0.00000   0.00200   0.00000   0.01596   0.00137   0.00100   0.00156   0.00702   0.01607   0.02751   0.02401   0.00691   0.01305   0.00364   0.01520   0.01095   0.02664   0.01305   0.01400   0.01259   0.02954   0.02931   0.00000   0.02956   0.02570   2.31390   0.43992   0.99929   0.87114   1.58641   0.11571   0.01204  
 64 154.6560  10588.202901  x:  0.00834   0.00394   0.00900   0.00578   0.00857   0.01436   0.00682   0.00939   0.00681   0.01121   0.00088   0.00000   0.00658   0.02464   0.00037   0.00548   0.00249   0.00127   0.00328   0.00379   0.00363   0.00176   0.00000   0.00940   0.00027   0.00548   0.00338   0.00688   0.01072   0.00379   0.00000   0.00202   0.00000   0.01451   0.00140   0.00102   0.00156   0.00687   0.01732   0.02790   0.02395   0.00685   0.01493   0.00385   0.01486   0.01054   0.02660   0.01390   0.01194   0.01080   0.02900   0.02950   0.00000   0.02943   0.02595   2.31431   0.39758   1.03553   0.88881   1.70715   0.19354   0.01556  
 65 7450.8601  10587.617025  x:  0.00835   0.00395   0.00891   0.00579   0.00849   0.01471   0.00682   0.00952   0.00674   0.01126   0.00089   0.00000   0.00658   0.02517   0.00037   0.00551   0.00252   0.00127   0.00324   0.00374   0.00365   0.00177   0.00000   0.00932   0.00023   0.00548   0.00338   0.00690   0.01078   0.00377   0.00000   0.00203   0.00000   0.01494   0.00142   0.00105   0.00157   0.00690   0.01671   0.02985   0.02397   0.00686   0.01422   0.00385   0.01490   0.01060   0.02683   0.01365   0.01274   0.01129   0.02494   0.02870   0.00000   0.02932   0.02738   2.31460   0.38062   1.05054   0.89609   1.75703   0.22634   0.01694  
 66 2353.2776  10575.178957  x:  0.00875   0.00431   0.00982   0.00636   0.00914   0.01351   0.00658   0.00970   0.00707   0.01126   0.00130   0.00000   0.00490   0.03524   0.00048   0.00568   0.00247   0.00120   0.00352   0.00335   0.00354   0.00193   0.00000   0.00930   0.00085   0.00563   0.00366   0.00635   0.01116   0.00400   0.00000   0.00192   0.00000   0.01488   0.00135   0.00095   0.00149   0.00673   0.01757   0.04273   0.02328   0.00694   0.01512   0.00383   0.01435   0.01240   0.01796   0.01409   0.01221   0.01131   0.02447   0.02611   0.00000   0.02736   0.02469   2.44151   0.50054   1.46741   1.05801   2.98233   1.70117   0.00000  
 67 83.2123  10570.342651  x:  0.00881   0.00434   0.01021   0.00641   0.00907   0.01386   0.00667   0.00969   0.00728   0.01130   0.00147   0.00000   0.00446   0.03850   0.00052   0.00579   0.00244   0.00120   0.00381   0.00325   0.00340   0.00195   0.00000   0.00940   0.00101   0.00566   0.00379   0.00619   0.01123   0.00411   0.00000   0.00189   0.00000   0.01455   0.00132   0.00088   0.00147   0.00682   0.01829   0.03394   0.02237   0.00676   0.01586   0.00394   0.01432   0.01270   0.02736   0.01409   0.01243   0.01201   0.02098   0.02832   0.00000   0.02649   0.03058   2.48189   0.53872   1.59915   1.10916   3.37008   2.16787   0.00000  
 68 16832.8783  10569.541089  x:  0.00879   0.00428   0.01004   0.00639   0.00897   0.01369   0.00665   0.00960   0.00723   0.01123   0.00136   0.00000   0.00423   0.04013   0.00053   0.00577   0.00247   0.00126   0.00376   0.00325   0.00339   0.00194   0.00000   0.00932   0.00079   0.00562   0.00377   0.00618   0.01115   0.00408   0.00000   0.00187   0.00000   0.01442   0.00130   0.00086   0.00144   0.00681   0.01814   0.03315   0.02199   0.00670   0.01568   0.00392   0.01415   0.01262   0.02773   0.01402   0.01242   0.01184   0.02079   0.02807   0.00000   0.02614   0.03027   2.47405   0.59010   1.55658   1.06611   3.47065   2.17775   0.00000  
 69 10.3597  10569.473358  x:  0.00879   0.00427   0.01000   0.00639   0.00894   0.01366   0.00664   0.00958   0.00722   0.01122   0.00133   0.00000   0.00417   0.04050   0.00053   0.00577   0.00247   0.00127   0.00375   0.00325   0.00339   0.00194   0.00000   0.00930   0.00074   0.00561   0.00376   0.00618   0.01113   0.00407   0.00000   0.00187   0.00000   0.01440   0.00130   0.00085   0.00144   0.00680   0.01811   0.03297   0.02190   0.00669   0.01564   0.00392   0.01411   0.01260   0.02782   0.01400   0.01241   0.01181   0.02075   0.02801   0.00000   0.02606   0.03020   2.47244   0.60137   1.54534   1.05551   3.49430   2.18101   0.00429  
 70 178.9388  10561.850647  x:  0.00926   0.00452   0.01041   0.00688   0.00889   0.01457   0.00643   0.00981   0.00778   0.01106   0.00153   0.00000   0.00312   0.04207   0.00061   0.00586   0.00249   0.00140   0.00423   0.00322   0.00310   0.00194   0.00000   0.00895   0.00077   0.00569   0.00398   0.00542   0.01142   0.00411   0.00000   0.00177   0.00000   0.01470   0.00124   0.00074   0.00135   0.00677   0.01875   0.03026   0.02174   0.00657   0.01532   0.00403   0.01436   0.01341   0.02762   0.01424   0.01238   0.01192   0.02178   0.02686   0.00000   0.02447   0.02908   2.53160   0.49544   0.84266   0.70722   3.93666   2.60114   0.00593  
 71 18.2510  10560.126868  x:  0.00948   0.00460   0.01041   0.00708   0.00888   0.01525   0.00634   0.01015   0.00790   0.01113   0.00159   0.00000   0.00308   0.03708   0.00063   0.00592   0.00241   0.00136   0.00446   0.00332   0.00299   0.00189   0.00000   0.00888   0.00083   0.00572   0.00408   0.00503   0.01156   0.00408   0.00000   0.00179   0.00000   0.01480   0.00124   0.00071   0.00134   0.00681   0.01908   0.02920   0.02196   0.00659   0.01505   0.00395   0.01447   0.01362   0.02750   0.01437   0.01201   0.01167   0.02160   0.02621   0.00000   0.02352   0.02856   2.56745   0.45389   0.89541   0.56269   3.98724   2.67858   0.00333  
 72  6.6329  10550.737166  x:  0.01067   0.00509   0.01050   0.00831   0.00849   0.01832   0.00576   0.01131   0.00891   0.01107   0.00194   0.00000   0.00231   0.02371   0.00082   0.00610   0.00229   0.00148   0.00567   0.00384   0.00237   0.00165   0.00000   0.00813   0.00074   0.00582   0.00456   0.00304   0.01217   0.00389   0.00000   0.00183   0.00000   0.01543   0.00123   0.00057   0.00119   0.00690   0.02058   0.02278   0.02253   0.00645   0.01373   0.00424   0.01503   0.01449   0.02714   0.01522   0.01055   0.01021   0.01978   0.02233   0.00000   0.01947   0.02610   2.68668   0.48416   1.11456   0.84567   4.35197   2.91617   0.01271  
 73  6.3798  10545.598690  x:  0.01142   0.00509   0.00896   0.00921   0.00881   0.01808   0.00542   0.01223   0.00798   0.01201   0.00178   0.00000   0.00464   0.03022   0.00080   0.00650   0.00176   0.00169   0.00527   0.00345   0.00255   0.00155   0.00000   0.00943   0.00104   0.00563   0.00440   0.00347   0.01258   0.00360   0.00000   0.00237   0.00000   0.01517   0.00137   0.00068   0.00115   0.00743   0.02032   0.02323   0.01944   0.00691   0.01320   0.00510   0.01455   0.01490   0.02779   0.01548   0.01021   0.00814   0.01821   0.01912   0.00000   0.01729   0.02146   2.87411   0.44135   1.08099   0.85081   4.52360   3.04138   0.01573  
 74  0.4648  10542.019918  x:  0.01190   0.00472   0.00861   0.00978   0.00944   0.01537   0.00495   0.01258   0.00718   0.01270   0.00268   0.00000   0.00339   0.02838   0.00103   0.00710   0.00145   0.00227   0.00432   0.00315   0.00251   0.00178   0.00000   0.01051   0.00094   0.00528   0.00389   0.00408   0.01283   0.00363   0.00000   0.00258   0.00000   0.01518   0.00126   0.00065   0.00100   0.00789   0.01893   0.02305   0.01745   0.00678   0.01519   0.00560   0.01565   0.01643   0.02596   0.01521   0.01086   0.01067   0.02031   0.02010   0.00000   0.02088   0.02012   3.06283   0.45629   1.09426   0.88395   4.86172   3.37919   0.01575  
 75  0.8132  10540.019713  x:  0.01192   0.00442   0.00942   0.01018   0.01007   0.01455   0.00542   0.01360   0.00764   0.01331   0.00272   0.00000   0.00300   0.03029   0.00120   0.00752   0.00165   0.00191   0.00416   0.00437   0.00230   0.00183   0.00000   0.00943   0.00107   0.00556   0.00353   0.00384   0.01278   0.00349   0.00000   0.00276   0.00000   0.01435   0.00120   0.00061   0.00093   0.00823   0.02009   0.02327   0.02105   0.00679   0.01459   0.00592   0.01537   0.01734   0.02450   0.01522   0.01072   0.01159   0.01827   0.02148   0.00000   0.02051   0.02150   3.23605   0.46176   1.10650   0.91852   5.23116   3.71694   0.01940  
 76  0.5751  10539.092705  x:  0.01171   0.00460   0.00954   0.01052   0.00968   0.01523   0.00512   0.01291   0.00795   0.01344   0.00289   0.00000   0.00224   0.02918   0.00135   0.00772   0.00163   0.00224   0.00424   0.00315   0.00228   0.00170   0.00000   0.00881   0.00122   0.00560   0.00349   0.00411   0.01256   0.00370   0.00000   0.00303   0.00000   0.01443   0.00126   0.00058   0.00099   0.00829   0.02037   0.02418   0.02156   0.00680   0.01391   0.00617   0.01455   0.01719   0.02423   0.01531   0.01048   0.01052   0.01866   0.02190   0.00000   0.02003   0.02260   3.35190   0.45184   1.15617   0.94007   5.45447   3.92586   0.02034  
 77  0.5197  10538.477531  x:  0.01133   0.00471   0.00947   0.01062   0.00957   0.01595   0.00538   0.01299   0.00790   0.01355   0.00293   0.00000   0.00269   0.02825   0.00145   0.00781   0.00149   0.00199   0.00426   0.00371   0.00221   0.00169   0.00000   0.00873   0.00137   0.00568   0.00345   0.00413   0.01240   0.00361   0.00000   0.00325   0.00000   0.01462   0.00127   0.00065   0.00105   0.00831   0.02071   0.02315   0.02071   0.00669   0.01355   0.00581   0.01483   0.01700   0.02470   0.01532   0.01053   0.00981   0.02021   0.02058   0.00000   0.02106   0.02293   3.48559   0.44574   1.19999   0.95075   5.75550   4.22973   0.02001  
 78  0.4582  10538.054249  x:  0.01098   0.00485   0.00920   0.01057   0.00952   0.01602   0.00536   0.01280   0.00764   0.01334   0.00297   0.00000   0.00208   0.02962   0.00160   0.00780   0.00158   0.00182   0.00429   0.00368   0.00213   0.00170   0.00000   0.00920   0.00153   0.00564   0.00359   0.00390   0.01234   0.00358   0.00000   0.00338   0.00000   0.01481   0.00123   0.00055   0.00103   0.00816   0.02044   0.02358   0.02001   0.00638   0.01392   0.00536   0.01528   0.01666   0.02505   0.01521   0.01051   0.01011   0.01928   0.02097   0.00000   0.01988   0.02175   3.61212   0.43310   1.24656   0.94742   5.98053   4.47107   0.01845  
 79  0.3083  10537.898122  x:  0.01092   0.00488   0.00915   0.01045   0.00949   0.01588   0.00528   0.01255   0.00765   0.01319   0.00292   0.00000   0.00253   0.02889   0.00166   0.00770   0.00168   0.00182   0.00438   0.00343   0.00221   0.00168   0.00000   0.00929   0.00161   0.00558   0.00368   0.00396   0.01236   0.00360   0.00000   0.00349   0.00000   0.01487   0.00124   0.00062   0.00104   0.00802   0.02013   0.02343   0.02062   0.00628   0.01411   0.00539   0.01545   0.01622   0.02514   0.01520   0.01063   0.01023   0.01869   0.02140   0.00000   0.02066   0.02179   3.65059   0.42913   1.23635   0.92826   6.15330   4.64469   0.01908  
 80  0.3683  10537.784393  x:  0.01100   0.00479   0.00931   0.01018   0.00956   0.01539   0.00526   0.01240   0.00775   0.01293   0.00292   0.00000   0.00232   0.02950   0.00175   0.00755   0.00164   0.00179   0.00442   0.00343   0.00224   0.00169   0.00000   0.00912   0.00164   0.00555   0.00371   0.00383   0.01243   0.00367   0.00000   0.00352   0.00000   0.01477   0.00123   0.00064   0.00104   0.00785   0.01982   0.02367   0.02082   0.00623   0.01419   0.00531   0.01521   0.01591   0.02483   0.01525   0.01059   0.01050   0.01952   0.02111   0.00000   0.02046   0.02247   3.68681   0.42702   1.22919   0.90358   6.27181   4.78024   0.01806  
 81  0.1780  10537.732023  x:  0.01118   0.00469   0.00932   0.01001   0.00949   0.01548   0.00526   0.01240   0.00777   0.01272   0.00285   0.00000   0.00211   0.02924   0.00183   0.00739   0.00156   0.00180   0.00437   0.00356   0.00226   0.00169   0.00000   0.00913   0.00166   0.00556   0.00369   0.00382   0.01245   0.00369   0.00000   0.00349   0.00000   0.01467   0.00121   0.00058   0.00103   0.00773   0.01982   0.02363   0.02073   0.00628   0.01395   0.00528   0.01510   0.01575   0.02460   0.01532   0.01060   0.01026   0.01929   0.02139   0.00000   0.02087   0.02230   3.69547   0.42029   1.21118   0.87893   6.37003   4.88096   0.01782  
 82  0.1156  10537.685850  x:  0.01136   0.00467   0.00935   0.00988   0.00943   0.01581   0.00527   0.01254   0.00776   0.01254   0.00278   0.00000   0.00202   0.02932   0.00195   0.00722   0.00162   0.00187   0.00430   0.00358   0.00224   0.00166   0.00000   0.00913   0.00164   0.00560   0.00367   0.00386   0.01243   0.00364   0.00000   0.00347   0.00000   0.01473   0.00124   0.00064   0.00104   0.00764   0.02001   0.02348   0.02068   0.00640   0.01396   0.00542   0.01528   0.01564   0.02459   0.01530   0.01067   0.01034   0.01935   0.02133   0.00000   0.02035   0.02210   3.69423   0.42145   1.20937   0.86427   6.47985   4.99077   0.01775  
 83  0.0883  10537.635308  x:  0.01139   0.00475   0.00933   0.00988   0.00954   0.01567   0.00526   0.01273   0.00773   0.01250   0.00273   0.00000   0.00186   0.02972   0.00215   0.00709   0.00165   0.00195   0.00436   0.00350   0.00223   0.00169   0.00000   0.00907   0.00164   0.00561   0.00367   0.00392   0.01241   0.00362   0.00000   0.00343   0.00000   0.01484   0.00120   0.00059   0.00102   0.00763   0.02002   0.02354   0.02057   0.00651   0.01408   0.00552   0.01530   0.01581   0.02474   0.01523   0.01059   0.01031   0.01910   0.02081   0.00000   0.02069   0.02226   3.69687   0.41338   1.22309   0.86049   6.63268   5.14919   0.01716  
 84  0.1032  10537.568026  x:  0.01119   0.00484   0.00926   0.00994   0.00956   0.01551   0.00526   0.01286   0.00774   0.01262   0.00271   0.00000   0.00165   0.02967   0.00247   0.00703   0.00153   0.00199   0.00442   0.00356   0.00226   0.00175   0.00000   0.00913   0.00159   0.00557   0.00363   0.00407   0.01240   0.00367   0.00000   0.00339   0.00000   0.01488   0.00121   0.00062   0.00104   0.00769   0.02001   0.02370   0.02055   0.00661   0.01405   0.00550   0.01509   0.01609   0.02485   0.01529   0.01042   0.01031   0.01944   0.02147   0.00000   0.02043   0.02220   3.71177   0.41192   1.24117   0.86704   6.92280   5.44680   0.01699  
 85  0.2058  10537.482163  x:  0.01094   0.00486   0.00934   0.01001   0.00948   0.01555   0.00528   0.01274   0.00776   0.01269   0.00271   0.00000   0.00091   0.02963   0.00300   0.00702   0.00163   0.00194   0.00444   0.00355   0.00221   0.00179   0.00000   0.00916   0.00150   0.00554   0.00364   0.00391   0.01242   0.00368   0.00000   0.00330   0.00000   0.01469   0.00124   0.00064   0.00105   0.00774   0.01991   0.02359   0.02068   0.00653   0.01400   0.00538   0.01509   0.01631   0.02478   0.01530   0.01084   0.01022   0.01923   0.02115   0.00000   0.02075   0.02222   3.72233   0.41992   1.23469   0.87189   7.38799   5.90153   0.01840  
 86  0.2987  10537.419128  x:  0.01099   0.00477   0.00929   0.01001   0.00949   0.01575   0.00533   0.01253   0.00771   0.01270   0.00269   0.00000   0.00067   0.02975   0.00341   0.00705   0.00164   0.00187   0.00441   0.00348   0.00220   0.00175   0.00000   0.00910   0.00145   0.00558   0.00365   0.00385   0.01246   0.00361   0.00000   0.00322   0.00000   0.01465   0.00126   0.00058   0.00105   0.00775   0.01993   0.02340   0.02062   0.00649   0.01403   0.00530   0.01523   0.01616   0.02466   0.01530   0.01057   0.01045   0.01929   0.02123   0.00000   0.02042   0.02242   3.70911   0.41311   1.21456   0.86898   7.75132   6.26511   0.01788  
 87  0.3326  10537.386613  x:  0.01118   0.00472   0.00929   0.01001   0.00951   0.01565   0.00529   0.01238   0.00773   0.01272   0.00269   0.00000   0.00038   0.03020   0.00371   0.00712   0.00159   0.00185   0.00438   0.00350   0.00224   0.00172   0.00000   0.00907   0.00141   0.00560   0.00366   0.00390   0.01244   0.00364   0.00000   0.00317   0.00000   0.01477   0.00124   0.00062   0.00104   0.00776   0.01993   0.02379   0.02067   0.00644   0.01401   0.00531   0.01523   0.01601   0.02472   0.01526   0.01050   0.01031   0.01922   0.02116   0.00000   0.02059   0.02214   3.69115   0.41857   1.22199   0.87903   7.98285   6.49722   0.01734  
 88  0.2474  10537.373998  x:  0.01125   0.00471   0.00931   0.01002   0.00948   0.01556   0.00524   0.01240   0.00775   0.01276   0.00271   0.00000   0.00020   0.03037   0.00388   0.00719   0.00160   0.00185   0.00435   0.00351   0.00226   0.00169   0.00000   0.00914   0.00141   0.00558   0.00368   0.00391   0.01241   0.00366   0.00000   0.00317   0.00000   0.01481   0.00122   0.00061   0.00103   0.00777   0.01993   0.02346   0.02060   0.00640   0.01402   0.00539   0.01518   0.01592   0.02476   0.01525   0.01066   0.01023   0.01928   0.02129   0.00000   0.02055   0.02228   3.68619   0.41921   1.22826   0.88417   8.12753   6.63983   0.01762  
 89  0.1688  10537.363902  x:  0.01126   0.00474   0.00931   0.01005   0.00949   0.01560   0.00526   0.01251   0.00775   0.01276   0.00275   0.00000   0.00003   0.03007   0.00406   0.00729   0.00159   0.00186   0.00434   0.00353   0.00225   0.00166   0.00000   0.00915   0.00144   0.00556   0.00370   0.00387   0.01240   0.00364   0.00000   0.00320   0.00000   0.01477   0.00121   0.00061   0.00104   0.00777   0.01993   0.02367   0.02067   0.00636   0.01403   0.00544   0.01517   0.01581   0.02472   0.01529   0.01065   0.01031   0.01929   0.02118   0.00000   0.02050   0.02224   3.68771   0.41829   1.22900   0.88458   8.28653   6.79896   0.01790  
 90  0.1381  10537.362737  x:  0.01125   0.00474   0.00931   0.01005   0.00949   0.01561   0.00526   0.01252   0.00775   0.01276   0.00276   0.00000   0.00000   0.03011   0.00407   0.00729   0.00159   0.00186   0.00434   0.00353   0.00224   0.00166   0.00000   0.00915   0.00144   0.00557   0.00370   0.00387   0.01241   0.00364   0.00000   0.00320   0.00000   0.01476   0.00121   0.00061   0.00104   0.00777   0.01994   0.02365   0.02067   0.00636   0.01403   0.00544   0.01517   0.01580   0.02472   0.01529   0.01064   0.01031   0.01929   0.02119   0.00000   0.02051   0.02225   3.68732   0.41845   1.22892   0.88448   8.30284   6.81535   0.01789  
 91  0.1433  10537.359517  x:  0.01122   0.00475   0.00931   0.01004   0.00949   0.01563   0.00526   0.01256   0.00775   0.01275   0.00277   0.00000   0.00000   0.03027   0.00419   0.00732   0.00159   0.00186   0.00435   0.00353   0.00224   0.00166   0.00000   0.00913   0.00146   0.00558   0.00370   0.00388   0.01241   0.00365   0.00000   0.00322   0.00000   0.01475   0.00122   0.00061   0.00104   0.00776   0.01994   0.02363   0.02067   0.00637   0.01402   0.00543   0.01519   0.01579   0.02473   0.01528   0.01061   0.01031   0.01929   0.02121   0.00000   0.02054   0.02224   3.68346   0.41898   1.22701   0.88301   8.40304   6.91649   0.01778  
 92  0.3649  10537.354137  x:  0.01115   0.00475   0.00930   0.01002   0.00950   0.01566   0.00526   0.01262   0.00774   0.01273   0.00277   0.00000   0.00000   0.03040   0.00409   0.00733   0.00159   0.00187   0.00438   0.00352   0.00224   0.00168   0.00000   0.00911   0.00150   0.00559   0.00368   0.00390   0.01243   0.00365   0.00000   0.00327   0.00000   0.01474   0.00122   0.00061   0.00104   0.00775   0.01995   0.02357   0.02066   0.00639   0.01401   0.00539   0.01521   0.01583   0.02474   0.01527   0.01058   0.01030   0.01928   0.02125   0.00000   0.02059   0.02224   3.67616   0.42015   1.22164   0.87899   8.32456   6.83926   0.01756  
 93  0.1433  10537.351707  x:  0.01118   0.00474   0.00930   0.01002   0.00951   0.01562   0.00527   0.01258   0.00774   0.01273   0.00279   0.00000   0.00000   0.03027   0.00410   0.00736   0.00158   0.00186   0.00436   0.00352   0.00223   0.00169   0.00000   0.00914   0.00152   0.00558   0.00367   0.00389   0.01243   0.00364   0.00000   0.00330   0.00000   0.01476   0.00122   0.00061   0.00104   0.00775   0.01995   0.02358   0.02065   0.00639   0.01403   0.00539   0.01518   0.01585   0.02472   0.01527   0.01059   0.01031   0.01926   0.02120   0.00000   0.02053   0.02225   3.66327   0.42146   1.21779   0.88026   8.33969   6.85084   0.01787  
 94  0.0093  10537.350883  x:  0.01120   0.00474   0.00932   0.01002   0.00951   0.01561   0.00527   0.01255   0.00775   0.01273   0.00277   0.00000   0.00000   0.03027   0.00410   0.00734   0.00159   0.00186   0.00437   0.00352   0.00223   0.00169   0.00000   0.00912   0.00153   0.00558   0.00367   0.00388   0.01242   0.00365   0.00000   0.00331   0.00000   0.01475   0.00122   0.00061   0.00104   0.00775   0.01996   0.02361   0.02065   0.00640   0.01402   0.00539   0.01518   0.01588   0.02472   0.01527   0.01061   0.01031   0.01931   0.02122   0.00000   0.02054   0.02220   3.66133   0.42167   1.21910   0.88199   8.35534   6.86600   0.01789  
 95  0.0168  10537.350479  x:  0.01120   0.00474   0.00931   0.01002   0.00949   0.01562   0.00527   0.01253   0.00775   0.01272   0.00276   0.00000   0.00000   0.03027   0.00411   0.00731   0.00159   0.00186   0.00437   0.00353   0.00224   0.00170   0.00000   0.00913   0.00153   0.00558   0.00367   0.00389   0.01242   0.00365   0.00000   0.00331   0.00000   0.01476   0.00122   0.00061   0.00104   0.00775   0.01996   0.02361   0.02064   0.00640   0.01402   0.00538   0.01519   0.01592   0.02471   0.01527   0.01061   0.01031   0.01928   0.02122   0.00000   0.02054   0.02224   3.66286   0.42163   1.22042   0.88289   8.37339   6.88401   0.01786  
 96  0.0206  10537.350234  x:  0.01120   0.00475   0.00931   0.01002   0.00950   0.01561   0.00527   0.01253   0.00775   0.01272   0.00275   0.00000   0.00000   0.03027   0.00411   0.00728   0.00158   0.00186   0.00437   0.00352   0.00224   0.00170   0.00000   0.00912   0.00153   0.00558   0.00367   0.00389   0.01243   0.00365   0.00000   0.00332   0.00000   0.01476   0.00122   0.00061   0.00104   0.00776   0.01995   0.02358   0.02065   0.00640   0.01403   0.00538   0.01518   0.01593   0.02472   0.01527   0.01061   0.01031   0.01928   0.02121   0.00000   0.02053   0.02222   3.66461   0.42184   1.22026   0.88322   8.39333   6.90390   0.01787  
 97  0.0145  10537.349923  x:  0.01119   0.00474   0.00930   0.01003   0.00950   0.01562   0.00527   0.01255   0.00774   0.01273   0.00275   0.00000   0.00000   0.03027   0.00411   0.00727   0.00159   0.00186   0.00436   0.00353   0.00224   0.00169   0.00000   0.00913   0.00154   0.00558   0.00368   0.00389   0.01243   0.00365   0.00000   0.00333   0.00000   0.01476   0.00122   0.00061   0.00104   0.00777   0.01994   0.02360   0.02064   0.00640   0.01402   0.00539   0.01519   0.01592   0.02472   0.01528   0.01059   0.01031   0.01929   0.02121   0.00000   0.02055   0.02223   3.66348   0.42225   1.21928   0.88411   8.42025   6.93094   0.01788  
 98  0.0139  10537.349380  x:  0.01119   0.00474   0.00932   0.01003   0.00950   0.01562   0.00527   0.01255   0.00775   0.01274   0.00275   0.00000   0.00000   0.03029   0.00410   0.00726   0.00158   0.00186   0.00437   0.00353   0.00224   0.00167   0.00000   0.00913   0.00153   0.00558   0.00368   0.00389   0.01242   0.00365   0.00000   0.00333   0.00000   0.01475   0.00122   0.00061   0.00104   0.00778   0.01995   0.02361   0.02066   0.00638   0.01403   0.00537   0.01521   0.01590   0.02471   0.01527   0.01064   0.01032   0.01928   0.02122   0.00000   0.02054   0.02223   3.66012   0.42253   1.21931   0.88554   8.47357   6.98525   0.01778  
 99  0.0240  10537.347564  x:  0.01117   0.00473   0.00932   0.01002   0.00949   0.01558   0.00526   0.01253   0.00775   0.01275   0.00275   0.00000   0.00000   0.03028   0.00410   0.00724   0.00159   0.00186   0.00437   0.00351   0.00222   0.00168   0.00000   0.00913   0.00151   0.00558   0.00367   0.00386   0.01241   0.00363   0.00000   0.00334   0.00000   0.01476   0.00122   0.00062   0.00104   0.00779   0.01995   0.02357   0.02061   0.00638   0.01404   0.00536   0.01518   0.01588   0.02470   0.01526   0.01056   0.01029   0.01927   0.02124   0.00000   0.02054   0.02224   3.65757   0.42233   1.22073   0.88484   8.68135   7.19131   0.01789  
100  0.0532  10537.344735  x:  0.01118   0.00475   0.00928   0.01001   0.00950   0.01562   0.00525   0.01254   0.00773   0.01274   0.00275   0.00000   0.00000   0.03028   0.00409   0.00724   0.00158   0.00186   0.00439   0.00352   0.00222   0.00169   0.00000   0.00914   0.00149   0.00558   0.00365   0.00389   0.01242   0.00366   0.00000   0.00337   0.00000   0.01477   0.00122   0.00061   0.00104   0.00780   0.01994   0.02356   0.02072   0.00639   0.01401   0.00536   0.01519   0.01588   0.02471   0.01528   0.01060   0.01032   0.01930   0.02119   0.00000   0.02054   0.02221   3.66075   0.42090   1.22151   0.88123   9.08780   7.59748   0.01798  
101  0.2050  10537.343009  x:  0.01120   0.00475   0.00932   0.01001   0.00950   0.01562   0.00527   0.01256   0.00775   0.01274   0.00276   0.00000   0.00000   0.03029   0.00408   0.00727   0.00159   0.00186   0.00438   0.00353   0.00222   0.00170   0.00000   0.00911   0.00149   0.00558   0.00366   0.00388   0.01243   0.00365   0.00000   0.00339   0.00000   0.01476   0.00122   0.00061   0.00104   0.00780   0.01995   0.02363   0.02061   0.00639   0.01401   0.00539   0.01519   0.01588   0.02470   0.01528   0.01064   0.01032   0.01926   0.02122   0.00000   0.02055   0.02225   3.66319   0.42012   1.22051   0.88009   9.38108   7.89241   0.01784  
102  0.2618  10537.341244  x:  0.01122   0.00475   0.00933   0.01003   0.00948   0.01562   0.00527   0.01254   0.00775   0.01272   0.00277   0.00000   0.00000   0.03029   0.00408   0.00730   0.00159   0.00186   0.00435   0.00352   0.00224   0.00170   0.00000   0.00915   0.00149   0.00558   0.00369   0.00388   0.01242   0.00364   0.00000   0.00339   0.00000   0.01475   0.00122   0.00061   0.00103   0.00777   0.01996   0.02361   0.02066   0.00637   0.01404   0.00540   0.01520   0.01590   0.02473   0.01527   0.01059   0.01029   0.01930   0.02122   0.00000   0.02054   0.02223   3.66318   0.42162   1.21914   0.88164   9.74884   8.26117   0.01775  
103  0.2505  10537.339958  x:  0.01121   0.00474   0.00929   0.01004   0.00951   0.01561   0.00527   0.01252   0.00774   0.01270   0.00276   0.00000   0.00000   0.03030   0.00408   0.00732   0.00159   0.00185   0.00437   0.00353   0.00224   0.00170   0.00000   0.00911   0.00149   0.00559   0.00370   0.00389   0.01243   0.00366   0.00000   0.00338   0.00000   0.01476   0.00122   0.00062   0.00104   0.00775   0.01995   0.02356   0.02064   0.00639   0.01402   0.00540   0.01517   0.01594   0.02475   0.01527   0.01060   0.01032   0.01927   0.02121   0.00000   0.02053   0.02222   3.66241   0.42093   1.21934   0.88244  10.05670   8.56908   0.01778  
104  0.2086  10537.338213  x:  0.01117   0.00473   0.00930   0.01003   0.00950   0.01563   0.00528   0.01254   0.00774   0.01267   0.00275   0.00000   0.00000   0.03028   0.00407   0.00732   0.00158   0.00186   0.00437   0.00353   0.00223   0.00169   0.00000   0.00911   0.00150   0.00558   0.00369   0.00390   0.01241   0.00365   0.00000   0.00335   0.00000   0.01476   0.00122   0.00061   0.00104   0.00772   0.01996   0.02362   0.02062   0.00642   0.01401   0.00538   0.01519   0.01595   0.02470   0.01528   0.01062   0.01032   0.01926   0.02122   0.00000   0.02053   0.02226   3.66069   0.42260   1.22254   0.88500  10.59733   9.10902   0.01786  
105  0.2699  10537.337080  x:  0.01116   0.00474   0.00932   0.01003   0.00949   0.01561   0.00527   0.01255   0.00775   0.01268   0.00275   0.00000   0.00000   0.03027   0.00407   0.00732   0.00159   0.00186   0.00436   0.00352   0.00224   0.00169   0.00000   0.00914   0.00151   0.00558   0.00368   0.00389   0.01241   0.00365   0.00000   0.00333   0.00000   0.01475   0.00122   0.00061   0.00104   0.00772   0.01995   0.02360   0.02066   0.00641   0.01403   0.00538   0.01520   0.01593   0.02470   0.01527   0.01061   0.01030   0.01930   0.02121   0.00000   0.02055   0.02222   3.66091   0.42132   1.22119   0.88506  11.02430   9.53557   0.01781  
106  0.3573  10537.336094  x:  0.01120   0.00475   0.00931   0.01003   0.00951   0.01560   0.00526   0.01255   0.00775   0.01273   0.00275   0.00000   0.00000   0.03028   0.00407   0.00732   0.00159   0.00186   0.00437   0.00352   0.00224   0.00168   0.00000   0.00912   0.00152   0.00558   0.00367   0.00389   0.01243   0.00365   0.00000   0.00332   0.00000   0.01476   0.00122   0.00061   0.00103   0.00775   0.01993   0.02358   0.02063   0.00640   0.01403   0.00537   0.01518   0.01590   0.02471   0.01527   0.01059   0.01031   0.01928   0.02121   0.00000   0.02052   0.02222   3.66207   0.42241   1.21988   0.88518  11.61923  10.12799   0.01797  
107  0.4056  10537.335686  x:  0.01120   0.00475   0.00931   0.01002   0.00950   0.01562   0.00527   0.01255   0.00774   0.01273   0.00275   0.00000   0.00000   0.03029   0.00407   0.00730   0.00159   0.00186   0.00437   0.00352   0.00224   0.00169   0.00000   0.00913   0.00153   0.00558   0.00367   0.00389   0.01243   0.00365   0.00000   0.00331   0.00000   0.01476   0.00122   0.00061   0.00104   0.00775   0.01996   0.02361   0.02065   0.00640   0.01402   0.00538   0.01519   0.01592   0.02471   0.01527   0.01061   0.01031   0.01929   0.02122   0.00000   0.02055   0.02224   3.66224   0.42187   1.22027   0.88390  12.10517  10.61574   0.01788  
108  0.3467  10537.335482  x:  0.01120   0.00474   0.00932   0.01002   0.00949   0.01562   0.00527   0.01254   0.00775   0.01274   0.00276   0.00000   0.00000   0.03027   0.00407   0.00729   0.00159   0.00186   0.00437   0.00352   0.00224   0.00169   0.00000   0.00912   0.00153   0.00558   0.00368   0.00389   0.01242   0.00365   0.00000   0.00331   0.00000   0.01475   0.00122   0.00061   0.00104   0.00777   0.01996   0.02359   0.02064   0.00639   0.01403   0.00539   0.01519   0.01591   0.02472   0.01527   0.01060   0.01031   0.01928   0.02121   0.00000   0.02053   0.02223   3.66189   0.42186   1.21974   0.88289  12.71626  11.22782   0.01783  
109  0.3906  10537.335383  x:  0.01119   0.00474   0.00931   0.01002   0.00951   0.01561   0.00527   0.01254   0.00774   0.01273   0.00276   0.00000   0.00000   0.03028   0.00407   0.00729   0.00159   0.00186   0.00436   0.00352   0.00223   0.00169   0.00000   0.00913   0.00153   0.00558   0.00368   0.00389   0.01242   0.00365   0.00000   0.00332   0.00000   0.01476   0.00122   0.00061   0.00104   0.00777   0.01995   0.02360   0.02064   0.00639   0.01402   0.00539   0.01519   0.01591   0.02471   0.01527   0.01060   0.01031   0.01929   0.02122   0.00000   0.02054   0.02223   3.66197   0.42185   1.21997   0.88318  13.17618  11.68697   0.01787  
110  0.2576  10537.335316  x:  0.01119   0.00474   0.00931   0.01003   0.00950   0.01562   0.00527   0.01254   0.00775   0.01273   0.00277   0.00000   0.00000   0.03028   0.00407   0.00729   0.00159   0.00186   0.00437   0.00352   0.00224   0.00169   0.00000   0.00913   0.00153   0.00558   0.00368   0.00389   0.01242   0.00365   0.00000   0.00332   0.00000   0.01476   0.00122   0.00061   0.00104   0.00777   0.01995   0.02360   0.02064   0.00640   0.01402   0.00538   0.01519   0.01591   0.02471   0.01527   0.01060   0.01031   0.01928   0.02121   0.00000   0.02054   0.02223   3.66197   0.42176   1.22009   0.88314  13.79228  12.30280   0.01788  
111  0.3331  10537.335279  x:  0.01120   0.00474   0.00931   0.01003   0.00950   0.01562   0.00527   0.01254   0.00774   0.01273   0.00277   0.00000   0.00000   0.03028   0.00407   0.00729   0.00159   0.00186   0.00437   0.00352   0.00224   0.00169   0.00000   0.00912   0.00152   0.00558   0.00368   0.00389   0.01242   0.00365   0.00000   0.00332   0.00000   0.01475   0.00122   0.00061   0.00104   0.00777   0.01995   0.02360   0.02064   0.00640   0.01403   0.00538   0.01519   0.01591   0.02472   0.01527   0.01060   0.01031   0.01929   0.02122   0.00000   0.02054   0.02223   3.66177   0.42184   1.21996   0.88326  14.40954  12.92028   0.01787  
112  0.3352  10537.335255  x:  0.01120   0.00474   0.00931   0.01003   0.00950   0.01562   0.00527   0.01254   0.00775   0.01273   0.00276   0.00000   0.00000   0.03028   0.00407   0.00729   0.00159   0.00186   0.00437   0.00352   0.00224   0.00169   0.00000   0.00913   0.00152   0.00558   0.00367   0.00389   0.01242   0.00365   0.00000   0.00332   0.00000   0.01476   0.00122   0.00061   0.00104   0.00777   0.01995   0.02360   0.02064   0.00640   0.01402   0.00538   0.01518   0.01591   0.02471   0.01527   0.01060   0.01031   0.01928   0.02121   0.00000   0.02054   0.02223   3.66198   0.42187   1.22003   0.88349  15.15697  13.66770   0.01787  
113  0.3792  10537.335239  x:  0.01119   0.00474   0.00931   0.01002   0.00950   0.01562   0.00527   0.01254   0.00775   0.01273   0.00276   0.00000   0.00000   0.03028   0.00407   0.00729   0.00159   0.00186   0.00437   0.00352   0.00224   0.00169   0.00000   0.00912   0.00152   0.00558   0.00367   0.00389   0.01242   0.00365   0.00000   0.00332   0.00000   0.01476   0.00122   0.00061   0.00104   0.00776   0.01995   0.02360   0.02064   0.00640   0.01403   0.00538   0.01519   0.01591   0.02471   0.01527   0.01060   0.01031   0.01928   0.02121   0.00000   0.02054   0.02223   3.66200   0.42187   1.22011   0.88351  15.90999  14.42087   0.01786  
114  0.4667  10537.335232  x:  0.01119   0.00474   0.00931   0.01002   0.00950   0.01562   0.00527   0.01254   0.00775   0.01273   0.00276   0.00000   0.00000   0.03028   0.00407   0.00730   0.00159   0.00186   0.00437   0.00352   0.00224   0.00169   0.00000   0.00913   0.00152   0.00558   0.00367   0.00389   0.01242   0.00365   0.00000   0.00332   0.00000   0.01476   0.00122   0.00061   0.00104   0.00776   0.01995   0.02360   0.02064   0.00640   0.01402   0.00538   0.01519   0.01591   0.02471   0.01527   0.01060   0.01031   0.01928   0.02121   0.00000   0.02054   0.02223   3.66190   0.42187   1.22006   0.88347  16.59082  15.10166   0.01786  
115  0.4264  10537.335230  x:  0.01119   0.00474   0.00931   0.01002   0.00950   0.01562   0.00527   0.01254   0.00775   0.01273   0.00276   0.00000   0.00000   0.03028   0.00407   0.00730   0.00159   0.00186   0.00437   0.00352   0.00224   0.00169   0.00000   0.00913   0.00152   0.00558   0.00367   0.00389   0.01242   0.00365   0.00000   0.00332   0.00000   0.01476   0.00122   0.00061   0.00104   0.00776   0.01995   0.02360   0.02064   0.00640   0.01402   0.00538   0.01519   0.01591   0.02471   0.01527   0.01060   0.01031   0.01928   0.02121   0.00000   0.02054   0.02223   3.66193   0.42186   1.22004   0.88342  16.96306  15.47382   0.01787  
116  0.2953  10537.335229  x:  0.01119   0.00474   0.00931   0.01003   0.00950   0.01562   0.00527   0.01254   0.00775   0.01273   0.00276   0.00000   0.00000   0.03028   0.00407   0.00730   0.00159   0.00186   0.00437   0.00352   0.00224   0.00169   0.00000   0.00912   0.00152   0.00558   0.00368   0.00389   0.01242   0.00365   0.00000   0.00332   0.00000   0.01476   0.00122   0.00061   0.00104   0.00776   0.01995   0.02360   0.02064   0.00640   0.01402   0.00538   0.01519   0.01591   0.02471   0.01527   0.01060   0.01031   0.01928   0.02121   0.00000   0.02054   0.02223   3.66194   0.42184   1.22003   0.88334  17.69900  16.20975   0.01787  
117  0.4761  10537.335228  x:  0.01119   0.00474   0.00931   0.01003   0.00950   0.01562   0.00527   0.01254   0.00775   0.01273   0.00276   0.00000   0.00000   0.03028   0.00407   0.00730   0.00159   0.00186   0.00437   0.00352   0.00224   0.00169   0.00000   0.00913   0.00152   0.00558   0.00368   0.00389   0.01242   0.00365   0.00000   0.00332   0.00000   0.01476   0.00122   0.00061   0.00104   0.00776   0.01995   0.02360   0.02064   0.00640   0.01402   0.00538   0.01519   0.01591   0.02471   0.01527   0.01060   0.01031   0.01928   0.02121   0.00000   0.02054   0.02223   3.66194   0.42183   1.22002   0.88330  19.01382  17.52464   0.01787  
118  0.6176  10537.335227  x:  0.01119   0.00474   0.00931   0.01003   0.00950   0.01562   0.00527   0.01254   0.00775   0.01273   0.00276   0.00000   0.00000   0.03028   0.00407   0.00730   0.00159   0.00186   0.00437   0.00352   0.00224   0.00169   0.00000   0.00913   0.00152   0.00558   0.00367   0.00389   0.01242   0.00365   0.00000   0.00332   0.00000   0.01476   0.00122   0.00061   0.00104   0.00776   0.01995   0.02360   0.02064   0.00640   0.01402   0.00538   0.01519   0.01591   0.02471   0.01527   0.01060   0.01031   0.01928   0.02121   0.00000   0.02054   0.02223   3.66196   0.42184   1.22004   0.88334  20.10631  18.61712   0.01787  
119  0.4658  10537.335227  x:  0.01119   0.00474   0.00931   0.01003   0.00950   0.01562   0.00527   0.01254   0.00775   0.01273   0.00276   0.00000   0.00000   0.03028   0.00407   0.00730   0.00159   0.00186   0.00437   0.00352   0.00224   0.00169   0.00000   0.00913   0.00152   0.00558   0.00367   0.00389   0.01242   0.00365   0.00000   0.00332   0.00000   0.01476   0.00122   0.00061   0.00104   0.00776   0.01995   0.02360   0.02064   0.00640   0.01402   0.00538   0.01519   0.01591   0.02471   0.01527   0.01060   0.01031   0.01928   0.02121   0.00000   0.02054   0.02223   3.66192   0.42185   1.22002   0.88335  21.13144  19.64224   0.01787  
120  0.5837  10537.335227  x:  0.01119   0.00474   0.00931   0.01003   0.00950   0.01562   0.00527   0.01254   0.00775   0.01273   0.00276   0.00000   0.00000   0.03028   0.00407   0.00730   0.00159   0.00186   0.00437   0.00352   0.00224   0.00169   0.00000   0.00913   0.00152   0.00558   0.00367   0.00389   0.01242   0.00365   0.00000   0.00332   0.00000   0.01476   0.00122   0.00061   0.00104   0.00776   0.01995   0.02360   0.02064   0.00640   0.01402   0.00538   0.01519   0.01591   0.02471   0.01527   0.01060   0.01031   0.01928   0.02121   0.00000   0.02054   0.02223   3.66192   0.42185   1.22002   0.88335  21.14746  19.65826   0.01787  
121  1.5667  10537.335227  x:  0.01119   0.00474   0.00931   0.01003   0.00950   0.01562   0.00527   0.01254   0.00775   0.01273   0.00276   0.00000   0.00000   0.03028   0.00407   0.00730   0.00159   0.00186   0.00437   0.00352   0.00224   0.00169   0.00000   0.00913   0.00152   0.00558   0.00367   0.00389   0.01242   0.00365   0.00000   0.00332   0.00000   0.01476   0.00122   0.00061   0.00104   0.00776   0.01995   0.02360   0.02064   0.00640   0.01402   0.00538   0.01519   0.01591   0.02471   0.01527   0.01060   0.01031   0.01928   0.02121   0.00000   0.02054   0.02223   3.66192   0.42185   1.22002   0.88335  21.14746  19.65826   0.01787  
122  0.0230  10537.335227  x:  0.01119   0.00474   0.00931   0.01003   0.00950   0.01562   0.00527   0.01254   0.00775   0.01273   0.00276   0.00000   0.00000   0.03028   0.00407   0.00730   0.00159   0.00186   0.00437   0.00352   0.00224   0.00169   0.00000   0.00913   0.00152   0.00558   0.00367   0.00389   0.01242   0.00365   0.00000   0.00332   0.00000   0.01476   0.00122   0.00061   0.00104   0.00776   0.01995   0.02360   0.02064   0.00640   0.01402   0.00538   0.01519   0.01591   0.02471   0.01527   0.01060   0.01031   0.01928   0.02121   0.00000   0.02054   0.02223   3.66192   0.42185   1.22002   0.88335  21.14746  19.65826   0.01787  
123  0.0003  10537.335227  x:  0.01119   0.00474   0.00931   0.01003   0.00950   0.01562   0.00527   0.01254   0.00775   0.01273   0.00276   0.00000   0.00000   0.03028   0.00407   0.00730   0.00159   0.00186   0.00437   0.00352   0.00224   0.00169   0.00000   0.00913   0.00152   0.00558   0.00367   0.00389   0.01242   0.00365   0.00000   0.00332   0.00000   0.01476   0.00122   0.00061   0.00104   0.00776   0.01995   0.02360   0.02064   0.00640   0.01402   0.00538   0.01519   0.01591   0.02471   0.01527   0.01060   0.01031   0.01928   0.02121   0.00000   0.02054   0.02223   3.66192   0.42185   1.22002   0.88335  21.14746  19.65826   0.01787  
check convergence!
