

TREE # 1

  0  0.0000   2538.352300  x:  0.02310   0.00717   0.02681   0.02145   0.02404   0.03823   0.02283   0.02409   0.03604   0.02715   0.00761   0.01483   0.00904   0.01838   0.01595   0.02202   0.01739   0.01307   0.01348   0.00897   0.02049   0.01161   0.01831   0.00000   0.07704   0.04153   0.00466   0.03072   0.01172   0.00933   0.01141   0.02153   0.01410   0.02195   0.00791   0.00988   0.02717   0.00666   0.01727   0.02494   0.01975   0.00149   0.01654   0.01290   0.00613   0.00430   0.01902   0.01938   0.01496   0.01771   0.01157   0.01057   0.00802   0.00995   0.00533   0.98928   0.86658   0.68608   0.97572   1.27474   0.03646   0.29574  
  1 99.0000   2538.342658  x:  0.02310   0.00717   0.02681   0.02145   0.02403   0.03823   0.02283   0.02409   0.03604   0.02715   0.00761   0.01483   0.00904   0.01837   0.01595   0.02202   0.01739   0.01307   0.01348   0.00897   0.02048   0.01161   0.01831   0.00000   0.07704   0.04153   0.00465   0.03072   0.01172   0.00933   0.01141   0.02153   0.01410   0.02195   0.00791   0.00988   0.02717   0.00666   0.01727   0.02494   0.01975   0.00149   0.01654   0.01290   0.00613   0.00430   0.01902   0.01938   0.01496   0.01771   0.01157   0.01057   0.00802   0.00995   0.00533   0.98928   0.86658   0.68608   0.97572   1.27474   0.03646   0.29574  
  2 1701.8376   2528.387672  x:  0.02262   0.00733   0.02624   0.02118   0.02388   0.03792   0.02234   0.02358   0.03599   0.02669   0.00759   0.01485   0.00799   0.01688   0.01485   0.02139   0.01726   0.01272   0.01268   0.00747   0.01936   0.01087   0.01794   0.00000   0.07704   0.04117   0.00329   0.03066   0.01020   0.00946   0.01088   0.02071   0.01257   0.02094   0.00640   0.00952   0.02653   0.00690   0.01579   0.02424   0.01827   0.00000   0.01569   0.01270   0.00642   0.00283   0.01827   0.01887   0.01404   0.01735   0.01088   0.00908   0.00657   0.00949   0.00588   0.98953   0.86658   0.68612   0.97571   1.27479   0.03642   0.29559  
  3 12393.9404   2511.976236  x:  0.02195   0.00760   0.02534   0.02090   0.02368   0.03747   0.02171   0.02297   0.03584   0.02607   0.00775   0.01506   0.00621   0.01404   0.01298   0.02053   0.01712   0.01248   0.01158   0.00463   0.01748   0.01001   0.01760   0.00000   0.07691   0.04059   0.00075   0.03061   0.00724   0.00948   0.01033   0.01950   0.00960   0.01903   0.00351   0.00982   0.02559   0.00667   0.01298   0.02299   0.01544   0.00000   0.01435   0.01252   0.00670   0.00000   0.01722   0.01828   0.01268   0.01698   0.01009   0.00624   0.00380   0.00908   0.00595   0.98998   0.86658   0.68618   0.97568   1.27491   0.03630   0.29575  
  4 36922.4278   2507.423080  x:  0.02175   0.00767   0.02508   0.02081   0.02362   0.03734   0.02153   0.02280   0.03580   0.02589   0.00778   0.01511   0.00569   0.01319   0.01243   0.02028   0.01708   0.01241   0.01126   0.00378   0.01693   0.00976   0.01750   0.00000   0.07687   0.04041   0.00000   0.03060   0.00636   0.00948   0.01017   0.01915   0.00872   0.01846   0.00266   0.00988   0.02532   0.00663   0.01215   0.02263   0.01460   0.00000   0.01396   0.01247   0.00676   0.00000   0.01692   0.01811   0.01229   0.01687   0.00987   0.00539   0.00298   0.00896   0.00597   0.99012   0.86658   0.68621   0.97567   1.27494   0.03627   0.29581  
  5 3808833.2058   2495.566638  x:  0.02089   0.00796   0.02443   0.02032   0.02341   0.03708   0.02097   0.02239   0.03589   0.02524   0.00726   0.01520   0.00457   0.01062   0.01160   0.01960   0.01676   0.01133   0.01112   0.00120   0.01632   0.00949   0.01678   0.00000   0.07691   0.03979   0.00000   0.03040   0.00354   0.00996   0.00943   0.01854   0.00588   0.01671   0.00000   0.01091   0.02466   0.00591   0.00956   0.02176   0.01201   0.00000   0.01363   0.01189   0.00709   0.00000   0.01652   0.01735   0.01227   0.01598   0.00944   0.00304   0.00047   0.00826   0.00716   0.99051   0.86658   0.68625   0.97565   1.27498   0.03624   0.29513  
  6 8031.3141   2493.612152  x:  0.02072   0.00812   0.02431   0.02023   0.02339   0.03702   0.02085   0.02229   0.03591   0.02512   0.00739   0.01527   0.00441   0.01015   0.01151   0.01945   0.01673   0.01124   0.01108   0.00072   0.01629   0.00940   0.01664   0.00000   0.07695   0.03966   0.00000   0.03033   0.00300   0.00993   0.00927   0.01843   0.00535   0.01638   0.00000   0.01098   0.02453   0.00600   0.00908   0.02162   0.01153   0.00000   0.01360   0.01183   0.00726   0.00000   0.01644   0.01720   0.01228   0.01584   0.00933   0.00264   0.00000   0.00818   0.00704   0.99057   0.86658   0.68626   0.97565   1.27497   0.03626   0.29478  
  7 6742.2963   2490.970655  x:  0.02055   0.00822   0.02415   0.02015   0.02336   0.03694   0.02067   0.02213   0.03591   0.02496   0.00751   0.01534   0.00417   0.00944   0.01137   0.01927   0.01673   0.01129   0.01094   0.00000   0.01623   0.00923   0.01653   0.00000   0.07702   0.03949   0.00000   0.03025   0.00219   0.00993   0.00915   0.01826   0.00454   0.01588   0.00000   0.01082   0.02434   0.00572   0.00835   0.02143   0.01079   0.00000   0.01351   0.01183   0.00736   0.00000   0.01628   0.01706   0.01220   0.01577   0.00918   0.00209   0.00000   0.00815   0.00696   0.99067   0.86657   0.68626   0.97565   1.27494   0.03630   0.29407  
  8 11455.2084   2484.655566  x:  0.02028   0.00826   0.02374   0.02003   0.02328   0.03675   0.02024   0.02174   0.03581   0.02462   0.00756   0.01548   0.00351   0.00757   0.01096   0.01887   0.01676   0.01156   0.01041   0.00000   0.01592   0.00879   0.01648   0.00000   0.07715   0.03909   0.00000   0.03016   0.00000   0.01007   0.00907   0.01777   0.00237   0.01456   0.00000   0.01112   0.02390   0.00575   0.00640   0.02091   0.00885   0.00000   0.01310   0.01193   0.00736   0.00000   0.01582   0.01687   0.01171   0.01581   0.00886   0.00065   0.00000   0.00819   0.00712   0.99093   0.86657   0.68626   0.97565   1.27485   0.03642   0.29196  
  9 16592.1031   2482.165118  x:  0.02030   0.00837   0.02361   0.02008   0.02327   0.03667   0.02021   0.02169   0.03575   0.02458   0.00752   0.01553   0.00319   0.00672   0.01070   0.01882   0.01670   0.01133   0.01023   0.00000   0.01559   0.00875   0.01650   0.00000   0.07713   0.03901   0.00000   0.03019   0.00000   0.00988   0.00904   0.01754   0.00134   0.01395   0.00000   0.01116   0.02380   0.00570   0.00551   0.02068   0.00795   0.00000   0.01281   0.01183   0.00749   0.00000   0.01566   0.01687   0.01138   0.01578   0.00884   0.00000   0.00000   0.00808   0.00713   0.99104   0.86656   0.68626   0.97566   1.27480   0.03648   0.29094  
 10 9721.9660   2479.301167  x:  0.02026   0.00835   0.02350   0.02004   0.02321   0.03662   0.02028   0.02177   0.03578   0.02461   0.00767   0.01561   0.00278   0.00560   0.01027   0.01881   0.01666   0.01119   0.01024   0.00000   0.01496   0.00877   0.01635   0.00000   0.07700   0.03904   0.00000   0.03021   0.00000   0.01041   0.00897   0.01721   0.00000   0.01313   0.00000   0.01115   0.02378   0.00569   0.00431   0.02041   0.00675   0.00000   0.01245   0.01171   0.00753   0.00000   0.01560   0.01677   0.01113   0.01555   0.00878   0.00000   0.00000   0.00795   0.00695   0.99118   0.86655   0.68627   0.97567   1.27477   0.03653   0.28967  
 11 6066.9731   2471.574682  x:  0.01950   0.00818   0.02322   0.01955   0.02303   0.03660   0.02045   0.02215   0.03603   0.02445   0.00791   0.01583   0.00146   0.00165   0.00871   0.01853   0.01673   0.01188   0.01057   0.00000   0.01293   0.00861   0.01567   0.00000   0.07642   0.03932   0.00000   0.02991   0.00000   0.00981   0.00834   0.01656   0.00000   0.01020   0.00000   0.01135   0.02373   0.00562   0.00000   0.01955   0.00242   0.00000   0.01186   0.01182   0.00740   0.00000   0.01565   0.01611   0.01127   0.01497   0.00828   0.00000   0.00000   0.00808   0.00737   0.99165   0.86653   0.68627   0.97569   1.27473   0.03663   0.28591  
 12 4529.4464   2469.288119  x:  0.01914   0.00836   0.02313   0.01948   0.02308   0.03663   0.02035   0.02217   0.03603   0.02423   0.00770   0.01587   0.00104   0.00000   0.00821   0.01832   0.01672   0.01180   0.01042   0.00000   0.01267   0.00841   0.01572   0.00000   0.07630   0.03930   0.00000   0.02982   0.00000   0.00987   0.00842   0.01652   0.00000   0.00898   0.00000   0.01136   0.02357   0.00562   0.00000   0.01927   0.00061   0.00000   0.01188   0.01184   0.00748   0.00000   0.01554   0.01604   0.01136   0.01511   0.00822   0.00000   0.00000   0.00806   0.00731   0.99184   0.86651   0.68628   0.97569   1.27475   0.03664   0.28471  
 13 4076.9459   2468.781769  x:  0.01909   0.00832   0.02309   0.01948   0.02307   0.03665   0.02031   0.02216   0.03601   0.02419   0.00778   0.01590   0.00095   0.00000   0.00810   0.01828   0.01671   0.01177   0.01035   0.00000   0.01270   0.00840   0.01572   0.00000   0.07630   0.03926   0.00000   0.02983   0.00000   0.00987   0.00839   0.01650   0.00000   0.00857   0.00000   0.01137   0.02352   0.00562   0.00000   0.01920   0.00000   0.00000   0.01188   0.01182   0.00747   0.00000   0.01549   0.01604   0.01132   0.01510   0.00821   0.00000   0.00000   0.00804   0.00734   0.99190   0.86651   0.68629   0.97570   1.27476   0.03663   0.28439  
 14 5078.6805   2463.936710  x:  0.01957   0.00931   0.02232   0.01974   0.02281   0.03655   0.02004   0.02181   0.03585   0.02411   0.00663   0.01612   0.00003   0.00000   0.00780   0.01836   0.01681   0.01264   0.00998   0.00000   0.01371   0.00834   0.01472   0.00000   0.07708   0.03774   0.00000   0.02983   0.00000   0.01007   0.00765   0.01553   0.00000   0.00000   0.00000   0.01149   0.02291   0.00559   0.00000   0.01818   0.00000   0.00000   0.01078   0.01190   0.00772   0.00000   0.01477   0.01552   0.00951   0.01395   0.00753   0.00000   0.00000   0.00822   0.00727   0.99326   0.86645   0.68639   0.97570   1.27512   0.03638   0.27950  
 15 1858.8561   2463.823818  x:  0.01961   0.00930   0.02225   0.01969   0.02277   0.03649   0.02002   0.02175   0.03587   0.02412   0.00666   0.01611   0.00000   0.00000   0.00792   0.01835   0.01681   0.01261   0.01003   0.00000   0.01365   0.00826   0.01471   0.00000   0.07716   0.03763   0.00000   0.02981   0.00000   0.01006   0.00772   0.01546   0.00000   0.00000   0.00000   0.01149   0.02291   0.00559   0.00000   0.01813   0.00000   0.00000   0.01068   0.01190   0.00772   0.00000   0.01478   0.01546   0.00950   0.01400   0.00753   0.00000   0.00000   0.00820   0.00728   0.99337   0.86645   0.68640   0.97570   1.27516   0.03635   0.27931  
 16 352.7800   2456.770940  x:  0.01975   0.00869   0.01960   0.01941   0.02361   0.03136   0.01762   0.01743   0.03522   0.02208   0.00514   0.01990   0.00000   0.00000   0.01173   0.01529   0.01675   0.01185   0.00673   0.00000   0.00152   0.00908   0.01781   0.00000   0.07901   0.03476   0.00000   0.03121   0.00000   0.01072   0.00321   0.01203   0.00000   0.00000   0.00000   0.01130   0.02215   0.00566   0.00000   0.01447   0.00000   0.00000   0.00978   0.01153   0.00771   0.00000   0.01371   0.01785   0.01137   0.01267   0.00721   0.00000   0.00000   0.00843   0.00732   1.00259   0.86630   0.68748   0.97531   1.27848   0.03343   0.26988  
 17 286.5937   2448.523177  x:  0.01500   0.00716   0.01749   0.01753   0.02562   0.02255   0.01956   0.01638   0.03533   0.01940   0.00326   0.02345   0.00000   0.00000   0.00000   0.00987   0.01637   0.01107   0.00383   0.00000   0.00257   0.00929   0.01900   0.00000   0.07031   0.04329   0.00000   0.03263   0.00000   0.00971   0.00788   0.00403   0.00000   0.00000   0.00000   0.01104   0.02328   0.00574   0.00000   0.00549   0.00000   0.00000   0.00260   0.01041   0.00689   0.00000   0.01272   0.01859   0.01302   0.00836   0.00306   0.00000   0.00000   0.00729   0.00757   1.01709   0.86616   0.68928   0.97459   1.28347   0.02901   0.25927  
 18 325.4575   2444.968680  x:  0.01033   0.00763   0.01579   0.01710   0.02608   0.02142   0.02149   0.01840   0.03521   0.01803   0.00330   0.02189   0.00000   0.00000   0.00000   0.00963   0.01592   0.01106   0.00419   0.00000   0.00168   0.00635   0.01635   0.00000   0.06276   0.04967   0.00000   0.03335   0.00000   0.00957   0.00851   0.00418   0.00000   0.00000   0.00000   0.01112   0.02188   0.00569   0.00000   0.00114   0.00000   0.00000   0.00434   0.00993   0.00586   0.00000   0.00943   0.01615   0.00708   0.00881   0.00446   0.00000   0.00000   0.00571   0.00791   1.02675   0.86608   0.69049   0.97408   1.28658   0.02627   0.25197  
 19 451.9787   2442.917713  x:  0.00643   0.00796   0.01433   0.01666   0.02647   0.02085   0.02284   0.02003   0.03510   0.01674   0.00337   0.02075   0.00000   0.00000   0.00000   0.00918   0.01552   0.01081   0.00405   0.00000   0.00104   0.00411   0.01449   0.00000   0.05646   0.05485   0.00000   0.03379   0.00000   0.00950   0.00877   0.00407   0.00000   0.00000   0.00000   0.01126   0.02049   0.00562   0.00000   0.00348   0.00000   0.00000   0.00428   0.00958   0.00526   0.00000   0.00697   0.01419   0.00270   0.00929   0.00472   0.00000   0.00000   0.00466   0.00816   1.03473   0.86601   0.69150   0.97367   1.28911   0.02405   0.24548  
 20 1718.6170   2441.324005  x:  0.00765   0.00793   0.01270   0.01646   0.02645   0.02267   0.02333   0.02075   0.03488   0.01635   0.00333   0.01826   0.00000   0.00000   0.00000   0.01002   0.01519   0.00973   0.00314   0.00000   0.00170   0.00222   0.01371   0.00000   0.05170   0.05924   0.00000   0.03403   0.00000   0.01007   0.00500   0.00473   0.00000   0.00000   0.00000   0.01139   0.01827   0.00555   0.00000   0.00321   0.00000   0.00000   0.00179   0.00987   0.00549   0.00000   0.00621   0.01203   0.00311   0.01233   0.00377   0.00000   0.00000   0.00485   0.00816   1.04266   0.86595   0.69250   0.97326   1.29149   0.02200   0.23844  
 21 438.6579   2440.366808  x:  0.00958   0.00782   0.01122   0.01614   0.02584   0.02382   0.02285   0.02007   0.03467   0.01631   0.00333   0.01584   0.00000   0.00000   0.00000   0.00992   0.01500   0.00898   0.00270   0.00000   0.00148   0.00382   0.01312   0.00000   0.04946   0.06194   0.00000   0.03360   0.00000   0.01009   0.00479   0.00381   0.00000   0.00000   0.00000   0.01144   0.01615   0.00552   0.00000   0.00324   0.00000   0.00000   0.00288   0.01026   0.00581   0.00000   0.00632   0.01009   0.00292   0.01391   0.00174   0.00000   0.00000   0.00488   0.00812   1.04921   0.86590   0.69333   0.97292   1.29338   0.02037   0.23242  
 22 542.9005   2439.124528  x:  0.01208   0.00761   0.00920   0.01560   0.02440   0.02503   0.02068   0.01742   0.03429   0.01604   0.00270   0.01252   0.00000   0.00000   0.00000   0.00854   0.01496   0.00885   0.00292   0.00000   0.00116   0.00518   0.01202   0.00000   0.04770   0.06593   0.00000   0.03244   0.00000   0.01000   0.00527   0.00273   0.00000   0.00000   0.00000   0.01127   0.01245   0.00559   0.00000   0.00355   0.00000   0.00000   0.00254   0.01087   0.00614   0.00000   0.00695   0.00791   0.00340   0.01363   0.00475   0.00000   0.00000   0.00500   0.00796   1.06112   0.86581   0.69485   0.97229   1.29676   0.01747   0.22131  
 23 693.4790   2437.539491  x:  0.01390   0.00782   0.00844   0.01536   0.02214   0.02559   0.01806   0.01446   0.03413   0.01645   0.00220   0.01071   0.00000   0.00000   0.00000   0.00823   0.01487   0.00822   0.00475   0.00000   0.00045   0.00407   0.01151   0.00000   0.04819   0.06948   0.00000   0.03109   0.00000   0.00994   0.00653   0.00570   0.00000   0.00000   0.00000   0.01106   0.01075   0.00566   0.00000   0.00343   0.00000   0.00000   0.00194   0.01093   0.00592   0.00000   0.00803   0.00839   0.00312   0.01198   0.00364   0.00000   0.00000   0.00468   0.00795   1.07634   0.86569   0.69680   0.97149   1.30102   0.01384   0.20655  
 24 756.5900   2435.162508  x:  0.01518   0.00847   0.00769   0.01421   0.01836   0.02463   0.01561   0.01121   0.03463   0.01779   0.00111   0.01005   0.00000   0.00000   0.00000   0.00846   0.01477   0.00704   0.00731   0.00000   0.00088   0.00128   0.01238   0.00000   0.05008   0.07381   0.00000   0.02906   0.00000   0.01010   0.00521   0.00462   0.00000   0.00000   0.00000   0.01077   0.01165   0.00578   0.00000   0.00357   0.00000   0.00000   0.00353   0.01113   0.00503   0.00000   0.00975   0.00918   0.00215   0.01184   0.00323   0.00000   0.00000   0.00411   0.00803   1.09912   0.86552   0.69971   0.97030   1.30736   0.00845   0.18410  
 25 1661.6193   2432.212512  x:  0.01347   0.01175   0.00848   0.01290   0.01422   0.02369   0.01298   0.00970   0.03550   0.01806   0.00067   0.00907   0.00000   0.00000   0.00000   0.00978   0.01447   0.00576   0.00831   0.00000   0.00107   0.00342   0.01184   0.00000   0.05478   0.07666   0.00000   0.02610   0.00000   0.01030   0.00398   0.00474   0.00000   0.00000   0.00000   0.01022   0.01416   0.00603   0.00000   0.00347   0.00000   0.00000   0.00233   0.01114   0.00134   0.00000   0.00881   0.00830   0.00213   0.01414   0.00315   0.00000   0.00000   0.00298   0.00857   1.12817   0.86530   0.70343   0.96876   1.31538   0.00163   0.15540  
 26 1766.9243   2430.348683  x:  0.01312   0.01110   0.01012   0.01287   0.01356   0.02389   0.01262   0.01184   0.03558   0.01748   0.00015   0.00720   0.00000   0.00000   0.00000   0.01072   0.01392   0.00529   0.00681   0.00000   0.00074   0.00259   0.01010   0.00000   0.05851   0.07640   0.00000   0.02525   0.00000   0.01021   0.00472   0.00392   0.00000   0.00000   0.00000   0.01010   0.01592   0.00608   0.00000   0.00356   0.00000   0.00000   0.00266   0.01025   0.00164   0.00000   0.00756   0.00744   0.00348   0.01402   0.00308   0.00000   0.00000   0.00370   0.00852   1.14617   0.86518   0.70573   0.96780   1.32035  -0.00258   0.13729  
 27 1324.3745   2429.628812  x:  0.01326   0.01161   0.01094   0.01310   0.01373   0.02387   0.01275   0.01273   0.03540   0.01682   0.00040   0.00578   0.00000   0.00000   0.00000   0.01091   0.01365   0.00489   0.00607   0.00000   0.00055   0.00188   0.00934   0.00000   0.06019   0.07624   0.00000   0.02493   0.00000   0.01016   0.00505   0.00335   0.00000   0.00000   0.00000   0.01005   0.01675   0.00610   0.00000   0.00364   0.00000   0.00000   0.00293   0.00987   0.00094   0.00000   0.00733   0.00717   0.00416   0.01366   0.00303   0.00000   0.00000   0.00424   0.00867   1.15467   0.86512   0.70682   0.96734   1.32270  -0.00458   0.12870  
 28 5724.4859   2427.507030  x:  0.01334   0.01023   0.01152   0.01179   0.01764   0.02337   0.01599   0.01399   0.03451   0.01198   0.00041   0.00333   0.00000   0.00000   0.00000   0.00806   0.01297   0.00487   0.00616   0.00000   0.00078   0.00228   0.00880   0.00000   0.06360   0.07373   0.00000   0.02495   0.00000   0.01033   0.00424   0.00459   0.00000   0.00000   0.00000   0.00994   0.01887   0.00612   0.00000   0.00351   0.00000   0.00000   0.00254   0.00981   0.00129   0.00000   0.01070   0.00587   0.00257   0.01430   0.00301   0.00000   0.00000   0.00403   0.00864   1.17880   0.86499   0.70989   0.96600   1.32936  -0.01021   0.10380  
 29 905.9543   2426.483354  x:  0.01407   0.00989   0.01133   0.01144   0.01972   0.02393   0.01780   0.01459   0.03392   0.00995   0.00033   0.00498   0.00000   0.00000   0.00000   0.00716   0.01261   0.00460   0.00624   0.00000   0.00079   0.00206   0.00785   0.00000   0.06461   0.07218   0.00000   0.02503   0.00000   0.01031   0.00447   0.00497   0.00000   0.00000   0.00000   0.00981   0.01878   0.00616   0.00000   0.00356   0.00000   0.00000   0.00266   0.00978   0.00058   0.00000   0.01201   0.00491   0.00232   0.01468   0.00302   0.00000   0.00000   0.00375   0.00877   1.19073   0.86493   0.71142   0.96533   1.33266  -0.01299   0.09150  
 30 2291.9792   2423.860262  x:  0.01187   0.00911   0.01036   0.01146   0.02286   0.02569   0.02212   0.01194   0.03111   0.00783   0.00033   0.00486   0.00000   0.00000   0.00000   0.00928   0.01248   0.00504   0.00807   0.00000   0.00086   0.00216   0.00492   0.00000   0.06343   0.06680   0.00000   0.02473   0.00000   0.01026   0.00482   0.00368   0.00000   0.00000   0.00000   0.00987   0.01687   0.00610   0.00000   0.00371   0.00000   0.00000   0.00264   0.01097   0.00057   0.00000   0.01203   0.00870   0.00423   0.01529   0.00259   0.00000   0.00000   0.00148   0.00878   1.22286   0.86481   0.71549   0.96346   1.34155  -0.02048   0.05803  
 31 978.6057   2421.235512  x:  0.00799   0.00830   0.00969   0.01140   0.02504   0.02727   0.02596   0.00882   0.02848   0.00884   0.00033   0.00490   0.00000   0.00000   0.00000   0.01073   0.01219   0.00296   0.01016   0.00000   0.00113   0.00264   0.00528   0.00000   0.06098   0.06039   0.00000   0.02416   0.00000   0.01032   0.00490   0.00363   0.00000   0.00000   0.00000   0.00980   0.01455   0.00603   0.00000   0.00367   0.00000   0.00000   0.00247   0.01129   0.00048   0.00000   0.01128   0.00911   0.00518   0.01417   0.00213   0.00000   0.00000   0.00565   0.00862   1.25982   0.86470   0.72018   0.96129   1.35176  -0.02908   0.01965  
 32 2728.6458   2419.435958  x:  0.00757   0.00881   0.01033   0.01211   0.02479   0.02774   0.02634   0.00892   0.02767   0.01039   0.00032   0.00463   0.00000   0.00000   0.00000   0.01051   0.01207   0.00417   0.01004   0.00000   0.00121   0.00245   0.00791   0.00000   0.05905   0.05745   0.00000   0.02369   0.00000   0.01035   0.00498   0.00425   0.00000   0.00000   0.00000   0.00989   0.01395   0.00593   0.00000   0.00379   0.00000   0.00000   0.00270   0.01076   0.00035   0.00000   0.01084   0.00736   0.00616   0.01280   0.00202   0.00000   0.00000   0.00390   0.00859   1.27914   0.86465   0.72261   0.96015   1.35704  -0.03353   0.00000  
 33 1595.1909   2419.435958  x:  0.00757   0.00881   0.01033   0.01211   0.02479   0.02774   0.02634   0.00892   0.02767   0.01039   0.00032   0.00463   0.00000   0.00000   0.00000   0.01051   0.01207   0.00417   0.01004   0.00000   0.00121   0.00245   0.00791   0.00000   0.05905   0.05745   0.00000   0.02369   0.00000   0.01035   0.00498   0.00425   0.00000   0.00000   0.00000   0.00989   0.01395   0.00593   0.00000   0.00379   0.00000   0.00000   0.00270   0.01076   0.00035   0.00000   0.01084   0.00736   0.00616   0.01280   0.00202   0.00000   0.00000   0.00390   0.00859   1.27914   0.86465   0.72261   0.96015   1.35704  -0.03353   0.00000  
 34 798.6788   2415.459646  x:  0.00758   0.00846   0.01030   0.01217   0.02464   0.02774   0.02589   0.00929   0.02790   0.01073   0.00586   0.00592   0.00000   0.00000   0.00000   0.01033   0.01212   0.00442   0.00946   0.00000   0.00228   0.00252   0.00802   0.00000   0.05926   0.05706   0.00000   0.02384   0.00000   0.01009   0.00477   0.00440   0.00000   0.00000   0.00000   0.01010   0.01380   0.00591   0.00000   0.00388   0.00000   0.00000   0.00281   0.01057   0.00550   0.00000   0.01045   0.00747   0.00572   0.01257   0.00233   0.00000   0.00000   0.00372   0.00805   1.27922   0.86465   0.72262   0.96015   1.35704  -0.03353   0.00005  
 35 3444.9267   2408.677136  x:  0.00778   0.00506   0.00996   0.01282   0.02315   0.02776   0.02133   0.01255   0.03002   0.01297   0.00593   0.01494   0.00000   0.00000   0.00000   0.00866   0.01263   0.00642   0.00362   0.00000   0.00458   0.00295   0.00908   0.00000   0.06148   0.05306   0.00000   0.02534   0.00000   0.00755   0.00284   0.00565   0.00000   0.00000   0.00000   0.01211   0.01222   0.00554   0.00000   0.00468   0.00000   0.00000   0.00361   0.00869   0.00403   0.00000   0.00658   0.00849   0.00145   0.01023   0.00410   0.00000   0.00000   0.00219   0.00265   1.27998   0.86463   0.72270   0.96013   1.35706  -0.03353   0.00064  
 36 776.1174   2407.469857  x:  0.00792   0.00391   0.00980   0.01318   0.02237   0.02772   0.01877   0.01314   0.03102   0.01362   0.00605   0.01621   0.00000   0.00000   0.00000   0.00815   0.01279   0.00625   0.00165   0.00000   0.00375   0.00257   0.00923   0.00000   0.06274   0.05057   0.00000   0.02597   0.00000   0.00697   0.00325   0.00565   0.00000   0.00000   0.00000   0.01265   0.01158   0.00552   0.00000   0.00473   0.00000   0.00000   0.00329   0.00790   0.00392   0.00000   0.00527   0.00865   0.00396   0.00928   0.00329   0.00000   0.00000   0.00315   0.00182   1.28046   0.86462   0.72275   0.96012   1.35707  -0.03354   0.00096  
 37 598.8571   2406.034612  x:  0.00824   0.00278   0.00950   0.01389   0.02086   0.02761   0.01362   0.01373   0.03289   0.01454   0.00619   0.01737   0.00000   0.00000   0.00000   0.00752   0.01302   0.00561   0.00320   0.00000   0.00206   0.00235   0.00931   0.00000   0.06535   0.04517   0.00000   0.02713   0.00000   0.00638   0.00393   0.00530   0.00000   0.00000   0.00000   0.01339   0.01056   0.00555   0.00000   0.00467   0.00000   0.00000   0.00281   0.00663   0.00396   0.00000   0.00389   0.00872   0.00386   0.00782   0.00194   0.00000   0.00000   0.00349   0.00354   1.28154   0.86459   0.72287   0.96009   1.35710  -0.03357   0.00160  
 38 590.7304   2404.449352  x:  0.00876   0.00446   0.00916   0.01481   0.01889   0.02738   0.00700   0.01347   0.03521   0.01507   0.00596   0.01633   0.00000   0.00000   0.00000   0.00749   0.01315   0.00452   0.00295   0.00000   0.00273   0.00277   0.00901   0.00000   0.06922   0.03659   0.00000   0.02854   0.00000   0.00658   0.00470   0.00430   0.00000   0.00000   0.00000   0.01374   0.00982   0.00564   0.00000   0.00437   0.00000   0.00000   0.00280   0.00586   0.00412   0.00000   0.00539   0.00843   0.00366   0.00709   0.00332   0.00000   0.00000   0.00347   0.00348   1.28330   0.86455   0.72306   0.96004   1.35718  -0.03362   0.00253  
 39 632.8629   2403.550071  x:  0.00913   0.00519   0.00902   0.01509   0.01755   0.02740   0.00621   0.01296   0.03659   0.01496   0.00597   0.01486   0.00000   0.00000   0.00000   0.00787   0.01309   0.00543   0.00243   0.00000   0.00235   0.00218   0.00880   0.00000   0.07223   0.02931   0.00000   0.02938   0.00000   0.00659   0.00433   0.00432   0.00000   0.00000   0.00000   0.01359   0.01008   0.00558   0.00000   0.00435   0.00000   0.00000   0.00323   0.00649   0.00431   0.00000   0.00517   0.00826   0.00278   0.00789   0.00158   0.00000   0.00000   0.00290   0.00237   1.28495   0.86452   0.72324   0.96000   1.35726  -0.03368   0.00326  
 40 417.1371   2402.820918  x:  0.00941   0.00483   0.00892   0.01514   0.01630   0.02752   0.00753   0.01264   0.03788   0.01480   0.00606   0.01380   0.00000   0.00000   0.00000   0.00802   0.01300   0.00617   0.00256   0.00000   0.00215   0.00238   0.00874   0.00000   0.07549   0.02137   0.00000   0.03016   0.00000   0.00636   0.00385   0.00477   0.00000   0.00000   0.00000   0.01343   0.01043   0.00548   0.00000   0.00449   0.00000   0.00000   0.00314   0.00704   0.00428   0.00000   0.00407   0.00825   0.00293   0.00850   0.00291   0.00000   0.00000   0.00294   0.00256   1.28693   0.86448   0.72345   0.95994   1.35737  -0.03376   0.00405  
 41 659.3864   2402.661090  x:  0.00937   0.00441   0.00894   0.01500   0.01629   0.02759   0.00830   0.01275   0.03807   0.01472   0.00607   0.01399   0.00000   0.00000   0.00000   0.00787   0.01296   0.00581   0.00261   0.00000   0.00304   0.00265   0.00882   0.00000   0.07647   0.01937   0.00000   0.03022   0.00000   0.00643   0.00390   0.00486   0.00000   0.00000   0.00000   0.01338   0.01047   0.00549   0.00000   0.00454   0.00000   0.00000   0.00298   0.00694   0.00413   0.00000   0.00464   0.00834   0.00305   0.00832   0.00242   0.00000   0.00000   0.00312   0.00284   1.28774   0.86446   0.72354   0.95992   1.35742  -0.03380   0.00431  
 42 254.3832   2402.587178  x:  0.00922   0.00434   0.00901   0.01479   0.01673   0.02762   0.00879   0.01291   0.03799   0.01459   0.00614   0.01434   0.00000   0.00000   0.00000   0.00776   0.01292   0.00525   0.00258   0.00000   0.00253   0.00239   0.00891   0.00000   0.07723   0.01855   0.00000   0.03008   0.00000   0.00664   0.00405   0.00476   0.00000   0.00000   0.00000   0.01330   0.01048   0.00554   0.00000   0.00454   0.00000   0.00000   0.00304   0.00674   0.00412   0.00000   0.00521   0.00841   0.00294   0.00805   0.00248   0.00000   0.00000   0.00306   0.00263   1.28865   0.86444   0.72364   0.95989   1.35748  -0.03385   0.00454  
 43 118.2434   2402.487097  x:  0.00877   0.00489   0.00924   0.01423   0.01828   0.02761   0.00880   0.01303   0.03737   0.01415   0.00609   0.01474   0.00000   0.00000   0.00000   0.00786   0.01282   0.00517   0.00255   0.00000   0.00247   0.00293   0.00893   0.00000   0.07920   0.01811   0.00000   0.02943   0.00000   0.00689   0.00407   0.00442   0.00000   0.00000   0.00000   0.01303   0.01052   0.00558   0.00000   0.00441   0.00000   0.00000   0.00322   0.00656   0.00416   0.00000   0.00468   0.00838   0.00307   0.00789   0.00233   0.00000   0.00000   0.00288   0.00268   1.29164   0.86438   0.72396   0.95980   1.35770  -0.03402   0.00521  
 44 81.0893   2402.383112  x:  0.00843   0.00488   0.00943   0.01378   0.01953   0.02759   0.00852   0.01302   0.03670   0.01383   0.00604   0.01487   0.00000   0.00000   0.00000   0.00795   0.01276   0.00549   0.00268   0.00000   0.00280   0.00216   0.00891   0.00000   0.08135   0.01808   0.00000   0.02879   0.00000   0.00680   0.00403   0.00457   0.00000   0.00000   0.00000   0.01286   0.01054   0.00556   0.00000   0.00437   0.00000   0.00000   0.00302   0.00661   0.00417   0.00000   0.00456   0.00832   0.00308   0.00799   0.00246   0.00000   0.00000   0.00316   0.00278   1.29529   0.86431   0.72436   0.95969   1.35797  -0.03423   0.00598  
 45 215.7060   2402.241762  x:  0.00835   0.00410   0.00956   0.01356   0.02032   0.02756   0.00815   0.01284   0.03585   0.01380   0.00610   0.01460   0.00000   0.00000   0.00000   0.00797   0.01279   0.00590   0.00260   0.00000   0.00247   0.00272   0.00886   0.00000   0.08451   0.01862   0.00000   0.02811   0.00000   0.00637   0.00391   0.00523   0.00000   0.00000   0.00000   0.01289   0.01053   0.00548   0.00000   0.00450   0.00000   0.00000   0.00279   0.00694   0.00418   0.00000   0.00521   0.00829   0.00297   0.00837   0.00251   0.00000   0.00000   0.00333   0.00271   1.30146   0.86418   0.72503   0.95950   1.35843  -0.03459   0.00722  
 46 247.3239   2401.938078  x:  0.00907   0.00359   0.00951   0.01432   0.01971   0.02744   0.00863   0.01257   0.03472   0.01464   0.00628   0.01388   0.00000   0.00000   0.00000   0.00762   0.01305   0.00515   0.00258   0.00000   0.00281   0.00248   0.00890   0.00000   0.09072   0.02052   0.00000   0.02751   0.00000   0.00656   0.00375   0.00536   0.00000   0.00000   0.00000   0.01353   0.01037   0.00554   0.00000   0.00478   0.00000   0.00000   0.00389   0.00717   0.00398   0.00000   0.00505   0.00845   0.00322   0.00849   0.00259   0.00000   0.00000   0.00243   0.00283   1.31623   0.86388   0.72665   0.95906   1.35955  -0.03546   0.01003  
 47 307.5881   2401.668452  x:  0.00960   0.00444   0.00931   0.01518   0.01848   0.02734   0.00958   0.01264   0.03412   0.01537   0.00635   0.01371   0.00000   0.00000   0.00000   0.00758   0.01325   0.00498   0.00261   0.00000   0.00279   0.00264   0.00902   0.00000   0.09569   0.02228   0.00000   0.02743   0.00000   0.00707   0.00375   0.00498   0.00000   0.00000   0.00000   0.01405   0.01039   0.00561   0.00000   0.00477   0.00000   0.00000   0.00324   0.00703   0.00393   0.00000   0.00480   0.00859   0.00269   0.00825   0.00249   0.00000   0.00000   0.00362   0.00253   1.33068   0.86359   0.72823   0.95862   1.36066  -0.03633   0.01260  
 48 664.6057   2401.462429  x:  0.00936   0.00499   0.00908   0.01535   0.01747   0.02740   0.01008   0.01303   0.03431   0.01529   0.00613   0.01426   0.00000   0.00000   0.00000   0.00808   0.01320   0.00588   0.00252   0.00000   0.00264   0.00254   0.00911   0.00000   0.09771   0.02321   0.00000   0.02792   0.00000   0.00721   0.00394   0.00470   0.00000   0.00000   0.00000   0.01392   0.01072   0.00560   0.00000   0.00444   0.00000   0.00000   0.00242   0.00674   0.00414   0.00000   0.00534   0.00853   0.00310   0.00805   0.00248   0.00000   0.00000   0.00278   0.00292   1.34194   0.86337   0.72946   0.95828   1.36155  -0.03702   0.01431  
 49 393.2728   2401.075930  x:  0.00831   0.00512   0.00874   0.01486   0.01606   0.02773   0.01038   0.01368   0.03543   0.01418   0.00566   0.01515   0.00000   0.00000   0.00000   0.00897   0.01286   0.00654   0.00328   0.00000   0.00265   0.00264   0.00913   0.00000   0.09926   0.02442   0.00000   0.02946   0.00000   0.00693   0.00441   0.00468   0.00000   0.00000   0.00000   0.01290   0.01152   0.00558   0.00000   0.00386   0.00000   0.00000   0.00408   0.00650   0.00458   0.00000   0.00589   0.00823   0.00355   0.00814   0.00254   0.00000   0.00000   0.00344   0.00272   1.36637   0.86288   0.73213   0.95754   1.36352  -0.03856   0.01750  
 50 578.8101   2399.936512  x:  0.00722   0.00456   0.00885   0.01315   0.01534   0.02879   0.01026   0.01385   0.03852   0.01125   0.00564   0.01498   0.00000   0.00000   0.00000   0.00913   0.01211   0.00414   0.00191   0.00000   0.00275   0.00256   0.00884   0.00000   0.09928   0.02617   0.00000   0.03311   0.00000   0.00640   0.00453   0.00454   0.00000   0.00000   0.00000   0.01042   0.01242   0.00573   0.00000   0.00445   0.00000   0.00000   0.00327   0.00721   0.00469   0.00000   0.00500   0.00792   0.00261   0.00902   0.00250   0.00000   0.00000   0.00337   0.00342   1.43066   0.86159   0.73918   0.95559   1.36877  -0.04264   0.02507  
 51 1106.0772   2398.635897  x:  0.00811   0.00449   0.00964   0.01198   0.01679   0.02981   0.01020   0.01353   0.04143   0.01022   0.00647   0.01457   0.00000   0.00000   0.00000   0.00787   0.01190   0.00402   0.00379   0.00000   0.00313   0.00278   0.00876   0.00000   0.09725   0.02691   0.00000   0.03619   0.00000   0.00648   0.00419   0.00426   0.00000   0.00000   0.00000   0.00983   0.01207   0.00573   0.00000   0.00523   0.00000   0.00000   0.00214   0.00760   0.00384   0.00000   0.00483   0.00834   0.00337   0.00903   0.00255   0.00000   0.00000   0.00267   0.00139   1.50510   0.86009   0.74734   0.95333   1.37490  -0.04742   0.03317  
 52 2626.4057   2396.172827  x:  0.01083   0.00569   0.01161   0.01070   0.02144   0.03159   0.01061   0.01256   0.04647   0.01081   0.00826   0.01383   0.00000   0.00000   0.00000   0.00530   0.01213   0.00680   0.00290   0.00000   0.00262   0.00263   0.00890   0.00000   0.09109   0.02712   0.00000   0.04110   0.00000   0.00720   0.00353   0.00405   0.00000   0.00000   0.00000   0.01106   0.01047   0.00556   0.00000   0.00621   0.00000   0.00000   0.00363   0.00793   0.00208   0.00000   0.00609   0.00948   0.00341   0.00842   0.00261   0.00000   0.00000   0.00343   0.00326   1.66653   0.85685   0.76505   0.94842   1.38825  -0.05782   0.04998  
 53 6410.8365   2393.434353  x:  0.01200   0.00454   0.01296   0.01230   0.02659   0.03235   0.01134   0.01151   0.04851   0.01509   0.00496   0.01239   0.00000   0.00000   0.00000   0.01001   0.01350   0.00643   0.00238   0.00000   0.00306   0.00267   0.00920   0.00000   0.08142   0.02519   0.00000   0.04201   0.00000   0.00730   0.00581   0.00579   0.00000   0.00000   0.00000   0.01503   0.00898   0.00557   0.00000   0.00497   0.00000   0.00000   0.00359   0.00703   0.00553   0.00000   0.00546   0.00944   0.00255   0.00759   0.00269   0.00000   0.00000   0.00324   0.00299   1.85761   0.85303   0.78601   0.94261   1.40417  -0.07021   0.06819  
 54 4471.8469   2390.765244  x:  0.00887   0.00382   0.01099   0.01570   0.02633   0.03051   0.01032   0.01245   0.04461   0.01817   0.00574   0.01282   0.00000   0.00000   0.00000   0.00990   0.01436   0.00512   0.00262   0.00000   0.00284   0.00254   0.00891   0.00000   0.07210   0.02175   0.00000   0.03630   0.00000   0.00570   0.00243   0.00338   0.00000   0.00000   0.00000   0.01669   0.01178   0.00560   0.00000   0.00275   0.00000   0.00000   0.00320   0.00681   0.00470   0.00000   0.00569   0.00754   0.00298   0.00955   0.00260   0.00000   0.00000   0.00345   0.00299   2.00750   0.85003   0.80247   0.93805   1.41683  -0.08005   0.07986  
 55 2812.8585   2389.105409  x:  0.00634   0.00433   0.00863   0.01776   0.02404   0.02831   0.00928   0.01319   0.03987   0.01890   0.00706   0.01333   0.00000   0.00000   0.00000   0.00811   0.01440   0.00542   0.00267   0.00000   0.00286   0.00264   0.00864   0.00000   0.06493   0.01875   0.00000   0.03008   0.00000   0.00621   0.00567   0.00459   0.00000   0.00000   0.00000   0.01652   0.01306   0.00552   0.00000   0.00441   0.00000   0.00000   0.00308   0.00700   0.00330   0.00000   0.00497   0.00708   0.00282   0.01017   0.00260   0.00000   0.00000   0.00308   0.00275   2.11782   0.84784   0.81459   0.93469   1.42623  -0.08736   0.08713  
 56 4629.8050   2387.947614  x:  0.00841   0.00414   0.00770   0.01721   0.02034   0.02628   0.00827   0.01303   0.03492   0.01639   0.00587   0.01369   0.00000   0.00000   0.00000   0.00764   0.01338   0.00588   0.00254   0.00000   0.00270   0.00259   0.00885   0.00000   0.06052   0.01664   0.00000   0.02485   0.00000   0.00687   0.00390   0.00502   0.00000   0.00000   0.00000   0.01434   0.01080   0.00546   0.00000   0.00490   0.00000   0.00000   0.00325   0.00686   0.00461   0.00000   0.00484   0.00925   0.00290   0.00788   0.00252   0.00000   0.00000   0.00316   0.00280   2.18818   0.84644   0.82234   0.93254   1.43239  -0.09214   0.08921  
 57 1672.0162   2387.662619  x:  0.00919   0.00439   0.00921   0.01631   0.01898   0.02585   0.00818   0.01263   0.03340   0.01565   0.00680   0.01411   0.00000   0.00000   0.00000   0.00839   0.01323   0.00561   0.00250   0.00000   0.00266   0.00257   0.00909   0.00000   0.06006   0.01619   0.00000   0.02435   0.00000   0.00678   0.00395   0.00573   0.00000   0.00000   0.00000   0.01443   0.00946   0.00542   0.00000   0.00382   0.00000   0.00000   0.00321   0.00633   0.00364   0.00000   0.00469   0.00775   0.00290   0.00789   0.00245   0.00000   0.00000   0.00308   0.00277   2.20581   0.84610   0.82429   0.93200   1.43413  -0.09348   0.08688  
 58 402.9188   2386.956428  x:  0.00931   0.00398   0.01181   0.01297   0.01701   0.02566   0.00759   0.01177   0.03050   0.01570   0.00609   0.01507   0.00000   0.00000   0.00000   0.00836   0.01377   0.00571   0.00255   0.00000   0.00259   0.00253   0.00900   0.00000   0.06114   0.01548   0.00000   0.02579   0.00000   0.00728   0.00427   0.00388   0.00000   0.00000   0.00000   0.01688   0.01052   0.00559   0.00000   0.00577   0.00000   0.00000   0.00322   0.00646   0.00431   0.00000   0.00471   0.00710   0.00299   0.00867   0.00248   0.00000   0.00000   0.00324   0.00281   2.25105   0.84527   0.82934   0.93057   1.43923  -0.09737   0.07191  
 59 327.7080   2385.910862  x:  0.00857   0.00590   0.01192   0.01128   0.01632   0.02585   0.00726   0.01206   0.02885   0.01626   0.00587   0.01502   0.00000   0.00000   0.00000   0.00737   0.01404   0.00463   0.00267   0.00000   0.00242   0.00243   0.00847   0.00000   0.06378   0.01492   0.00000   0.02790   0.00000   0.00530   0.00404   0.00590   0.00000   0.00000   0.00000   0.01827   0.01164   0.00528   0.00000   0.00460   0.00000   0.00000   0.00311   0.00681   0.00450   0.00000   0.00451   0.00942   0.00324   0.00812   0.00224   0.00000   0.00000   0.00297   0.00290   2.31878   0.84402   0.83691   0.92844   1.44706  -0.10334   0.04620  
 60 1150.0560   2384.693700  x:  0.00813   0.00402   0.00972   0.01271   0.01710   0.02643   0.00698   0.01291   0.02969   0.01620   0.00651   0.01387   0.00000   0.00000   0.00000   0.00759   0.01353   0.00537   0.00226   0.00000   0.00254   0.00244   0.00828   0.00000   0.06723   0.01472   0.00000   0.02877   0.00000   0.00723   0.00434   0.00519   0.00000   0.00000   0.00000   0.01689   0.01075   0.00549   0.00000   0.00316   0.00000   0.00000   0.00304   0.00669   0.00384   0.00000   0.00420   0.00938   0.00267   0.00744   0.00238   0.00000   0.00000   0.00297   0.00260   2.39335   0.84265   0.84523   0.92611   1.45575  -0.10996   0.01632  
 61 1808.4527   2384.412850  x:  0.00850   0.00448   0.00920   0.01390   0.01754   0.02641   0.00722   0.01296   0.03075   0.01615   0.00634   0.01422   0.00000   0.00000   0.00000   0.00798   0.01330   0.00527   0.00236   0.00000   0.00245   0.00237   0.00854   0.00000   0.06821   0.01472   0.00000   0.02830   0.00000   0.00620   0.00405   0.00504   0.00000   0.00000   0.00000   0.01605   0.00995   0.00530   0.00000   0.00481   0.00000   0.00000   0.00315   0.00629   0.00399   0.00000   0.00441   0.00829   0.00285   0.00768   0.00232   0.00000   0.00000   0.00300   0.00269   2.41220   0.84229   0.84733   0.92554   1.45792  -0.11161   0.00859  
 62 932.2122   2384.375101  x:  0.00880   0.00447   0.00955   0.01402   0.01751   0.02616   0.00730   0.01240   0.03156   0.01615   0.00607   0.01458   0.00000   0.00000   0.00000   0.00749   0.01328   0.00528   0.00235   0.00000   0.00246   0.00238   0.00857   0.00000   0.06839   0.01479   0.00000   0.02762   0.00000   0.00599   0.00437   0.00490   0.00000   0.00000   0.00000   0.01584   0.01016   0.00534   0.00000   0.00445   0.00000   0.00000   0.00313   0.00644   0.00425   0.00000   0.00441   0.00815   0.00284   0.00787   0.00232   0.00000   0.00000   0.00300   0.00270   2.41466   0.84224   0.84759   0.92549   1.45813  -0.11176   0.00755  
 63 88.7551   2384.365249  x:  0.00869   0.00448   0.00970   0.01386   0.01741   0.02595   0.00728   0.01214   0.03210   0.01622   0.00618   0.01468   0.00000   0.00000   0.00000   0.00772   0.01333   0.00524   0.00236   0.00000   0.00245   0.00238   0.00852   0.00000   0.06846   0.01485   0.00000   0.02717   0.00000   0.00615   0.00425   0.00500   0.00000   0.00000   0.00000   0.01588   0.01031   0.00528   0.00000   0.00453   0.00000   0.00000   0.00313   0.00645   0.00413   0.00000   0.00442   0.00833   0.00286   0.00781   0.00232   0.00000   0.00000   0.00301   0.00271   2.41533   0.84222   0.84764   0.92549   1.45811  -0.11173   0.00726  
 64 31.1529   2384.363345  x:  0.00861   0.00449   0.00967   0.01369   0.01737   0.02586   0.00730   0.01223   0.03228   0.01622   0.00615   0.01457   0.00000   0.00000   0.00000   0.00766   0.01335   0.00525   0.00236   0.00000   0.00246   0.00238   0.00853   0.00000   0.06847   0.01488   0.00000   0.02703   0.00000   0.00615   0.00421   0.00503   0.00000   0.00000   0.00000   0.01599   0.01024   0.00538   0.00000   0.00454   0.00000   0.00000   0.00313   0.00640   0.00415   0.00000   0.00441   0.00827   0.00285   0.00779   0.00232   0.00000   0.00000   0.00300   0.00270   2.41548   0.84220   0.84764   0.92552   1.45802  -0.11165   0.00720  
 65 10.5105   2384.362601  x:  0.00862   0.00449   0.00966   0.01364   0.01737   0.02582   0.00730   0.01232   0.03233   0.01620   0.00615   0.01454   0.00000   0.00000   0.00000   0.00765   0.01335   0.00524   0.00235   0.00000   0.00246   0.00238   0.00854   0.00000   0.06848   0.01488   0.00000   0.02699   0.00000   0.00615   0.00422   0.00501   0.00000   0.00000   0.00000   0.01605   0.01022   0.00526   0.00000   0.00453   0.00000   0.00000   0.00313   0.00642   0.00416   0.00000   0.00441   0.00827   0.00285   0.00781   0.00232   0.00000   0.00000   0.00300   0.00270   2.41556   0.84219   0.84763   0.92555   1.45791  -0.11155   0.00717  
 66  7.1654   2384.359534  x:  0.00879   0.00449   0.00967   0.01366   0.01740   0.02572   0.00729   0.01254   0.03239   0.01606   0.00619   0.01454   0.00000   0.00000   0.00000   0.00775   0.01329   0.00522   0.00236   0.00000   0.00246   0.00238   0.00853   0.00000   0.06848   0.01489   0.00000   0.02693   0.00000   0.00610   0.00428   0.00497   0.00000   0.00000   0.00000   0.01620   0.01030   0.00537   0.00000   0.00452   0.00000   0.00000   0.00313   0.00653   0.00412   0.00000   0.00442   0.00833   0.00286   0.00786   0.00232   0.00000   0.00000   0.00301   0.00271   2.41597   0.84210   0.84752   0.92577   1.45714  -0.11087   0.00704  
 67  8.0648   2384.320880  x:  0.00878   0.00438   0.00985   0.01432   0.01757   0.02515   0.00732   0.01248   0.03245   0.01507   0.00614   0.01439   0.00000   0.00000   0.00000   0.00759   0.01300   0.00528   0.00233   0.00000   0.00247   0.00238   0.00840   0.00000   0.06855   0.01497   0.00000   0.02710   0.00000   0.00625   0.00413   0.00523   0.00000   0.00000   0.00000   0.01693   0.01073   0.00527   0.00000   0.00458   0.00000   0.00000   0.00314   0.00601   0.00420   0.00000   0.00440   0.00824   0.00282   0.00771   0.00232   0.00000   0.00000   0.00300   0.00269   2.42130   0.84086   0.84609   0.92869   1.44671  -0.10160   0.00543  
 68 39.0401   2384.138361  x:  0.00805   0.00440   0.00951   0.01480   0.01771   0.02432   0.00753   0.01181   0.03249   0.01434   0.00611   0.01465   0.00000   0.00000   0.00000   0.00761   0.01301   0.00528   0.00238   0.00000   0.00246   0.00238   0.00863   0.00000   0.06878   0.01514   0.00000   0.02751   0.00000   0.00620   0.00414   0.00501   0.00000   0.00000   0.00000   0.01765   0.00993   0.00532   0.00000   0.00451   0.00000   0.00000   0.00314   0.00685   0.00422   0.00000   0.00449   0.00835   0.00287   0.00761   0.00233   0.00000   0.00000   0.00300   0.00271   2.43936   0.83668   0.84121   0.93862   1.41127  -0.07011   0.00000  
 69 415.4001   2384.138361  x:  0.00805   0.00440   0.00951   0.01480   0.01771   0.02432   0.00753   0.01181   0.03249   0.01434   0.00611   0.01465   0.00000   0.00000   0.00000   0.00761   0.01301   0.00528   0.00238   0.00000   0.00246   0.00238   0.00863   0.00000   0.06878   0.01514   0.00000   0.02751   0.00000   0.00620   0.00414   0.00501   0.00000   0.00000   0.00000   0.01765   0.00993   0.00532   0.00000   0.00451   0.00000   0.00000   0.00314   0.00685   0.00422   0.00000   0.00449   0.00835   0.00287   0.00761   0.00233   0.00000   0.00000   0.00300   0.00271   2.43936   0.83668   0.84121   0.93862   1.41127  -0.07011   0.00000  
 70 2116.9863   2383.279595  x:  0.00840   0.00490   0.00926   0.01438   0.01786   0.02485   0.00943   0.01181   0.03269   0.01376   0.00424   0.01354   0.00000   0.00000   0.00000   0.00787   0.01273   0.00522   0.00321   0.00000   0.00298   0.00269   0.00851   0.00000   0.06926   0.01683   0.00000   0.02745   0.00000   0.00682   0.00368   0.00452   0.00000   0.00000   0.00000   0.01596   0.01039   0.00538   0.00000   0.00437   0.00000   0.00000   0.00293   0.00698   0.00198   0.00000   0.00566   0.00810   0.00245   0.00825   0.00322   0.00000   0.00000   0.00272   0.00270   2.43949   0.83668   0.84122   0.93863   1.41121  -0.07006   0.00053  
 71 312.2246   2382.925125  x:  0.00864   0.00497   0.00901   0.01391   0.01803   0.02548   0.01068   0.01183   0.03296   0.01323   0.00300   0.01235   0.00000   0.00000   0.00000   0.00804   0.01246   0.00522   0.00267   0.00000   0.00259   0.00238   0.00843   0.00000   0.06990   0.01859   0.00000   0.02738   0.00000   0.00715   0.00358   0.00450   0.00000   0.00000   0.00000   0.01399   0.01077   0.00543   0.00000   0.00429   0.00000   0.00000   0.00299   0.00709   0.00296   0.00000   0.00587   0.00793   0.00280   0.00867   0.00261   0.00000   0.00000   0.00287   0.00271   2.43967   0.83667   0.84123   0.93863   1.41113  -0.07000   0.00127  
 72 256.7554   2382.758166  x:  0.00865   0.00465   0.00890   0.01351   0.01819   0.02609   0.01096   0.01191   0.03328   0.01300   0.00417   0.01150   0.00000   0.00000   0.00000   0.00803   0.01227   0.00525   0.00248   0.00000   0.00264   0.00259   0.00847   0.00000   0.07070   0.02005   0.00000   0.02732   0.00000   0.00705   0.00379   0.00489   0.00000   0.00000   0.00000   0.01220   0.01090   0.00540   0.00000   0.00431   0.00000   0.00000   0.00309   0.00711   0.00277   0.00000   0.00528   0.00794   0.00266   0.00869   0.00245   0.00000   0.00000   0.00293   0.00271   2.43991   0.83666   0.84125   0.93864   1.41102  -0.06991   0.00223  
 73 161.6700   2382.717052  x:  0.00854   0.00454   0.00898   0.01346   0.01827   0.02637   0.01057   0.01199   0.03346   0.01298   0.00415   0.01149   0.00000   0.00000   0.00000   0.00795   0.01227   0.00526   0.00287   0.00000   0.00261   0.00231   0.00854   0.00000   0.07125   0.02052   0.00000   0.02732   0.00000   0.00688   0.00371   0.00489   0.00000   0.00000   0.00000   0.01180   0.01081   0.00539   0.00000   0.00435   0.00000   0.00000   0.00302   0.00708   0.00291   0.00000   0.00514   0.00802   0.00278   0.00851   0.00282   0.00000   0.00000   0.00286   0.00271   2.44011   0.83666   0.84126   0.93865   1.41094  -0.06984   0.00297  
 74 81.7103   2382.646518  x:  0.00831   0.00457   0.00924   0.01348   0.01845   0.02697   0.00956   0.01214   0.03388   0.01305   0.00373   0.01181   0.00000   0.00000   0.00000   0.00781   0.01236   0.00526   0.00271   0.00000   0.00272   0.00266   0.00868   0.00000   0.07272   0.02131   0.00000   0.02737   0.00000   0.00665   0.00360   0.00473   0.00000   0.00000   0.00000   0.01151   0.01054   0.00539   0.00000   0.00442   0.00000   0.00000   0.00296   0.00701   0.00276   0.00000   0.00522   0.00819   0.00271   0.00813   0.00262   0.00000   0.00000   0.00283   0.00272   2.44067   0.83663   0.84129   0.93867   1.41071  -0.06966   0.00501  
 75 108.2737   2382.580474  x:  0.00834   0.00503   0.00943   0.01360   0.01856   0.02751   0.00931   0.01218   0.03428   0.01319   0.00390   0.01214   0.00000   0.00000   0.00000   0.00790   0.01247   0.00527   0.00252   0.00000   0.00253   0.00219   0.00868   0.00000   0.07446   0.02178   0.00000   0.02747   0.00000   0.00689   0.00394   0.00472   0.00000   0.00000   0.00000   0.01191   0.01050   0.00543   0.00000   0.00437   0.00000   0.00000   0.00316   0.00703   0.00257   0.00000   0.00552   0.00815   0.00262   0.00824   0.00259   0.00000   0.00000   0.00298   0.00272   2.44144   0.83660   0.84134   0.93869   1.41041  -0.06941   0.00767  
 76 113.4787   2382.507049  x:  0.00851   0.00539   0.00952   0.01372   0.01859   0.02805   0.00956   0.01214   0.03468   0.01335   0.00418   0.01240   0.00000   0.00000   0.00000   0.00809   0.01259   0.00529   0.00282   0.00000   0.00271   0.00264   0.00863   0.00000   0.07659   0.02200   0.00000   0.02763   0.00000   0.00717   0.00407   0.00477   0.00000   0.00000   0.00000   0.01261   0.01063   0.00546   0.00000   0.00429   0.00000   0.00000   0.00315   0.00711   0.00298   0.00000   0.00560   0.00803   0.00280   0.00857   0.00272   0.00000   0.00000   0.00294   0.00273   2.44248   0.83656   0.84141   0.93873   1.41001  -0.06909   0.01116  
 77 227.8761   2382.444828  x:  0.00866   0.00496   0.00940   0.01375   0.01847   0.02820   0.01009   0.01206   0.03483   0.01339   0.00415   0.01236   0.00000   0.00000   0.00000   0.00812   0.01264   0.00533   0.00269   0.00000   0.00271   0.00246   0.00860   0.00000   0.07824   0.02161   0.00000   0.02778   0.00000   0.00698   0.00353   0.00485   0.00000   0.00000   0.00000   0.01315   0.01085   0.00544   0.00000   0.00435   0.00000   0.00000   0.00287   0.00718   0.00285   0.00000   0.00512   0.00805   0.00273   0.00873   0.00259   0.00000   0.00000   0.00278   0.00275   2.44354   0.83652   0.84147   0.93876   1.40964  -0.06878   0.01444  
 78 150.3712   2382.410881  x:  0.00867   0.00450   0.00924   0.01375   0.01835   0.02798   0.01032   0.01204   0.03472   0.01332   0.00398   0.01215   0.00000   0.00000   0.00000   0.00802   0.01262   0.00533   0.00269   0.00000   0.00262   0.00257   0.00863   0.00000   0.07895   0.02098   0.00000   0.02782   0.00000   0.00686   0.00371   0.00495   0.00000   0.00000   0.00000   0.01310   0.01092   0.00543   0.00000   0.00442   0.00000   0.00000   0.00324   0.00717   0.00279   0.00000   0.00517   0.00816   0.00275   0.00858   0.00274   0.00000   0.00000   0.00307   0.00273   2.44433   0.83649   0.84152   0.93879   1.40939  -0.06858   0.01656  
 79 106.5064   2382.382256  x:  0.00862   0.00451   0.00913   0.01377   0.01831   0.02750   0.01039   0.01208   0.03446   0.01323   0.00403   0.01190   0.00000   0.00000   0.00000   0.00794   0.01256   0.00531   0.00277   0.00000   0.00278   0.00247   0.00869   0.00000   0.07923   0.02026   0.00000   0.02781   0.00000   0.00689   0.00397   0.00486   0.00000   0.00000   0.00000   0.01270   0.01087   0.00545   0.00000   0.00442   0.00000   0.00000   0.00308   0.00713   0.00284   0.00000   0.00547   0.00822   0.00273   0.00838   0.00257   0.00000   0.00000   0.00283   0.00276   2.44519   0.83646   0.84158   0.93881   1.40915  -0.06838   0.01854  
 80 95.5272   2382.366265  x:  0.00859   0.00481   0.00914   0.01381   0.01836   0.02711   0.01034   0.01213   0.03424   0.01318   0.00410   0.01184   0.00000   0.00000   0.00000   0.00799   0.01252   0.00532   0.00265   0.00000   0.00260   0.00256   0.00870   0.00000   0.07913   0.01993   0.00000   0.02779   0.00000   0.00695   0.00382   0.00473   0.00000   0.00000   0.00000   0.01238   0.01081   0.00546   0.00000   0.00437   0.00000   0.00000   0.00297   0.00712   0.00285   0.00000   0.00544   0.00817   0.00276   0.00840   0.00273   0.00000   0.00000   0.00290   0.00273   2.44583   0.83644   0.84162   0.93883   1.40899  -0.06825   0.01976  
 81 78.6838   2382.354685  x:  0.00860   0.00497   0.00921   0.01382   0.01844   0.02679   0.01024   0.01217   0.03405   0.01317   0.00406   0.01190   0.00000   0.00000   0.00000   0.00808   0.01251   0.00533   0.00277   0.00000   0.00274   0.00250   0.00868   0.00000   0.07877   0.01989   0.00000   0.02778   0.00000   0.00699   0.00368   0.00479   0.00000   0.00000   0.00000   0.01222   0.01079   0.00546   0.00000   0.00433   0.00000   0.00000   0.00316   0.00714   0.00282   0.00000   0.00528   0.00809   0.00275   0.00855   0.00261   0.00000   0.00000   0.00299   0.00275   2.44648   0.83642   0.84167   0.93885   1.40887  -0.06815   0.02073  
 82 60.0489   2382.335253  x:  0.00865   0.00480   0.00936   0.01375   0.01858   0.02638   0.01011   0.01220   0.03374   0.01321   0.00396   0.01211   0.00000   0.00000   0.00000   0.00818   0.01253   0.00533   0.00269   0.00000   0.00268   0.00254   0.00864   0.00000   0.07770   0.02024   0.00000   0.02774   0.00000   0.00706   0.00382   0.00510   0.00000   0.00000   0.00000   0.01224   0.01082   0.00544   0.00000   0.00434   0.00000   0.00000   0.00312   0.00719   0.00281   0.00000   0.00524   0.00802   0.00272   0.00882   0.00271   0.00000   0.00000   0.00278   0.00275   2.44789   0.83637   0.84177   0.93888   1.40863  -0.06795   0.02245  
 83 63.2267   2382.318237  x:  0.00868   0.00461   0.00943   0.01369   0.01867   0.02622   0.01016   0.01217   0.03358   0.01328   0.00409   0.01221   0.00000   0.00000   0.00000   0.00811   0.01257   0.00532   0.00276   0.00000   0.00268   0.00252   0.00865   0.00000   0.07655   0.02068   0.00000   0.02770   0.00000   0.00706   0.00376   0.00498   0.00000   0.00000   0.00000   0.01243   0.01087   0.00546   0.00000   0.00438   0.00000   0.00000   0.00294   0.00720   0.00283   0.00000   0.00545   0.00810   0.00277   0.00876   0.00263   0.00000   0.00000   0.00304   0.00273   2.44935   0.83632   0.84187   0.93891   1.40840  -0.06776   0.02396  
 84 91.4836   2382.307461  x:  0.00866   0.00467   0.00939   0.01369   0.01868   0.02631   0.01029   0.01213   0.03360   0.01331   0.00416   0.01217   0.00000   0.00000   0.00000   0.00801   0.01260   0.00533   0.00270   0.00000   0.00270   0.00252   0.00869   0.00000   0.07577   0.02091   0.00000   0.02769   0.00000   0.00700   0.00372   0.00476   0.00000   0.00000   0.00000   0.01260   0.01088   0.00547   0.00000   0.00439   0.00000   0.00000   0.00315   0.00717   0.00288   0.00000   0.00543   0.00819   0.00273   0.00854   0.00268   0.00000   0.00000   0.00289   0.00277   2.45045   0.83628   0.84195   0.93894   1.40826  -0.06764   0.02487  
 85 78.0117   2382.299743  x:  0.00861   0.00485   0.00931   0.01376   0.01863   0.02659   0.01034   0.01211   0.03376   0.01329   0.00408   0.01206   0.00000   0.00000   0.00000   0.00801   0.01261   0.00534   0.00276   0.00000   0.00265   0.00254   0.00872   0.00000   0.07519   0.02091   0.00000   0.02770   0.00000   0.00693   0.00388   0.00481   0.00000   0.00000   0.00000   0.01269   0.01083   0.00546   0.00000   0.00435   0.00000   0.00000   0.00308   0.00713   0.00282   0.00000   0.00524   0.00819   0.00278   0.00839   0.00263   0.00000   0.00000   0.00291   0.00271   2.45147   0.83625   0.84202   0.93896   1.40816  -0.06755   0.02542  
 86 47.1718   2382.291601  x:  0.00856   0.00488   0.00921   0.01385   0.01851   0.02705   0.01026   0.01213   0.03406   0.01325   0.00406   0.01196   0.00000   0.00000   0.00000   0.00808   0.01261   0.00533   0.00268   0.00000   0.00279   0.00251   0.00872   0.00000   0.07465   0.02074   0.00000   0.02776   0.00000   0.00691   0.00385   0.00491   0.00000   0.00000   0.00000   0.01267   0.01078   0.00545   0.00000   0.00433   0.00000   0.00000   0.00302   0.00713   0.00287   0.00000   0.00529   0.00812   0.00270   0.00846   0.00273   0.00000   0.00000   0.00299   0.00281   2.45281   0.83621   0.84212   0.93899   1.40805  -0.06745   0.02587  
 87 49.5578   2382.283130  x:  0.00855   0.00482   0.00916   0.01392   0.01840   0.02752   0.01014   0.01217   0.03437   0.01322   0.00411   0.01193   0.00000   0.00000   0.00000   0.00814   0.01259   0.00533   0.00275   0.00000   0.00266   0.00253   0.00869   0.00000   0.07419   0.02051   0.00000   0.02782   0.00000   0.00697   0.00373   0.00492   0.00000   0.00000   0.00000   0.01258   0.01077   0.00546   0.00000   0.00435   0.00000   0.00000   0.00310   0.00715   0.00284   0.00000   0.00543   0.00807   0.00276   0.00861   0.00266   0.00000   0.00000   0.00291   0.00274   2.45437   0.83616   0.84224   0.93902   1.40794  -0.06735   0.02623  
 88 86.9534   2382.270467  x:  0.00879   0.00474   0.00936   0.01385   0.01839   0.02782   0.01014   0.01221   0.03463   0.01322   0.00407   0.01218   0.00000   0.00000   0.00000   0.00798   0.01257   0.00535   0.00270   0.00000   0.00274   0.00252   0.00865   0.00000   0.07393   0.02026   0.00000   0.02784   0.00000   0.00721   0.00386   0.00470   0.00000   0.00000   0.00000   0.01237   0.01094   0.00549   0.00000   0.00443   0.00000   0.00000   0.00307   0.00722   0.00282   0.00000   0.00526   0.00823   0.00281   0.00873   0.00268   0.00000   0.00000   0.00293   0.00271   2.45730   0.83607   0.84246   0.93907   1.40779  -0.06721   0.02639  
 89 40.7520   2382.240940  x:  0.00909   0.00487   0.00971   0.01361   0.01846   0.02799   0.01031   0.01221   0.03489   0.01324   0.00406   0.01254   0.00000   0.00000   0.00000   0.00787   0.01255   0.00535   0.00286   0.00000   0.00253   0.00258   0.00868   0.00000   0.07378   0.02003   0.00000   0.02787   0.00000   0.00703   0.00385   0.00484   0.00000   0.00000   0.00000   0.01215   0.01115   0.00546   0.00000   0.00441   0.00000   0.00000   0.00305   0.00726   0.00290   0.00000   0.00532   0.00836   0.00247   0.00862   0.00262   0.00000   0.00000   0.00296   0.00296   2.46451   0.83585   0.84300   0.93919   1.40745  -0.06688   0.02645  
 90 119.3745   2382.148363  x:  0.00950   0.00519   0.01046   0.01289   0.01867   0.02812   0.01072   0.01211   0.03541   0.01331   0.00415   0.01315   0.00000   0.00000   0.00000   0.00790   0.01252   0.00529   0.00264   0.00000   0.00276   0.00250   0.00881   0.00000   0.07360   0.01964   0.00000   0.02793   0.00000   0.00637   0.00366   0.00536   0.00000   0.00000   0.00000   0.01183   0.01143   0.00539   0.00000   0.00425   0.00000   0.00000   0.00314   0.00724   0.00282   0.00000   0.00568   0.00838   0.00301   0.00823   0.00268   0.00000   0.00000   0.00291   0.00271   2.48804   0.83515   0.84479   0.93960   1.40636  -0.06581   0.02643  
 91 587.7277   2381.409593  x:  0.00831   0.00455   0.01204   0.00958   0.01943   0.02737   0.01109   0.01129   0.03721   0.01338   0.00410   0.01290   0.00000   0.00000   0.00000   0.00949   0.01262   0.00543   0.00271   0.00000   0.00286   0.00247   0.00922   0.00000   0.07364   0.01907   0.00000   0.02808   0.00000   0.00720   0.00384   0.00467   0.00000   0.00000   0.00000   0.01215   0.01064   0.00568   0.00000   0.00402   0.00000   0.00000   0.00308   0.00661   0.00308   0.00000   0.00534   0.00690   0.00216   0.00740   0.00274   0.00000   0.00000   0.00295   0.00177   2.66622   0.82980   0.85828   0.94268   1.39818  -0.05779   0.02552  
 92 1135.2883   2380.826292  x:  0.00733   0.00422   0.01281   0.00824   0.01996   0.02651   0.01114   0.01089   0.03842   0.01333   0.00417   0.01221   0.00000   0.00000   0.00000   0.01006   0.01269   0.00544   0.00273   0.00000   0.00249   0.00255   0.00930   0.00000   0.07381   0.01893   0.00000   0.02814   0.00000   0.00771   0.00399   0.00422   0.00000   0.00000   0.00000   0.01256   0.00999   0.00570   0.00000   0.00414   0.00000   0.00000   0.00306   0.00637   0.00254   0.00000   0.00507   0.00662   0.00339   0.00744   0.00253   0.00000   0.00000   0.00289   0.00393   2.83862   0.82463   0.87134   0.94566   1.39026  -0.05003   0.02455  
 93 10146.5523   2378.187315  x:  0.00639   0.00492   0.01246   0.01347   0.02114   0.02279   0.01066   0.01158   0.04055   0.01257   0.00437   0.00861   0.00000   0.00000   0.00000   0.00753   0.01272   0.00497   0.00272   0.00000   0.00266   0.00254   0.00831   0.00000   0.07499   0.02036   0.00000   0.02810   0.00000   0.00706   0.00367   0.00512   0.00000   0.00000   0.00000   0.01376   0.00941   0.00484   0.00000   0.00559   0.00000   0.00000   0.00308   0.00749   0.00279   0.00000   0.00537   0.01091   0.00289   0.01036   0.00264   0.00000   0.00000   0.00290   0.00295   3.56258   0.80291   0.92618   0.95819   1.35702  -0.01745   0.02014  
 94 10374.3887   2376.885664  x:  0.00885   0.00418   0.00730   0.01713   0.01982   0.02301   0.01006   0.01325   0.03784   0.01228   0.00457   0.01125   0.00000   0.00000   0.00000   0.00763   0.01251   0.00603   0.00274   0.00000   0.00261   0.00252   0.00848   0.00000   0.07574   0.02158   0.00000   0.02771   0.00000   0.00672   0.00387   0.00472   0.00000   0.00000   0.00000   0.01295   0.01102   0.00660   0.00000   0.00395   0.00000   0.00000   0.00306   0.00725   0.00269   0.00000   0.00530   0.00836   0.00299   0.00896   0.00262   0.00000   0.00000   0.00289   0.00322   3.88922   0.79312   0.95091   0.96386   1.34197  -0.00270   0.01811  
 95 6762.3445   2376.646571  x:  0.00893   0.00428   0.00690   0.01749   0.01870   0.02433   0.01014   0.01298   0.03533   0.01267   0.00461   0.01196   0.00000   0.00000   0.00000   0.00789   0.01252   0.00489   0.00273   0.00000   0.00260   0.00252   0.00865   0.00000   0.07595   0.02171   0.00000   0.02760   0.00000   0.00710   0.00382   0.00466   0.00000   0.00000   0.00000   0.01257   0.01109   0.00488   0.00000   0.00460   0.00000   0.00000   0.00306   0.00720   0.00272   0.00000   0.00524   0.00792   0.00300   0.00856   0.00261   0.00000   0.00000   0.00289   0.00323   3.94657   0.79140   0.95524   0.96487   1.33928  -0.00007   0.01776  
 96 1769.2932   2376.496307  x:  0.00861   0.00452   0.00764   0.01734   0.01744   0.02621   0.01015   0.01237   0.03208   0.01305   0.00461   0.01195   0.00000   0.00000   0.00000   0.00785   0.01256   0.00556   0.00272   0.00000   0.00261   0.00252   0.00865   0.00000   0.07612   0.02164   0.00000   0.02750   0.00000   0.00715   0.00373   0.00488   0.00000   0.00000   0.00000   0.01240   0.01083   0.00553   0.00000   0.00471   0.00000   0.00000   0.00306   0.00722   0.00272   0.00000   0.00529   0.00834   0.00300   0.00870   0.00261   0.00000   0.00000   0.00290   0.00321   3.98458   0.79027   0.95809   0.96555   1.33743   0.00173   0.01752  
 97 970.2576   2376.482699  x:  0.00875   0.00455   0.00765   0.01704   0.01758   0.02652   0.00996   0.01249   0.03162   0.01295   0.00461   0.01173   0.00000   0.00000   0.00000   0.00770   0.01255   0.00529   0.00273   0.00000   0.00261   0.00252   0.00856   0.00000   0.07614   0.02157   0.00000   0.02749   0.00000   0.00699   0.00379   0.00476   0.00000   0.00000   0.00000   0.01254   0.01087   0.00555   0.00000   0.00432   0.00000   0.00000   0.00306   0.00726   0.00271   0.00000   0.00527   0.00838   0.00298   0.00888   0.00261   0.00000   0.00000   0.00289   0.00319   3.98796   0.79018   0.95833   0.96562   1.33723   0.00192   0.01749  
 98 122.3219   2376.480587  x:  0.00882   0.00459   0.00759   0.01693   0.01773   0.02661   0.00991   0.01261   0.03150   0.01288   0.00462   0.01166   0.00000   0.00000   0.00000   0.00770   0.01255   0.00542   0.00273   0.00000   0.00261   0.00252   0.00855   0.00000   0.07614   0.02154   0.00000   0.02750   0.00000   0.00697   0.00380   0.00476   0.00000   0.00000   0.00000   0.01260   0.01091   0.00547   0.00000   0.00441   0.00000   0.00000   0.00306   0.00727   0.00271   0.00000   0.00529   0.00838   0.00298   0.00888   0.00261   0.00000   0.00000   0.00289   0.00319   3.98850   0.79017   0.95835   0.96564   1.33715   0.00199   0.01748  
 99 24.6613   2376.480236  x:  0.00881   0.00459   0.00758   0.01692   0.01780   0.02663   0.00992   0.01265   0.03147   0.01286   0.00462   0.01166   0.00000   0.00000   0.00000   0.00772   0.01254   0.00538   0.00273   0.00000   0.00261   0.00252   0.00856   0.00000   0.07614   0.02153   0.00000   0.02751   0.00000   0.00700   0.00378   0.00478   0.00000   0.00000   0.00000   0.01261   0.01091   0.00552   0.00000   0.00446   0.00000   0.00000   0.00306   0.00727   0.00271   0.00000   0.00528   0.00839   0.00298   0.00886   0.00261   0.00000   0.00000   0.00289   0.00319   3.98859   0.79017   0.95835   0.96566   1.33709   0.00204   0.01747  
100  6.0505   2376.479709  x:  0.00873   0.00455   0.00761   0.01698   0.01793   0.02668   0.00997   0.01270   0.03144   0.01287   0.00462   0.01169   0.00000   0.00000   0.00000   0.00772   0.01254   0.00540   0.00273   0.00000   0.00261   0.00252   0.00857   0.00000   0.07614   0.02151   0.00000   0.02753   0.00000   0.00703   0.00377   0.00479   0.00000   0.00000   0.00000   0.01260   0.01090   0.00549   0.00000   0.00440   0.00000   0.00000   0.00306   0.00727   0.00271   0.00000   0.00528   0.00840   0.00299   0.00884   0.00261   0.00000   0.00000   0.00289   0.00319   3.98875   0.79019   0.95829   0.96572   1.33686   0.00224   0.01743  
101  4.2806   2376.477427  x:  0.00867   0.00453   0.00760   0.01708   0.01815   0.02673   0.01002   0.01256   0.03141   0.01294   0.00462   0.01172   0.00000   0.00000   0.00000   0.00771   0.01256   0.00539   0.00273   0.00000   0.00261   0.00252   0.00852   0.00000   0.07614   0.02147   0.00000   0.02755   0.00000   0.00689   0.00384   0.00470   0.00000   0.00000   0.00000   0.01255   0.01089   0.00552   0.00000   0.00448   0.00000   0.00000   0.00306   0.00726   0.00272   0.00000   0.00528   0.00829   0.00298   0.00892   0.00261   0.00000   0.00000   0.00289   0.00319   3.98944   0.79030   0.95798   0.96606   1.33553   0.00336   0.01720  
102  9.5311   2376.448325  x:  0.00896   0.00455   0.00726   0.01708   0.01867   0.02680   0.00979   0.01168   0.03142   0.01319   0.00457   0.01165   0.00000   0.00000   0.00000   0.00780   0.01264   0.00541   0.00274   0.00000   0.00262   0.00252   0.00868   0.00000   0.07617   0.02142   0.00000   0.02788   0.00000   0.00717   0.00372   0.00487   0.00000   0.00000   0.00000   0.01248   0.01101   0.00553   0.00000   0.00436   0.00000   0.00000   0.00306   0.00727   0.00270   0.00000   0.00530   0.00857   0.00299   0.00881   0.00262   0.00000   0.00000   0.00289   0.00320   3.99828   0.79180   0.95378   0.97057   1.31801   0.01813   0.01429  
103 57.4531   2376.256621  x:  0.00900   0.00457   0.00767   0.01706   0.01827   0.02679   0.00991   0.01226   0.03167   0.01304   0.00457   0.01165   0.00000   0.00000   0.00000   0.00766   0.01266   0.00542   0.00274   0.00000   0.00263   0.00253   0.00862   0.00000   0.07636   0.02155   0.00000   0.02858   0.00000   0.00711   0.00377   0.00483   0.00000   0.00000   0.00000   0.01257   0.01099   0.00553   0.00000   0.00446   0.00000   0.00000   0.00307   0.00733   0.00272   0.00000   0.00532   0.00835   0.00299   0.00879   0.00263   0.00000   0.00000   0.00291   0.00319   4.04155   0.79917   0.93320   0.99266   1.23206   0.09061   0.00000  
104 682.4989   2376.249575  x:  0.00886   0.00460   0.00750   0.01695   0.01825   0.02681   0.00995   0.01233   0.03171   0.01308   0.00457   0.01179   0.00000   0.00000   0.00000   0.00792   0.01265   0.00541   0.00274   0.00000   0.00263   0.00253   0.00869   0.00000   0.07637   0.02154   0.00000   0.02821   0.00000   0.00699   0.00382   0.00477   0.00000   0.00000   0.00000   0.01255   0.01102   0.00553   0.00000   0.00444   0.00000   0.00000   0.00307   0.00730   0.00273   0.00000   0.00532   0.00864   0.00297   0.00893   0.00263   0.00000   0.00000   0.00291   0.00318   4.04359   0.79953   0.93224   0.99368   1.22803   0.09401   0.00000  
105 179.3240   2376.247064  x:  0.00881   0.00461   0.00747   0.01692   0.01829   0.02685   0.00996   0.01230   0.03175   0.01312   0.00457   0.01180   0.00000   0.00000   0.00000   0.00777   0.01265   0.00542   0.00274   0.00000   0.00263   0.00253   0.00871   0.00000   0.07639   0.02150   0.00000   0.02770   0.00000   0.00707   0.00376   0.00485   0.00000   0.00000   0.00000   0.01257   0.01102   0.00554   0.00000   0.00445   0.00000   0.00000   0.00307   0.00730   0.00273   0.00000   0.00532   0.00858   0.00298   0.00894   0.00263   0.00000   0.00000   0.00291   0.00318   4.04432   0.79970   0.93192   0.99403   1.22661   0.09520   0.00000  
106 39.1762   2376.246751  x:  0.00886   0.00460   0.00752   0.01696   0.01831   0.02686   0.00995   0.01230   0.03175   0.01311   0.00457   0.01177   0.00000   0.00000   0.00000   0.00783   0.01265   0.00542   0.00274   0.00000   0.00263   0.00253   0.00869   0.00000   0.07639   0.02150   0.00000   0.02761   0.00000   0.00707   0.00376   0.00484   0.00000   0.00000   0.00000   0.01258   0.01102   0.00554   0.00000   0.00444   0.00000   0.00000   0.00307   0.00731   0.00273   0.00000   0.00532   0.00857   0.00298   0.00890   0.00263   0.00000   0.00000   0.00291   0.00318   4.04443   0.79974   0.93189   0.99406   1.22644   0.09535   0.00000  
107  8.9176   2376.246438  x:  0.00890   0.00459   0.00753   0.01698   0.01831   0.02686   0.00995   0.01228   0.03175   0.01304   0.00457   0.01178   0.00000   0.00000   0.00000   0.00782   0.01267   0.00541   0.00274   0.00000   0.00263   0.00253   0.00877   0.00000   0.07639   0.02150   0.00000   0.02760   0.00000   0.00706   0.00377   0.00484   0.00000   0.00000   0.00000   0.01258   0.01099   0.00553   0.00000   0.00445   0.00000   0.00000   0.00307   0.00726   0.00273   0.00000   0.00532   0.00857   0.00298   0.00893   0.00263   0.00000   0.00000   0.00291   0.00318   4.04462   0.80003   0.93199   0.99398   1.22634   0.09544   0.00000  
108  1.1256   2376.236202  x:  0.00880   0.00461   0.00749   0.01692   0.01832   0.02689   0.00998   0.01207   0.03177   0.01246   0.00462   0.01199   0.00000   0.00000   0.00000   0.00780   0.01282   0.00541   0.00274   0.00000   0.00263   0.00253   0.00846   0.00000   0.07640   0.02151   0.00000   0.02762   0.00000   0.00708   0.00375   0.00487   0.00000   0.00000   0.00000   0.01258   0.01089   0.00552   0.00000   0.00445   0.00000   0.00000   0.00307   0.00737   0.00274   0.00000   0.00532   0.00862   0.00297   0.00887   0.00264   0.00000   0.00000   0.00291   0.00317   4.05122   0.80995   0.93532   0.99099   1.22318   0.09838   0.00000  
109 13.2359   2376.177721  x:  0.00880   0.00467   0.00776   0.01681   0.01836   0.02697   0.00991   0.01223   0.03200   0.01297   0.00460   0.01178   0.00000   0.00000   0.00000   0.00783   0.01279   0.00541   0.00275   0.00000   0.00265   0.00253   0.00888   0.00000   0.07643   0.02147   0.00000   0.02788   0.00000   0.00705   0.00378   0.00483   0.00000   0.00000   0.00000   0.01257   0.01134   0.00553   0.00000   0.00444   0.00000   0.00000   0.00307   0.00750   0.00273   0.00000   0.00535   0.00850   0.00295   0.00890   0.00265   0.00000   0.00000   0.00291   0.00314   4.09015   0.86848   0.95497   0.97334   1.20467   0.11565   0.00000  
110 338.1665   2376.174096  x:  0.00895   0.00465   0.00773   0.01678   0.01839   0.02698   0.00996   0.01229   0.03202   0.01313   0.00459   0.01179   0.00000   0.00000   0.00000   0.00781   0.01270   0.00541   0.00275   0.00000   0.00265   0.00253   0.00872   0.00000   0.07643   0.02148   0.00000   0.02790   0.00000   0.00707   0.00376   0.00486   0.00000   0.00000   0.00000   0.01256   0.01108   0.00553   0.00000   0.00445   0.00000   0.00000   0.00307   0.00729   0.00273   0.00000   0.00535   0.00855   0.00294   0.00890   0.00265   0.00000   0.00000   0.00291   0.00314   4.09251   0.87199   0.95615   0.97230   1.20357   0.11668   0.00000  
111 149.0673   2376.173984  x:  0.00897   0.00465   0.00772   0.01677   0.01839   0.02698   0.00997   0.01229   0.03202   0.01313   0.00459   0.01180   0.00000   0.00000   0.00000   0.00781   0.01266   0.00541   0.00275   0.00000   0.00265   0.00253   0.00873   0.00000   0.07643   0.02148   0.00000   0.02790   0.00000   0.00707   0.00376   0.00486   0.00000   0.00000   0.00000   0.01256   0.01104   0.00553   0.00000   0.00445   0.00000   0.00000   0.00307   0.00735   0.00273   0.00000   0.00535   0.00855   0.00294   0.00890   0.00265   0.00000   0.00000   0.00291   0.00314   4.09260   0.87206   0.95615   0.97230   1.20355   0.11669   0.00000  
112  2.3428   2376.171209  x:  0.00891   0.00466   0.00776   0.01678   0.01839   0.02699   0.00993   0.01222   0.03203   0.01305   0.00459   0.01182   0.00000   0.00000   0.00000   0.00781   0.01226   0.00541   0.00275   0.00000   0.00265   0.00253   0.00871   0.00000   0.07644   0.02149   0.00000   0.02790   0.00000   0.00707   0.00376   0.00486   0.00000   0.00000   0.00000   0.01261   0.01113   0.00552   0.00000   0.00445   0.00000   0.00000   0.00307   0.00726   0.00273   0.00000   0.00535   0.00855   0.00294   0.00890   0.00265   0.00000   0.00000   0.00291   0.00313   4.09512   0.87288   0.95567   0.97328   1.20378   0.11665   0.00000  
113  2.0805   2375.758901  x:  0.00913   0.00526   0.00925   0.01464   0.01857   0.02816   0.01034   0.01264   0.03458   0.01306   0.00454   0.01248   0.00000   0.00000   0.00000   0.00785   0.01268   0.00531   0.00279   0.00000   0.00284   0.00254   0.00868   0.00000   0.07750   0.02139   0.00000   0.02776   0.00000   0.00693   0.00373   0.00502   0.00000   0.00000   0.00000   0.01253   0.01118   0.00540   0.00000   0.00444   0.00000   0.00000   0.00310   0.00738   0.00278   0.00000   0.00558   0.00866   0.00261   0.00906   0.00278   0.00000   0.00000   0.00294   0.00266   4.49127   0.99694   0.87793   1.12958   1.24173   0.10848   0.00000  
114 75.6357   2375.563704  x:  0.00919   0.00545   0.00995   0.01366   0.01869   0.02862   0.01051   0.01262   0.03552   0.01299   0.00450   0.01273   0.00000   0.00000   0.00000   0.00792   0.01277   0.00530   0.00281   0.00000   0.00292   0.00254   0.00870   0.00000   0.07782   0.02132   0.00000   0.02816   0.00000   0.00692   0.00373   0.00506   0.00000   0.00000   0.00000   0.01249   0.01123   0.00538   0.00000   0.00445   0.00000   0.00000   0.00311   0.00743   0.00279   0.00000   0.00567   0.00853   0.00248   0.00898   0.00283   0.00000   0.00000   0.00295   0.00247   4.70331   0.85344   1.06044   1.12304   1.21630   0.14158   0.00000  
115  1.1325   2375.439129  x:  0.00877   0.00492   0.00942   0.01398   0.01848   0.02782   0.01052   0.01235   0.03429   0.01281   0.00459   0.01224   0.00000   0.00000   0.00000   0.00825   0.01267   0.00544   0.00278   0.00000   0.00278   0.00253   0.00884   0.00000   0.07716   0.02111   0.00000   0.02804   0.00000   0.00708   0.00377   0.00483   0.00000   0.00000   0.00000   0.01240   0.01096   0.00559   0.00000   0.00432   0.00000   0.00000   0.00308   0.00712   0.00269   0.00000   0.00549   0.00787   0.00272   0.00843   0.00275   0.00000   0.00000   0.00291   0.00273   4.97331   0.81381   0.97590   1.00212   1.21802   0.15630   0.00000  
116  0.2621   2375.426610  x:  0.00870   0.00481   0.00936   0.01381   0.01866   0.02754   0.01049   0.01227   0.03422   0.01293   0.00460   0.01218   0.00000   0.00000   0.00000   0.00821   0.01267   0.00540   0.00278   0.00000   0.00274   0.00254   0.00883   0.00000   0.07707   0.02111   0.00000   0.02788   0.00000   0.00708   0.00378   0.00483   0.00000   0.00000   0.00000   0.01247   0.01093   0.00553   0.00000   0.00439   0.00000   0.00000   0.00308   0.00715   0.00270   0.00000   0.00545   0.00814   0.00275   0.00858   0.00272   0.00000   0.00000   0.00292   0.00276   5.03019   0.84261   0.99759   1.04363   1.22217   0.14408   0.00000  
117  0.0909   2375.424623  x:  0.00872   0.00482   0.00938   0.01382   0.01874   0.02748   0.01047   0.01227   0.03433   0.01294   0.00460   0.01215   0.00000   0.00000   0.00000   0.00815   0.01269   0.00538   0.00278   0.00000   0.00275   0.00254   0.00881   0.00000   0.07709   0.02115   0.00000   0.02800   0.00000   0.00707   0.00378   0.00484   0.00000   0.00000   0.00000   0.01250   0.01094   0.00550   0.00000   0.00442   0.00000   0.00000   0.00309   0.00719   0.00271   0.00000   0.00546   0.00821   0.00274   0.00865   0.00272   0.00000   0.00000   0.00292   0.00277   5.06192   0.83799   0.99434   1.04346   1.21466   0.14521   0.00000  
118  0.0365   2375.424353  x:  0.00872   0.00485   0.00935   0.01390   0.01873   0.02751   0.01048   0.01230   0.03438   0.01292   0.00461   0.01213   0.00000   0.00000   0.00000   0.00814   0.01269   0.00539   0.00278   0.00000   0.00275   0.00254   0.00880   0.00000   0.07713   0.02116   0.00000   0.02798   0.00000   0.00706   0.00378   0.00485   0.00000   0.00000   0.00000   0.01250   0.01095   0.00550   0.00000   0.00441   0.00000   0.00000   0.00309   0.00719   0.00271   0.00000   0.00547   0.00819   0.00274   0.00866   0.00273   0.00000   0.00000   0.00292   0.00277   5.07230   0.83577   0.99579   1.04128   1.21490   0.14377   0.00000  
119  0.0107   2375.424342  x:  0.00872   0.00486   0.00935   0.01390   0.01872   0.02751   0.01047   0.01230   0.03436   0.01292   0.00461   0.01213   0.00000   0.00000   0.00000   0.00814   0.01269   0.00539   0.00278   0.00000   0.00275   0.00254   0.00880   0.00000   0.07712   0.02116   0.00000   0.02798   0.00000   0.00706   0.00378   0.00485   0.00000   0.00000   0.00000   0.01250   0.01095   0.00550   0.00000   0.00441   0.00000   0.00000   0.00309   0.00719   0.00271   0.00000   0.00547   0.00819   0.00274   0.00865   0.00273   0.00000   0.00000   0.00292   0.00277   5.07337   0.83673   0.99628   1.04260   1.21485   0.14420   0.00000  
120  0.0024   2375.424342  x:  0.00872   0.00486   0.00935   0.01390   0.01871   0.02751   0.01047   0.01230   0.03436   0.01292   0.00461   0.01213   0.00000   0.00000   0.00000   0.00814   0.01269   0.00539   0.00278   0.00000   0.00275   0.00254   0.00880   0.00000   0.07712   0.02116   0.00000   0.02798   0.00000   0.00706   0.00377   0.00485   0.00000   0.00000   0.00000   0.01250   0.01095   0.00550   0.00000   0.00441   0.00000   0.00000   0.00309   0.00719   0.00271   0.00000   0.00547   0.00819   0.00274   0.00865   0.00273   0.00000   0.00000   0.00292   0.00277   5.07343   0.83657   0.99614   1.04218   1.21497   0.14433   0.00000  