

TREE # 1

  0  0.0000   2060.237927  x:  0.00624   0.00299   0.00086   0.00346   0.00000   0.00190   0.01022   0.00333   0.00986   0.00986   0.00292   0.01612   0.01543   0.01332   0.00893   0.00871   0.00284   0.01083   0.00464   0.05831   0.00870   0.00235   0.00132   0.00608   0.00517   0.00632   0.00013   0.00678   0.00289   0.00109   0.00741   0.00203   0.00144   0.47408   0.54053   0.45434   0.54707   0.57509   0.53207  
  1 99.0000   2060.235028  x:  0.00624   0.00299   0.00086   0.00345   0.00000   0.00190   0.01022   0.00333   0.00986   0.00986   0.00292   0.01612   0.01543   0.01332   0.00893   0.00871   0.00284   0.01083   0.00464   0.05831   0.00870   0.00235   0.00132   0.00608   0.00517   0.00632   0.00013   0.00678   0.00289   0.00109   0.00741   0.00203   0.00144   0.47408   0.54053   0.45434   0.54707   0.57509   0.53207  
  2 1165.6521   2059.891043  x:  0.00623   0.00298   0.00074   0.00344   0.00000   0.00177   0.01021   0.00333   0.00986   0.00985   0.00291   0.01610   0.01543   0.01329   0.00895   0.00870   0.00284   0.01080   0.00465   0.05831   0.00870   0.00234   0.00120   0.00607   0.00517   0.00631   0.00000   0.00680   0.00288   0.00097   0.00738   0.00190   0.00132   0.47412   0.54053   0.45435   0.54707   0.57506   0.53207  
  3 7216.6120   2058.179750  x:  0.00623   0.00301   0.00000   0.00349   0.00000   0.00104   0.01021   0.00329   0.00986   0.00982   0.00295   0.01604   0.01545   0.01321   0.00896   0.00869   0.00286   0.01071   0.00462   0.05833   0.00869   0.00234   0.00047   0.00606   0.00516   0.00630   0.00000   0.00678   0.00291   0.00023   0.00733   0.00117   0.00059   0.47434   0.54057   0.45441   0.54703   0.57489   0.53205  
  4 33693.5713   2057.729308  x:  0.00623   0.00301   0.00000   0.00350   0.00000   0.00081   0.01021   0.00329   0.00986   0.00982   0.00294   0.01603   0.01545   0.01320   0.00896   0.00868   0.00286   0.01070   0.00462   0.05833   0.00868   0.00234   0.00024   0.00607   0.00516   0.00631   0.00000   0.00677   0.00291   0.00000   0.00732   0.00094   0.00035   0.47441   0.54058   0.45443   0.54702   0.57484   0.53205  
  5 159315.3845   2057.361406  x:  0.00623   0.00301   0.00000   0.00350   0.00000   0.00058   0.01021   0.00329   0.00986   0.00981   0.00294   0.01602   0.01546   0.01318   0.00895   0.00868   0.00285   0.01068   0.00462   0.05833   0.00868   0.00234   0.00000   0.00607   0.00516   0.00631   0.00000   0.00677   0.00291   0.00000   0.00732   0.00070   0.00012   0.47449   0.54060   0.45445   0.54701   0.57479   0.53204  
  6 426135.2372   2057.361406  x:  0.00623   0.00301   0.00000   0.00350   0.00000   0.00058   0.01021   0.00329   0.00986   0.00981   0.00294   0.01602   0.01546   0.01318   0.00895   0.00868   0.00285   0.01068   0.00462   0.05833   0.00868   0.00234   0.00000   0.00607   0.00516   0.00631   0.00000   0.00677   0.00291   0.00000   0.00732   0.00070   0.00012   0.47449   0.54060   0.45445   0.54701   0.57479   0.53204  
  7 8890220.0761   2057.159986  x:  0.00621   0.00300   0.00000   0.00347   0.00000   0.00046   0.01021   0.00337   0.00987   0.00980   0.00304   0.01600   0.01546   0.01316   0.00898   0.00867   0.00285   0.01066   0.00463   0.05834   0.00868   0.00236   0.00000   0.00605   0.00517   0.00629   0.00000   0.00679   0.00290   0.00000   0.00729   0.00059   0.00000   0.47452   0.54060   0.45446   0.54701   0.57476   0.53204  
  8 809.2083   2056.746879  x:  0.00617   0.00298   0.00000   0.00341   0.00000   0.00000   0.01019   0.00335   0.00986   0.00977   0.00301   0.01594   0.01548   0.01308   0.00904   0.00864   0.00284   0.01056   0.00466   0.05835   0.00867   0.00235   0.00000   0.00602   0.00518   0.00624   0.00000   0.00684   0.00289   0.00000   0.00719   0.00013   0.00000   0.47466   0.54062   0.45450   0.54698   0.57465   0.53203  
  9 1706.3784   2056.690550  x:  0.00617   0.00299   0.00000   0.00342   0.00000   0.00000   0.01019   0.00335   0.00986   0.00976   0.00301   0.01593   0.01548   0.01307   0.00904   0.00864   0.00284   0.01054   0.00466   0.05835   0.00867   0.00235   0.00000   0.00602   0.00517   0.00624   0.00000   0.00684   0.00289   0.00000   0.00718   0.00000   0.00000   0.47470   0.54063   0.45451   0.54698   0.57462   0.53203  
 10 3105.7588   2054.327193  x:  0.00737   0.00183   0.00000   0.00443   0.00000   0.00000   0.01019   0.00575   0.00990   0.00940   0.00130   0.01280   0.01610   0.00977   0.00770   0.00883   0.00170   0.00760   0.00427   0.05958   0.00845   0.00251   0.00000   0.00712   0.00491   0.00748   0.00000   0.00505   0.00170   0.00000   0.00745   0.00000   0.00000   0.49454   0.54363   0.45979   0.54383   0.55913   0.53077  
 11 906.2755   2048.549585  x:  0.00962   0.00047   0.00000   0.00163   0.00000   0.00000   0.01041   0.00351   0.00987   0.00981   0.00316   0.00822   0.01691   0.00595   0.00527   0.00980   0.00198   0.00541   0.00654   0.06238   0.00841   0.00120   0.00000   0.00890   0.00504   0.00992   0.00000   0.00479   0.00167   0.00000   0.01021   0.00000   0.00000   0.54360   0.55108   0.47288   0.53601   0.52059   0.52763  
 12 2787.1050   2046.797279  x:  0.01028   0.00164   0.00000   0.00054   0.00000   0.00000   0.01048   0.00324   0.00986   0.00997   0.00337   0.00685   0.01717   0.00497   0.00476   0.01011   0.00185   0.00492   0.00751   0.06339   0.00839   0.00128   0.00000   0.00940   0.00514   0.01065   0.00000   0.00500   0.00150   0.00000   0.01116   0.00000   0.00000   0.56182   0.55386   0.47775   0.53310   0.50626   0.52647  
 13 19930.5930   2035.306033  x:  0.01223   0.00309   0.00000   0.00395   0.00000   0.00000   0.01066   0.00212   0.00962   0.01093   0.00380   0.00187   0.01849   0.00312   0.00627   0.01138   0.00115   0.00461   0.01569   0.06968   0.00808   0.00402   0.00000   0.01041   0.00643   0.01304   0.00000   0.01039   0.00130   0.00000   0.01559   0.00000   0.00000   0.67918   0.57174   0.50913   0.51432   0.41368   0.51894  
 14 14347.9900   2010.284878  x:  0.01505   0.00428   0.00000   0.00604   0.00000   0.00000   0.01053   0.00327   0.00931   0.01091   0.00275   0.00793   0.02140   0.00109   0.00881   0.01245   0.00407   0.00045   0.02589   0.08127   0.00694   0.00539   0.00000   0.01193   0.00752   0.01647   0.00000   0.01574   0.00384   0.00000   0.01989   0.00000   0.00000   0.89787   0.60507   0.56761   0.47932   0.24103   0.50492  
 15 32207.3824   1974.390331  x:  0.01741   0.00509   0.00000   0.00716   0.00000   0.00000   0.00978   0.00548   0.00912   0.00838   0.00133   0.01166   0.02602   0.00038   0.01210   0.01211   0.00770   0.00387   0.03452   0.09575   0.00482   0.00502   0.00000   0.01322   0.00789   0.01929   0.00000   0.01913   0.00681   0.00000   0.01963   0.00000   0.00000   1.17021   0.64656   0.64041   0.43575   0.02604   0.48745  
 16 113661.1919   1973.142342  x:  0.01751   0.00513   0.00000   0.00718   0.00000   0.00000   0.00975   0.00555   0.00911   0.00825   0.00130   0.01168   0.02623   0.00082   0.01222   0.01208   0.00781   0.00375   0.03485   0.09640   0.00473   0.00497   0.00000   0.01328   0.00789   0.01941   0.00000   0.01921   0.00689   0.00000   0.01958   0.00000   0.00000   1.18240   0.64842   0.64367   0.43380   0.01643   0.48667  
 17 117099.6328   1972.486570  x:  0.01675   0.00534   0.00000   0.00755   0.00000   0.00000   0.00996   0.00453   0.00932   0.00888   0.00198   0.01243   0.02553   0.00058   0.01208   0.01189   0.00611   0.00368   0.03431   0.09624   0.00518   0.00477   0.00000   0.01252   0.00746   0.01868   0.00000   0.01859   0.00544   0.00000   0.01966   0.00000   0.00000   1.18952   0.64954   0.64559   0.43264   0.01253   0.48619  
 18 787.3695   1965.069023  x:  0.00676   0.00532   0.00000   0.00745   0.00000   0.00000   0.01329   0.00566   0.01122   0.01457   0.00151   0.01177   0.01546   0.00084   0.00936   0.01192   0.00371   0.00352   0.02898   0.09266   0.00777   0.00284   0.00000   0.00313   0.00595   0.00907   0.00000   0.01757   0.00792   0.00000   0.02702   0.00000   0.00000   1.28420   0.66453   0.67123   0.41712   0.01476   0.47964  
 19 386.6600   1961.458371  x:  0.00290   0.00493   0.00000   0.00715   0.00000   0.00000   0.01316   0.00394   0.01085   0.01530   0.00238   0.01310   0.01183   0.00108   0.01006   0.01129   0.00193   0.00364   0.02565   0.08985   0.00749   0.00502   0.00000   0.00669   0.00630   0.00397   0.00000   0.01732   0.00573   0.00000   0.02956   0.00000   0.00000   1.33861   0.67320   0.68599   0.40816   0.01845   0.47583  
 20 2593.2528   1958.995271  x:  0.00573   0.00498   0.00000   0.00734   0.00000   0.00000   0.01254   0.00253   0.01051   0.01551   0.00325   0.01438   0.01113   0.00126   0.01174   0.01033   0.00198   0.00378   0.02350   0.08696   0.00768   0.00552   0.00000   0.00523   0.00636   0.00354   0.00000   0.01804   0.00150   0.00000   0.02992   0.00000   0.00000   1.37383   0.67889   0.69560   0.40229   0.02191   0.47330  
 21 2299.7236   1958.612463  x:  0.00564   0.00499   0.00000   0.00734   0.00000   0.00000   0.01221   0.00230   0.01038   0.01570   0.00343   0.01468   0.01171   0.00129   0.01213   0.01008   0.00100   0.00381   0.02318   0.08578   0.00798   0.00540   0.00000   0.00509   0.00626   0.00474   0.00000   0.01834   0.00165   0.00000   0.02969   0.00000   0.00000   1.37960   0.67987   0.69721   0.40127   0.02256   0.47284  
 22 915.1924   1958.337741  x:  0.00475   0.00502   0.00000   0.00739   0.00000   0.00000   0.01186   0.00227   0.01029   0.01643   0.00347   0.01474   0.01243   0.00129   0.01234   0.00987   0.00136   0.00382   0.02301   0.08395   0.00867   0.00530   0.00000   0.00517   0.00596   0.00578   0.00000   0.01853   0.00102   0.00000   0.02952   0.00000   0.00000   1.38390   0.68069   0.69846   0.40045   0.02292   0.47243  
 23 680.6687   1957.422529  x:  0.00557   0.00476   0.00000   0.00701   0.00000   0.00000   0.00994   0.00242   0.00982   0.02133   0.00330   0.01454   0.01508   0.00127   0.01326   0.00886   0.00154   0.00384   0.02275   0.07235   0.01246   0.00596   0.00000   0.00614   0.00452   0.00501   0.00000   0.01846   0.00164   0.00000   0.02831   0.00000   0.00000   1.39892   0.68394   0.70311   0.39716   0.02343   0.47066  
 24 487.0340   1956.951554  x:  0.00569   0.00486   0.00000   0.00712   0.00000   0.00000   0.01012   0.00263   0.00967   0.02331   0.00329   0.01451   0.01516   0.00126   0.01305   0.00972   0.00151   0.00383   0.02235   0.06350   0.01211   0.00536   0.00000   0.00638   0.00774   0.00504   0.00000   0.01846   0.00159   0.00000   0.02705   0.00000   0.00000   1.40689   0.68600   0.70580   0.39509   0.02336   0.46943  
 25 368.1633   1956.680254  x:  0.00576   0.00480   0.00000   0.00710   0.00000   0.00000   0.01101   0.00257   0.00976   0.02311   0.00330   0.01451   0.01397   0.00127   0.01255   0.01055   0.00159   0.00381   0.02266   0.05776   0.00984   0.00578   0.00000   0.00639   0.00627   0.00560   0.00000   0.01886   0.00162   0.00000   0.02630   0.00000   0.00000   1.41072   0.68736   0.70735   0.39374   0.02321   0.46852  
 26 200.3028   1956.635753  x:  0.00566   0.00500   0.00000   0.00738   0.00000   0.00000   0.01065   0.00261   0.00989   0.02179   0.00330   0.01460   0.01430   0.00128   0.01178   0.01015   0.00148   0.00379   0.02319   0.05660   0.00980   0.00526   0.00000   0.00631   0.00609   0.00519   0.00000   0.01905   0.00151   0.00000   0.02677   0.00000   0.00000   1.41111   0.68807   0.70790   0.39305   0.02321   0.46792  
 27 42.6103   1956.599564  x:  0.00553   0.00496   0.00000   0.00733   0.00000   0.00000   0.01065   0.00246   0.00995   0.02028   0.00325   0.01459   0.01392   0.00128   0.01183   0.00970   0.00155   0.00378   0.02360   0.05564   0.01052   0.00565   0.00000   0.00604   0.00624   0.00532   0.00000   0.01850   0.00158   0.00000   0.02726   0.00000   0.00000   1.41115   0.68913   0.70862   0.39203   0.02314   0.46700  
 28 48.3415   1956.568968  x:  0.00552   0.00505   0.00000   0.00737   0.00000   0.00000   0.01104   0.00253   0.00986   0.01948   0.00324   0.01451   0.01386   0.00125   0.01265   0.01013   0.00150   0.00376   0.02382   0.05522   0.01100   0.00503   0.00000   0.00618   0.00607   0.00522   0.00000   0.01817   0.00155   0.00000   0.02768   0.00000   0.00000   1.41089   0.69062   0.70958   0.39059   0.02313   0.46568  
 29 41.2722   1956.400531  x:  0.00513   0.00488   0.00000   0.00714   0.00000   0.00000   0.01123   0.00223   0.01047   0.01894   0.00333   0.01446   0.01589   0.00121   0.01359   0.01132   0.00148   0.00375   0.02389   0.05497   0.01016   0.00580   0.00000   0.00534   0.00610   0.00472   0.00000   0.01680   0.00158   0.00000   0.02860   0.00000   0.00000   1.40821   0.70132   0.71638   0.38028   0.02322   0.45611  
 30 61.2973   1954.370487  x:  0.00474   0.00483   0.00000   0.00670   0.00000   0.00000   0.00848   0.00277   0.01083   0.02059   0.00375   0.01325   0.01557   0.00107   0.01767   0.00654   0.00162   0.00346   0.02417   0.05502   0.00540   0.00424   0.00000   0.00495   0.00642   0.00515   0.00000   0.01334   0.00170   0.00000   0.03047   0.00000   0.00000   1.37738   0.81966   0.79140   0.26623   0.02360   0.35011  
 31 531.1343   1951.517471  x:  0.00512   0.00459   0.00000   0.00648   0.00000   0.00000   0.00903   0.00279   0.00984   0.02002   0.00374   0.01286   0.01544   0.00110   0.01556   0.00829   0.00155   0.00321   0.02344   0.05629   0.00710   0.00497   0.00000   0.00527   0.00627   0.00521   0.00000   0.01417   0.00161   0.00000   0.02630   0.00000   0.00000   1.33912   0.96752   0.88515   0.12375   0.02451   0.21743  
 32 4351.7623   1951.490493  x:  0.00521   0.00460   0.00000   0.00650   0.00000   0.00000   0.00983   0.00277   0.01058   0.02008   0.00370   0.01288   0.01565   0.00110   0.01552   0.00784   0.00156   0.00321   0.02355   0.05633   0.00718   0.00494   0.00000   0.00549   0.00631   0.00522   0.00000   0.01424   0.00161   0.00000   0.02616   0.00000   0.00000   1.33876   0.96948   0.88635   0.12306   0.02456   0.21533  
 33 62.3795   1950.465806  x:  0.00569   0.00510   0.00000   0.00713   0.00000   0.00000   0.00639   0.00272   0.01682   0.02039   0.00381   0.01299   0.01370   0.00119   0.01493   0.01075   0.00167   0.00323   0.02783   0.05760   0.00808   0.00415   0.00000   0.00651   0.00622   0.00603   0.00000   0.01184   0.00170   0.00000   0.02153   0.00000   0.00000   1.32732   1.05404   0.93570   0.13712   0.02551   0.11280  
 34 64.8036   1948.079431  x:  0.00587   0.00545   0.00000   0.00761   0.00000   0.00000   0.00676   0.00267   0.01635   0.02073   0.00401   0.01308   0.01367   0.00127   0.01376   0.01125   0.00174   0.00323   0.03112   0.05867   0.00830   0.00394   0.00000   0.00674   0.00619   0.00624   0.00000   0.00971   0.00177   0.00000   0.01792   0.00000   0.00000   1.31473   1.14670   0.98972   0.15329   0.02631   0.00010  
 35 4076.2082   1945.460085  x:  0.00665   0.00360   0.00000   0.00526   0.00000   0.00000   0.00460   0.00358   0.02162   0.01763   0.00362   0.01149   0.01223   0.00123   0.01247   0.01425   0.00148   0.00269   0.01974   0.05997   0.01164   0.00604   0.00000   0.00737   0.00595   0.00664   0.00000   0.01751   0.00146   0.00000   0.01137   0.00000   0.00000   1.23938   1.68562   1.30329   0.24924   0.02644   0.00010  
 36 1929.7804   1938.856823  x:  0.00573   0.00218   0.00000   0.00350   0.00000   0.00000   0.01351   0.00422   0.01138   0.01097   0.00325   0.01160   0.01552   0.00139   0.01095   0.01071   0.00138   0.00298   0.00550   0.05898   0.01270   0.00737   0.00000   0.00526   0.00583   0.00552   0.00000   0.02574   0.00145   0.00000   0.01058   0.00000   0.00000   1.34978   1.81397   1.12205   0.36593   0.02582   0.00010  
 37  1.1850   1936.214680  x:  0.00534   0.00222   0.00000   0.00341   0.00000   0.00000   0.01269   0.00469   0.01145   0.00981   0.00381   0.01183   0.01582   0.00161   0.01165   0.01023   0.00152   0.00329   0.00578   0.05909   0.01189   0.00663   0.00000   0.00438   0.00573   0.00573   0.00000   0.02420   0.00165   0.00000   0.00311   0.00000   0.00000   1.43008   1.81228   1.00666   0.33625   0.02737   0.00010  
 38  1.7265   1932.332094  x:  0.00475   0.00294   0.00000   0.00390   0.00000   0.00000   0.01004   0.00544   0.01172   0.00405   0.00534   0.01238   0.01727   0.00217   0.01296   0.00968   0.00221   0.00397   0.00249   0.06116   0.01047   0.00349   0.00000   0.00355   0.00567   0.00667   0.00000   0.02008   0.00245   0.00000   0.00563   0.00000   0.00000   1.56614   1.75312   1.02303   0.30765   0.03197   0.00010  
 39  0.6933   1928.457517  x:  0.00447   0.00396   0.00000   0.00489   0.00000   0.00000   0.00801   0.00572   0.00861   0.00934   0.00691   0.01364   0.01875   0.00282   0.01397   0.00790   0.00272   0.00487   0.00405   0.06230   0.00914   0.00081   0.00000   0.00327   0.00553   0.00677   0.00000   0.01371   0.00303   0.00000   0.00689   0.00000   0.00000   1.71595   1.61369   1.12211   0.30168   0.03702   0.00010  
 40  1.3091   1926.533836  x:  0.00482   0.00382   0.00000   0.00465   0.00000   0.00000   0.00687   0.00613   0.00715   0.01124   0.00791   0.01455   0.01945   0.00324   0.01503   0.00652   0.00289   0.00549   0.00534   0.06203   0.00814   0.00346   0.00000   0.00313   0.00520   0.00648   0.00000   0.00728   0.00315   0.00000   0.00742   0.00000   0.00000   1.81862   1.44043   1.27488   0.30254   0.03983   0.00010  
 41  1.7130   1924.322133  x:  0.00614   0.00370   0.00000   0.00443   0.00000   0.00000   0.00776   0.00567   0.01168   0.01247   0.00858   0.01604   0.01854   0.00406   0.01268   0.00969   0.00319   0.00640   0.00328   0.06221   0.00661   0.00360   0.00000   0.00793   0.00479   0.00604   0.00000   0.00645   0.00337   0.00000   0.00530   0.00000   0.00000   1.97269   1.71435   1.57413   0.35885   0.04369   0.00010  
 42  0.5390   1923.441818  x:  0.00640   0.00398   0.00000   0.00489   0.00000   0.00000   0.00904   0.00551   0.01131   0.00921   0.00858   0.01729   0.01800   0.00447   0.01067   0.00970   0.00330   0.00693   0.00762   0.06241   0.00668   0.00345   0.00000   0.00924   0.00467   0.00558   0.00000   0.00741   0.00345   0.00000   0.00489   0.00000   0.00000   2.06168   1.86012   1.62486   0.39882   0.04474   0.00010  
 43  0.7945   1921.539309  x:  0.00574   0.00305   0.00000   0.00350   0.00000   0.00000   0.01125   0.00567   0.00838   0.00975   0.00845   0.01885   0.01563   0.00541   0.01079   0.00664   0.00305   0.00802   0.00496   0.06037   0.01063   0.00345   0.00000   0.00875   0.00555   0.00351   0.00000   0.00958   0.00322   0.00000   0.00362   0.00000   0.00000   2.32929   2.07380   1.85793   0.51619   0.04686   0.00010  
 44  0.4851   1920.078558  x:  0.00425   0.00233   0.00000   0.00219   0.00000   0.00000   0.01140   0.00656   0.01176   0.01010   0.00881   0.02021   0.01425   0.00649   0.01310   0.00765   0.00309   0.00923   0.00509   0.06048   0.01099   0.00333   0.00000   0.00598   0.00568   0.00447   0.00000   0.00728   0.00335   0.00000   0.00587   0.00000   0.00000   2.66732   2.46074   1.76134   0.58307   0.04932   0.00010  
 45  0.5550   1919.063093  x:  0.00492   0.00216   0.00000   0.00188   0.00000   0.00000   0.01118   0.00657   0.00843   0.00894   0.00912   0.02118   0.01642   0.00748   0.01062   0.00873   0.00322   0.01004   0.00460   0.06277   0.00755   0.00276   0.00000   0.00466   0.00518   0.00577   0.00000   0.00784   0.00336   0.00000   0.00553   0.00000   0.00000   2.89775   2.52829   2.07928   0.67787   0.05084   0.00010  
 46  0.3353   1918.527280  x:  0.00595   0.00242   0.00000   0.00221   0.00000   0.00000   0.00952   0.00623   0.01039   0.00738   0.00870   0.02147   0.01757   0.00816   0.01040   0.00764   0.00295   0.01041   0.00578   0.06190   0.00760   0.00197   0.00000   0.00521   0.00537   0.00520   0.00000   0.00668   0.00288   0.00000   0.00503   0.00000   0.00000   3.08552   2.52599   2.30552   0.74290   0.04995   0.00010  
 47  0.1924   1918.075964  x:  0.00612   0.00247   0.00000   0.00243   0.00000   0.00000   0.00878   0.00577   0.01171   0.00899   0.00774   0.02160   0.01808   0.00884   0.00975   0.00754   0.00267   0.01066   0.00548   0.06140   0.00823   0.00217   0.00000   0.00536   0.00529   0.00513   0.00000   0.00993   0.00242   0.00000   0.00565   0.00000   0.00000   3.27688   2.59310   2.48791   0.83336   0.04779   0.00010  
 48  0.2833   1917.400900  x:  0.00501   0.00225   0.00000   0.00199   0.00000   0.00000   0.00856   0.00522   0.00905   0.01002   0.00619   0.02014   0.01776   0.00988   0.01254   0.00801   0.00223   0.01073   0.00504   0.06152   0.00851   0.00207   0.00000   0.00560   0.00516   0.00494   0.00000   0.00846   0.00184   0.00000   0.00530   0.00000   0.00000   3.59624   2.48116   2.88924   0.98693   0.04329   0.00010  
 49  0.3041   1916.972698  x:  0.00449   0.00282   0.00000   0.00290   0.00000   0.00000   0.00931   0.00532   0.00896   0.01052   0.00545   0.01856   0.01637   0.01062   0.01041   0.00876   0.00251   0.01048   0.00531   0.06302   0.00819   0.00247   0.00000   0.00501   0.00547   0.00573   0.00000   0.00706   0.00227   0.00000   0.00513   0.00000   0.00000   3.77358   2.33701   3.12284   1.07531   0.04141   0.00010  
 50  0.2122   1916.613619  x:  0.00564   0.00273   0.00000   0.00274   0.00000   0.00000   0.01040   0.00565   0.01105   0.00930   0.00453   0.01606   0.01646   0.01122   0.01148   0.00826   0.00278   0.00998   0.00582   0.06270   0.00788   0.00276   0.00000   0.00492   0.00524   0.00588   0.00000   0.00814   0.00267   0.00000   0.00493   0.00000   0.00000   3.92856   2.02086   3.50547   1.17593   0.04000   0.00010  
 51  0.3272   1916.417725  x:  0.00584   0.00275   0.00000   0.00271   0.00000   0.00000   0.01012   0.00584   0.00979   0.00844   0.00477   0.01460   0.01719   0.01178   0.01096   0.00752   0.00294   0.00973   0.00531   0.06189   0.00858   0.00276   0.00000   0.00569   0.00530   0.00538   0.00000   0.00764   0.00295   0.00000   0.00570   0.00000   0.00000   4.07156   1.90028   3.69020   1.24685   0.04207   0.00010  
 52  0.1467   1916.284359  x:  0.00521   0.00266   0.00000   0.00254   0.00000   0.00000   0.00961   0.00607   0.01017   0.00846   0.00542   0.01396   0.01728   0.01240   0.01072   0.00843   0.00283   0.00972   0.00473   0.06216   0.00840   0.00270   0.00000   0.00503   0.00527   0.00491   0.00000   0.00775   0.00295   0.00000   0.00534   0.00000   0.00000   4.24225   1.86903   3.82168   1.30750   0.04543   0.00010  
 53  0.1229   1916.196185  x:  0.00513   0.00280   0.00000   0.00275   0.00000   0.00000   0.00932   0.00577   0.00982   0.00906   0.00585   0.01373   0.01676   0.01295   0.01121   0.00834   0.00265   0.00968   0.00524   0.06273   0.00795   0.00272   0.00000   0.00555   0.00537   0.00540   0.00000   0.00833   0.00273   0.00000   0.00534   0.00000   0.00000   4.41709   1.89500   3.82930   1.36659   0.04764   0.00010  
 54  0.0890   1916.167353  x:  0.00542   0.00279   0.00000   0.00275   0.00000   0.00000   0.00958   0.00569   0.01002   0.00916   0.00606   0.01345   0.01650   0.01314   0.01134   0.00797   0.00257   0.00951   0.00530   0.06219   0.00842   0.00272   0.00000   0.00526   0.00527   0.00531   0.00000   0.00798   0.00261   0.00000   0.00535   0.00000   0.00000   4.49608   1.87835   3.81174   1.39341   0.04863   0.00010  
 55  0.0493   1916.121826  x:  0.00536   0.00263   0.00000   0.00264   0.00000   0.00000   0.01007   0.00526   0.00980   0.00889   0.00633   0.01364   0.01735   0.01302   0.01087   0.00817   0.00255   0.00902   0.00542   0.06208   0.00825   0.00265   0.00000   0.00527   0.00559   0.00520   0.00000   0.00801   0.00250   0.00000   0.00521   0.00000   0.00000   4.54602   1.91169   3.57668   1.40005   0.04896   0.00010  
 56  0.0529   1916.076607  x:  0.00522   0.00257   0.00000   0.00266   0.00000   0.00000   0.01001   0.00502   0.00999   0.00911   0.00615   0.01370   0.01718   0.01272   0.01083   0.00813   0.00264   0.00838   0.00526   0.06254   0.00826   0.00268   0.00000   0.00530   0.00499   0.00540   0.00000   0.00800   0.00253   0.00000   0.00531   0.00000   0.00000   4.57749   1.95948   3.24011   1.39188   0.04718   0.00010  
 57  0.1292   1916.053423  x:  0.00534   0.00257   0.00000   0.00268   0.00000   0.00000   0.00963   0.00524   0.01012   0.00912   0.00603   0.01375   0.01688   0.01263   0.01113   0.00819   0.00272   0.00813   0.00516   0.06257   0.00841   0.00269   0.00000   0.00528   0.00548   0.00543   0.00000   0.00800   0.00264   0.00000   0.00539   0.00000   0.00000   4.61672   1.98485   3.09060   1.39492   0.04623   0.00010  
 58  0.0936   1916.038364  x:  0.00536   0.00263   0.00000   0.00272   0.00000   0.00000   0.00949   0.00561   0.00990   0.00886   0.00612   0.01404   0.01668   0.01276   0.01111   0.00819   0.00269   0.00816   0.00524   0.06221   0.00827   0.00263   0.00000   0.00532   0.00527   0.00525   0.00000   0.00808   0.00267   0.00000   0.00527   0.00000   0.00000   4.69350   1.98639   3.09604   1.42012   0.04666   0.00010  
 59  0.0355   1916.026422  x:  0.00525   0.00262   0.00000   0.00268   0.00000   0.00000   0.00983   0.00575   0.00994   0.00907   0.00602   0.01433   0.01705   0.01284   0.01101   0.00814   0.00265   0.00799   0.00524   0.06253   0.00842   0.00265   0.00000   0.00535   0.00535   0.00533   0.00000   0.00805   0.00265   0.00000   0.00515   0.00000   0.00000   4.79299   1.96450   3.11522   1.46576   0.04644   0.00010  
 60  0.0359   1916.014170  x:  0.00547   0.00267   0.00000   0.00265   0.00000   0.00000   0.00975   0.00584   0.01002   0.00916   0.00580   0.01460   0.01698   0.01290   0.01098   0.00821   0.00262   0.00806   0.00523   0.06267   0.00826   0.00266   0.00000   0.00539   0.00531   0.00531   0.00000   0.00798   0.00264   0.00000   0.00544   0.00000   0.00000   4.84981   1.92777   3.31874   1.51444   0.04624   0.00010  
 61  0.0658   1915.990620  x:  0.00533   0.00263   0.00000   0.00247   0.00000   0.00000   0.00955   0.00559   0.01013   0.00877   0.00587   0.01487   0.01679   0.01260   0.01105   0.00824   0.00262   0.00763   0.00519   0.06221   0.00835   0.00263   0.00000   0.00540   0.00527   0.00548   0.00000   0.00799   0.00265   0.00000   0.00533   0.00000   0.00000   4.91221   1.86251   3.53536   1.58839   0.04703   0.00010  
 62  0.0622   1915.972245  x:  0.00531   0.00277   0.00000   0.00263   0.00000   0.00000   0.00951   0.00542   0.00987   0.00914   0.00605   0.01523   0.01676   0.01216   0.01097   0.00822   0.00265   0.00746   0.00521   0.06259   0.00837   0.00270   0.00000   0.00530   0.00538   0.00530   0.00000   0.00796   0.00266   0.00000   0.00536   0.00000   0.00000   4.89391   1.89602   3.70097   1.63228   0.04779   0.00010  
 63  0.0585   1915.959944  x:  0.00531   0.00281   0.00000   0.00265   0.00000   0.00000   0.00966   0.00564   0.00996   0.00903   0.00592   0.01484   0.01697   0.01193   0.01126   0.00812   0.00276   0.00737   0.00525   0.06252   0.00829   0.00274   0.00000   0.00530   0.00530   0.00525   0.00000   0.00806   0.00278   0.00000   0.00524   0.00000   0.00000   4.90092   1.89334   3.90148   1.68157   0.04763   0.00010  
 64  0.0841   1915.947225  x:  0.00538   0.00272   0.00000   0.00260   0.00000   0.00000   0.00962   0.00562   0.01002   0.00899   0.00598   0.01470   0.01697   0.01172   0.01112   0.00810   0.00274   0.00732   0.00523   0.06221   0.00827   0.00264   0.00000   0.00530   0.00529   0.00531   0.00000   0.00806   0.00267   0.00000   0.00532   0.00000   0.00000   4.96932   2.02202   3.99191   1.75053   0.04786   0.00010  
 65  0.0561   1915.934958  x:  0.00518   0.00266   0.00000   0.00270   0.00000   0.00000   0.00981   0.00567   0.00989   0.00906   0.00599   0.01424   0.01687   0.01158   0.01112   0.00822   0.00264   0.00743   0.00527   0.06275   0.00813   0.00264   0.00000   0.00538   0.00542   0.00534   0.00000   0.00786   0.00257   0.00000   0.00527   0.00000   0.00000   5.01927   1.99493   4.02267   1.79072   0.04750   0.00010  
 66  0.0170   1915.913765  x:  0.00531   0.00255   0.00000   0.00278   0.00000   0.00000   0.00965   0.00580   0.01002   0.00898   0.00614   0.01451   0.01683   0.01084   0.01109   0.00817   0.00261   0.00770   0.00523   0.06261   0.00833   0.00265   0.00000   0.00536   0.00532   0.00538   0.00000   0.00802   0.00258   0.00000   0.00536   0.00000   0.00000   5.06271   1.94642   4.02434   1.85110   0.04706   0.00010  
 67  0.0255   1915.907160  x:  0.00540   0.00251   0.00000   0.00272   0.00000   0.00000   0.00952   0.00567   0.00990   0.00908   0.00618   0.01429   0.01699   0.01092   0.01110   0.00816   0.00266   0.00794   0.00521   0.06230   0.00824   0.00266   0.00000   0.00532   0.00531   0.00531   0.00000   0.00802   0.00265   0.00000   0.00529   0.00000   0.00000   5.13872   1.95083   4.00716   1.88253   0.04735   0.00010  
 68  0.0314   1915.904398  x:  0.00532   0.00256   0.00000   0.00272   0.00000   0.00000   0.00960   0.00556   0.00995   0.00910   0.00610   0.01440   0.01688   0.01085   0.01108   0.00818   0.00270   0.00796   0.00527   0.06252   0.00833   0.00267   0.00000   0.00532   0.00532   0.00533   0.00000   0.00803   0.00269   0.00000   0.00528   0.00000   0.00000   5.19294   1.96186   4.02080   1.91787   0.04719   0.00010  
 69  0.0328   1915.903109  x:  0.00534   0.00263   0.00000   0.00270   0.00000   0.00000   0.00968   0.00558   0.00999   0.00897   0.00608   0.01437   0.01688   0.01087   0.01112   0.00815   0.00269   0.00802   0.00523   0.06244   0.00830   0.00264   0.00000   0.00533   0.00532   0.00531   0.00000   0.00800   0.00268   0.00000   0.00532   0.00000   0.00000   5.21132   1.96324   4.00720   1.92696   0.04723   0.00010  
 70  0.0077   1915.902336  x:  0.00533   0.00267   0.00000   0.00268   0.00000   0.00000   0.00963   0.00557   0.00999   0.00902   0.00609   0.01435   0.01693   0.01078   0.01112   0.00820   0.00268   0.00803   0.00518   0.06246   0.00833   0.00266   0.00000   0.00534   0.00532   0.00534   0.00000   0.00802   0.00266   0.00000   0.00529   0.00000   0.00000   5.19108   1.97735   3.97738   1.92290   0.04725   0.00010  
 71  0.0146   1915.901947  x:  0.00534   0.00269   0.00000   0.00265   0.00000   0.00000   0.00964   0.00559   0.00997   0.00903   0.00608   0.01432   0.01690   0.01078   0.01108   0.00817   0.00267   0.00801   0.00524   0.06250   0.00830   0.00268   0.00000   0.00532   0.00532   0.00533   0.00000   0.00802   0.00265   0.00000   0.00530   0.00000   0.00000   5.18109   1.97959   3.94631   1.91722   0.04724   0.00010  
 72  0.0141   1915.901687  x:  0.00533   0.00268   0.00000   0.00263   0.00000   0.00000   0.00960   0.00562   0.00996   0.00903   0.00606   0.01430   0.01688   0.01075   0.01108   0.00817   0.00267   0.00802   0.00526   0.06240   0.00833   0.00266   0.00000   0.00533   0.00532   0.00533   0.00000   0.00801   0.00266   0.00000   0.00530   0.00000   0.00000   5.18569   1.98427   3.97121   1.93022   0.04729   0.00010  
 73  0.0068   1915.900588  x:  0.00534   0.00269   0.00000   0.00263   0.00000   0.00000   0.00963   0.00559   0.00998   0.00911   0.00602   0.01432   0.01691   0.01075   0.01105   0.00820   0.00267   0.00800   0.00524   0.06249   0.00827   0.00259   0.00000   0.00533   0.00532   0.00533   0.00000   0.00803   0.00267   0.00000   0.00531   0.00000   0.00000   5.16896   1.98046   3.97902   1.95233   0.04753   0.00010  
 74  0.0036   1915.897935  x:  0.00534   0.00267   0.00000   0.00267   0.00000   0.00000   0.00968   0.00561   0.01001   0.00903   0.00594   0.01426   0.01684   0.01081   0.01113   0.00814   0.00269   0.00803   0.00525   0.06257   0.00840   0.00262   0.00000   0.00533   0.00531   0.00534   0.00000   0.00805   0.00268   0.00000   0.00529   0.00000   0.00000   5.11017   2.06078   3.91841   1.98351   0.04770   0.00010  
 75  0.0188   1915.895411  x:  0.00533   0.00262   0.00000   0.00270   0.00000   0.00000   0.00964   0.00559   0.00998   0.00898   0.00587   0.01440   0.01690   0.01076   0.01110   0.00819   0.00267   0.00801   0.00522   0.06241   0.00826   0.00266   0.00000   0.00532   0.00532   0.00532   0.00000   0.00798   0.00266   0.00000   0.00530   0.00000   0.00000   5.11618   2.09955   3.93771   2.07335   0.04775   0.00010  
 76  0.0361   1915.893733  x:  0.00532   0.00265   0.00000   0.00269   0.00000   0.00000   0.00963   0.00563   0.01002   0.00900   0.00587   0.01435   0.01692   0.01089   0.01107   0.00817   0.00264   0.00803   0.00522   0.06244   0.00833   0.00272   0.00000   0.00533   0.00533   0.00536   0.00000   0.00803   0.00264   0.00000   0.00528   0.00000   0.00000   5.13991   2.09378   4.05382   2.14262   0.04781   0.00010  
 77  0.0394   1915.889891  x:  0.00538   0.00266   0.00000   0.00265   0.00000   0.00000   0.00963   0.00557   0.00995   0.00898   0.00603   0.01436   0.01687   0.01082   0.01114   0.00817   0.00268   0.00799   0.00523   0.06259   0.00831   0.00271   0.00000   0.00531   0.00528   0.00531   0.00000   0.00800   0.00264   0.00000   0.00533   0.00000   0.00000   5.09645   2.15199   4.12975   2.27549   0.04691   0.00010  
 78  0.0304   1915.888983  x:  0.00533   0.00266   0.00000   0.00266   0.00000   0.00000   0.00962   0.00559   0.00998   0.00903   0.00606   0.01437   0.01688   0.01093   0.01108   0.00817   0.00269   0.00803   0.00523   0.06248   0.00831   0.00266   0.00000   0.00533   0.00532   0.00533   0.00000   0.00802   0.00265   0.00000   0.00529   0.00000   0.00000   5.09170   2.16729   4.10756   2.29556   0.04657   0.00010  
 79  0.0253   1915.888965  x:  0.00533   0.00266   0.00000   0.00266   0.00000   0.00000   0.00962   0.00560   0.00998   0.00903   0.00607   0.01436   0.01689   0.01092   0.01109   0.00817   0.00269   0.00802   0.00523   0.06245   0.00830   0.00266   0.00000   0.00533   0.00532   0.00533   0.00000   0.00802   0.00265   0.00000   0.00530   0.00000   0.00000   5.09342   2.16966   4.10654   2.29703   0.04657   0.00010  
 80  0.0025   1915.888958  x:  0.00533   0.00266   0.00000   0.00266   0.00000   0.00000   0.00962   0.00560   0.00998   0.00903   0.00607   0.01437   0.01689   0.01092   0.01109   0.00817   0.00268   0.00801   0.00523   0.06246   0.00830   0.00266   0.00000   0.00533   0.00532   0.00533   0.00000   0.00802   0.00266   0.00000   0.00530   0.00000   0.00000   5.09319   2.17118   4.10343   2.29731   0.04657   0.00010  
 81  0.0012   1915.888956  x:  0.00533   0.00266   0.00000   0.00266   0.00000   0.00000   0.00962   0.00560   0.00998   0.00903   0.00607   0.01436   0.01689   0.01092   0.01109   0.00817   0.00268   0.00802   0.00523   0.06246   0.00830   0.00266   0.00000   0.00533   0.00532   0.00533   0.00000   0.00802   0.00266   0.00000   0.00530   0.00000   0.00000   5.09283   2.17048   4.10600   2.29734   0.04656   0.00010  
 82  0.0017   1915.888956  x:  0.00533   0.00266   0.00000   0.00266   0.00000   0.00000   0.00962   0.00560   0.00998   0.00903   0.00607   0.01436   0.01689   0.01092   0.01109   0.00817   0.00268   0.00802   0.00523   0.06246   0.00830   0.00266   0.00000   0.00533   0.00532   0.00533   0.00000   0.00802   0.00266   0.00000   0.00530   0.00000   0.00000   5.09277   2.17049   4.10579   2.29724   0.04656   0.00010  
 83  0.0006   1915.888956  x:  0.00533   0.00266   0.00000   0.00266   0.00000   0.00000   0.00962   0.00560   0.00998   0.00903   0.00607   0.01436   0.01689   0.01092   0.01109   0.00817   0.00268   0.00802   0.00523   0.06246   0.00830   0.00266   0.00000   0.00533   0.00532   0.00533   0.00000   0.00802   0.00266   0.00000   0.00530   0.00000   0.00000   5.09276   2.17049   4.10576   2.29722   0.04656   0.00010  
 84  0.0005   1915.888956  x:  0.00533   0.00266   0.00000   0.00266   0.00000   0.00000   0.00962   0.00560   0.00998   0.00903   0.00607   0.01436   0.01689   0.01092   0.01109   0.00817   0.00268   0.00802   0.00523   0.06246   0.00830   0.00266   0.00000   0.00533   0.00532   0.00533   0.00000   0.00802   0.00266   0.00000   0.00530   0.00000   0.00000   5.09276   2.17049   4.10576   2.29722   0.04656   0.00010  
 85  0.0004   1915.888956  x:  0.00533   0.00266   0.00000   0.00266   0.00000   0.00000   0.00962   0.00560   0.00998   0.00903   0.00607   0.01436   0.01689   0.01092   0.01109   0.00817   0.00268   0.00802   0.00523   0.06246   0.00830   0.00266   0.00000   0.00533   0.00532   0.00533   0.00000   0.00802   0.00266   0.00000   0.00530   0.00000   0.00000   5.09276   2.17049   4.10576   2.29722   0.04656   0.00010  
 86  0.0116   1915.888956  x:  0.00533   0.00266   0.00000   0.00266   0.00000   0.00000   0.00962   0.00560   0.00998   0.00903   0.00607   0.01436   0.01689   0.01092   0.01109   0.00817   0.00268   0.00802   0.00523   0.06246   0.00830   0.00266   0.00000   0.00533   0.00532   0.00533   0.00000   0.00802   0.00266   0.00000   0.00530   0.00000   0.00000   5.09276   2.17049   4.10576   2.29722   0.04656   0.00010  
check convergence!
