Supplemental results for CODEML (seqf: /home/leticiamagpali/phd/evol_models/codeml/small_dataset/cml_align/OTOF_codon_aligned.phy  treef: /home/leticiamagpali/phd/evol_models/codeml/small_dataset/cml_trees/gene_trees/M0_gene_trees/OTOF_codon.tre)

I	J	ij	2Ns_IJ	pMut_IJ	pSub_IJ	2Ns_JI	pMut_JI	pSub_JI

TTC	TTT	CT	-0.14275	0.04915	0.04573	0.14275	0.04261	0.04573	0.04573	0.04573
TTA	TTT	AT	6.57118	0.00001	0.00007	-6.57118	0.00750	0.00007	0.00001	0.00001
TTA	TTC	AC	6.71393	0.00003	0.00022	-6.71393	0.02753	0.00022	0.00005	0.00005
TTG	TTT	GT	1.65707	0.00170	0.00348	-1.65707	0.00892	0.00348	0.00075	0.00075
TTG	TTC	GC	1.79982	0.00541	0.01167	-1.79982	0.03275	0.01167	0.00252	0.00252
TTG	TTA	GA	-4.91411	0.01333	0.00048	4.91411	0.00010	0.00048	0.00048	0.00048
TCT	TTT	CT	1.93931	0.00613	0.01388	-1.93931	0.04261	0.01388	0.00300	0.00300
TCC	TTC	CT	1.33075	0.04132	0.07475	-1.33075	0.15637	0.07475	0.01614	0.01614
TCC	TCT	CT	-0.75131	0.04132	0.02773	0.75131	0.01949	0.02773	0.02773	0.02773
TCA	TTA	CT	-4.12592	0.00774	0.00052	4.12592	0.00012	0.00052	0.00011	0.00011
TCA	TCT	AT	0.50595	0.00207	0.00264	-0.50595	0.00343	0.00264	0.00264	0.00264
TCA	TCC	AC	1.25726	0.00658	0.01157	-1.25726	0.02315	0.01157	0.01157	0.01157
TCG	TTG	CT	1.16971	0.00629	0.01066	-1.16971	0.02024	0.01066	0.00230	0.00230
TCG	TCT	GT	0.88747	0.00168	0.00254	-0.88747	0.00408	0.00254	0.00254	0.00254
TCG	TCC	GC	1.63878	0.00535	0.01088	-1.63878	0.02753	0.01088	0.01088	0.01088
TCG	TCA	GA	0.38152	0.01316	0.01583	-0.38152	0.01928	0.01583	0.01583	0.01583
TAT	TTT	AT	1.30849	0.00203	0.00364	-1.30849	0.00750	0.00364	0.00078	0.00078
TAT	TCT	AC	-0.63082	0.00645	0.00463	0.63082	0.00343	0.00463	0.00100	0.00100
TAC	TTC	AT	0.90519	0.01114	0.01693	-0.90519	0.02753	0.01693	0.00365	0.00365
TAC	TCC	AC	-0.42556	0.03543	0.02842	0.42556	0.02315	0.02842	0.00614	0.00614
TAC	TAT	CT	-0.54605	0.04164	0.03130	0.54605	0.02412	0.03130	0.03130	0.03130
TGT	TTT	GT	2.33795	0.00086	0.00223	-2.33795	0.00892	0.00223	0.00048	0.00048
TGT	TCT	GC	0.39864	0.00274	0.00332	-0.39864	0.00408	0.00332	0.00072	0.00072
TGT	TAT	GA	1.02946	0.00675	0.01080	-1.02946	0.01889	0.01080	0.00233	0.00233
TGC	TTC	GT	1.93768	0.00472	0.01068	-1.93768	0.03275	0.01068	0.00231	0.00231
TGC	TCC	GC	0.60693	0.01501	0.02002	-0.60693	0.02753	0.02002	0.00432	0.00432
TGC	TAC	GA	1.03249	0.03694	0.05924	-1.03249	0.10373	0.05924	0.01279	0.01279
TGC	TGT	CT	-0.54302	0.01764	0.01328	0.54302	0.01025	0.01328	0.01328	0.01328
TGG	TTG	GT	-0.47042	0.00679	0.00531	0.47042	0.00424	0.00531	0.00115	0.00115
TGG	TCG	GC	-1.64012	0.02159	0.00852	1.64012	0.00419	0.00852	0.00184	0.00184
TGG	TGT	GT	-1.15129	0.00679	0.00361	1.15129	0.00215	0.00361	0.00078	0.00078
TGG	TGC	GC	-0.60827	0.02159	0.01569	0.60827	0.01175	0.01569	0.00339	0.00339
CTT	TTT	CT	2.36419	0.00401	0.01046	-2.36419	0.04261	0.01046	0.00226	0.00226
CTC	TTC	CT	1.40654	0.03831	0.07137	-1.40654	0.15637	0.07137	0.01541	0.01541
CTC	CTT	CT	-1.10040	0.03831	0.02102	1.10040	0.01275	0.02102	0.02102	0.02102
CTA	TTA	CT	-3.17345	0.00299	0.00041	3.17345	0.00012	0.00041	0.00041	0.00041
CTA	CTT	AT	1.03354	0.00080	0.00128	-1.03354	0.00224	0.00128	0.00128	0.00128
CTA	CTC	AC	2.13394	0.00254	0.00615	-2.13394	0.02146	0.00615	0.00615	0.00615
CTG	TTG	CT	-1.50185	0.09090	0.03912	1.50185	0.02024	0.03912	0.03912	0.03912
CTG	CTT	GT	-2.20897	0.02431	0.00662	2.20897	0.00267	0.00662	0.00662	0.00662
CTG	CTC	GC	-1.10857	0.07734	0.04223	1.10857	0.02552	0.04223	0.04223	0.04223
CTG	CTA	GA	-3.24251	0.19038	0.02510	3.24251	0.00744	0.02510	0.02510	0.02510
CCT	TCT	CT	0.20079	0.01595	0.01760	-0.20079	0.01949	0.01760	0.00380	0.00380
CCT	CTT	CT	-0.22410	0.01595	0.01423	0.22410	0.01275	0.01423	0.00307	0.00307
CCC	TCC	CT	0.87436	0.05484	0.08226	-0.87436	0.13146	0.08226	0.01776	0.01776
CCC	CTC	CT	0.79857	0.05484	0.07962	-0.79857	0.12187	0.07962	0.01719	0.01719
CCC	CCT	CT	-0.07773	0.05484	0.05273	0.07773	0.05074	0.05273	0.05273	0.05273
CCA	TCA	CT	0.78100	0.01127	0.01624	-0.78100	0.02462	0.01624	0.00351	0.00351
CCA	CTA	CT	-0.17147	0.01127	0.01033	0.17147	0.00950	0.01033	0.00223	0.00223
CCA	CCT	AT	1.08617	0.00302	0.00494	-1.08617	0.00893	0.00494	0.00494	0.00494
CCA	CCC	AC	1.16390	0.00959	0.01623	-1.16390	0.03072	0.01623	0.01623	0.01623
CCG	TCG	CT	0.38891	0.01355	0.01636	-0.38891	0.01999	0.01636	0.00353	0.00353
CCG	CTG	CT	3.06047	0.01355	0.04352	-3.06047	0.28917	0.04352	0.00939	0.00939
CCG	CCT	GT	1.07559	0.00362	0.00592	-1.07559	0.01063	0.00592	0.00592	0.00592
CCG	CCC	GC	1.15332	0.01153	0.01943	-1.15332	0.03654	0.01943	0.01943	0.01943
CCG	CCA	GA	-0.01058	0.02838	0.02823	0.01058	0.02809	0.02823	0.02823	0.02823
CAT	TAT	CT	2.61331	0.00177	0.00498	-2.61331	0.02412	0.00498	0.00108	0.00108
CAT	CTT	AT	1.55761	0.00047	0.00093	-1.55761	0.00224	0.00093	0.00020	0.00020
CAT	CCT	AC	1.78171	0.00150	0.00322	-1.78171	0.00893	0.00322	0.00070	0.00070
CAC	TAC	CT	1.81521	0.02157	0.04676	-1.81521	0.13246	0.04676	0.01010	0.01010
CAC	CTC	AT	1.31386	0.00577	0.01036	-1.31386	0.02146	0.01036	0.00224	0.00224
CAC	CCC	AC	0.51529	0.01835	0.02348	-0.51529	0.03072	0.02348	0.00507	0.00507
CAC	CAT	CT	-1.34415	0.02157	0.01023	1.34415	0.00562	0.01023	0.01023	0.01023
CAA	CTA	AT	0.51616	0.00100	0.00128	-0.51616	0.00167	0.00128	0.00028	0.00028
CAA	CCA	AC	0.68762	0.00317	0.00439	-0.68762	0.00631	0.00439	0.00095	0.00095
CAA	CAT	AT	-0.00791	0.00100	0.00099	0.00791	0.00099	0.00099	0.00021	0.00021
CAA	CAC	AC	1.33624	0.00317	0.00576	-1.33624	0.01208	0.00576	0.00124	0.00124
CAG	CTG	AT	1.46853	0.01172	0.02237	-1.46853	0.05092	0.02237	0.00483	0.00483
CAG	CCG	AC	-1.59194	0.03730	0.01517	1.59194	0.00759	0.01517	0.00328	0.00328
CAG	CAT	GT	-2.29806	0.01172	0.00301	2.29806	0.00118	0.00301	0.00065	0.00065
CAG	CAC	GC	-0.95390	0.03730	0.02229	0.95390	0.01437	0.02229	0.00481	0.00481
CAG	CAA	GA	-2.29014	0.09182	0.02369	2.29014	0.00930	0.02369	0.02369	0.02369
CGT	TGT	CT	1.07537	0.00350	0.00571	-1.07537	0.01025	0.00571	0.00123	0.00123
CGT	CTT	GT	1.04912	0.00093	0.00151	-1.04912	0.00267	0.00151	0.00033	0.00033
CGT	CCT	GC	1.27322	0.00297	0.00526	-1.27322	0.01063	0.00526	0.00114	0.00114
CGT	CAT	GA	-0.50849	0.00732	0.00562	0.50849	0.00440	0.00562	0.00121	0.00121
CGC	TGC	CT	0.64958	0.02930	0.03984	-0.64958	0.05611	0.03984	0.00860	0.00860
CGC	CTC	GT	1.18072	0.00784	0.01335	-1.18072	0.02552	0.01335	0.00288	0.00288
CGC	CCC	GC	0.38214	0.02493	0.03000	-0.38214	0.03654	0.03000	0.00648	0.00648
CGC	CAC	GA	-0.13314	0.06138	0.05738	0.13314	0.05373	0.05738	0.01239	0.01239
CGC	CGT	CT	-0.96881	0.02930	0.01737	0.96881	0.01112	0.01737	0.01737	0.01737
CGA	CTA	GT	0.42324	0.00130	0.00160	-0.42324	0.00199	0.00160	0.00034	0.00034
CGA	CCA	GC	0.59470	0.00414	0.00550	-0.59470	0.00751	0.00550	0.00119	0.00119
CGA	CAA	GA	-0.09292	0.01020	0.00974	0.09292	0.00930	0.00974	0.00210	0.00210
CGA	CGT	AT	0.40766	0.00130	0.00159	-0.40766	0.00196	0.00159	0.00159	0.00159
CGA	CGC	AC	1.37646	0.00414	0.00763	-1.37646	0.01641	0.00763	0.00763	0.00763
CGG	TGG	CT	0.79829	0.03634	0.05275	-0.79829	0.08073	0.05275	0.01139	0.01139
CGG	CTG	GT	1.82972	0.00972	0.02118	-1.82972	0.06056	0.02118	0.00457	0.00457
CGG	CCG	GC	-1.23075	0.03091	0.01570	1.23075	0.00903	0.01570	0.00339	0.00339
CGG	CAG	GA	0.36120	0.07610	0.09067	-0.36120	0.10921	0.09067	0.01958	0.01958
CGG	CGT	GT	-1.42837	0.00972	0.00438	1.42837	0.00233	0.00438	0.00438	0.00438
CGG	CGC	GC	-0.45957	0.03091	0.02435	0.45957	0.01952	0.02435	0.02435	0.02435
CGG	CGA	GA	-1.83603	0.07610	0.02651	1.83603	0.01213	0.02651	0.02651	0.02651
ATT	TTT	AT	0.69345	0.00375	0.00520	-0.69345	0.00750	0.00520	0.00112	0.00112
ATT	CTT	AC	-1.67075	0.01193	0.00462	1.67075	0.00224	0.00462	0.00100	0.00100
ATC	TTC	AT	0.58618	0.01532	0.02025	-0.58618	0.02753	0.02025	0.00437	0.00437
ATC	CTC	AC	-0.82037	0.04874	0.03145	0.82037	0.02146	0.03145	0.00679	0.00679
ATC	ATT	CT	-0.25002	0.05728	0.05042	0.25002	0.04461	0.05042	0.05042	0.05042
ATA	TTA	AT	-3.60451	0.00081	0.00008	3.60451	0.00002	0.00008	0.00002	0.00002
ATA	CTA	AC	-0.43105	0.00257	0.00206	0.43105	0.00167	0.00206	0.00044	0.00044
ATA	ATT	AT	2.27323	0.00081	0.00205	-2.27323	0.00786	0.00205	0.00205	0.00205
ATA	ATC	AC	2.52325	0.00257	0.00706	-2.52325	0.03209	0.00706	0.00706	0.00706
ATG	TTG	AT	-1.09772	0.01068	0.00587	1.09772	0.00356	0.00587	0.00127	0.00127
ATG	CTG	AC	0.40414	0.03399	0.04132	-0.40414	0.05092	0.04132	0.00892	0.00892
ATG	ATT	GT	-0.13409	0.01068	0.00998	0.13409	0.00934	0.00998	0.00216	0.00216
ATG	ATC	GC	0.11593	0.03399	0.03600	-0.11593	0.03817	0.03600	0.00777	0.00777
ATG	ATA	GA	-2.40732	0.08367	0.01994	2.40732	0.00754	0.01994	0.00430	0.00430
ACT	TCT	AT	0.50089	0.00208	0.00264	-0.50089	0.00343	0.00264	0.00057	0.00057
ACT	CCT	AC	0.30010	0.00662	0.00766	-0.30010	0.00893	0.00766	0.00165	0.00165
ACT	ATT	CT	1.74675	0.00778	0.01645	-1.74675	0.04461	0.01645	0.00355	0.00355
ACC	TCC	AT	1.10745	0.00765	0.01265	-1.10745	0.02315	0.01265	0.00273	0.00273
ACC	CCC	AC	0.23308	0.02433	0.02728	-0.23308	0.03072	0.02728	0.00589	0.00589
ACC	ATC	CT	1.85202	0.02860	0.06282	-1.85202	0.18224	0.06282	0.01356	0.01356
ACC	ACT	CT	-0.14475	0.02860	0.02658	0.14475	0.02474	0.02658	0.02658	0.02658
ACA	TCA	AT	0.40938	0.00288	0.00351	-0.40938	0.00433	0.00351	0.00076	0.00076
ACA	CCA	AC	-0.37163	0.00916	0.00756	0.37163	0.00631	0.00756	0.00163	0.00163
ACA	ATA	CT	-0.11204	0.01076	0.01017	0.11204	0.00962	0.01017	0.00220	0.00220
ACA	ACT	AT	0.41444	0.00288	0.00352	-0.41444	0.00436	0.00352	0.00352	0.00352
ACA	ACC	AC	0.55919	0.00916	0.01196	-0.55919	0.01602	0.01196	0.01196	0.01196
ACG	TCG	AT	-0.44702	0.00550	0.00437	0.44702	0.00352	0.00437	0.00094	0.00094
ACG	CCG	AC	-0.83593	0.01751	0.01120	0.83593	0.00759	0.01120	0.00242	0.00242
ACG	ATG	CT	1.82040	0.02058	0.04471	-1.82040	0.12709	0.04471	0.00965	0.00965
ACG	ACT	GT	-0.06044	0.00550	0.00534	0.06044	0.00518	0.00534	0.00534	0.00534
ACG	ACC	GC	0.08431	0.01751	0.01826	-0.08431	0.01905	0.01826	0.01826	0.01826
ACG	ACA	GA	-0.47488	0.04311	0.03368	0.47488	0.02681	0.03368	0.03368	0.03368
AAT	TAT	AT	0.44131	0.00273	0.00338	-0.44131	0.00425	0.00338	0.00073	0.00073
AAT	CAT	AC	-2.17200	0.00869	0.00243	2.17200	0.00099	0.00243	0.00052	0.00052
AAT	ATT	AT	1.05635	0.00273	0.00442	-1.05635	0.00786	0.00442	0.00096	0.00096
AAT	ACT	AC	-0.69040	0.00869	0.00603	0.69040	0.00436	0.00603	0.00130	0.00130
AAC	TAC	AT	0.71599	0.01140	0.01596	-0.71599	0.02332	0.01596	0.00345	0.00345
AAC	CAC	AC	-1.09922	0.03626	0.01991	1.09922	0.01208	0.01991	0.00430	0.00430
AAC	ATC	AT	1.03500	0.01140	0.01830	-1.03500	0.03209	0.01830	0.00395	0.00395
AAC	ACC	AC	-0.81702	0.03626	0.02344	0.81702	0.01602	0.02344	0.00506	0.00506
AAC	AAT	CT	-0.27137	0.04262	0.03710	0.27137	0.03249	0.03710	0.03710	0.03710
AAA	CAA	AC	-1.61985	0.01056	0.00422	1.61985	0.00209	0.00422	0.00091	0.00091
AAA	ATA	AT	-0.67264	0.00332	0.00233	0.67264	0.00169	0.00233	0.00050	0.00050
AAA	ACA	AC	-0.56060	0.01056	0.00788	0.56060	0.00603	0.00788	0.00170	0.00170
AAA	AAT	AT	0.54424	0.00332	0.00430	-0.54424	0.00572	0.00430	0.00093	0.00093
AAA	AAC	AC	0.81561	0.01056	0.01545	-0.81561	0.02387	0.01545	0.00333	0.00333
AAG	CAG	AC	-1.08250	0.07249	0.04020	1.08250	0.02456	0.04020	0.00868	0.00868
AAG	ATG	AT	-0.01811	0.02279	0.02258	0.01811	0.02238	0.02258	0.00488	0.00488
AAG	ACG	AC	-1.83851	0.07249	0.02521	1.83851	0.01153	0.02521	0.00544	0.00544
AAG	AAT	GT	-1.20855	0.02279	0.01173	1.20855	0.00680	0.01173	0.00253	0.00253
AAG	AAC	GC	-0.93718	0.07249	0.04375	0.93718	0.02840	0.04375	0.00945	0.00945
AAG	AAA	GA	-1.75279	0.17845	0.06556	1.75279	0.03092	0.06556	0.06556	0.06556
AGT	TGT	AT	0.08342	0.00166	0.00173	-0.08342	0.00180	0.00173	0.00037	0.00037
AGT	CGT	AC	-0.99194	0.00528	0.00309	0.99194	0.00196	0.00309	0.00067	0.00067
AGT	ATT	GT	1.72793	0.00166	0.00349	-1.72793	0.00934	0.00349	0.00075	0.00075
AGT	ACT	GC	-0.01883	0.00528	0.00523	0.01883	0.00518	0.00523	0.00113	0.00113
AGT	AAT	GA	0.67157	0.01300	0.01785	-0.67157	0.02544	0.01785	0.00385	0.00385
AGC	TGC	AT	0.29097	0.00739	0.00851	-0.29097	0.00988	0.00851	0.00184	0.00184
AGC	CGC	AC	-0.35861	0.02349	0.01953	0.35861	0.01641	0.01953	0.00422	0.00422
AGC	ATC	GT	1.64247	0.00739	0.01504	-1.64247	0.03817	0.01504	0.00325	0.00325
AGC	ACC	GC	-0.20955	0.02349	0.02112	0.20955	0.01905	0.02112	0.00456	0.00456
AGC	AAC	GA	0.60746	0.05784	0.07717	-0.60746	0.10618	0.07717	0.01666	0.01666
AGC	AGT	CT	-0.33548	0.02761	0.02324	0.33548	0.01974	0.02324	0.02324	0.02324
AGA	CGA	AC	1.26680	0.00077	0.00136	-1.26680	0.00273	0.00136	0.00136	0.00136
AGA	ATA	GT	2.12110	0.00024	0.00058	-2.12110	0.00202	0.00058	0.00013	0.00013
AGA	ACA	GC	2.23314	0.00077	0.00192	-2.23314	0.00717	0.00192	0.00042	0.00042
AGA	AAA	GA	2.79373	0.00189	0.00563	-2.79373	0.03092	0.00563	0.00122	0.00122
AGA	AGT	AT	2.66640	0.00024	0.00069	-2.66640	0.00348	0.00069	0.00015	0.00015
AGA	AGC	AC	3.00188	0.00077	0.00243	-3.00188	0.01547	0.00243	0.00052	0.00052
AGG	TGG	AT	3.49653	0.00043	0.00155	-3.49653	0.01421	0.00155	0.00034	0.00034
AGG	CGG	AC	2.69824	0.00137	0.00396	-2.69824	0.02035	0.00396	0.00396	0.00396
AGG	ATG	GT	4.12383	0.00043	0.00181	-4.12383	0.02662	0.00181	0.00039	0.00039
AGG	ACG	GC	2.30342	0.00137	0.00351	-2.30342	0.01371	0.00351	0.00076	0.00076
AGG	AAG	GA	4.14193	0.00337	0.01420	-4.14193	0.21226	0.01420	0.00307	0.00307
AGG	AGT	GT	2.26181	0.00043	0.00109	-2.26181	0.00414	0.00109	0.00023	0.00023
AGG	AGC	GC	2.59729	0.00137	0.00385	-2.59729	0.01840	0.00385	0.00083	0.00083
AGG	AGA	GA	-0.40459	0.00337	0.00274	0.40459	0.00225	0.00274	0.00274	0.00274
GTT	TTT	GT	3.91145	0.00018	0.00071	-3.91145	0.00892	0.00071	0.00015	0.00015
GTT	CTT	GC	1.54726	0.00057	0.00112	-1.54726	0.00267	0.00112	0.00024	0.00024
GTT	ATT	GA	3.21801	0.00140	0.00469	-3.21801	0.03494	0.00469	0.00101	0.00101
GTC	TTC	GT	1.23765	0.00950	0.01656	-1.23765	0.03275	0.01656	0.00358	0.00358
GTC	CTC	GC	-0.16889	0.03022	0.02774	0.16889	0.02552	0.02774	0.00599	0.00599
GTC	ATC	GA	0.65148	0.07439	0.10124	-0.65148	0.14271	0.10124	0.02186	0.02186
GTC	GTT	CT	-2.81655	0.03552	0.00636	2.81655	0.00212	0.00636	0.00636	0.00636
GTA	TTA	GT	-4.22888	0.00180	0.00011	4.22888	0.00003	0.00011	0.00002	0.00002
GTA	CTA	GC	-1.05543	0.00571	0.00322	1.05543	0.00199	0.00322	0.00070	0.00070
GTA	ATA	GA	-0.62437	0.01407	0.01013	0.62437	0.00754	0.01013	0.00219	0.00219
GTA	GTT	AT	-1.56915	0.00180	0.00074	1.56915	0.00037	0.00074	0.00074	0.00074
GTA	GTC	AC	1.24740	0.00571	0.01000	-1.24740	0.01990	0.01000	0.01000	0.01000
GTG	TTG	GT	-1.46355	0.01832	0.00807	1.46355	0.00424	0.00807	0.00174	0.00174
GTG	CTG	GC	0.03830	0.05829	0.05941	-0.03830	0.06056	0.05941	0.01283	0.01283
GTG	ATG	GA	-0.36584	0.14349	0.11884	0.36584	0.09952	0.11884	0.02566	0.02566
GTG	GTT	GT	-3.71794	0.01832	0.00170	3.71794	0.00044	0.00170	0.00170	0.00170
GTG	GTC	GC	-0.90139	0.05829	0.03591	0.90139	0.02366	0.03591	0.03591	0.03591
GTG	GTA	GA	-2.14879	0.14349	0.04071	2.14879	0.01673	0.04071	0.04071	0.04071
GCT	TCT	GT	0.60135	0.00224	0.00298	-0.60135	0.00408	0.00298	0.00064	0.00064
GCT	CCT	GC	0.40056	0.00712	0.00864	-0.40056	0.01063	0.00864	0.00187	0.00187
GCT	ACT	GA	0.10046	0.01752	0.01842	-0.10046	0.01938	0.01842	0.00398	0.00398
GCT	GTT	CT	-1.37080	0.00837	0.00390	1.37080	0.00212	0.00390	0.00084	0.00084
GCC	TCC	GT	0.69881	0.01369	0.01902	-0.69881	0.02753	0.01902	0.00411	0.00411
GCC	CCC	GC	-0.17556	0.04355	0.03984	0.17556	0.03654	0.03984	0.00860	0.00860
GCC	ACC	GA	-0.40864	0.10720	0.08679	0.40864	0.07124	0.08679	0.01874	0.01874
GCC	GTC	CT	0.79191	0.05118	0.07410	-0.79191	0.11299	0.07410	0.01600	0.01600
GCC	GCT	CT	-0.65385	0.05118	0.03626	0.65385	0.02662	0.03626	0.03626	0.03626
GCA	TCA	GT	1.01984	0.00186	0.00297	-1.01984	0.00516	0.00297	0.00064	0.00064
GCA	CCA	GC	0.23884	0.00592	0.00665	-0.23884	0.00751	0.00665	0.00144	0.00144
GCA	ACA	GA	0.61046	0.01456	0.01946	-0.61046	0.02681	0.01946	0.00420	0.00420
GCA	GTA	CT	1.12280	0.00695	0.01157	-1.12280	0.02137	0.01157	0.00250	0.00250
GCA	GCT	AT	0.92444	0.00186	0.00285	-0.92444	0.00469	0.00285	0.00285	0.00285
GCA	GCC	AC	1.57829	0.00592	0.01176	-1.57829	0.02867	0.01176	0.01176	0.01176
GCG	TCG	GT	0.47857	0.00259	0.00327	-0.47857	0.00419	0.00327	0.00070	0.00070
GCG	CCG	GC	0.08966	0.00825	0.00863	-0.08966	0.00903	0.00863	0.00186	0.00186
GCG	ACG	GA	0.92559	0.02032	0.03116	-0.92559	0.05128	0.03116	0.00673	0.00673
GCG	GTG	CT	3.11183	0.00970	0.03160	-3.11183	0.21794	0.03160	0.00682	0.00682
GCG	GCT	GT	0.76469	0.00259	0.00371	-0.76469	0.00557	0.00371	0.00371	0.00371
GCG	GCC	GC	1.41854	0.00825	0.01545	-1.41854	0.03410	0.01545	0.01545	0.01545
GCG	GCA	GA	-0.15975	0.02032	0.01874	0.15975	0.01732	0.01874	0.01874	0.01874
GAT	TAT	GT	-0.18410	0.00607	0.00553	0.18410	0.00505	0.00553	0.00119	0.00119
GAT	CAT	GC	-2.79741	0.01932	0.00351	2.79741	0.00118	0.00351	0.00076	0.00076
GAT	AAT	GA	-0.62541	0.04755	0.03422	0.62541	0.02544	0.03422	0.00739	0.00739
GAT	GTT	AT	-2.78706	0.00607	0.00111	2.78706	0.00037	0.00111	0.00024	0.00024
GAT	GCT	AC	-1.41626	0.01932	0.00876	1.41626	0.00469	0.00876	0.00189	0.00189
GAC	TAC	GT	0.09143	0.02532	0.02649	-0.09143	0.02774	0.02649	0.00572	0.00572
GAC	CAC	GC	-1.72378	0.08054	0.03015	1.72378	0.01437	0.03015	0.00651	0.00651
GAC	AAC	GA	-0.62456	0.19828	0.14277	0.62456	0.10618	0.14277	0.03082	0.03082
GAC	GTC	AT	-0.24103	0.02532	0.02239	0.24103	0.01990	0.02239	0.00483	0.00483
GAC	GCC	AC	-1.03294	0.08054	0.04598	1.03294	0.02867	0.04598	0.00993	0.00993
GAC	GAT	CT	-0.27053	0.09467	0.08244	0.27053	0.07223	0.08244	0.08244	0.08244
GAA	CAA	GC	-2.03274	0.01898	0.00582	2.03274	0.00249	0.00582	0.00126	0.00126
GAA	AAA	GA	-0.41289	0.04673	0.03775	0.41289	0.03092	0.03775	0.00815	0.00815
GAA	GTA	AT	-0.46116	0.00597	0.00470	0.46116	0.00376	0.00470	0.00101	0.00101
GAA	GCA	AC	-1.58395	0.01898	0.00776	1.58395	0.00389	0.00776	0.00168	0.00168
GAA	GAT	AT	0.75675	0.00597	0.00851	-0.75675	0.01272	0.00851	0.00184	0.00184
GAA	GAC	AC	1.02728	0.01898	0.03037	-1.02728	0.05303	0.03037	0.00656	0.00656
GAG	CAG	GC	-1.09792	0.08756	0.04812	1.09792	0.02921	0.04812	0.01039	0.01039
GAG	AAG	GA	-0.01542	0.21556	0.21390	0.01542	0.21226	0.21390	0.04618	0.04618
GAG	GTG	AT	0.33231	0.02752	0.03235	-0.33231	0.03837	0.03235	0.00698	0.00698
GAG	GCG	AC	-2.77952	0.08756	0.01611	2.77952	0.00543	0.01611	0.00348	0.00348
GAG	GAT	GT	-0.59857	0.02752	0.02010	0.59857	0.01513	0.02010	0.00434	0.00434
GAG	GAC	GC	-0.32804	0.08756	0.07398	0.32804	0.06307	0.07398	0.01597	0.01597
GAG	GAA	GA	-1.35532	0.21556	0.10151	1.35532	0.05558	0.10151	0.10151	0.10151
GGT	TGT	GT	0.71433	0.00105	0.00147	-0.71433	0.00215	0.00147	0.00032	0.00032
GGT	CGT	GC	-0.36103	0.00334	0.00278	0.36103	0.00233	0.00278	0.00060	0.00060
GGT	AGT	GA	0.63091	0.00823	0.01109	-0.63091	0.01546	0.01109	0.00240	0.00240
GGT	GTT	GT	-0.85917	0.00105	0.00066	0.85917	0.00044	0.00066	0.00014	0.00014
GGT	GCT	GC	0.51162	0.00334	0.00427	-0.51162	0.00557	0.00427	0.00092	0.00092
GGT	GAT	GA	1.92789	0.00823	0.01856	-1.92789	0.05656	0.01856	0.00401	0.00401
GGC	TGC	GT	-0.29274	0.01575	0.01356	0.29274	0.01175	0.01356	0.00293	0.00293
GGC	CGC	GC	-0.94232	0.05010	0.03015	0.94232	0.01952	0.03015	0.00651	0.00651
GGC	AGC	GA	-0.58371	0.12333	0.09082	0.58371	0.06880	0.09082	0.01961	0.01961
GGC	GTC	GT	0.40728	0.01575	0.01917	-0.40728	0.02366	0.01917	0.00414	0.00414
GGC	GCC	GC	-0.38463	0.05010	0.04108	0.38463	0.03410	0.04108	0.00887	0.00887
GGC	GAC	GA	0.64831	0.12333	0.16760	-0.64831	0.23584	0.16760	0.03618	0.03618
GGC	GGT	CT	-1.55010	0.05888	0.02459	1.55010	0.01250	0.02459	0.02459	0.02459
GGA	CGA	GC	-0.44150	0.00505	0.00401	0.44150	0.00325	0.00401	0.00087	0.00087
GGA	AGA	GA	-1.70830	0.01242	0.00470	1.70830	0.00225	0.00470	0.00101	0.00101
GGA	GTA	GT	1.03717	0.00159	0.00255	-1.03717	0.00448	0.00255	0.00055	0.00055
GGA	GCA	GC	-0.08563	0.00505	0.00483	0.08563	0.00463	0.00483	0.00104	0.00104
GGA	GAA	GA	1.49833	0.01242	0.02397	-1.49833	0.05558	0.02397	0.00518	0.00518
GGA	GGT	AT	0.32719	0.00159	0.00186	-0.32719	0.00220	0.00186	0.00186	0.00186
GGA	GGC	AC	1.87729	0.00505	0.01119	-1.87729	0.03298	0.01119	0.01119	0.01119
GGG	TGG	GT	0.72686	0.00817	0.01150	-0.72686	0.01691	0.01150	0.00248	0.00248
GGG	CGG	GC	-0.07143	0.02600	0.02508	0.07143	0.02421	0.02508	0.00542	0.00542
GGG	AGG	GA	-2.76967	0.06401	0.01186	2.76967	0.00401	0.01186	0.00256	0.00256
GGG	GTG	GT	1.72000	0.00817	0.01712	-1.72000	0.04564	0.01712	0.00370	0.00370
GGG	GCG	GC	-1.39184	0.02600	0.01197	1.39184	0.00646	0.01197	0.00259	0.00259
GGG	GAG	GA	1.38769	0.06401	0.11838	-1.38769	0.25639	0.11838	0.02556	0.02556
GGG	GGT	GT	-1.13877	0.00817	0.00438	1.13877	0.00262	0.00438	0.00438	0.00438
GGG	GGC	GC	0.41133	0.02600	0.03171	-0.41133	0.03923	0.03171	0.03171	0.03171
GGG	GGA	GA	-1.46596	0.06401	0.02816	1.46596	0.01478	0.02816	0.02816	0.02816


Histograms
2Ns	FMut	FSub(CodonUsage)	FSubw(after w)

-6.39422	0.00248	0.00003	0.00001
-5.75480	0.00000	0.00000	0.00000
-5.11538	0.00094	0.00004	0.00011
-4.47596	0.00013	0.00001	0.00001
-3.83653	0.01943	0.00171	0.00122
-3.19711	0.05412	0.00985	0.00980
-2.55769	0.04289	0.01181	0.01396
-1.91827	0.11130	0.04910	0.05596
-1.27884	0.17049	0.10731	0.12813
-0.63942	0.23921	0.22114	0.17309
0.00000	0.15607	0.19799	0.23542
0.63942	0.13123	0.22114	0.17309
1.27884	0.04796	0.10731	0.12813
1.91827	0.01766	0.04910	0.05596
2.55769	0.00338	0.01181	0.01396
3.19711	0.00236	0.00985	0.00980
3.83653	0.00032	0.00171	0.00122
4.47596	0.00000	0.00001	0.00001
5.11538	0.00001	0.00004	0.00011
5.75480	0.00000	0.00000	0.00000
6.39422	0.00000	0.00003	0.00001

Proportion of advantageous (S > 0) mutations:
 0.27597

Proportions of good & bad mutations (|S| > 2.0000) among mutations:
0.00795  0.13598

mean |Ns| = 1.15974	mean Ns+ = 0.70826	mean Ns- = -1.33182
