

TREE # 1

  0  0.0000   2495.770087  x:  0.00771   0.00906   0.02361   0.00901   0.01957   0.02991   0.01771   0.02079   0.02997   0.01459   0.00597   0.01504   0.01350   0.00742   0.00839   0.01563   0.01738   0.01263   0.01177   0.00549   0.01169   0.01243   0.00881   0.00000   0.07194   0.03140   0.00374   0.02769   0.00017   0.01054   0.01319   0.00680   0.01109   0.01313   0.00555   0.01016   0.01765   0.01353   0.01178   0.01169   0.00903   0.00375   0.01165   0.01116   0.00686   0.00831   0.00528   0.01655   0.00531   0.02053   0.00668   0.00612   0.00486   0.01016   0.01024   1.23165   0.82237   0.69960   0.98335   0.51907  
  1 99.0000   2495.760000  x:  0.00772   0.00906   0.02361   0.00901   0.01957   0.02991   0.01771   0.02079   0.02997   0.01459   0.00597   0.01504   0.01350   0.00742   0.00839   0.01563   0.01738   0.01263   0.01177   0.00549   0.01169   0.01243   0.00881   0.00000   0.07194   0.03140   0.00374   0.02769   0.00017   0.01054   0.01319   0.00680   0.01108   0.01313   0.00555   0.01016   0.01765   0.01353   0.01178   0.01169   0.00903   0.00375   0.01165   0.01116   0.00686   0.00831   0.00528   0.01655   0.00531   0.02053   0.00668   0.00611   0.00486   0.01015   0.01024   1.23165   0.82237   0.69960   0.98335   0.51907  
  2 1766.1963   2494.830411  x:  0.00765   0.00906   0.02356   0.00898   0.01957   0.02990   0.01770   0.02077   0.02998   0.01460   0.00602   0.01504   0.01338   0.00726   0.00829   0.01560   0.01737   0.01260   0.01170   0.00533   0.01162   0.01235   0.00882   0.00000   0.07194   0.03139   0.00360   0.02770   0.00000   0.01056   0.01314   0.00685   0.01092   0.01302   0.00539   0.01014   0.01764   0.01350   0.01162   0.01165   0.00887   0.00360   0.01159   0.01116   0.00688   0.00815   0.00528   0.01652   0.00539   0.02048   0.00671   0.00596   0.00470   0.01011   0.01019   1.23167   0.82237   0.69961   0.98335   0.51904  
  3 5375.1512   2477.580088  x:  0.00833   0.00963   0.02293   0.00929   0.01974   0.03006   0.01800   0.02096   0.03006   0.01464   0.00591   0.01548   0.01104   0.00365   0.00629   0.01572   0.01748   0.01279   0.01099   0.00171   0.01091   0.01138   0.00880   0.00000   0.07202   0.03147   0.00057   0.02787   0.00000   0.01129   0.01257   0.00744   0.00705   0.01061   0.00174   0.01039   0.01778   0.01351   0.00804   0.01129   0.00527   0.00000   0.01100   0.01142   0.00762   0.00456   0.00518   0.01652   0.00523   0.01991   0.00747   0.00234   0.00117   0.00990   0.00996   1.23205   0.82238   0.69966   0.98331   0.51849  
  4 11591.0085   2474.646121  x:  0.00820   0.00965   0.02286   0.00926   0.01974   0.03011   0.01806   0.02105   0.03007   0.01463   0.00586   0.01553   0.01064   0.00295   0.00599   0.01576   0.01750   0.01284   0.01094   0.00102   0.01087   0.01130   0.00881   0.00000   0.07203   0.03149   0.00000   0.02788   0.00000   0.01133   0.01250   0.00744   0.00630   0.01015   0.00104   0.01040   0.01781   0.01354   0.00734   0.01126   0.00458   0.00000   0.01096   0.01144   0.00763   0.00387   0.00523   0.01655   0.00515   0.01987   0.00747   0.00165   0.00049   0.00992   0.00998   1.23213   0.82238   0.69968   0.98330   0.51839  
  5 32188.9144   2472.696121  x:  0.00816   0.00964   0.02283   0.00926   0.01974   0.03015   0.01810   0.02111   0.03008   0.01463   0.00586   0.01556   0.01036   0.00245   0.00579   0.01577   0.01751   0.01286   0.01092   0.00052   0.01085   0.01126   0.00882   0.00000   0.07204   0.03151   0.00000   0.02789   0.00000   0.01134   0.01246   0.00744   0.00576   0.00982   0.00053   0.01040   0.01782   0.01356   0.00685   0.01126   0.00408   0.00000   0.01095   0.01144   0.00760   0.00337   0.00519   0.01656   0.00515   0.01985   0.00745   0.00114   0.00000   0.00993   0.01000   1.23218   0.82238   0.69968   0.98330   0.51831  
  6 158978.9838   2470.883520  x:  0.00814   0.00963   0.02280   0.00927   0.01974   0.03018   0.01813   0.02118   0.03009   0.01463   0.00587   0.01558   0.01010   0.00194   0.00559   0.01578   0.01751   0.01287   0.01091   0.00000   0.01084   0.01124   0.00882   0.00000   0.07204   0.03151   0.00000   0.02789   0.00000   0.01133   0.01242   0.00744   0.00521   0.00948   0.00001   0.01040   0.01783   0.01357   0.00634   0.01125   0.00357   0.00000   0.01094   0.01144   0.00759   0.00285   0.00521   0.01657   0.00516   0.01983   0.00743   0.00063   0.00000   0.00993   0.01000   1.23223   0.82238   0.69969   0.98329   0.51824  
  7 662960.0927   2470.883520  x:  0.00814   0.00963   0.02280   0.00927   0.01974   0.03018   0.01813   0.02118   0.03009   0.01463   0.00587   0.01558   0.01010   0.00194   0.00559   0.01578   0.01751   0.01287   0.01091   0.00000   0.01084   0.01124   0.00882   0.00000   0.07204   0.03151   0.00000   0.02789   0.00000   0.01133   0.01242   0.00744   0.00521   0.00948   0.00001   0.01040   0.01783   0.01357   0.00634   0.01125   0.00357   0.00000   0.01094   0.01144   0.00759   0.00285   0.00521   0.01657   0.00516   0.01983   0.00743   0.00063   0.00000   0.00993   0.01000   1.23223   0.82238   0.69969   0.98329   0.51824  
  8 1095335.1035   2470.848239  x:  0.00814   0.00963   0.02280   0.00927   0.01974   0.03018   0.01813   0.02118   0.03009   0.01463   0.00587   0.01557   0.01009   0.00193   0.00559   0.01577   0.01751   0.01286   0.01091   0.00000   0.01084   0.01123   0.00882   0.00000   0.07204   0.03151   0.00000   0.02789   0.00000   0.01133   0.01242   0.00743   0.00520   0.00948   0.00000   0.01040   0.01782   0.01357   0.00633   0.01125   0.00356   0.00000   0.01094   0.01144   0.00758   0.00285   0.00521   0.01657   0.00516   0.01983   0.00743   0.00062   0.00000   0.00993   0.01000   1.23223   0.82238   0.69969   0.98329   0.51824  
  9 1541.9177   2468.735174  x:  0.00795   0.00964   0.02263   0.00920   0.01974   0.03018   0.01808   0.02111   0.03013   0.01467   0.00610   0.01560   0.00967   0.00131   0.00524   0.01570   0.01748   0.01278   0.01070   0.00000   0.01063   0.01099   0.00884   0.00000   0.07206   0.03141   0.00000   0.02790   0.00000   0.01137   0.01227   0.00758   0.00458   0.00906   0.00000   0.01028   0.01778   0.01345   0.00572   0.01113   0.00294   0.00000   0.01075   0.01144   0.00762   0.00223   0.00518   0.01647   0.00557   0.01966   0.00748   0.00000   0.00000   0.00978   0.00984   1.23230   0.82238   0.69970   0.98329   0.51814  
 10 2727.7762   2465.558600  x:  0.00800   0.00982   0.02243   0.00925   0.01980   0.03025   0.01819   0.02122   0.03016   0.01468   0.00604   0.01577   0.00889   0.00000   0.00464   0.01574   0.01752   0.01283   0.01054   0.00000   0.01048   0.01077   0.00882   0.00000   0.07208   0.03129   0.00000   0.02790   0.00000   0.01160   0.01214   0.00779   0.00326   0.00819   0.00000   0.01034   0.01783   0.01345   0.00442   0.01103   0.00164   0.00000   0.01061   0.01152   0.00786   0.00093   0.00530   0.01647   0.00546   0.01949   0.00773   0.00000   0.00000   0.00974   0.00979   1.23244   0.82238   0.69973   0.98328   0.51794  
 11 4845.6059   2463.765126  x:  0.00789   0.00984   0.02234   0.00923   0.01981   0.03033   0.01826   0.02134   0.03017   0.01467   0.00600   0.01584   0.00839   0.00000   0.00429   0.01577   0.01754   0.01287   0.01052   0.00000   0.01046   0.01072   0.00882   0.00000   0.07209   0.03124   0.00000   0.02787   0.00000   0.01166   0.01208   0.00778   0.00233   0.00758   0.00000   0.01033   0.01786   0.01347   0.00349   0.01100   0.00072   0.00000   0.01059   0.01155   0.00790   0.00000   0.00511   0.01650   0.00539   0.01944   0.00777   0.00000   0.00000   0.00976   0.00981   1.23254   0.82239   0.69974   0.98327   0.51780  
 12 15964.7683   2462.688579  x:  0.00781   0.00983   0.02231   0.00921   0.01980   0.03039   0.01830   0.02145   0.03018   0.01467   0.00600   0.01588   0.00804   0.00000   0.00405   0.01579   0.01755   0.01290   0.01052   0.00000   0.01047   0.01071   0.00883   0.00000   0.07210   0.03122   0.00000   0.02784   0.00000   0.01165   0.01204   0.00773   0.00162   0.00710   0.00000   0.01032   0.01788   0.01349   0.00278   0.01100   0.00000   0.00000   0.01059   0.01155   0.00789   0.00000   0.00514   0.01652   0.00538   0.01943   0.00774   0.00000   0.00000   0.00979   0.00983   1.23261   0.82239   0.69976   0.98326   0.51769  
 13 28038.8850   2460.917409  x:  0.00790   0.00979   0.02229   0.00929   0.01982   0.03051   0.01838   0.02168   0.03020   0.01467   0.00604   0.01592   0.00738   0.00000   0.00357   0.01579   0.01755   0.01290   0.01056   0.00000   0.01052   0.01075   0.00883   0.00000   0.07210   0.03121   0.00000   0.02784   0.00000   0.01159   0.01203   0.00775   0.00000   0.00604   0.00000   0.01035   0.01787   0.01351   0.00118   0.01102   0.00000   0.00000   0.01063   0.01153   0.00782   0.00000   0.00511   0.01653   0.00547   0.01944   0.00768   0.00000   0.00000   0.00981   0.00987   1.23278   0.82239   0.69978   0.98325   0.51745  
 14 27576.6644   2460.137903  x:  0.00782   0.00979   0.02233   0.00928   0.01984   0.03056   0.01840   0.02179   0.03022   0.01468   0.00602   0.01593   0.00709   0.00000   0.00334   0.01575   0.01752   0.01285   0.01058   0.00000   0.01053   0.01078   0.00882   0.00000   0.07210   0.03123   0.00000   0.02788   0.00000   0.01157   0.01209   0.00785   0.00000   0.00527   0.00000   0.01036   0.01784   0.01346   0.00000   0.01104   0.00000   0.00000   0.01064   0.01151   0.00782   0.00000   0.00511   0.01650   0.00544   0.01947   0.00771   0.00000   0.00000   0.00979   0.00984   1.23290   0.82239   0.69980   0.98324   0.51728  
 15 9056.3299   2458.065725  x:  0.00777   0.00995   0.02260   0.00917   0.01992   0.03076   0.01845   0.02218   0.03031   0.01467   0.00606   0.01606   0.00601   0.00000   0.00214   0.01560   0.01749   0.01268   0.01051   0.00000   0.01040   0.01084   0.00889   0.00000   0.07207   0.03140   0.00000   0.02797   0.00000   0.01186   0.01231   0.00734   0.00000   0.00000   0.00000   0.01009   0.01775   0.01325   0.00000   0.01105   0.00000   0.00000   0.01059   0.01157   0.00803   0.00000   0.00511   0.01632   0.00539   0.01959   0.00793   0.00000   0.00000   0.00957   0.00961   1.23369   0.82241   0.69994   0.98317   0.51614  
 16 3805.5464   2456.612549  x:  0.00708   0.01019   0.02277   0.00946   0.01980   0.03115   0.01870   0.02271   0.03041   0.01457   0.00608   0.01640   0.00460   0.00000   0.00000   0.01581   0.01767   0.01295   0.01010   0.00000   0.00995   0.01044   0.00883   0.00000   0.07202   0.03151   0.00000   0.02779   0.00000   0.01189   0.01226   0.00695   0.00000   0.00000   0.00000   0.01107   0.01800   0.01327   0.00000   0.01084   0.00000   0.00000   0.01023   0.01180   0.00826   0.00000   0.00510   0.01636   0.00564   0.01937   0.00788   0.00000   0.00000   0.00945   0.00945   1.23561   0.82243   0.70026   0.98301   0.51330  
 17 779.4782   2453.581678  x:  0.00672   0.01017   0.02191   0.00909   0.01965   0.03261   0.01973   0.02429   0.03069   0.01444   0.00592   0.01708   0.00000   0.00000   0.00000   0.01666   0.01819   0.01402   0.00881   0.00000   0.00876   0.00867   0.00880   0.00000   0.07200   0.03104   0.00000   0.02700   0.00000   0.01134   0.01116   0.00802   0.00000   0.00000   0.00000   0.01009   0.01879   0.01384   0.00000   0.00994   0.00000   0.00000   0.00905   0.01214   0.00825   0.00000   0.00507   0.01685   0.00525   0.01803   0.00728   0.00000   0.00000   0.00959   0.00952   1.24161   0.82253   0.70128   0.98252   0.50439  
 18 966.4436   2450.152594  x:  0.00708   0.00721   0.01137   0.00796   0.02112   0.03380   0.02053   0.02724   0.03038   0.01588   0.00665   0.02281   0.00000   0.00000   0.00000   0.01505   0.01627   0.01227   0.00988   0.00000   0.01135   0.00684   0.00973   0.00000   0.07329   0.02461   0.00000   0.02726   0.00000   0.01643   0.00303   0.00922   0.00000   0.00000   0.00000   0.01164   0.01663   0.01393   0.00000   0.00881   0.00000   0.00000   0.00960   0.00951   0.00604   0.00000   0.00499   0.01699   0.00475   0.01377   0.00984   0.00000   0.00000   0.01066   0.01082   1.25842   0.82282   0.70408   0.98113   0.47944  
 19 416.3381   2449.107518  x:  0.00650   0.00702   0.00686   0.01176   0.02138   0.03291   0.02047   0.02649   0.02994   0.01556   0.00598   0.02410   0.00000   0.00000   0.00000   0.01443   0.01570   0.01150   0.01000   0.00000   0.01227   0.00596   0.00890   0.00000   0.07440   0.02039   0.00000   0.02625   0.00000   0.01816   0.00593   0.00905   0.00000   0.00000   0.00000   0.00982   0.01586   0.01391   0.00000   0.00823   0.00000   0.00000   0.00957   0.00917   0.00556   0.00000   0.00495   0.01698   0.00494   0.01189   0.00958   0.00000   0.00000   0.01109   0.01135   1.26526   0.82296   0.70520   0.98056   0.46925  
 20 311.2253   2446.509494  x:  0.00915   0.00783   0.01127   0.01373   0.02180   0.02828   0.01976   0.02045   0.02897   0.01400   0.00541   0.02421   0.00000   0.00000   0.00000   0.01402   0.01582   0.01078   0.00900   0.00000   0.01331   0.00522   0.00842   0.00000   0.07822   0.01178   0.00000   0.02387   0.00000   0.01998   0.00306   0.01032   0.00000   0.00000   0.00000   0.00757   0.01563   0.01367   0.00000   0.00714   0.00000   0.00000   0.00856   0.01103   0.00801   0.00000   0.00489   0.01679   0.00500   0.01064   0.00768   0.00000   0.00000   0.01163   0.01209   1.28371   0.82338   0.70812   0.97905   0.44164  
 21 251.0825   2441.952016  x:  0.01797   0.00774   0.00800   0.00893   0.02213   0.02229   0.01882   0.00991   0.02871   0.01394   0.00797   0.02291   0.00000   0.00000   0.00000   0.01499   0.01692   0.01184   0.00506   0.00000   0.01182   0.00264   0.01101   0.00000   0.08466   0.01539   0.00000   0.02122   0.00000   0.02237   0.00626   0.01151   0.00000   0.00000   0.00000   0.00852   0.01684   0.01360   0.00000   0.00527   0.00000   0.00000   0.00510   0.01248   0.00924   0.00000   0.00484   0.01676   0.00345   0.00967   0.00589   0.00000   0.00000   0.01167   0.01224   1.31715   0.82418   0.71334   0.97630   0.39138  
 22 647.0841   2437.783048  x:  0.02394   0.00938   0.00486   0.01310   0.02099   0.02148   0.01724   0.01040   0.02976   0.01479   0.00545   0.02027   0.00000   0.00000   0.00000   0.01597   0.01769   0.01292   0.00230   0.00000   0.00486   0.00659   0.00910   0.00000   0.08864   0.02198   0.00000   0.02281   0.00000   0.02368   0.00245   0.01049   0.00000   0.00000   0.00000   0.00556   0.01787   0.01239   0.00000   0.00522   0.00000   0.00000   0.00312   0.01197   0.00889   0.00000   0.00476   0.01570   0.00493   0.00925   0.00901   0.00000   0.00000   0.00867   0.00882   1.34240   0.82484   0.71714   0.97426   0.35309  
 23 655.6568   2436.383231  x:  0.02638   0.00976   0.00500   0.01374   0.02054   0.02252   0.01680   0.01208   0.03035   0.01514   0.00544   0.01947   0.00000   0.00000   0.00360   0.01609   0.01782   0.01307   0.00378   0.00000   0.00198   0.00514   0.00883   0.00000   0.08958   0.02295   0.00000   0.02341   0.00000   0.02422   0.00241   0.00987   0.00000   0.00000   0.00000   0.00523   0.01808   0.01170   0.00000   0.00489   0.00000   0.00000   0.00346   0.01160   0.00863   0.00000   0.00473   0.01512   0.00510   0.00843   0.01018   0.00000   0.00000   0.00703   0.00690   1.35081   0.82507   0.71838   0.97359   0.34034  
 24 1189.3021   2434.520323  x:  0.02944   0.01042   0.00603   0.01422   0.01977   0.02549   0.01650   0.01542   0.03150   0.01550   0.00576   0.01869   0.00000   0.00000   0.00239   0.01604   0.01794   0.01310   0.00325   0.00000   0.00337   0.00163   0.00853   0.00000   0.08976   0.02349   0.00000   0.02441   0.00000   0.02450   0.00306   0.00873   0.00000   0.00000   0.00000   0.00520   0.01830   0.01042   0.00000   0.00434   0.00000   0.00000   0.00358   0.01102   0.00821   0.00000   0.00471   0.01403   0.00524   0.00723   0.01196   0.00000   0.00000   0.00414   0.00349   1.36051   0.82534   0.71977   0.97282   0.32567  
 25 829.6295   2433.714442  x:  0.03133   0.01099   0.00618   0.01327   0.01937   0.02851   0.01661   0.01725   0.03244   0.01523   0.00699   0.01857   0.00000   0.00000   0.00072   0.01551   0.01792   0.01259   0.00294   0.00000   0.00185   0.00281   0.00923   0.00000   0.08888   0.02175   0.00000   0.02431   0.00000   0.02440   0.00437   0.00821   0.00000   0.00000   0.00000   0.00597   0.01818   0.00915   0.00000   0.00349   0.00000   0.00000   0.00283   0.01107   0.00836   0.00000   0.00470   0.01292   0.00482   0.00647   0.01234   0.00000   0.00000   0.00309   0.00282   1.36592   0.82549   0.72053   0.97240   0.31763  
 26 514.3716   2433.156955  x:  0.03217   0.01246   0.00560   0.01304   0.01902   0.03158   0.01639   0.01798   0.03352   0.01451   0.00742   0.01820   0.00000   0.00000   0.00093   0.01429   0.01786   0.01127   0.00198   0.00000   0.00191   0.00238   0.00965   0.00000   0.08698   0.02117   0.00000   0.02415   0.00000   0.02379   0.00451   0.00777   0.00000   0.00000   0.00000   0.00631   0.01775   0.00727   0.00000   0.00369   0.00000   0.00000   0.00210   0.01167   0.00922   0.00000   0.00470   0.01114   0.00479   0.00761   0.01230   0.00000   0.00000   0.00413   0.00452   1.37018   0.82560   0.72111   0.97209   0.31153  
 27 341.3066   2432.756085  x:  0.03263   0.01427   0.00459   0.01302   0.01866   0.03411   0.01616   0.01724   0.03450   0.01371   0.00746   0.01796   0.00000   0.00000   0.00016   0.01334   0.01805   0.01028   0.00316   0.00000   0.00177   0.00215   0.00987   0.00000   0.08477   0.02157   0.00000   0.02349   0.00000   0.02297   0.00399   0.00765   0.00000   0.00000   0.00000   0.00629   0.01759   0.00639   0.00000   0.00356   0.00000   0.00000   0.00319   0.01267   0.01042   0.00000   0.00469   0.00990   0.00487   0.00765   0.01169   0.00000   0.00000   0.00441   0.00446   1.37498   0.82572   0.72178   0.97173   0.30476  
 28 432.5844   2432.437270  x:  0.03271   0.01555   0.00425   0.01298   0.01856   0.03625   0.01587   0.01632   0.03514   0.01341   0.00755   0.01834   0.00000   0.00000   0.00104   0.01252   0.01798   0.00944   0.00320   0.00000   0.00295   0.00302   0.01004   0.00000   0.08225   0.02190   0.00000   0.02288   0.00000   0.02255   0.00377   0.00768   0.00000   0.00000   0.00000   0.00627   0.01720   0.00706   0.00000   0.00367   0.00000   0.00000   0.00289   0.01318   0.01112   0.00000   0.00469   0.00977   0.00485   0.00686   0.01101   0.00000   0.00000   0.00426   0.00376   1.37929   0.82581   0.72238   0.97142   0.29893  
 29 390.0546   2431.682067  x:  0.03275   0.01695   0.00508   0.01329   0.01889   0.03993   0.01482   0.01411   0.03564   0.01403   0.00739   0.02053   0.00000   0.00000   0.00078   0.01085   0.01694   0.00781   0.00257   0.00000   0.00200   0.00258   0.00995   0.00000   0.07595   0.02258   0.00000   0.02256   0.00000   0.02291   0.00375   0.00777   0.00000   0.00000   0.00000   0.00597   0.01550   0.01015   0.00000   0.00516   0.00000   0.00000   0.00334   0.01265   0.01111   0.00000   0.00469   0.01153   0.00491   0.00667   0.01008   0.00000   0.00000   0.00454   0.00380   1.39127   0.82606   0.72403   0.97056   0.28284  
 30 505.2527   2431.134229  x:  0.03264   0.01719   0.00536   0.01344   0.01908   0.04069   0.01405   0.01314   0.03521   0.01452   0.00699   0.02156   0.00000   0.00000   0.00061   0.01136   0.01637   0.00868   0.00381   0.00000   0.00216   0.00245   0.00946   0.00000   0.07176   0.02269   0.00000   0.02302   0.00000   0.02342   0.00369   0.00792   0.00000   0.00000   0.00000   0.00569   0.01491   0.01004   0.00000   0.00364   0.00000   0.00000   0.00192   0.01194   0.01064   0.00000   0.00470   0.01237   0.00510   0.00806   0.00959   0.00000   0.00000   0.00397   0.00418   1.40109   0.82626   0.72538   0.96987   0.27005  
 31 443.4884   2430.550820  x:  0.03247   0.01708   0.00554   0.01322   0.01924   0.04047   0.01340   0.01264   0.03437   0.01483   0.00679   0.02218   0.00000   0.00000   0.00121   0.01259   0.01601   0.01021   0.00280   0.00000   0.00242   0.00285   0.00909   0.00000   0.06749   0.02229   0.00000   0.02361   0.00000   0.02397   0.00386   0.00815   0.00000   0.00000   0.00000   0.00561   0.01481   0.00880   0.00000   0.00220   0.00000   0.00000   0.00344   0.01127   0.01009   0.00000   0.00471   0.01276   0.00521   0.00878   0.00903   0.00000   0.00000   0.00358   0.00435   1.41261   0.82648   0.72695   0.96906   0.25540  
 32 928.6414   2429.804690  x:  0.03228   0.01654   0.00549   0.01274   0.01926   0.03871   0.01297   0.01278   0.03291   0.01479   0.00679   0.02213   0.00000   0.00000   0.00135   0.01459   0.01604   0.01235   0.00279   0.00000   0.00249   0.00308   0.00890   0.00000   0.06264   0.02141   0.00000   0.02440   0.00000   0.02456   0.00412   0.00848   0.00000   0.00000   0.00000   0.00569   0.01546   0.00639   0.00000   0.00510   0.00000   0.00000   0.00350   0.01075   0.00943   0.00000   0.00472   0.01248   0.00524   0.00838   0.00848   0.00000   0.00000   0.00383   0.00374   1.42994   0.82681   0.72929   0.96787   0.23381  
 33 1064.7693   2428.804388  x:  0.03159   0.01509   0.00618   0.01307   0.01905   0.03382   0.01390   0.01560   0.03164   0.01390   0.00742   0.01970   0.00000   0.00000   0.00074   0.01409   0.01673   0.01084   0.00329   0.00000   0.00250   0.00300   0.00985   0.00000   0.06145   0.02190   0.00000   0.02537   0.00000   0.02452   0.00434   0.00832   0.00000   0.00000   0.00000   0.00596   0.01655   0.00849   0.00000   0.00399   0.00000   0.00000   0.00317   0.01120   0.00899   0.00000   0.00473   0.01029   0.00501   0.00656   0.00966   0.00000   0.00000   0.00597   0.00446   1.45272   0.82721   0.73229   0.96636   0.20743  
 34 480.7949   2428.302584  x:  0.03124   0.01417   0.00532   0.01294   0.01918   0.03183   0.01564   0.01696   0.03190   0.01354   0.00796   0.01878   0.00000   0.00000   0.00080   0.01307   0.01728   0.00946   0.00310   0.00000   0.00254   0.00297   0.00979   0.00000   0.06379   0.02124   0.00000   0.02435   0.00000   0.02389   0.00424   0.00829   0.00000   0.00000   0.00000   0.00633   0.01695   0.00958   0.00000   0.00443   0.00000   0.00000   0.00340   0.01212   0.00949   0.00000   0.00475   0.01131   0.00482   0.00918   0.00991   0.00000   0.00000   0.00428   0.00406   1.46527   0.82740   0.73388   0.96558   0.19503  
 35 387.8296   2427.895925  x:  0.03080   0.01327   0.00621   0.01305   0.02001   0.03228   0.01704   0.01671   0.03338   0.01442   0.00742   0.01975   0.00000   0.00000   0.00067   0.01202   0.01701   0.00922   0.00342   0.00000   0.00278   0.00324   0.00911   0.00000   0.06910   0.02225   0.00000   0.02334   0.00000   0.02320   0.00441   0.00806   0.00000   0.00000   0.00000   0.00638   0.01604   0.00749   0.00000   0.00439   0.00000   0.00000   0.00349   0.01215   0.01000   0.00000   0.00475   0.01311   0.00511   0.00811   0.01012   0.00000   0.00000   0.00414   0.00518   1.47749   0.82755   0.73535   0.96488   0.18658  
 36 205.8607   2427.671204  x:  0.03047   0.01305   0.00643   0.01330   0.02053   0.03362   0.01682   0.01610   0.03386   0.01426   0.00731   0.02084   0.00000   0.00000   0.00066   0.01252   0.01639   0.01006   0.00339   0.00000   0.00274   0.00335   0.00973   0.00000   0.07284   0.02219   0.00000   0.02406   0.00000   0.02281   0.00453   0.00798   0.00000   0.00000   0.00000   0.00629   0.01523   0.00769   0.00000   0.00428   0.00000   0.00000   0.00349   0.01170   0.01032   0.00000   0.00476   0.01240   0.00514   0.00897   0.00988   0.00000   0.00000   0.00578   0.00373   1.48615   0.82763   0.73634   0.96444   0.18351  
 37 156.6957   2427.436129  x:  0.03024   0.01344   0.00650   0.01335   0.02069   0.03520   0.01551   0.01548   0.03352   0.01361   0.00755   0.02155   0.00000   0.00000   0.00064   0.01358   0.01589   0.01078   0.00345   0.00000   0.00282   0.00340   0.00984   0.00000   0.07613   0.02214   0.00000   0.02556   0.00000   0.02249   0.00459   0.00787   0.00000   0.00000   0.00000   0.00618   0.01505   0.00889   0.00000   0.00481   0.00000   0.00000   0.00371   0.01123   0.01061   0.00000   0.00476   0.01066   0.00503   0.00893   0.00946   0.00000   0.00000   0.00439   0.00493   1.49734   0.82771   0.73757   0.96389   0.18191  
 38 178.1399   2426.681503  x:  0.03056   0.01584   0.00626   0.01182   0.01919   0.03736   0.01098   0.01604   0.02968   0.01356   0.00795   0.02074   0.00000   0.00000   0.00038   0.01390   0.01634   0.00860   0.00362   0.00000   0.00287   0.00355   0.00716   0.00000   0.07998   0.02173   0.00000   0.02756   0.00000   0.02265   0.00490   0.00761   0.00000   0.00000   0.00000   0.00653   0.01716   0.00884   0.00000   0.00459   0.00000   0.00000   0.00370   0.01107   0.01014   0.00000   0.00477   0.01266   0.00507   0.00895   0.00880   0.00000   0.00000   0.00544   0.00479   1.53866   0.82792   0.74200   0.96202   0.18425  
 39 166.0475   2425.147462  x:  0.02954   0.01983   0.00697   0.01295   0.01618   0.03876   0.00878   0.01669   0.02455   0.01533   0.00688   0.01869   0.00000   0.00000   0.00011   0.01251   0.01693   0.00741   0.00398   0.00000   0.00323   0.00376   0.01436   0.00000   0.08327   0.02183   0.00000   0.02837   0.00000   0.02363   0.00483   0.00830   0.00000   0.00000   0.00000   0.00640   0.01863   0.00744   0.00000   0.00473   0.00000   0.00000   0.00397   0.01062   0.00745   0.00000   0.00478   0.01539   0.00531   0.00953   0.00856   0.00000   0.00000   0.00484   0.00538   1.63828   0.82839   0.75255   0.95761   0.19524  
 40 747.1569   2421.534028  x:  0.02899   0.02181   0.00788   0.01267   0.01581   0.03748   0.01215   0.01677   0.02478   0.01606   0.00771   0.01636   0.00000   0.00000   0.00000   0.01073   0.01617   0.00861   0.00423   0.00000   0.00341   0.00410   0.01261   0.00000   0.08359   0.02204   0.00000   0.02823   0.00000   0.02444   0.00494   0.00806   0.00000   0.00000   0.00000   0.00686   0.01700   0.00782   0.00000   0.00507   0.00000   0.00000   0.00423   0.00971   0.00486   0.00000   0.00481   0.01375   0.00512   0.01033   0.00894   0.00000   0.00000   0.00516   0.00543   1.76857   0.82897   0.76628   0.95189   0.21222  
 41 1718.5762   2415.805984  x:  0.02874   0.01142   0.00872   0.01266   0.02148   0.02838   0.00726   0.02349   0.03406   0.01442   0.00470   0.01820   0.00000   0.00000   0.00000   0.01551   0.01487   0.00404   0.00473   0.00000   0.00378   0.00465   0.01323   0.00000   0.07955   0.02415   0.00000   0.02637   0.00000   0.02020   0.00664   0.00715   0.00000   0.00000   0.00000   0.00773   0.01204   0.00810   0.00000   0.00557   0.00000   0.00000   0.00458   0.00959   0.01403   0.00000   0.00488   0.01284   0.00723   0.01167   0.00822   0.00000   0.00000   0.00530   0.00585   2.11578   0.83049   0.80273   0.93675   0.26047  
 42 3187.2597   2415.045237  x:  0.02826   0.00709   0.00879   0.01456   0.02193   0.02775   0.00656   0.02348   0.03364   0.01346   0.00737   0.01972   0.00000   0.00000   0.00000   0.01227   0.01486   0.00571   0.00476   0.00000   0.00386   0.00473   0.01313   0.00000   0.07843   0.02483   0.00000   0.02821   0.00000   0.01792   0.00648   0.00673   0.00000   0.00000   0.00000   0.00727   0.01337   0.00748   0.00000   0.00559   0.00000   0.00000   0.00465   0.01050   0.01692   0.00000   0.00489   0.01347   0.00566   0.01181   0.00915   0.00000   0.00000   0.00531   0.00587   2.16139   0.83068   0.80748   0.93479   0.26693  
 43 1035.8023   2414.859025  x:  0.02829   0.00568   0.00873   0.01463   0.02204   0.02784   0.00832   0.02286   0.03239   0.01326   0.00695   0.02072   0.00000   0.00000   0.00000   0.01198   0.01490   0.00497   0.00474   0.00000   0.00384   0.00474   0.01310   0.00000   0.07799   0.02486   0.00000   0.02979   0.00000   0.01666   0.00663   0.00628   0.00000   0.00000   0.00000   0.00715   0.01426   0.00723   0.00000   0.00553   0.00000   0.00000   0.00461   0.01034   0.01809   0.00000   0.00489   0.01342   0.00591   0.01178   0.00929   0.00000   0.00000   0.00522   0.00579   2.17193   0.83072   0.80854   0.93437   0.26866  
 44 344.3677   2414.826815  x:  0.02838   0.00601   0.00854   0.01427   0.02237   0.02748   0.00836   0.02301   0.03194   0.01371   0.00651   0.02097   0.00000   0.00000   0.00000   0.01142   0.01499   0.00539   0.00472   0.00000   0.00382   0.00471   0.01312   0.00000   0.07790   0.02461   0.00000   0.03010   0.00000   0.01558   0.00675   0.00596   0.00000   0.00000   0.00000   0.00720   0.01402   0.00737   0.00000   0.00553   0.00000   0.00000   0.00460   0.01017   0.01854   0.00000   0.00489   0.01340   0.00612   0.01170   0.00945   0.00000   0.00000   0.00520   0.00580   2.17370   0.83073   0.80867   0.93433   0.26892  
 45 50.6822   2414.818905  x:  0.02831   0.00625   0.00852   0.01437   0.02249   0.02733   0.00841   0.02302   0.03177   0.01394   0.00682   0.02114   0.00000   0.00000   0.00000   0.01165   0.01501   0.00525   0.00473   0.00000   0.00383   0.00470   0.01312   0.00000   0.07788   0.02461   0.00000   0.03006   0.00000   0.01514   0.00671   0.00588   0.00000   0.00000   0.00000   0.00716   0.01385   0.00731   0.00000   0.00553   0.00000   0.00000   0.00460   0.01007   0.01859   0.00000   0.00489   0.01340   0.00591   0.01169   0.00959   0.00000   0.00000   0.00521   0.00580   2.17402   0.83072   0.80863   0.93436   0.26898  
 46 15.1980   2414.769028  x:  0.02831   0.00583   0.00866   0.01424   0.02223   0.02758   0.00815   0.02269   0.03083   0.01345   0.00660   0.02159   0.00000   0.00000   0.00000   0.01193   0.01499   0.00521   0.00469   0.00000   0.00381   0.00470   0.01296   0.00000   0.07784   0.02465   0.00000   0.02870   0.00000   0.01427   0.00675   0.00587   0.00000   0.00000   0.00000   0.00715   0.01350   0.00731   0.00000   0.00554   0.00000   0.00000   0.00459   0.01035   0.01798   0.00000   0.00489   0.01295   0.00605   0.01176   0.01117   0.00000   0.00000   0.00516   0.00573   2.17517   0.83067   0.80777   0.93496   0.26878  
 47  5.2395   2413.605875  x:  0.02586   0.00787   0.00918   0.01383   0.02316   0.02553   0.00657   0.01939   0.03602   0.01277   0.00557   0.02405   0.00000   0.00000   0.00000   0.01070   0.01334   0.00406   0.00458   0.00000   0.00376   0.00462   0.01322   0.00000   0.07775   0.02305   0.00000   0.02856   0.00000   0.01065   0.00654   0.00589   0.00000   0.00000   0.00000   0.00726   0.02124   0.00675   0.00000   0.00536   0.00000   0.00000   0.00448   0.00891   0.01337   0.00000   0.00490   0.01146   0.00614   0.01197   0.01463   0.00000   0.00000   0.00481   0.00527   2.19936   0.82931   0.78457   0.95103   0.26657  
 48 19.6235   2406.858969  x:  0.01359   0.00672   0.00849   0.01456   0.02116   0.02189   0.00594   0.00926   0.03882   0.01230   0.00478   0.01722   0.00000   0.00000   0.00000   0.00926   0.01927   0.00285   0.00343   0.00000   0.00306   0.00330   0.01190   0.00000   0.07814   0.02021   0.00000   0.03842   0.00000   0.00730   0.00345   0.00725   0.00000   0.00000   0.00000   0.00947   0.01266   0.00415   0.00000   0.00440   0.00000   0.00000   0.00352   0.01665   0.01019   0.00000   0.00489   0.01021   0.00505   0.00937   0.01411   0.00000   0.00000   0.00266   0.00310   2.32311   0.82242   0.66637   1.03290   0.25782  
 49 445.9396   2405.132007  x:  0.01029   0.00703   0.00873   0.01509   0.02103   0.01999   0.00642   0.00971   0.03395   0.01165   0.00525   0.01624   0.00000   0.00000   0.00000   0.00678   0.01361   0.00301   0.00298   0.00000   0.00278   0.00294   0.01084   0.00000   0.07870   0.02230   0.00000   0.03452   0.00000   0.00893   0.00211   0.00908   0.00000   0.00000   0.00000   0.01005   0.01236   0.00315   0.00000   0.00406   0.00000   0.00000   0.00317   0.01247   0.01466   0.00000   0.00489   0.00739   0.00458   0.00901   0.00926   0.00000   0.00000   0.00190   0.00214   2.35505   0.82068   0.63578   1.05413   0.25683  
 50 621.4902   2405.071117  x:  0.01014   0.00659   0.00866   0.01524   0.02066   0.02048   0.00640   0.00925   0.03412   0.01227   0.00528   0.01484   0.00000   0.00000   0.00000   0.00698   0.01338   0.00310   0.00300   0.00000   0.00278   0.00293   0.01084   0.00000   0.07867   0.02200   0.00000   0.03418   0.00000   0.00880   0.00205   0.00892   0.00000   0.00000   0.00000   0.01018   0.01255   0.00330   0.00000   0.00408   0.00000   0.00000   0.00318   0.01123   0.01556   0.00000   0.00488   0.00745   0.00452   0.00898   0.00978   0.00000   0.00000   0.00195   0.00216   2.35646   0.82067   0.63488   1.05482   0.25645  
 51 58.7132   2405.064589  x:  0.01015   0.00667   0.00867   0.01522   0.02045   0.02043   0.00642   0.00923   0.03420   0.01189   0.00532   0.01486   0.00000   0.00000   0.00000   0.00693   0.01366   0.00312   0.00300   0.00000   0.00278   0.00292   0.01086   0.00000   0.07867   0.02200   0.00000   0.03419   0.00000   0.00878   0.00205   0.00893   0.00000   0.00000   0.00000   0.01018   0.01243   0.00328   0.00000   0.00408   0.00000   0.00000   0.00318   0.01074   0.01565   0.00000   0.00488   0.00757   0.00452   0.00896   0.00983   0.00000   0.00000   0.00196   0.00217   2.35658   0.82074   0.63504   1.05479   0.25643  
 52 11.6383   2405.046270  x:  0.01020   0.00655   0.00872   0.01522   0.01968   0.02033   0.00635   0.00923   0.03434   0.01233   0.00528   0.01528   0.00000   0.00000   0.00000   0.00682   0.01422   0.00309   0.00300   0.00000   0.00279   0.00295   0.01075   0.00000   0.07870   0.02200   0.00000   0.03403   0.00000   0.00885   0.00208   0.00900   0.00000   0.00000   0.00000   0.01014   0.01245   0.00331   0.00000   0.00409   0.00000   0.00000   0.00319   0.01049   0.01575   0.00000   0.00489   0.00722   0.00449   0.00904   0.00966   0.00000   0.00000   0.00197   0.00216   2.35687   0.82120   0.63663   1.05422   0.25645  
 53  7.5208   2404.743408  x:  0.01026   0.00682   0.00854   0.01487   0.01584   0.01947   0.00653   0.00938   0.03531   0.01218   0.00527   0.01590   0.00000   0.00000   0.00000   0.00726   0.01172   0.00330   0.00298   0.00000   0.00277   0.00289   0.01069   0.00000   0.07884   0.02181   0.00000   0.03456   0.00000   0.00801   0.00212   0.00883   0.00000   0.00000   0.00000   0.01013   0.01173   0.00341   0.00000   0.00409   0.00000   0.00000   0.00317   0.01118   0.01580   0.00000   0.00496   0.00772   0.00440   0.00883   0.00934   0.00000   0.00000   0.00202   0.00221   2.36149   0.82919   0.66449   1.04408   0.25724  
 54 42.0933   2401.069126  x:  0.00540   0.00584   0.00862   0.01478   0.02084   0.01999   0.00658   0.00873   0.03502   0.01120   0.00532   0.01520   0.00000   0.00000   0.00000   0.00810   0.01390   0.00357   0.00269   0.00000   0.00256   0.00252   0.01035   0.00000   0.08014   0.02140   0.00000   0.03209   0.00000   0.00668   0.00126   0.00761   0.00000   0.00000   0.00000   0.01061   0.01203   0.00353   0.00000   0.00389   0.00000   0.00000   0.00291   0.01081   0.01018   0.00000   0.00580   0.00649   0.00411   0.00836   0.00279   0.00000   0.00000   0.00183   0.00180   2.41585   0.92505   0.99864   0.92240   0.26984  
 55 573.9495   2399.896110  x:  0.00552   0.00563   0.00847   0.01454   0.02060   0.02061   0.00679   0.00932   0.03534   0.01103   0.00532   0.01552   0.00000   0.00000   0.00000   0.00863   0.01380   0.00388   0.00265   0.00000   0.00252   0.00246   0.01022   0.00000   0.07993   0.02127   0.00000   0.03092   0.00000   0.00661   0.00145   0.00691   0.00000   0.00000   0.00000   0.01047   0.01191   0.00382   0.00000   0.00387   0.00000   0.00000   0.00288   0.01052   0.00820   0.00000   0.00608   0.00652   0.00394   0.00823   0.00089   0.00000   0.00000   0.00197   0.00189   2.46234   0.88951   0.95577   0.97718   0.26862  
 56  3.1331   2396.956398  x:  0.00528   0.00522   0.00825   0.01401   0.02091   0.02238   0.00740   0.01026   0.03661   0.01050   0.00512   0.01553   0.00000   0.00000   0.00000   0.00936   0.01368   0.00458   0.00253   0.00000   0.00248   0.00228   0.00971   0.00000   0.07937   0.02042   0.00000   0.02835   0.00000   0.00705   0.00206   0.00546   0.00000   0.00000   0.00000   0.01040   0.01154   0.00427   0.00000   0.00385   0.00000   0.00000   0.00282   0.00990   0.00166   0.00000   0.00643   0.00631   0.00296   0.00799   0.00167   0.00000   0.00000   0.00218   0.00203   2.57765   0.84149   0.94284   1.03185   0.26975  
 57  2.4318   2394.524343  x:  0.00792   0.00452   0.00831   0.01362   0.02081   0.02698   0.00869   0.01331   0.03593   0.01084   0.00490   0.01210   0.00000   0.00000   0.00000   0.00784   0.01279   0.00505   0.00258   0.00000   0.00260   0.00232   0.00850   0.00000   0.07736   0.02039   0.00000   0.02583   0.00000   0.00529   0.00381   0.00418   0.00000   0.00000   0.00000   0.01064   0.01020   0.00497   0.00000   0.00399   0.00000   0.00000   0.00293   0.00694   0.00469   0.00000   0.00619   0.00660   0.00129   0.00807   0.00230   0.00000   0.00000   0.00262   0.00248   2.81008   0.93786   0.90481   0.97617   0.28394  
 58  1.0601   2393.080286  x:  0.00973   0.00476   0.00843   0.01310   0.01922   0.03023   0.01026   0.01383   0.03527   0.01167   0.00477   0.01079   0.00000   0.00000   0.00000   0.00793   0.01257   0.00571   0.00265   0.00000   0.00263   0.00226   0.00766   0.00000   0.07525   0.02060   0.00000   0.02409   0.00000   0.00699   0.00445   0.00445   0.00000   0.00000   0.00000   0.01172   0.01018   0.00572   0.00000   0.00415   0.00000   0.00000   0.00298   0.00540   0.00516   0.00000   0.00565   0.00752   0.00529   0.00802   0.00268   0.00000   0.00000   0.00289   0.00276   3.10726   0.84337   0.88310   0.91097   0.29941  
 59  0.9421   2391.725038  x:  0.00832   0.00562   0.00883   0.01366   0.01699   0.03174   0.01189   0.01273   0.03539   0.01294   0.00459   0.01341   0.00000   0.00000   0.00000   0.00870   0.01358   0.00670   0.00288   0.00000   0.00264   0.00244   0.00778   0.00000   0.07378   0.02140   0.00000   0.02512   0.00000   0.00886   0.00372   0.00588   0.00000   0.00000   0.00000   0.01278   0.01153   0.00640   0.00000   0.00433   0.00000   0.00000   0.00309   0.00874   0.00407   0.00000   0.00438   0.00960   0.00384   0.00817   0.00276   0.00000   0.00000   0.00333   0.00308   3.48159   0.77920   0.78426   0.88188   0.31684  
 60  0.7600   2390.902999  x:  0.00974   0.00489   0.00906   0.01390   0.01684   0.03080   0.01173   0.01238   0.03495   0.01335   0.00489   0.01214   0.00000   0.00000   0.00000   0.00784   0.01288   0.00620   0.00298   0.00000   0.00274   0.00270   0.00816   0.00000   0.07299   0.02155   0.00000   0.02729   0.00000   0.00853   0.00381   0.00534   0.00000   0.00000   0.00000   0.01293   0.01106   0.00610   0.00000   0.00442   0.00000   0.00000   0.00316   0.00856   0.00178   0.00000   0.00453   0.01011   0.00337   0.00846   0.00247   0.00000   0.00000   0.00333   0.00314   3.68942   0.87964   0.78118   0.81287   0.32784  
 61  0.8201   2390.373511  x:  0.00944   0.00421   0.00920   0.01400   0.01781   0.02929   0.01160   0.01211   0.03391   0.01350   0.00506   0.01124   0.00000   0.00000   0.00000   0.00776   0.01249   0.00587   0.00297   0.00000   0.00279   0.00279   0.00863   0.00000   0.07289   0.02149   0.00000   0.02860   0.00000   0.00757   0.00395   0.00484   0.00000   0.00000   0.00000   0.01300   0.01082   0.00582   0.00000   0.00444   0.00000   0.00000   0.00315   0.00748   0.00157   0.00000   0.00488   0.00984   0.00288   0.00858   0.00260   0.00000   0.00000   0.00321   0.00303   3.85699   0.71298   0.90997   0.91467   0.33452  
 62  1.4565   2389.764235  x:  0.00765   0.00393   0.00928   0.01368   0.01873   0.02662   0.01162   0.01162   0.03280   0.01279   0.00532   0.01179   0.00000   0.00000   0.00000   0.00922   0.01207   0.00585   0.00284   0.00000   0.00275   0.00272   0.00941   0.00000   0.07398   0.02106   0.00000   0.02923   0.00000   0.00659   0.00442   0.00415   0.00000   0.00000   0.00000   0.01296   0.01121   0.00567   0.00000   0.00438   0.00000   0.00000   0.00304   0.00579   0.00227   0.00000   0.00549   0.00883   0.00265   0.00849   0.00281   0.00000   0.00000   0.00304   0.00279   4.13667   0.88733   0.89791   1.03834   0.34440  
 63  1.0668   2389.393592  x:  0.00832   0.00541   0.00973   0.01324   0.01821   0.02676   0.01120   0.01130   0.03246   0.01165   0.00533   0.01067   0.00000   0.00000   0.00000   0.00831   0.01229   0.00559   0.00263   0.00000   0.00272   0.00261   0.00919   0.00000   0.07513   0.02116   0.00000   0.02940   0.00000   0.00629   0.00463   0.00412   0.00000   0.00000   0.00000   0.01268   0.01069   0.00569   0.00000   0.00429   0.00000   0.00000   0.00298   0.00761   0.00283   0.00000   0.00572   0.00741   0.00257   0.00853   0.00284   0.00000   0.00000   0.00280   0.00249   4.35797   0.85121   0.95555   0.97722   0.35204  
 64  0.4332   2389.098304  x:  0.00904   0.00502   0.00942   0.01304   0.01822   0.02694   0.01051   0.01208   0.03269   0.01214   0.00524   0.01264   0.00000   0.00000   0.00000   0.00780   0.01226   0.00534   0.00249   0.00000   0.00263   0.00228   0.00916   0.00000   0.07640   0.02089   0.00000   0.02805   0.00000   0.00649   0.00407   0.00522   0.00000   0.00000   0.00000   0.01280   0.01023   0.00539   0.00000   0.00410   0.00000   0.00000   0.00286   0.00683   0.00287   0.00000   0.00564   0.00759   0.00224   0.00814   0.00280   0.00000   0.00000   0.00262   0.00266   4.61148   0.78258   0.94101   0.83576   0.35752  
 65  0.5541   2388.941101  x:  0.00911   0.00461   0.00962   0.01314   0.01771   0.02675   0.01003   0.01280   0.03356   0.01239   0.00506   0.01209   0.00000   0.00000   0.00000   0.00764   0.01278   0.00518   0.00262   0.00000   0.00264   0.00241   0.00900   0.00000   0.07649   0.02084   0.00000   0.02701   0.00000   0.00720   0.00350   0.00426   0.00000   0.00000   0.00000   0.01265   0.01052   0.00502   0.00000   0.00408   0.00000   0.00000   0.00291   0.00708   0.00282   0.00000   0.00550   0.00793   0.00229   0.00828   0.00280   0.00000   0.00000   0.00283   0.00276   4.80503   0.80722   0.93444   0.87262   0.35847  
 66  0.3677   2388.848541  x:  0.00869   0.00469   0.00977   0.01334   0.01826   0.02665   0.01001   0.01285   0.03374   0.01232   0.00506   0.01175   0.00000   0.00000   0.00000   0.00760   0.01279   0.00522   0.00280   0.00000   0.00267   0.00259   0.00870   0.00000   0.07628   0.02094   0.00000   0.02656   0.00000   0.00670   0.00346   0.00516   0.00000   0.00000   0.00000   0.01257   0.01075   0.00518   0.00000   0.00415   0.00000   0.00000   0.00299   0.00696   0.00258   0.00000   0.00525   0.00790   0.00261   0.00854   0.00280   0.00000   0.00000   0.00303   0.00280   4.96948   0.83323   0.92617   0.91403   0.35819  
 67  0.3263   2388.789166  x:  0.00859   0.00491   0.00976   0.01358   0.01846   0.02684   0.01000   0.01204   0.03381   0.01206   0.00502   0.01191   0.00000   0.00000   0.00000   0.00809   0.01252   0.00525   0.00285   0.00000   0.00270   0.00262   0.00860   0.00000   0.07579   0.02091   0.00000   0.02712   0.00000   0.00744   0.00359   0.00505   0.00000   0.00000   0.00000   0.01246   0.01079   0.00541   0.00000   0.00425   0.00000   0.00000   0.00303   0.00669   0.00256   0.00000   0.00517   0.00792   0.00265   0.00862   0.00276   0.00000   0.00000   0.00281   0.00268   5.10630   0.80697   0.91132   0.87804   0.35689  
 68  0.2393   2388.768052  x:  0.00862   0.00480   0.00962   0.01361   0.01850   0.02711   0.01001   0.01195   0.03384   0.01220   0.00514   0.01206   0.00000   0.00000   0.00000   0.00809   0.01257   0.00530   0.00280   0.00000   0.00271   0.00255   0.00879   0.00000   0.07566   0.02076   0.00000   0.02750   0.00000   0.00699   0.00361   0.00478   0.00000   0.00000   0.00000   0.01236   0.01070   0.00544   0.00000   0.00424   0.00000   0.00000   0.00304   0.00701   0.00261   0.00000   0.00534   0.00807   0.00283   0.00852   0.00275   0.00000   0.00000   0.00277   0.00266   5.17096   0.79319   0.89282   0.85631   0.35481  
 69  0.1398   2388.758843  x:  0.00851   0.00479   0.00953   0.01359   0.01853   0.02706   0.01004   0.01198   0.03366   0.01233   0.00513   0.01182   0.00000   0.00000   0.00000   0.00797   0.01259   0.00528   0.00275   0.00000   0.00271   0.00250   0.00888   0.00000   0.07577   0.02071   0.00000   0.02768   0.00000   0.00714   0.00366   0.00491   0.00000   0.00000   0.00000   0.01231   0.01066   0.00532   0.00000   0.00420   0.00000   0.00000   0.00303   0.00704   0.00267   0.00000   0.00537   0.00811   0.00276   0.00841   0.00273   0.00000   0.00000   0.00291   0.00273   5.20806   0.79382   0.90434   0.86448   0.35241  
 70  0.0591   2388.754027  x:  0.00874   0.00488   0.00952   0.01359   0.01841   0.02714   0.01011   0.01205   0.03353   0.01230   0.00512   0.01187   0.00000   0.00000   0.00000   0.00804   0.01266   0.00532   0.00272   0.00000   0.00271   0.00250   0.00888   0.00000   0.07585   0.02083   0.00000   0.02758   0.00000   0.00704   0.00360   0.00489   0.00000   0.00000   0.00000   0.01228   0.01081   0.00531   0.00000   0.00420   0.00000   0.00000   0.00302   0.00696   0.00264   0.00000   0.00536   0.00801   0.00268   0.00840   0.00270   0.00000   0.00000   0.00288   0.00273   5.22953   0.79701   0.91082   0.87684   0.35031  
 71  0.0467   2388.752021  x:  0.00867   0.00482   0.00953   0.01357   0.01840   0.02709   0.01013   0.01213   0.03349   0.01223   0.00514   0.01190   0.00000   0.00000   0.00000   0.00795   0.01260   0.00530   0.00275   0.00000   0.00272   0.00252   0.00884   0.00000   0.07591   0.02086   0.00000   0.02753   0.00000   0.00703   0.00363   0.00485   0.00000   0.00000   0.00000   0.01228   0.01071   0.00540   0.00000   0.00422   0.00000   0.00000   0.00303   0.00696   0.00266   0.00000   0.00532   0.00801   0.00266   0.00846   0.00268   0.00000   0.00000   0.00285   0.00273   5.23151   0.79717   0.91340   0.87887   0.34880  
 72  0.0062   2388.751604  x:  0.00868   0.00479   0.00954   0.01356   0.01840   0.02706   0.01016   0.01213   0.03355   0.01224   0.00513   0.01191   0.00000   0.00000   0.00000   0.00800   0.01260   0.00532   0.00276   0.00000   0.00272   0.00253   0.00882   0.00000   0.07593   0.02086   0.00000   0.02751   0.00000   0.00702   0.00366   0.00485   0.00000   0.00000   0.00000   0.01229   0.01070   0.00536   0.00000   0.00423   0.00000   0.00000   0.00303   0.00697   0.00266   0.00000   0.00533   0.00800   0.00267   0.00848   0.00268   0.00000   0.00000   0.00286   0.00271   5.22524   0.79627   0.91433   0.87754   0.34825  
 73  0.0108   2388.751466  x:  0.00867   0.00481   0.00954   0.01355   0.01840   0.02708   0.01016   0.01212   0.03359   0.01223   0.00513   0.01193   0.00000   0.00000   0.00000   0.00800   0.01258   0.00532   0.00276   0.00000   0.00272   0.00253   0.00882   0.00000   0.07593   0.02085   0.00000   0.02752   0.00000   0.00703   0.00366   0.00485   0.00000   0.00000   0.00000   0.01231   0.01071   0.00537   0.00000   0.00423   0.00000   0.00000   0.00303   0.00696   0.00265   0.00000   0.00535   0.00802   0.00267   0.00848   0.00267   0.00000   0.00000   0.00286   0.00271   5.21782   0.79782   0.91571   0.88139   0.34781  
 74  0.0106   2388.751444  x:  0.00867   0.00481   0.00954   0.01355   0.01840   0.02707   0.01016   0.01213   0.03360   0.01223   0.00513   0.01192   0.00000   0.00000   0.00000   0.00801   0.01259   0.00532   0.00276   0.00000   0.00272   0.00253   0.00882   0.00000   0.07593   0.02085   0.00000   0.02752   0.00000   0.00703   0.00366   0.00485   0.00000   0.00000   0.00000   0.01232   0.01071   0.00537   0.00000   0.00423   0.00000   0.00000   0.00303   0.00696   0.00265   0.00000   0.00534   0.00802   0.00267   0.00847   0.00267   0.00000   0.00000   0.00286   0.00272   5.21567   0.79746   0.91521   0.88082   0.34770  
 75  0.0034   2388.751437  x:  0.00867   0.00480   0.00955   0.01355   0.01840   0.02707   0.01016   0.01212   0.03359   0.01223   0.00513   0.01192   0.00000   0.00000   0.00000   0.00800   0.01259   0.00532   0.00276   0.00000   0.00272   0.00253   0.00882   0.00000   0.07593   0.02085   0.00000   0.02752   0.00000   0.00703   0.00366   0.00484   0.00000   0.00000   0.00000   0.01232   0.01071   0.00537   0.00000   0.00423   0.00000   0.00000   0.00303   0.00696   0.00265   0.00000   0.00534   0.00802   0.00267   0.00847   0.00267   0.00000   0.00000   0.00286   0.00272   5.21499   0.79726   0.91514   0.88057   0.34766  
 76  0.0009   2388.751436  x:  0.00867   0.00480   0.00955   0.01355   0.01840   0.02707   0.01015   0.01212   0.03359   0.01223   0.00513   0.01192   0.00000   0.00000   0.00000   0.00800   0.01259   0.00532   0.00276   0.00000   0.00272   0.00253   0.00882   0.00000   0.07593   0.02085   0.00000   0.02752   0.00000   0.00703   0.00366   0.00485   0.00000   0.00000   0.00000   0.01233   0.01071   0.00537   0.00000   0.00423   0.00000   0.00000   0.00303   0.00697   0.00265   0.00000   0.00534   0.00802   0.00267   0.00847   0.00267   0.00000   0.00000   0.00286   0.00272   5.21497   0.79738   0.91521   0.88082   0.34765  
 77  0.0004   2388.751435  x:  0.00867   0.00480   0.00955   0.01355   0.01840   0.02707   0.01015   0.01212   0.03359   0.01223   0.00513   0.01192   0.00000   0.00000   0.00000   0.00800   0.01259   0.00532   0.00276   0.00000   0.00272   0.00253   0.00882   0.00000   0.07593   0.02085   0.00000   0.02752   0.00000   0.00703   0.00366   0.00485   0.00000   0.00000   0.00000   0.01233   0.01071   0.00537   0.00000   0.00423   0.00000   0.00000   0.00303   0.00697   0.00265   0.00000   0.00534   0.00802   0.00267   0.00847   0.00267   0.00000   0.00000   0.00286   0.00272   5.21509   0.79734   0.91510   0.88069   0.34765  
 78  0.0004   2388.751435  x:  0.00867   0.00481   0.00955   0.01355   0.01840   0.02707   0.01015   0.01212   0.03359   0.01223   0.00513   0.01192   0.00000   0.00000   0.00000   0.00800   0.01259   0.00532   0.00276   0.00000   0.00272   0.00253   0.00882   0.00000   0.07593   0.02085   0.00000   0.02752   0.00000   0.00703   0.00366   0.00485   0.00000   0.00000   0.00000   0.01233   0.01071   0.00537   0.00000   0.00423   0.00000   0.00000   0.00303   0.00697   0.00265   0.00000   0.00534   0.00802   0.00267   0.00847   0.00267   0.00000   0.00000   0.00286   0.00272   5.21524   0.79734   0.91505   0.88064   0.34765  