Supplemental results for CODEML (seqf: /home/leticiamagpali/phd/evol_models/codeml/small_dataset/cml_align/OTOF_codon_aligned.phy  treef: /home/leticiamagpali/phd/evol_models/codeml/small_dataset/cml_trees/gene_trees/H3_gene_trees/OTOF_codon_H3.tre)

I	J	ij	2Ns_IJ	pMut_IJ	pSub_IJ	2Ns_JI	pMut_JI	pSub_JI

TTC	TTT	CT	-0.14057	0.04917	0.04579	0.14057	0.04272	0.04579	0.04579	0.04579
TTA	TTT	AT	6.57103	0.00001	0.00007	-6.57103	0.00750	0.00007	0.00003	0.00003
TTA	TTC	AC	6.71160	0.00003	0.00022	-6.71160	0.02751	0.00022	0.00011	0.00011
TTG	TTT	GT	1.65769	0.00170	0.00348	-1.65769	0.00892	0.00348	0.00174	0.00174
TTG	TTC	GC	1.79826	0.00542	0.01169	-1.79826	0.03275	0.01169	0.00584	0.00584
TTG	TTA	GA	-4.91334	0.01333	0.00048	4.91334	0.00010	0.00048	0.00048	0.00048
TCT	TTT	CT	1.94149	0.00613	0.01389	-1.94149	0.04272	0.01389	0.00695	0.00695
TCC	TTC	CT	1.33294	0.04134	0.07483	-1.33294	0.15675	0.07483	0.03742	0.03742
TCC	TCT	CT	-0.74912	0.04134	0.02777	0.74912	0.01954	0.02777	0.02777	0.02777
TCA	TTA	CT	-4.12374	0.00774	0.00053	4.12374	0.00013	0.00053	0.00026	0.00026
TCA	TCT	AT	0.50580	0.00207	0.00264	-0.50580	0.00343	0.00264	0.00264	0.00264
TCA	TCC	AC	1.25493	0.00659	0.01158	-1.25493	0.02313	0.01158	0.01158	0.01158
TCG	TTG	CT	1.17189	0.00629	0.01067	-1.17189	0.02029	0.01067	0.00534	0.00534
TCG	TCT	GT	0.88809	0.00168	0.00253	-0.88809	0.00408	0.00253	0.00253	0.00253
TCG	TCC	GC	1.63721	0.00536	0.01089	-1.63721	0.02753	0.01089	0.01089	0.01089
TCG	TCA	GA	0.38228	0.01317	0.01584	-0.38228	0.01930	0.01584	0.01584	0.01584
TAT	TTT	AT	1.30834	0.00203	0.00363	-1.30834	0.00750	0.00363	0.00182	0.00182
TAT	TCT	AC	-0.63315	0.00646	0.00463	0.63315	0.00343	0.00463	0.00231	0.00231
TAC	TTC	AT	0.90504	0.01113	0.01691	-0.90504	0.02751	0.01691	0.00846	0.00846
TAC	TCC	AC	-0.42789	0.03548	0.02843	0.42789	0.02313	0.02843	0.01422	0.01422
TAC	TAT	CT	-0.54387	0.04165	0.03135	0.54387	0.02418	0.03135	0.03135	0.03135
TGT	TTT	GT	2.33857	0.00086	0.00223	-2.33857	0.00892	0.00223	0.00111	0.00111
TGT	TCT	GC	0.39707	0.00274	0.00333	-0.39707	0.00408	0.00333	0.00166	0.00166
TGT	TAT	GA	1.03023	0.00675	0.01081	-1.03023	0.01890	0.01081	0.00540	0.00540
TGC	TTC	GT	1.93830	0.00471	0.01067	-1.93830	0.03275	0.01067	0.00534	0.00534
TGC	TCC	GC	0.60536	0.01503	0.02003	-0.60536	0.02753	0.02003	0.01002	0.01002
TGC	TAC	GA	1.03326	0.03695	0.05926	-1.03326	0.10383	0.05926	0.02963	0.02963
TGC	TGT	CT	-0.54084	0.01764	0.01330	0.54084	0.01027	0.01330	0.01330	0.01330
TGG	TTG	GT	-0.46980	0.00678	0.00531	0.46980	0.00424	0.00531	0.00266	0.00266
TGG	TCG	GC	-1.64169	0.02162	0.00853	1.64169	0.00419	0.00853	0.00426	0.00426
TGG	TGT	GT	-1.15067	0.00678	0.00361	1.15067	0.00215	0.00361	0.00181	0.00181
TGG	TGC	GC	-0.60984	0.02162	0.01570	0.60984	0.01175	0.01570	0.00785	0.00785
CTT	TTT	CT	2.36638	0.00401	0.01047	-2.36638	0.04272	0.01047	0.00523	0.00523
CTC	TTC	CT	1.40873	0.03832	0.07145	-1.40873	0.15675	0.07145	0.03572	0.03572
CTC	CTT	CT	-1.09821	0.03832	0.02105	1.09821	0.01278	0.02105	0.02105	0.02105
CTA	TTA	CT	-3.17126	0.00299	0.00041	3.17126	0.00013	0.00041	0.00041	0.00041
CTA	CTT	AT	1.03339	0.00080	0.00128	-1.03339	0.00224	0.00128	0.00128	0.00128
CTA	CTC	AC	2.13161	0.00254	0.00615	-2.13161	0.02144	0.00615	0.00615	0.00615
CTG	TTG	CT	-1.49967	0.09092	0.03918	1.49967	0.02029	0.03918	0.03918	0.03918
CTG	CTT	GT	-2.20835	0.02429	0.00662	2.20835	0.00267	0.00662	0.00662	0.00662
CTG	CTC	GC	-1.11014	0.07746	0.04226	1.11014	0.02552	0.04226	0.04226	0.04226
CTG	CTA	GA	-3.24175	0.19041	0.02511	3.24175	0.00744	0.02511	0.02511	0.02511
CCT	TCT	CT	0.20297	0.01595	0.01763	-0.20297	0.01954	0.01763	0.00881	0.00881
CCT	CTT	CT	-0.22191	0.01595	0.01425	0.22191	0.01278	0.01425	0.00712	0.00712
CCC	TCC	CT	0.87655	0.05485	0.08236	-0.87655	0.13179	0.08236	0.04118	0.04118
CCC	CTC	CT	0.80076	0.05485	0.07971	-0.80076	0.12217	0.07971	0.03986	0.03986
CCC	CCT	CT	-0.07554	0.05485	0.05281	0.07554	0.05086	0.05281	0.05281	0.05281
CCA	TCA	CT	0.78319	0.01128	0.01626	-0.78319	0.02468	0.01626	0.00813	0.00813
CCA	CTA	CT	-0.16928	0.01128	0.01035	0.16928	0.00952	0.01035	0.00517	0.00517
CCA	CCT	AT	1.08602	0.00301	0.00494	-1.08602	0.00893	0.00494	0.00494	0.00494
CCA	CCC	AC	1.16157	0.00961	0.01624	-1.16157	0.03069	0.01624	0.01624	0.01624
CCG	TCG	CT	0.39110	0.01356	0.01638	-0.39110	0.02004	0.01638	0.00819	0.00819
CCG	CTG	CT	3.06266	0.01356	0.04355	-3.06266	0.28988	0.04355	0.02178	0.02178
CCG	CCT	GT	1.07622	0.00362	0.00591	-1.07622	0.01063	0.00591	0.00591	0.00591
CCG	CCC	GC	1.15176	0.01155	0.01945	-1.15176	0.03654	0.01945	0.01945	0.01945
CCG	CCA	GA	-0.00981	0.02839	0.02825	0.00981	0.02811	0.02825	0.02825	0.02825
CAT	TAT	CT	2.61550	0.00177	0.00499	-2.61550	0.02418	0.00499	0.00249	0.00249
CAT	CTT	AT	1.55746	0.00047	0.00093	-1.55746	0.00224	0.00093	0.00047	0.00047
CAT	CCT	AC	1.77937	0.00151	0.00322	-1.77937	0.00893	0.00322	0.00161	0.00161
CAC	TAC	CT	1.81739	0.02157	0.04681	-1.81739	0.13279	0.04681	0.02340	0.02340
CAC	CTC	AT	1.31371	0.00576	0.01036	-1.31371	0.02144	0.01036	0.00518	0.00518
CAC	CCC	AC	0.51295	0.01838	0.02349	-0.51295	0.03069	0.02349	0.01175	0.01175
CAC	CAT	CT	-1.34197	0.02157	0.01024	1.34197	0.00564	0.01024	0.01024	0.01024
CAA	CTA	AT	0.51601	0.00100	0.00128	-0.51601	0.00167	0.00128	0.00064	0.00064
CAA	CCA	AC	0.68529	0.00318	0.00439	-0.68529	0.00631	0.00439	0.00220	0.00220
CAA	CAT	AT	-0.00806	0.00100	0.00099	0.00806	0.00099	0.00099	0.00050	0.00050
CAA	CAC	AC	1.33391	0.00318	0.00576	-1.33391	0.01207	0.00576	0.00288	0.00288
CAG	CTG	AT	1.46838	0.01172	0.02235	-1.46838	0.05088	0.02235	0.01118	0.01118
CAG	CCG	AC	-1.59428	0.03736	0.01517	1.59428	0.00759	0.01517	0.00759	0.00759
CAG	CAT	GT	-2.29744	0.01172	0.00301	2.29744	0.00118	0.00301	0.00150	0.00150
CAG	CAC	GC	-0.95547	0.03736	0.02231	0.95547	0.01437	0.02231	0.01115	0.01115
CAG	CAA	GA	-2.28938	0.09183	0.02370	2.28938	0.00931	0.02370	0.02370	0.02370
CGT	TGT	CT	1.07755	0.00350	0.00571	-1.07755	0.01027	0.00571	0.00286	0.00286
CGT	CTT	GT	1.04974	0.00093	0.00151	-1.04974	0.00267	0.00151	0.00075	0.00075
CGT	CCT	GC	1.27165	0.00298	0.00526	-1.27165	0.01063	0.00526	0.00263	0.00263
CGT	CAT	GA	-0.50772	0.00732	0.00562	0.50772	0.00441	0.00562	0.00281	0.00281
CGC	TGC	CT	0.65177	0.02931	0.03990	-0.65177	0.05625	0.03990	0.01995	0.01995
CGC	CTC	GT	1.18134	0.00783	0.01335	-1.18134	0.02552	0.01335	0.00667	0.00667
CGC	CCC	GC	0.38058	0.02497	0.03002	-0.38058	0.03654	0.03002	0.01501	0.01501
CGC	CAC	GA	-0.13237	0.06138	0.05741	0.13237	0.05377	0.05741	0.02871	0.02871
CGC	CGT	CT	-0.96662	0.02931	0.01739	0.96662	0.01115	0.01739	0.01739	0.01739
CGA	CTA	GT	0.42386	0.00130	0.00160	-0.42386	0.00199	0.00160	0.00080	0.00080
CGA	CCA	GC	0.59314	0.00415	0.00550	-0.59314	0.00751	0.00550	0.00275	0.00275
CGA	CAA	GA	-0.09215	0.01020	0.00974	0.09215	0.00931	0.00974	0.00487	0.00487
CGA	CGT	AT	0.40751	0.00130	0.00159	-0.40751	0.00196	0.00159	0.00159	0.00159
CGA	CGC	AC	1.37413	0.00415	0.00764	-1.37413	0.01640	0.00764	0.00764	0.00764
CGG	TGG	CT	0.80047	0.03635	0.05281	-0.80047	0.08093	0.05281	0.02641	0.02641
CGG	CTG	GT	1.83035	0.00971	0.02117	-1.83035	0.06056	0.02117	0.01059	0.01059
CGG	CCG	GC	-1.23231	0.03096	0.01571	1.23231	0.00903	0.01571	0.00785	0.00785
CGG	CAG	GA	0.36197	0.07611	0.09072	-0.36197	0.10931	0.09072	0.04536	0.04536
CGG	CGT	GT	-1.42775	0.00971	0.00437	1.42775	0.00233	0.00437	0.00437	0.00437
CGG	CGC	GC	-0.46113	0.03096	0.02437	0.46113	0.01952	0.02437	0.02437	0.02437
CGG	CGA	GA	-1.83526	0.07611	0.02652	1.83526	0.01215	0.02652	0.02652	0.02652
ATT	TTT	AT	0.69330	0.00375	0.00520	-0.69330	0.00750	0.00520	0.00260	0.00260
ATT	CTT	AC	-1.67308	0.01195	0.00462	1.67308	0.00224	0.00462	0.00231	0.00231
ATC	TTC	AT	0.58603	0.01531	0.02023	-0.58603	0.02751	0.02023	0.01012	0.01012
ATC	CTC	AC	-0.82270	0.04881	0.03146	0.82270	0.02144	0.03146	0.01573	0.01573
ATC	ATT	CT	-0.24783	0.05730	0.05049	0.24783	0.04472	0.05049	0.05049	0.05049
ATA	TTA	AT	-3.60465	0.00081	0.00008	3.60465	0.00002	0.00008	0.00004	0.00004
ATA	CTA	AC	-0.43339	0.00258	0.00206	0.43339	0.00167	0.00206	0.00103	0.00103
ATA	ATT	AT	2.27308	0.00081	0.00205	-2.27308	0.00785	0.00205	0.00205	0.00205
ATA	ATC	AC	2.52092	0.00258	0.00707	-2.52092	0.03206	0.00707	0.00707	0.00707
ATG	TTG	AT	-1.09786	0.01068	0.00587	1.09786	0.00356	0.00587	0.00293	0.00293
ATG	CTG	AC	0.40180	0.03404	0.04134	-0.40180	0.05088	0.04134	0.02067	0.02067
ATG	ATT	GT	-0.13347	0.01068	0.00998	0.13347	0.00934	0.00998	0.00499	0.00499
ATG	ATC	GC	0.11436	0.03404	0.03603	-0.11436	0.03817	0.03603	0.01801	0.01801
ATG	ATA	GA	-2.40655	0.08368	0.01995	2.40655	0.00754	0.01995	0.00997	0.00997
ACT	TCT	AT	0.50074	0.00208	0.00264	-0.50074	0.00343	0.00264	0.00132	0.00132
ACT	CCT	AC	0.29777	0.00663	0.00766	-0.29777	0.00893	0.00766	0.00383	0.00383
ACT	ATT	CT	1.74894	0.00778	0.01647	-1.74894	0.04472	0.01647	0.00824	0.00824
ACC	TCC	AT	1.10730	0.00764	0.01264	-1.10730	0.02313	0.01264	0.00632	0.00632
ACC	CCC	AC	0.23075	0.02437	0.02729	-0.23075	0.03069	0.02729	0.01364	0.01364
ACC	ATC	CT	1.85421	0.02861	0.06289	-1.85421	0.18269	0.06289	0.03144	0.03144
ACC	ACT	CT	-0.14257	0.02861	0.02661	0.14257	0.02480	0.02661	0.02661	0.02661
ACA	TCA	AT	0.40923	0.00288	0.00351	-0.40923	0.00433	0.00351	0.00175	0.00175
ACA	CCA	AC	-0.37396	0.00917	0.00756	0.37396	0.00631	0.00756	0.00378	0.00378
ACA	ATA	CT	-0.10985	0.01077	0.01019	0.10985	0.00965	0.01019	0.00509	0.00509
ACA	ACT	AT	0.41429	0.00288	0.00351	-0.41429	0.00435	0.00351	0.00351	0.00351
ACA	ACC	AC	0.55686	0.00917	0.01196	-0.55686	0.01601	0.01196	0.01196	0.01196
ACG	TCG	AT	-0.44717	0.00550	0.00436	0.44717	0.00352	0.00436	0.00218	0.00218
ACG	CCG	AC	-0.83826	0.01754	0.01120	0.83826	0.00759	0.01120	0.00560	0.00560
ACG	ATG	CT	1.82259	0.02059	0.04476	-1.82259	0.12740	0.04476	0.02238	0.02238
ACG	ACT	GT	-0.05982	0.00550	0.00534	0.05982	0.00518	0.00534	0.00534	0.00534
ACG	ACC	GC	0.08275	0.01754	0.01828	-0.08275	0.01905	0.01828	0.01828	0.01828
ACG	ACA	GA	-0.47411	0.04312	0.03370	0.47411	0.02684	0.03370	0.03370	0.03370
AAT	TAT	AT	0.44116	0.00273	0.00338	-0.44116	0.00424	0.00338	0.00169	0.00169
AAT	CAT	AC	-2.17434	0.00870	0.00243	2.17434	0.00099	0.00243	0.00121	0.00121
AAT	ATT	AT	1.05621	0.00273	0.00442	-1.05621	0.00785	0.00442	0.00221	0.00221
AAT	ACT	AC	-0.69273	0.00870	0.00603	0.69273	0.00435	0.00603	0.00302	0.00302
AAC	TAC	AT	0.71584	0.01139	0.01595	-0.71584	0.02331	0.01595	0.00798	0.00798
AAC	CAC	AC	-1.10155	0.03632	0.01992	1.10155	0.01207	0.01992	0.00996	0.00996
AAC	ATC	AT	1.03486	0.01139	0.01828	-1.03486	0.03206	0.01828	0.00914	0.00914
AAC	ACC	AC	-0.81935	0.03632	0.02345	0.81935	0.01601	0.02345	0.01172	0.01172
AAC	AAT	CT	-0.26919	0.04263	0.03715	0.26919	0.03257	0.03715	0.03715	0.03715
AAA	CAA	AC	-1.62218	0.01058	0.00422	1.62218	0.00209	0.00422	0.00211	0.00211
AAA	ATA	AT	-0.67278	0.00332	0.00233	0.67278	0.00169	0.00233	0.00116	0.00116
AAA	ACA	AC	-0.56293	0.01058	0.00788	0.56293	0.00602	0.00788	0.00394	0.00394
AAA	AAT	AT	0.54409	0.00332	0.00430	-0.54409	0.00572	0.00430	0.00215	0.00215
AAA	AAC	AC	0.81328	0.01058	0.01546	-0.81328	0.02386	0.01546	0.00773	0.00773
AAG	CAG	AC	-1.08483	0.07260	0.04021	1.08483	0.02454	0.04021	0.02010	0.02010
AAG	ATG	AT	-0.01826	0.02277	0.02257	0.01826	0.02236	0.02257	0.01128	0.01128
AAG	ACG	AC	-1.84085	0.07260	0.02521	1.84085	0.01152	0.02521	0.01260	0.01260
AAG	AAT	GT	-1.20793	0.02277	0.01172	1.20793	0.00680	0.01172	0.00586	0.00586
AAG	AAC	GC	-0.93875	0.07260	0.04378	0.93875	0.02840	0.04378	0.02189	0.02189
AAG	AAA	GA	-1.75203	0.17848	0.06561	1.75203	0.03095	0.06561	0.06561	0.06561
AGT	TGT	AT	0.08328	0.00166	0.00173	-0.08328	0.00180	0.00173	0.00086	0.00086
AGT	CGT	AC	-0.99427	0.00529	0.00309	0.99427	0.00196	0.00309	0.00154	0.00154
AGT	ATT	GT	1.72855	0.00166	0.00349	-1.72855	0.00934	0.00349	0.00174	0.00174
AGT	ACT	GC	-0.02039	0.00529	0.00524	0.02039	0.00518	0.00524	0.00262	0.00262
AGT	AAT	GA	0.67234	0.01300	0.01786	-0.67234	0.02547	0.01786	0.00893	0.00893
AGC	TGC	AT	0.29082	0.00738	0.00851	-0.29082	0.00987	0.00851	0.00425	0.00425
AGC	CGC	AC	-0.36095	0.02353	0.01954	0.36095	0.01640	0.01954	0.00977	0.00977
AGC	ATC	GT	1.64309	0.00738	0.01503	-1.64309	0.03817	0.01503	0.00752	0.00752
AGC	ACC	GC	-0.21112	0.02353	0.02114	0.21112	0.01905	0.02114	0.01057	0.01057
AGC	AAC	GA	0.60823	0.05785	0.07721	-0.60823	0.10627	0.07721	0.03861	0.03861
AGC	AGT	CT	-0.33329	0.02762	0.02327	0.33329	0.01979	0.02327	0.02327	0.02327
AGA	CGA	AC	1.26447	0.00077	0.00136	-1.26447	0.00273	0.00136	0.00136	0.00136
AGA	ATA	GT	2.12172	0.00024	0.00058	-2.12172	0.00202	0.00058	0.00029	0.00029
AGA	ACA	GC	2.23157	0.00077	0.00192	-2.23157	0.00717	0.00192	0.00096	0.00096
AGA	AAA	GA	2.79450	0.00189	0.00563	-2.79450	0.03095	0.00563	0.00282	0.00282
AGA	AGT	AT	2.66625	0.00024	0.00069	-2.66625	0.00347	0.00069	0.00035	0.00035
AGA	AGC	AC	2.99955	0.00077	0.00243	-2.99955	0.01546	0.00243	0.00122	0.00122
AGG	TGG	AT	3.49638	0.00043	0.00155	-3.49638	0.01420	0.00155	0.00078	0.00078
AGG	CGG	AC	2.69591	0.00137	0.00397	-2.69591	0.02034	0.00397	0.00397	0.00397
AGG	ATG	GT	4.12445	0.00043	0.00180	-4.12445	0.02662	0.00180	0.00090	0.00090
AGG	ACG	GC	2.30186	0.00137	0.00351	-2.30186	0.01371	0.00351	0.00176	0.00176
AGG	AAG	GA	4.14270	0.00337	0.01420	-4.14270	0.21245	0.01420	0.00710	0.00710
AGG	AGT	GT	2.26243	0.00043	0.00109	-2.26243	0.00414	0.00109	0.00054	0.00054
AGG	AGC	GC	2.59572	0.00137	0.00385	-2.59572	0.01840	0.00385	0.00192	0.00192
AGG	AGA	GA	-0.40382	0.00337	0.00274	0.40382	0.00225	0.00274	0.00274	0.00274
GTT	TTT	GT	3.91208	0.00018	0.00071	-3.91208	0.00892	0.00071	0.00036	0.00036
GTT	CTT	GC	1.54570	0.00057	0.00112	-1.54570	0.00267	0.00112	0.00056	0.00056
GTT	ATT	GA	3.21878	0.00140	0.00469	-3.21878	0.03497	0.00469	0.00235	0.00235
GTC	TTC	GT	1.23828	0.00949	0.01655	-1.23828	0.03275	0.01655	0.00828	0.00828
GTC	CTC	GC	-0.17045	0.03027	0.02776	0.17045	0.02552	0.02776	0.01388	0.01388
GTC	ATC	GA	0.65225	0.07440	0.10129	-0.65225	0.14284	0.10129	0.05064	0.05064
GTC	GTT	CT	-2.81437	0.03553	0.00638	2.81437	0.00213	0.00638	0.00638	0.00638
GTA	TTA	GT	-4.22826	0.00180	0.00011	4.22826	0.00003	0.00011	0.00006	0.00006
GTA	CTA	GC	-1.05699	0.00572	0.00322	1.05699	0.00199	0.00322	0.00161	0.00161
GTA	ATA	GA	-0.62360	0.01407	0.01014	0.62360	0.00754	0.01014	0.00507	0.00507
GTA	GTT	AT	-1.56930	0.00180	0.00074	1.56930	0.00037	0.00074	0.00074	0.00074
GTA	GTC	AC	1.24507	0.00572	0.01001	-1.24507	0.01988	0.01001	0.01001	0.01001
GTG	TTG	GT	-1.46293	0.01831	0.00807	1.46293	0.00424	0.00807	0.00404	0.00404
GTG	CTG	GC	0.03673	0.05838	0.05946	-0.03673	0.06056	0.05946	0.02973	0.02973
GTG	ATG	GA	-0.36507	0.14351	0.11890	0.36507	0.09961	0.11890	0.05945	0.05945
GTG	GTT	GT	-3.71732	0.01831	0.00170	3.71732	0.00044	0.00170	0.00170	0.00170
GTG	GTC	GC	-0.90295	0.05838	0.03593	0.90295	0.02366	0.03593	0.03593	0.03593
GTG	GTA	GA	-2.14802	0.14351	0.04073	2.14802	0.01675	0.04073	0.04073	0.04073
GCT	TCT	GT	0.60197	0.00224	0.00298	-0.60197	0.00408	0.00298	0.00149	0.00149
GCT	CCT	GC	0.39900	0.00713	0.00865	-0.39900	0.01063	0.00865	0.00432	0.00432
GCT	ACT	GA	0.10123	0.01753	0.01843	-0.10123	0.01939	0.01843	0.00921	0.00921
GCT	GTT	CT	-1.36861	0.00837	0.00391	1.36861	0.00213	0.00391	0.00195	0.00195
GCC	TCC	GT	0.69943	0.01368	0.01902	-0.69943	0.02753	0.01902	0.00951	0.00951
GCC	CCC	GC	-0.17712	0.04362	0.03987	0.17712	0.03654	0.03987	0.01993	0.01993
GCC	ACC	GA	-0.40787	0.10722	0.08683	0.40787	0.07131	0.08683	0.04342	0.04342
GCC	GTC	CT	0.79409	0.05120	0.07419	-0.79409	0.11327	0.07419	0.03709	0.03709
GCC	GCT	CT	-0.65166	0.05120	0.03632	0.65166	0.02668	0.03632	0.03632	0.03632
GCA	TCA	GT	1.02046	0.00186	0.00297	-1.02046	0.00516	0.00297	0.00148	0.00148
GCA	CCA	GC	0.23727	0.00592	0.00666	-0.23727	0.00751	0.00666	0.00333	0.00333
GCA	ACA	GA	0.61123	0.01456	0.01947	-0.61123	0.02684	0.01947	0.00973	0.00973
GCA	GTA	CT	1.12498	0.00695	0.01159	-1.12498	0.02142	0.01159	0.00579	0.00579
GCA	GCT	AT	0.92429	0.00186	0.00285	-0.92429	0.00468	0.00285	0.00285	0.00285
GCA	GCC	AC	1.57596	0.00592	0.01177	-1.57596	0.02865	0.01177	0.01177	0.01177
GCG	TCG	GT	0.47919	0.00259	0.00326	-0.47919	0.00419	0.00326	0.00163	0.00163
GCG	CCG	GC	0.08809	0.00827	0.00864	-0.08809	0.00903	0.00864	0.00432	0.00432
GCG	ACG	GA	0.92636	0.02032	0.03117	-0.92636	0.05133	0.03117	0.01559	0.01559
GCG	GTG	CT	3.11402	0.00971	0.03163	-3.11402	0.21848	0.03163	0.01581	0.01581
GCG	GCT	GT	0.76531	0.00259	0.00371	-0.76531	0.00557	0.00371	0.00371	0.00371
GCG	GCC	GC	1.41697	0.00827	0.01546	-1.41697	0.03410	0.01546	0.01546	0.01546
GCG	GCA	GA	-0.15898	0.02032	0.01875	0.15898	0.01734	0.01875	0.01875	0.01875
GAT	TAT	GT	-0.18348	0.00607	0.00553	0.18348	0.00505	0.00553	0.00276	0.00276
GAT	CAT	GC	-2.79897	0.01935	0.00351	2.79897	0.00118	0.00351	0.00176	0.00176
GAT	AAT	GA	-0.62464	0.04756	0.03424	0.62464	0.02547	0.03424	0.01712	0.01712
GAT	GTT	AT	-2.78721	0.00607	0.00111	2.78721	0.00037	0.00111	0.00056	0.00056
GAT	GCT	AC	-1.41860	0.01935	0.00877	1.41860	0.00468	0.00877	0.00438	0.00438
GAC	TAC	GT	0.09205	0.02530	0.02648	-0.09205	0.02774	0.02648	0.01324	0.01324
GAC	CAC	GC	-1.72535	0.08067	0.03016	1.72535	0.01437	0.03016	0.01508	0.01508
GAC	AAC	GA	-0.62379	0.19831	0.14284	0.62379	0.10627	0.14284	0.07142	0.07142
GAC	GTC	AT	-0.24118	0.02530	0.02237	0.24118	0.01988	0.02237	0.01119	0.01119
GAC	GCC	AC	-1.03527	0.08067	0.04599	1.03527	0.02865	0.04599	0.02300	0.02300
GAC	GAT	CT	-0.26834	0.09470	0.08256	0.26834	0.07241	0.08256	0.08256	0.08256
GAA	CAA	GC	-2.03431	0.01901	0.00582	2.03431	0.00249	0.00582	0.00291	0.00291
GAA	AAA	GA	-0.41213	0.04674	0.03777	0.41213	0.03095	0.03777	0.01888	0.01888
GAA	GTA	AT	-0.46131	0.00596	0.00469	0.46131	0.00376	0.00469	0.00235	0.00235
GAA	GCA	AC	-1.58629	0.01901	0.00776	1.58629	0.00389	0.00776	0.00388	0.00388
GAA	GAT	AT	0.75660	0.00596	0.00850	-0.75660	0.01271	0.00850	0.00425	0.00425
GAA	GAC	AC	1.02494	0.01901	0.03039	-1.02494	0.05299	0.03039	0.01520	0.01520
GAG	CAG	GC	-1.09949	0.08770	0.04815	1.09949	0.02921	0.04815	0.02407	0.02407
GAG	AAG	GA	-0.01465	0.21559	0.21401	0.01465	0.21245	0.21401	0.10701	0.10701
GAG	GTG	AT	0.33216	0.02751	0.03233	-0.33216	0.03834	0.03233	0.01616	0.01616
GAG	GCG	AC	-2.78186	0.08770	0.01610	2.78186	0.00543	0.01610	0.00805	0.00805
GAG	GAT	GT	-0.59795	0.02751	0.02010	0.59795	0.01513	0.02010	0.01005	0.01005
GAG	GAC	GC	-0.32961	0.08770	0.07404	0.32961	0.06307	0.07404	0.03702	0.03702
GAG	GAA	GA	-1.35455	0.21559	0.10157	1.35455	0.05563	0.10157	0.10157	0.10157
GGT	TGT	GT	0.71496	0.00105	0.00147	-0.71496	0.00215	0.00147	0.00073	0.00073
GGT	CGT	GC	-0.36260	0.00335	0.00278	0.36260	0.00233	0.00278	0.00139	0.00139
GGT	AGT	GA	0.63168	0.00823	0.01110	-0.63168	0.01548	0.01110	0.00555	0.00555
GGT	GTT	GT	-0.85855	0.00105	0.00066	0.85855	0.00044	0.00066	0.00033	0.00033
GGT	GCT	GC	0.51006	0.00335	0.00427	-0.51006	0.00557	0.00427	0.00214	0.00214
GGT	GAT	GA	1.92866	0.00823	0.01857	-1.92866	0.05661	0.01857	0.00928	0.00928
GGC	TGC	GT	-0.29212	0.01574	0.01355	0.29212	0.01175	0.01355	0.00678	0.00678
GGC	CGC	GC	-0.94389	0.05018	0.03017	0.94389	0.01952	0.03017	0.01508	0.01508
GGC	AGC	GA	-0.58294	0.12335	0.09087	0.58294	0.06886	0.09087	0.04543	0.04543
GGC	GTC	GT	0.40790	0.01574	0.01917	-0.40790	0.02366	0.01917	0.00958	0.00958
GGC	GCC	GC	-0.38619	0.05018	0.04111	0.38619	0.03410	0.04111	0.02055	0.02055
GGC	GAC	GA	0.64908	0.12335	0.16768	-0.64908	0.23606	0.16768	0.08384	0.08384
GGC	GGT	CT	-1.54791	0.05890	0.02463	1.54791	0.01253	0.02463	0.02463	0.02463
GGA	CGA	GC	-0.44306	0.00505	0.00402	0.44306	0.00325	0.00402	0.00201	0.00201
GGA	AGA	GA	-1.70753	0.01243	0.00470	1.70753	0.00225	0.00470	0.00235	0.00235
GGA	GTA	GT	1.03779	0.00159	0.00255	-1.03779	0.00448	0.00255	0.00127	0.00127
GGA	GCA	GC	-0.08719	0.00505	0.00484	0.08719	0.00463	0.00484	0.00242	0.00242
GGA	GAA	GA	1.49910	0.01243	0.02398	-1.49910	0.05563	0.02398	0.01199	0.01199
GGA	GGT	AT	0.32704	0.00159	0.00186	-0.32704	0.00220	0.00186	0.00186	0.00186
GGA	GGC	AC	1.87496	0.00505	0.01119	-1.87496	0.03296	0.01119	0.01119	0.01119
GGG	TGG	GT	0.72748	0.00817	0.01150	-0.72748	0.01691	0.01150	0.00575	0.00575
GGG	CGG	GC	-0.07299	0.02604	0.02510	0.07299	0.02421	0.02510	0.01255	0.01255
GGG	AGG	GA	-2.76890	0.06402	0.01186	2.76890	0.00402	0.01186	0.00593	0.00593
GGG	GTG	GT	1.72062	0.00817	0.01712	-1.72062	0.04564	0.01712	0.00856	0.00856
GGG	GCG	GC	-1.39340	0.02604	0.01198	1.39340	0.00646	0.01198	0.00599	0.00599
GGG	GAG	GA	1.38846	0.06402	0.11843	-1.38846	0.25663	0.11843	0.05921	0.05921
GGG	GGT	GT	-1.13815	0.00817	0.00438	1.13815	0.00262	0.00438	0.00438	0.00438
GGG	GGC	GC	0.40977	0.02604	0.03174	-0.40977	0.03923	0.03174	0.03174	0.03174
GGG	GGA	GA	-1.46519	0.06402	0.02818	1.46519	0.01479	0.02818	0.02818	0.02818


Histograms
2Ns	FMut	FSub(CodonUsage)	FSubw(after w)

-6.39200	0.00247	0.00003	0.00002
-5.75280	0.00000	0.00000	0.00000
-5.11360	0.00094	0.00004	0.00007
-4.47440	0.00013	0.00001	0.00001
-3.83520	0.01943	0.00171	0.00151
-3.19600	0.05417	0.00985	0.00983
-2.55680	0.04288	0.01181	0.01270
-1.91760	0.11133	0.04909	0.05193
-1.27840	0.17049	0.10731	0.11592
-0.63920	0.23923	0.22114	0.20125
0.00000	0.15606	0.19801	0.21351
0.63920	0.13119	0.22114	0.20125
1.27840	0.04795	0.10731	0.11592
1.91760	0.01766	0.04909	0.05193
2.55680	0.00338	0.01181	0.01270
3.19600	0.00236	0.00985	0.00983
3.83520	0.00032	0.00171	0.00151
4.47440	0.00000	0.00001	0.00001
5.11360	0.00001	0.00004	0.00007
5.75280	0.00000	0.00000	0.00000
6.39200	0.00000	0.00003	0.00002

Proportion of advantageous (S > 0) mutations:
 0.27593

Proportions of good & bad mutations (|S| > 2.0000) among mutations:
0.00795  0.13600

mean |Ns| = 1.16009	mean Ns+ = 0.70817	mean Ns- = -1.33231

